ncols                  80
nrows                 72
xllcorner      4374000.0
yllcorner      5656000.0
cellsize            500
NODATA_value       -9999
-9999.0  -9999.0  -9999.0  -9999.0  -9999.0  -9999.0  -9999.0  -9999.0  -9999.0  -9999.0  -9999.0  -9999.0  1.21252308625  0.974114456826  -9999.0  -9999.0  -9999.0  -9999.0  -9999.0  -9999.0  -9999.0  -9999.0  -9999.0  -9999.0  -9999.0  -9999.0  -9999.0  -9999.0  -9999.0  -9999.0  -9999.0  -9999.0  -9999.0  -9999.0  -9999.0  -9999.0  -9999.0  -9999.0  -9999.0  -9999.0  -9999.0  -9999.0  -9999.0  -9999.0  -9999.0  -9999.0  -9999.0  -9999.0  -9999.0  -9999.0  -9999.0  -9999.0  -9999.0  -9999.0  -9999.0  -9999.0  -9999.0  -9999.0  -9999.0  -9999.0  -9999.0  -9999.0  -9999.0  -9999.0  -9999.0  -9999.0  -9999.0  -9999.0  -9999.0  -9999.0  -9999.0  -9999.0  -9999.0  -9999.0  -9999.0  -9999.0  -9999.0  -9999.0  -9999.0  -9999.0
-9999.0  -9999.0  -9999.0  -9999.0  -9999.0  -9999.0  -9999.0  -9999.0  -9999.0  -9999.0  -9999.0  -9999.0  2.43728283217  5.27663977565  0.830954227124  -9999.0  0.678677830666  -9999.0  -9999.0  -9999.0  -9999.0  -9999.0  -9999.0  -9999.0  -9999.0  -9999.0  -9999.0  -9999.0  -9999.0  -9999.0  -9999.0  -9999.0  -9999.0  -9999.0  -9999.0  -9999.0  -9999.0  -9999.0  -9999.0  -9999.0  -9999.0  -9999.0  -9999.0  -9999.0  -9999.0  -9999.0  -9999.0  -9999.0  -9999.0  -9999.0  -9999.0  -9999.0  -9999.0  -9999.0  -9999.0  -9999.0  -9999.0  -9999.0  -9999.0  -9999.0  -9999.0  -9999.0  -9999.0  -9999.0  -9999.0  -9999.0  -9999.0  -9999.0  -9999.0  -9999.0  -9999.0  -9999.0  -9999.0  -9999.0  -9999.0  -9999.0  -9999.0  -9999.0  -9999.0  -9999.0
-9999.0  -9999.0  -9999.0  -9999.0  -9999.0  -9999.0  -9999.0  -9999.0  -9999.0  -9999.0  1.22117986983  1.17234238017  1.20258852449  1.14622449564  7.49622064681  8.42687470664  1.93914049198  0.625216979687  -9999.0  -9999.0  -9999.0  -9999.0  -9999.0  -9999.0  -9999.0  -9999.0  -9999.0  -9999.0  -9999.0  -9999.0  -9999.0  -9999.0  -9999.0  -9999.0  -9999.0  -9999.0  -9999.0  -9999.0  -9999.0  -9999.0  -9999.0  -9999.0  -9999.0  -9999.0  -9999.0  -9999.0  -9999.0  -9999.0  -9999.0  -9999.0  -9999.0  -9999.0  -9999.0  -9999.0  -9999.0  -9999.0  -9999.0  -9999.0  -9999.0  -9999.0  -9999.0  -9999.0  -9999.0  -9999.0  -9999.0  -9999.0  -9999.0  -9999.0  -9999.0  -9999.0  -9999.0  -9999.0  -9999.0  -9999.0  -9999.0  -9999.0  -9999.0  -9999.0  -9999.0  -9999.0
-9999.0  -9999.0  -9999.0  -9999.0  -9999.0  -9999.0  -9999.0  -9999.0  -9999.0  1.1812975577  2.39456058904  4.73411178698  2.31407312283  1.12385375499  2.23086517972  9.53865235092  13.0067877553  0.719214651913  -9999.0  1.19374358856  -9999.0  -9999.0  -9999.0  -9999.0  1.34854142385  0.68084486006  -9999.0  -9999.0  -9999.0  -9999.0  -9999.0  -9999.0  -9999.0  -9999.0  -9999.0  -9999.0  -9999.0  -9999.0  -9999.0  -9999.0  -9999.0  -9999.0  -9999.0  -9999.0  -9999.0  -9999.0  -9999.0  -9999.0  -9999.0  -9999.0  -9999.0  -9999.0  -9999.0  -9999.0  -9999.0  -9999.0  -9999.0  -9999.0  -9999.0  -9999.0  -9999.0  -9999.0  -9999.0  -9999.0  -9999.0  -9999.0  -9999.0  -9999.0  -9999.0  -9999.0  -9999.0  -9999.0  -9999.0  -9999.0  -9999.0  -9999.0  -9999.0  -9999.0  -9999.0  -9999.0
-9999.0  -9999.0  -9999.0  -9999.0  -9999.0  -9999.0  -9999.0  -9999.0  1.26098979773  3.6456141305  4.7806550052  5.92657502031  8.15523923112  1.0901029705  4.37940706935  5.47271460354  20.3942415307  1.03610147084  1.10109021434  2.28062715753  3.35204219626  1.10485463523  -9999.0  3.60181342607  2.94309380479  0.836430015535  -9999.0  -9999.0  -9999.0  -9999.0  -9999.0  -9999.0  -9999.0  -9999.0  -9999.0  -9999.0  -9999.0  -9999.0  -9999.0  -9999.0  -9999.0  -9999.0  -9999.0  -9999.0  -9999.0  -9999.0  -9999.0  -9999.0  -9999.0  -9999.0  -9999.0  -9999.0  -9999.0  -9999.0  -9999.0  -9999.0  -9999.0  -9999.0  -9999.0  -9999.0  -9999.0  -9999.0  -9999.0  -9999.0  -9999.0  -9999.0  -9999.0  -9999.0  -9999.0  -9999.0  -9999.0  -9999.0  -9999.0  -9999.0  -9999.0  -9999.0  -9999.0  -9999.0  -9999.0  -9999.0
-9999.0  -9999.0  -9999.0  -9999.0  -9999.0  -9999.0  1.31598199651  1.21893677601  1.1616552919  1.17015120817  1.17976902244  8.2890382546  17.5801411303  18.710777124  19.7100336207  0.959372772836  22.4265100849  23.4991061911  2.16908172403  1.05895428337  4.40343510012  7.67050115772  1.12128665927  6.9325145274  1.18525691384  1.16810000792  1.27961679986  -9999.0  -9999.0  -9999.0  -9999.0  -9999.0  -9999.0  -9999.0  -9999.0  -9999.0  -9999.0  -9999.0  -9999.0  -9999.0  -9999.0  -9999.0  -9999.0  -9999.0  -9999.0  -9999.0  -9999.0  -9999.0  -9999.0  -9999.0  -9999.0  -9999.0  -9999.0  -9999.0  -9999.0  -9999.0  -9999.0  -9999.0  -9999.0  -9999.0  -9999.0  -9999.0  -9999.0  -9999.0  -9999.0  -9999.0  -9999.0  -9999.0  -9999.0  -9999.0  -9999.0  -9999.0  -9999.0  -9999.0  -9999.0  -9999.0  -9999.0  -9999.0  -9999.0  -9999.0
-9999.0  -9999.0  -9999.0  -9999.0  -9999.0  -9999.0  2.57690107364  3.78349439751  8.54745458161  11.9864130286  1.09377569302  1.1208697538  1.09368526452  3.22138422478  23.9619720084  0.975024357355  24.5630101362  28.5977467392  3.18959895386  2.08453141897  8.702816813  1.08855531284  8.00797623333  2.2488442328  1.14540689807  2.28583662052  2.45093449343  1.13816125533  1.15761215083  1.15025865106  1.1784758584  2.37727200612  -9999.0  -9999.0  -9999.0  -9999.0  -9999.0  -9999.0  -9999.0  -9999.0  -9999.0  -9999.0  -9999.0  -9999.0  -9999.0  -9999.0  -9999.0  -9999.0  -9999.0  -9999.0  -9999.0  -9999.0  -9999.0  -9999.0  -9999.0  -9999.0  -9999.0  -9999.0  -9999.0  -9999.0  -9999.0  -9999.0  -9999.0  -9999.0  -9999.0  -9999.0  -9999.0  -9999.0  -9999.0  -9999.0  -9999.0  -9999.0  -9999.0  -9999.0  -9999.0  -9999.0  -9999.0  -9999.0  -9999.0  -9999.0
-9999.0  -9999.0  -9999.0  -9999.0  -9999.0  1.3046370418  2.56474981878  1.23490525038  2.42291163136  13.1807722842  15.4345052916  17.674897161  54.7468719451  1.05901203532  25.0416226043  87.7870886427  88.5433408331  118.398479324  0.81236657368  3.11838124924  9.74444320829  1.03765615081  20.4659388814  11.4080083757  7.01668884313  5.89082996221  1.21390812291  3.40708784193  3.38509204842  2.26890519308  1.12299375389  3.53756416391  1.14315277714  1.14388064501  -9999.0  -9999.0  -9999.0  -9999.0  -9999.0  -9999.0  -9999.0  -9999.0  -9999.0  -9999.0  -9999.0  -9999.0  -9999.0  -9999.0  -9999.0  -9999.0  -9999.0  -9999.0  -9999.0  -9999.0  -9999.0  -9999.0  -9999.0  -9999.0  -9999.0  -9999.0  -9999.0  -9999.0  -9999.0  -9999.0  -9999.0  -9999.0  -9999.0  -9999.0  -9999.0  -9999.0  -9999.0  -9999.0  -9999.0  -9999.0  -9999.0  -9999.0  -9999.0  -9999.0  -9999.0  -9999.0
-9999.0  -9999.0  -9999.0  -9999.0  -9999.0  1.30244739544  3.80376198114  7.59785123917  8.78275979369  17.3432052788  18.4876878987  22.0203307455  36.0054095685  57.6900466933  59.8035807834  60.7780801707  1.90681634869  121.774213242  123.517107783  128.627024911  163.07840401  23.6423658625  21.5508744386  8.10205890672  1.07101628365  6.78068790909  4.53173627582  1.09057480149  4.43759990558  1.00988887088  2.09912978549  5.7284835646  6.82883381708  2.24752155197  1.09439402882  1.11060828717  -9999.0  -9999.0  -9999.0  -9999.0  0.721923003017  0.606111592937  -9999.0  -9999.0  -9999.0  -9999.0  -9999.0  -9999.0  -9999.0  -9999.0  -9999.0  -9999.0  -9999.0  -9999.0  -9999.0  -9999.0  -9999.0  -9999.0  -9999.0  -9999.0  -9999.0  -9999.0  -9999.0  -9999.0  -9999.0  -9999.0  -9999.0  -9999.0  -9999.0  -9999.0  -9999.0  -9999.0  -9999.0  -9999.0  -9999.0  -9999.0  -9999.0  -9999.0  -9999.0  -9999.0
-9999.0  -9999.0  -9999.0  -9999.0  -9999.0  1.28203427024  1.23540011107  4.98423524686  6.17327488884  7.39330791935  1.19356306964  2.37531307739  13.2029843606  2.38790804867  1.15598755395  1.10653693332  1.03398091072  1.12739030577  1.1135693101  1.11144220539  164.163322209  167.319193  1.03971892154  3.16833875022  2.13485994118  7.85433093081  2.18772986246  1.08520548852  5.51387755169  1.98032081962  4.74032253332  12.1237191759  11.2466659647  3.33767691864  3.30582899072  1.10016042134  1.10836230553  -9999.0  -9999.0  1.11019624778  1.62162247721  3.49518547927  0.63676971365  -9999.0  -9999.0  -9999.0  -9999.0  -9999.0  -9999.0  -9999.0  -9999.0  -9999.0  -9999.0  -9999.0  -9999.0  -9999.0  -9999.0  -9999.0  -9999.0  -9999.0  -9999.0  -9999.0  -9999.0  -9999.0  -9999.0  -9999.0  -9999.0  -9999.0  -9999.0  -9999.0  -9999.0  -9999.0  -9999.0  -9999.0  -9999.0  -9999.0  -9999.0  -9999.0  -9999.0  -9999.0
-9999.0  -9999.0  -9999.0  -9999.0  -9999.0  -9999.0  1.2856378643  1.25906149786  2.50356220574  3.72665054685  8.48209433769  10.8815012756  12.0778649189  1.26249582893  1.07872712751  13.7608480995  17.0368183661  18.1072408393  22.5014931727  23.5752988108  1.08078007666  168.386795911  173.591767373  4.15118608733  0.817423958393  8.85310204009  19.7791833148  7.68775737227  2.07980738281  1.03404699172  18.8721480778  13.1694979726  1.03339115311  1.05263406211  4.36912926018  3.258116657  1.0759299695  1.13232756909  1.07452167014  2.16573457325  1.05957130189  4.25861380521  5.32228778946  1.10425017846  -9999.0  -9999.0  -9999.0  -9999.0  1.22125562158  1.18943545249  0.280203439057  -9999.0  -9999.0  -9999.0  -9999.0  -9999.0  -9999.0  -9999.0  -9999.0  -9999.0  -9999.0  -9999.0  -9999.0  -9999.0  -9999.0  -9999.0  -9999.0  -9999.0  -9999.0  -9999.0  -9999.0  -9999.0  -9999.0  -9999.0  -9999.0  -9999.0  -9999.0  -9999.0  -9999.0  -9999.0
-9999.0  -9999.0  -9999.0  -9999.0  -9999.0  -9999.0  -9999.0  1.29266876504  1.15329615538  2.36620845221  3.58184940388  1.2154711223  1.1544032031  7.01752867252  9.31034737746  11.613879042  1.10522622549  2.2178226962  1.10735001315  24.6396546219  54.3214681844  55.052836099  230.626845539  1.06654468608  2.47911974407  0.799528029918  20.851575019  1.02912404702  3.13207747226  1.02793257213  19.9002361991  20.9158489673  2.06443952817  2.06363004491  10.8275345949  5.4029572639  2.23404980761  1.10556711065  2.15896727592  3.23077997974  5.31426978891  1.05262848702  7.59565832834  8.75917856397  1.09848679556  1.14798496145  1.21041528401  1.17553613124  1.14327786328  3.53383644742  1.2237765693  0.791734954439  -9999.0  -9999.0  -9999.0  -9999.0  -9999.0  -9999.0  -9999.0  -9999.0  -9999.0  -9999.0  -9999.0  -9999.0  -9999.0  -9999.0  -9999.0  -9999.0  -9999.0  -9999.0  -9999.0  -9999.0  -9999.0  -9999.0  -9999.0  -9999.0  -9999.0  -9999.0  -9999.0  -9999.0
-9999.0  -9999.0  -9999.0  -9999.0  -9999.0  -9999.0  -9999.0  -9999.0  2.42503451004  3.55798168879  1.20329548379  2.41637867354  3.57410051211  5.92770449521  1.21223107206  1.17797538719  1.08964287018  1.1107736483  1.08260921549  27.5265336981  1.10284827641  2.18634312152  233.696738655  236.533008987  1.70690502632  5.79611937531  27.7669091506  2.05988577933  4.13115340183  2.01454563246  3.02571698746  24.9914024278  3.07104620348  15.941087719  12.8645118546  1.0226909244  5.39752530934  2.1436612834  3.19095344031  1.05215101508  6.42816202227  8.61450928058  9.69394929297  10.7477777357  13.0453079912  2.15740605528  2.23915711414  2.17928759218  2.11800473597  4.54467445672  0.982666351683  2.99070322878  3.89064630731  -9999.0  -9999.0  -9999.0  -9999.0  -9999.0  -9999.0  -9999.0  -9999.0  -9999.0  -9999.0  -9999.0  -9999.0  -9999.0  -9999.0  -9999.0  -9999.0  -9999.0  -9999.0  -9999.0  -9999.0  -9999.0  -9999.0  -9999.0  -9999.0  -9999.0  -9999.0  -9999.0
-9999.0  -9999.0  -9999.0  -9999.0  -9999.0  -9999.0  -9999.0  -9999.0  1.24254066722  6.01164606353  7.19755853381  1.19272451324  2.35935942829  1.16868843134  1.13736419995  1.11365070845  13.6840161476  18.3851269817  22.686585112  26.7662659445  1.04861167057  1.09317254128  1.38555712943  241.919470095  244.974914976  246.616123438  37.7910899693  8.39038042747  7.2505835803  1.03364367204  4.02405100165  30.0192068775  0.999099196018  16.9513716662  1.01457079346  6.88371313958  6.44577004412  1.0292282987  4.20848157538  2.06923787919  3.07842149335  1.10843620388  1.06111220854  11.7955838549  12.8124766876  14.058487608  3.2646930885  3.1870478379  3.11632592311  5.53533613805  7.48795914667  0.967185584221  4.79766968713  0.927570280749  1.83083288819  0.911695790125  -9999.0  -9999.0  -9999.0  -9999.0  -9999.0  -9999.0  -9999.0  -9999.0  -9999.0  -9999.0  -9999.0  -9999.0  -9999.0  -9999.0  -9999.0  -9999.0  -9999.0  -9999.0  -9999.0  -9999.0  -9999.0  -9999.0  -9999.0  -9999.0
-9999.0  -9999.0  -9999.0  -9999.0  -9999.0  -9999.0  -9999.0  -9999.0  -9999.0  1.22928220119  8.39965688998  9.5922472279  3.54327511264  5.88118342851  8.14849615172  9.27723132804  1.13625447705  3.60734982266  2.33811401676  1.13398772272  1.16359868632  1.0991498381  2.24276481724  4.11233599524  1.76825715619  287.685731695  289.402133495  1.63867562702  1.13907827607  2.05226130058  3.07497411248  33.0296245601  1.99996848493  17.9401307645  10.7232824865  8.75700432923  1.02452472772  2.04538289867  5.20932002551  0.991860521227  4.06115420006  2.1015711084  1.96071160739  0.890091134778  15.589295867  30.5992682022  4.17223573457  4.10086915388  4.0413214864  0.907702171386  8.38948695978  0.895107875537  6.62780628691  0.897503425898  2.73779257862  4.55991286738  0.812483113759  0.830606991731  0.876849096777  0.853014435296  0.758223196114  -9999.0  -9999.0  0.636872801133  0.433178173533  -9999.0  -9999.0  -9999.0  -9999.0  -9999.0  -9999.0  -9999.0  -9999.0  -9999.0  -9999.0  -9999.0  -9999.0  -9999.0  -9999.0  -9999.0
-9999.0  -9999.0  -9999.0  -9999.0  -9999.0  -9999.0  -9999.0  -9999.0  -9999.0  -9999.0  1.16319740408  11.9433550069  1.18567053653  2.36195981301  3.47480591423  5.76781348022  1.19560044531  2.48428576067  1.21269830664  1.19892568755  1.14220651715  2.28102233819  1.0860295144  1.28319414991  3.02450285172  1.78598154659  291.006445279  294.249312117  298.752343661  4.28177067733  1.00969417159  2.00946950195  34.0334452117  33.6638473112  12.7642099234  1.01507634103  4.06863159663  3.05795160169  6.21309855078  1.99350461954  8.12333161488  3.0770945155  2.90062101478  0.686585020736  0.898409878829  31.6509059147  32.6664687973  41.8842102825  6.82756408901  1.85414617567  9.34689840763  11.1581257297  18.6560129613  1.76633674543  0.862121206826  5.45889898488  7.07751478723  0.805925874612  1.57524637391  2.47580445224  1.50218283333  0.745644938958  0.740644009495  1.23254028635  0.877655521846  0.428577439297  -9999.0  -9999.0  -9999.0  -9999.0  -9999.0  -9999.0  -9999.0  -9999.0  -9999.0  -9999.0  -9999.0  -9999.0  -9999.0  -9999.0
-9999.0  -9999.0  -9999.0  -9999.0  -9999.0  -9999.0  -9999.0  -9999.0  -9999.0  -9999.0  -9999.0  0.587254472649  13.2604332662  1.15900095816  2.2729622533  10.4078181769  1.26251791867  1.27041636655  1.15942585138  2.35717505813  1.11804222889  4.52440924869  6.7355372589  7.82882689407  4.17638016019  5.67926959453  1.72556556825  1.79950213582  1.62401217591  305.546360063  308.791652209  35.0015620127  35.5520726854  34.6184394367  1.97180457639  0.978614333088  5.05166226833  13.2343134334  7.20283165401  2.98634764922  12.0760304759  5.94581326025  5.00178429476  1.34523988702  0.645296830885  0.668919438483  0.740283026824  45.0626690457  54.7494702475  0.901622064007  0.88004725457  0.897233398076  19.5456912447  22.1626057036  1.66051064426  0.780093373037  7.75291719581  1.33290918298  3.44473910562  6.58698780806  8.7770083189  10.2150315778  3.28012834752  1.89176551319  1.44203547433  0.873262096394  0.629700301781  -9999.0  -9999.0  -9999.0  -9999.0  -9999.0  -9999.0  -9999.0  -9999.0  -9999.0  -9999.0  -9999.0  -9999.0  -9999.0
-9999.0  -9999.0  -9999.0  -9999.0  -9999.0  -9999.0  -9999.0  -9999.0  -9999.0  -9999.0  -9999.0  0.559115949898  14.6456402875  18.147901957  1.11591500922  12.6736725939  1.18745223237  1.14514218422  2.24116376012  5.68750995006  1.09673731433  1.12463183247  1.07770076822  10.0352014186  11.1012526  17.8884197699  20.761738732  22.1190917918  23.7153043206  25.25980729  335.561107335  373.291315152  411.536833852  412.705633062  1.17058980485  1.0027217334  15.1975789562  14.2262751802  0.971550692039  0.952488502093  12.9640571487  19.8602704892  0.876468381597  9.67900588929  8.90061123273  2.76449638404  1.44193041412  2.24623912854  1.02041947693  56.6889974951  0.974793072731  2.70793032378  3.58498090481  28.2144345943  30.4333314084  31.9296516256  40.2062571856  0.516773074992  0.525124851247  0.524428308231  0.498641659399  11.3775510313  15.3251593901  0.694312838477  3.40005295888  1.38013957054  1.18874876593  0.392192485734  0.327330388596  -9999.0  -9999.0  -9999.0  -9999.0  -9999.0  -9999.0  -9999.0  -9999.0  -9999.0  -9999.0  -9999.0
-9999.0  -9999.0  -9999.0  -9999.0  -9999.0  -9999.0  -9999.0  -9999.0  -9999.0  -9999.0  -9999.0  1.23859428463  2.38222060604  19.2799624644  21.5065141909  1.13458630441  14.8085555796  1.08168033542  3.26424868893  6.75305312889  2.16632033926  1.06861718734  2.20801123847  1.08081311798  2.08653685551  1.00677326691  0.960042410253  0.843979705563  0.780269613258  0.826422829278  0.946504843902  1.26506987434  1.52998683717  1.67052713344  416.906029086  20.4290652668  18.0171320482  1.33824282375  2.89406003793  0.720208786051  0.568531691041  20.7883555111  33.2190125431  10.6369477973  7.59679567221  1.41120206167  0.686628848153  0.664927206147  1.58897925387  59.2519398876  61.1533527551  0.968745637085  0.977900414775  0.861784588793  0.583860724349  1.01126740936  41.6321998515  42.6321902  43.6687123441  1.04777699919  0.505415762006  0.511863853126  15.8860374799  17.1194000528  3.90822510159  0.577166881135  1.72595373403  0.799774268219  0.631020246225  -9999.0  -9999.0  -9999.0  -9999.0  -9999.0  -9999.0  -9999.0  -9999.0  -9999.0  -9999.0  -9999.0
-9999.0  -9999.0  -9999.0  -9999.0  -9999.0  -9999.0  -9999.0  -9999.0  -9999.0  -9999.0  -9999.0  -9999.0  1.15545573842  14.7515640394  37.3843801651  40.7320496668  56.6222994126  57.5631497101  15.2470184158  11.0826698549  3.2557717146  1.06268632769  4.32973013702  5.38972188798  8.4859704241  2.03588133  1.96830727351  1.85873836249  3.63956286751  1.81990904658  1.91188351618  0.856275607883  0.678541514556  0.927902319902  418.238631319  439.340729057  440.704639502  1.42684150663  8.82524046656  3.21623287592  0.973467221709  36.0771108959  1.95433685834  0.99551574601  3.93579183931  0.903913350798  0.94750875419  1.87767977603  2.78008501949  3.72615142688  62.9243168118  0.867779651053  0.815665223972  0.823928311355  0.70288841621  0.523056539528  1.44261906284  1.69607881368  46.1732210483  49.7781475127  2.0727862656  1.05126642296  0.537877740899  0.524411622449  22.2477220426  30.3469188667  6.89862299732  3.36082432185  1.9406294129  -9999.0  -9999.0  -9999.0  -9999.0  -9999.0  -9999.0  -9999.0  -9999.0  -9999.0  -9999.0  -9999.0
-9999.0  -9999.0  -9999.0  -9999.0  -9999.0  -9999.0  -9999.0  -9999.0  -9999.0  -9999.0  -9999.0  1.22277202349  11.2585245228  13.6296930757  2.25478491509  0.644890954546  1.58148038446  60.2557478597  61.2560856362  77.4002346087  1.03324099258  2.08974296104  1.00132272921  1.01825139519  9.49445163821  12.5382349871  15.4902976464  0.979267398715  4.62179382091  7.4072705774  4.66686131741  1.80869351455  1.53494399115  1.60317867048  1.82599786569  1.18037702065  441.968312534  443.188804381  454.445137499  1.82803267543  0.917298819561  36.7558468859  1.99006058529  1.01211142929  1.0203676722  1.00773779447  0.985615212833  1.94888839637  5.75757956395  10.4568175542  74.2484398148  0.756326639299  2.26904495606  1.53314688448  1.37493247186  0.686948570621  0.667789815018  0.547830427013  0.349465156409  50.4311556422  0.388834864799  0.788735844198  0.379417117339  0.485190170474  0.554312547321  30.9590737652  1.16284894032  0.464487723643  0.862126130426  0.406798802264  -9999.0  -9999.0  -9999.0  -9999.0  -9999.0  -9999.0  -9999.0  -9999.0  -9999.0  -9999.0
-9999.0  -9999.0  -9999.0  -9999.0  -9999.0  -9999.0  -9999.0  -9999.0  -9999.0  -9999.0  -9999.0  1.25048516479  7.6712585689  1.20361421124  1.1254683953  5.53265692604  6.59543338345  7.698860427  8.78937413461  105.059552939  105.930224154  107.858205782  122.050765578  125.138220267  127.046649114  128.080348724  145.928787069  148.414329184  149.351642396  157.736906873  163.39770483  164.353621397  167.633488901  2.52653906876  2.56591467356  0.784535695631  1.01734103905  444.396942476  458.610032107  2.91153711617  42.0986751914  41.2538230886  3.87419959525  0.959088855585  0.967948177977  0.955482824552  0.935392203551  1.88186318348  2.83442657212  0.990246287972  75.1022278285  75.9762499112  80.5891609538  81.3838550471  83.5243765271  84.9515398339  0.629716293204  0.665040467843  0.532615241287  50.9109694212  51.7309978554  52.9644278877  54.6091007111  0.881795530367  33.4101953347  32.2889716959  0.666173811045  10.254243809  9.76428442018  0.939991523144  0.514196451644  -9999.0  -9999.0  -9999.0  -9999.0  -9999.0  -9999.0  -9999.0  -9999.0  -9999.0
-9999.0  -9999.0  -9999.0  -9999.0  -9999.0  -9999.0  -9999.0  -9999.0  -9999.0  -9999.0  -9999.0  3.90927621061  5.16651916869  2.41364786553  3.57086569699  1.14418582309  13.4021401541  14.5379633387  16.7985150892  17.7818233713  7.69788190911  117.044361884  117.935317693  1.04330645535  0.890976498571  0.792008842285  1.70642093226  0.815647124588  0.680432497953  0.646001735407  0.716165711697  165.175630647  168.49599697  171.876344551  175.249249562  178.865564621  1.8227699972  0.819050706912  503.831856281  44.0135526172  42.9550343109  0.942305949142  0.922815664127  0.886573571827  1.85926456384  1.85939699138  0.872387804272  0.873087573306  0.86191602961  1.85105936445  2.69630471748  0.715906132885  1.34249835779  0.583025950293  0.405195823764  85.4283634827  86.6245501864  87.9341015434  89.1396028974  89.7692350595  90.6390559701  91.0372085373  0.380927935236  55.6923474015  0.607581413524  45.0656984443  11.0391834321  0.866655349369  8.41086070511  6.96924531248  0.540119175076  -9999.0  -9999.0  -9999.0  -9999.0  -9999.0  -9999.0  -9999.0  -9999.0  -9999.0
-9999.0  -9999.0  -9999.0  -9999.0  -9999.0  -9999.0  -9999.0  -9999.0  -9999.0  -9999.0  -9999.0  -9999.0  2.64348727344  1.23214754603  1.17879013373  11.1491207682  12.3150066005  1.15932794488  4.70917167889  5.79027342723  6.81806257301  1.09292998638  1.09119440059  19.4750693971  20.4941538764  21.4712309675  55.2905211069  56.1045243893  57.4695917847  63.6857700729  67.7385121202  68.3821031568  0.578385683876  0.592164102883  0.621898315316  180.658642713  0.897552649162  513.696661403  512.173098954  7.26184952242  6.15375431447  3.66031240633  0.904470621638  1.79118631696  2.7681617155  2.75786544744  1.72131906381  0.844602246831  1.70310405775  1.72147941302  3.52404403252  0.533976831828  1.94483709573  3.32299915037  4.15653520015  4.59134758189  0.418264531218  0.420145065527  0.411937782399  0.415353415791  0.438275324799  91.5357366487  92.3970448431  148.368951937  148.584367533  47.8258903569  2.33154570434  1.69670048217  0.769560451982  5.92730610659  5.38538948203  -9999.0  -9999.0  -9999.0  -9999.0  -9999.0  -9999.0  -9999.0  -9999.0  -9999.0
-9999.0  -9999.0  -9999.0  -9999.0  -9999.0  -9999.0  -9999.0  -9999.0  -9999.0  -9999.0  -9999.0  -9999.0  1.35282351259  3.83112051926  5.03078903241  8.8302386597  1.25152194141  2.44315934499  3.60022805052  13.1907093846  14.1924561895  14.9841228428  16.0798690029  17.305707557  27.4291916034  30.931555703  32.9288333371  0.827721301785  4.8017518884  5.5478575599  65.7466788241  69.0934596769  70.3477547029  71.5888743721  72.9855514417  254.57833102  0.715697142158  517.076734614  1.79014690839  0.770448636406  5.2542700498  4.48440841163  0.749376766006  2.63012577759  3.6242193132  3.60826807894  2.53450584856  4.17775412192  6.656178784  2.53354744638  6.85176658526  0.655652215224  1.02832334253  0.370705245382  0.309233305599  5.36085691427  5.65533333485  0.74486266131  0.750066044234  1.1342345666  0.377047773338  0.40992030871  0.451879031477  221.701464852  221.487659359  72.3880028632  0.586077530501  3.43272232115  2.64629778615  1.80335343249  4.91733193807  3.30079230397  -9999.0  -9999.0  -9999.0  -9999.0  -9999.0  -9999.0  -9999.0  -9999.0
-9999.0  -9999.0  -9999.0  -9999.0  -9999.0  -9999.0  -9999.0  -9999.0  -9999.0  -9999.0  -9999.0  -9999.0  1.29937259349  2.57399027403  1.21369629045  2.50486236088  1.18567639339  8.55374484152  10.8776259972  12.0817144994  1.12063349764  2.1538936899  20.1994232333  25.2844394845  26.272845468  2.31816963229  2.34228110476  3.37322922969  0.716245766618  0.698116119415  1.36120407637  0.706016458015  32.1259018998  32.8225685648  33.7584490055  255.325209314  523.463335099  517.996040117  1.3361133476  0.530753751179  0.48657313104  1.8396712467  1.31726362136  3.25210706813  4.39037629538  8.83690408476  0.831796339597  0.837624141292  7.41932209341  8.19046637152  16.5191619367  17.2183327459  18.6190537731  19.3239733495  0.632841121729  0.965493000299  5.98487626197  237.553788185  230.532628103  229.041441095  226.995024407  0.415757257445  224.491282479  0.591387468547  0.323489751339  23.6970124251  5.65842291906  5.06362786104  0.842848804952  0.874567897689  0.903920475235  2.71881981697  -9999.0  -9999.0  -9999.0  -9999.0  -9999.0  -9999.0  -9999.0  -9999.0
-9999.0  -9999.0  -9999.0  -9999.0  -9999.0  -9999.0  -9999.0  -9999.0  -9999.0  -9999.0  -9999.0  -9999.0  -9999.0  1.28102845134  2.5199587606  3.74197689203  6.15203914025  1.26385623314  1.1853230112  7.89636920689  8.99676535155  18.227973716  19.3143229491  3.11437544587  1.13975647396  1.15454161163  1.14584071076  27.678167686  28.5801699251  29.3484451954  30.0270944949  31.4309610802  6.8486735216  7.7384717382  42.3928749871  821.520738909  4.67378524621  4.00617929558  1.97015888652  0.508618273669  0.450532105408  2.82781465761  3.24305960119  4.21159390893  0.48542286491  9.41221524119  1.48120701379  1.46489060718  0.472960702175  0.362860068123  0.323000184449  0.350625790312  0.322506238518  19.6918022646  284.018993392  263.06576372  262.347767983  237.925431392  0.382768320278  0.401047334807  0.496982074962  225.091077929  1.17815540602  0.545034154488  0.596466842049  0.547289462978  17.1144783888  16.044757476  1.63896504731  0.837302575492  0.893465599063  0.879221982218  -9999.0  -9999.0  -9999.0  -9999.0  -9999.0  -9999.0  -9999.0  -9999.0
-9999.0  -9999.0  -9999.0  -9999.0  -9999.0  -9999.0  -9999.0  -9999.0  -9999.0  -9999.0  -9999.0  -9999.0  -9999.0  -9999.0  1.2277033205  2.27595671391  3.2435003849  4.30145064278  5.51401512787  6.7498576057  3.66460242715  5.95744404388  1.10350170362  1.10240533769  22.2278357255  24.4096095216  25.4533744213  26.5992273856  1.04970033434  1.9841560897  4.75678689168  5.51246041954  6.1809886505  0.882599803977  0.864380948726  823.607122614  0.705227462282  1.13811073842  0.53385539073  1.94021002242  0.931831645364  0.512644052317  7.98420416299  8.44363594731  0.403106187721  9.84012338642  11.6756265863  1.83551982881  298.207105908  297.393981096  296.664983838  295.18122732  294.497716631  285.58284841  285.174486765  0.418326824271  24.1499004885  22.8589587422  21.6091107845  21.2364121034  12.4734353435  12.0961055698  11.3093113622  3.86013652735  3.39612626396  2.179028819  0.556377502392  15.2906011116  13.177771739  0.79155669998  1.65055259317  0.820841906016  -9999.0  -9999.0  -9999.0  -9999.0  -9999.0  -9999.0  -9999.0  -9999.0
-9999.0  -9999.0  -9999.0  -9999.0  -9999.0  -9999.0  -9999.0  -9999.0  -9999.0  -9999.0  -9999.0  -9999.0  -9999.0  -9999.0  0.232790712254  0.542410954643  0.961724487752  8.64369516379  9.97362463548  1.31879611946  1.20321694144  1.14896943967  17.8454040941  20.0500166698  1.07792835592  1.1276384344  1.02870951529  4.11983836007  5.14063678824  3.05961962596  3.76517895148  22.7781202482  23.6232782871  25.2681224046  41.0471402823  865.031546262  0.685272458233  0.489455016491  2.87980549062  2.40042460754  0.453812924861  1.43444626633  1.87392583001  8.9360375233  9.36824987042  22.2109354833  12.0420431131  2.11288231764  306.076338241  4.01616013146  295.975485839  295.592430376  8.30212930617  0.500146340044  0.872619551179  0.449504837086  0.746538019497  0.927786891181  0.464196766276  8.4081195497  7.03172694601  0.466302512187  7.06478499176  1.24104369093  0.723893350228  1.5486589825  0.76716620368  1.57477613652  10.7930432748  9.40305965794  0.743724703326  1.45160340986  0.716283440965  -9999.0  -9999.0  -9999.0  -9999.0  -9999.0  -9999.0  -9999.0
-9999.0  -9999.0  -9999.0  -9999.0  -9999.0  -9999.0  -9999.0  -9999.0  -9999.0  -9999.0  -9999.0  -9999.0  -9999.0  -9999.0  1.22018422405  1.98449614841  4.22027147326  7.42048829123  10.8863292083  13.2138148253  14.4424393019  15.6300717726  16.77732528  1.09696604619  1.05755819618  2.09257112129  2.06399524064  1.04419427569  19.5160652612  20.5241776232  21.4902172133  22.3921964968  13.1847540405  14.0308452549  14.9455399595  865.345634279  1.10673457992  1.21907147711  4.35868088654  0.418459649927  0.853670864139  0.427214478845  0.415833987167  2.27456178993  0.371290660794  0.393004056528  330.340763264  307.79889529  307.400496265  1.42879975242  3.66197480943  2.41587098128  0.627191939546  7.44237386632  2.29796370284  1.74696447413  1.22977828561  0.830140370144  0.448123199324  0.961074856285  6.59419649716  5.59339356207  4.62213950995  5.3061132128  4.86586781091  4.44082532878  0.621244883408  0.80936240732  0.726062209352  7.098598539  5.77635145192  3.81133558127  0.640556039677  -9999.0  -9999.0  -9999.0  -9999.0  -9999.0  -9999.0  -9999.0
-9999.0  -9999.0  -9999.0  -9999.0  -9999.0  -9999.0  -9999.0  -9999.0  -9999.0  -9999.0  -9999.0  -9999.0  -9999.0  -9999.0  0.858540608313  0.797000014991  1.55586027325  2.37961517964  1.13468747344  1.23181475641  2.40231401565  3.56884885248  5.81259774743  6.94003549999  8.06810320792  11.2822660546  12.3203399253  13.3840794615  1.01478219935  10.0172530506  10.9341558764  11.7399916167  0.652546860471  0.351038957072  0.675018314117  880.42441012  880.726384505  882.473757272  5.47559054148  0.820807408809  1.4378785506  0.415592063317  0.756425967928  2.62235561633  3.31455077751  0.725713202772  332.093376244  0.553388616093  0.81084213122  0.884601728526  0.704363146708  1.28515643487  0.559359439105  4.55292835653  3.52894663182  2.6055418994  1.31724109584  0.90243086796  0.478561805757  0.50744348582  0.537455148326  0.539764374779  4.16536889244  3.16587078758  2.17515491165  1.1502247332  3.93561902188  2.73032662677  0.789675334555  0.786921211326  0.624234024129  1.71705275871  1.10380830837  -9999.0  -9999.0  -9999.0  -9999.0  -9999.0  -9999.0  -9999.0
-9999.0  -9999.0  -9999.0  -9999.0  -9999.0  -9999.0  -9999.0  -9999.0  -9999.0  -9999.0  -9999.0  -9999.0  -9999.0  -9999.0  -9999.0  0.760729526141  1.51078059876  0.752451611657  1.55360505145  9.80998170716  10.920339211  12.1188482816  1.11377711148  1.12483506103  2.26512194647  3.35804456483  5.44046571605  6.46923645079  7.02298360842  7.99888040527  0.904754819802  0.837011251289  13.0813145716  13.4004544788  13.7462835593  14.0836829428  11.5022603162  895.368366826  903.061934889  903.386988096  905.132929679  906.814848844  908.05060385  0.414715270644  3.65728158021  332.506266032  1.06449731819  0.543341249309  0.484560890784  0.400715173784  0.714027072521  0.713738443194  0.397654787771  0.518378050765  0.505055978751  0.906050257512  0.426800048345  0.365427210412  1.25971437723  0.876988698953  0.460554434897  0.45572951711  0.482556265388  0.495753731994  0.529794600874  0.580435205188  0.558969549968  1.37755920143  0.562786608726  1.413959151  0.689128367871  0.688549072433  -9999.0  -9999.0  -9999.0  -9999.0  -9999.0  -9999.0  -9999.0  -9999.0
-9999.0  -9999.0  -9999.0  -9999.0  -9999.0  -9999.0  -9999.0  -9999.0  -9999.0  -9999.0  -9999.0  -9999.0  -9999.0  -9999.0  -9999.0  -9999.0  2.24553569632  3.07035847325  5.46221937164  7.36802541879  1.02518417374  14.3747197871  15.4857497827  16.633745506  1.17205726055  2.29484970233  1.06416264544  7.66992765057  8.18948707138  9.03503963501  9.97931632666  12.2706542305  12.5275573014  0.176842513922  10.2121625995  10.8750309758  11.1816200639  12.5807868171  1.90442736413  1.2648178144  0.835505821616  0.804428235678  909.266374706  909.881055211  916.119777014  332.94778006  2.65287052747  1.18978220932  0.798711962545  0.267081236934  2.16745540641  1.13548268732  0.35889585112  1.92784570255  1.60964176287  0.330247999882  2.6351661617  2.34286690897  1.64417572001  0.362718231393  1.10509472575  0.787690221902  0.348817511754  0.841925425838  0.491721020612  0.490390260429  0.494648589708  0.424102054745  0.970865162903  6.60819351304  3.66966110302  2.26081120896  0.833479654855  -9999.0  -9999.0  -9999.0  -9999.0  -9999.0  -9999.0  -9999.0
-9999.0  -9999.0  -9999.0  -9999.0  -9999.0  -9999.0  -9999.0  -9999.0  -9999.0  -9999.0  -9999.0  -9999.0  -9999.0  -9999.0  -9999.0  -9999.0  0.865191400784  3.87653992773  4.7079923231  1.11773573332  1.19893951621  2.35792558962  3.49057406442  21.2975016888  1.16031994686  4.6272959486  5.70825027453  6.75703930554  0.549600672725  1.34744553775  1.81051309393  8.22561836783  9.1625447559  9.39961842885  0.308236590775  0.339553055292  0.420831236574  0.766460415295  0.335753091136  0.367715593887  0.781633359383  0.597980889582  0.769513549502  2.11187963326  916.771057579  1251.3822831  3.23626236746  0.439622321167  0.260033063347  6.64816728987  6.07564325078  3.54634243952  3.18275721179  2.38956933193  0.507957457962  0.423483597278  2.92720305859  1.34945310917  1.04270846786  0.332826901316  1.4845111242  2.45926741699  1.98561227273  1.22648701312  0.470181772974  1.50322166238  1.02909942877  0.840475355914  8.23695549889  7.89336821611  0.690687086512  0.658352835556  0.621666429917  0.589909689677  -9999.0  -9999.0  -9999.0  -9999.0  -9999.0  -9999.0
-9999.0  -9999.0  -9999.0  -9999.0  -9999.0  -9999.0  -9999.0  -9999.0  -9999.0  -9999.0  -9999.0  -9999.0  -9999.0  -9999.0  -9999.0  0.710554554251  2.37333519336  0.791362013195  1.37942779521  1.44205238341  2.63562099266  3.7619932337  4.79450384139  26.9426953938  28.0783359436  1.16439083855  2.2508708868  3.33726480994  4.04817312472  4.87233725425  7.28850002016  7.92806280299  0.603593775318  0.516072773886  0.520944814123  0.873032462161  0.788249807068  0.743317070524  0.632717006274  0.715646009084  2.78819964523  1.29268095092  0.5504690613  0.531025176172  0.566332667741  1.08842928193  1269.82206925  14.7747012559  7.71720038875  0.490823030084  0.205552092035  0.223158316173  0.841739106283  0.604795438432  0.317766125648  0.315361920793  3.58263460362  5.23043925291  5.75658298271  0.254444699598  4.65492980313  2.86853006707  0.309770723507  0.28448910241  0.618791543044  3.39859788076  1.49162884263  1.20318771233  8.62646074878  0.413046620742  0.467990232324  2.39349834439  1.2154072934  1.93461182173  0.749529886926  -9999.0  -9999.0  -9999.0  -9999.0  -9999.0
-9999.0  -9999.0  -9999.0  -9999.0  -9999.0  -9999.0  -9999.0  -9999.0  -9999.0  -9999.0  -9999.0  -9999.0  -9999.0  -9999.0  0.756704335573  1.44357320227  5.33291419664  0.790913244678  2.54944706791  3.99234770658  5.35566159388  1.34118371928  2.51547518008  3.52416660998  32.4299553223  1.1299809604  2.19149772348  3.22250852822  0.965761019871  1.91773250589  2.50798999078  3.16164846629  68.3971962033  69.5880483105  70.7542016552  76.1489463609  78.5312429431  83.0361048309  1.25153440461  2.72034890125  3.51513246993  97.4220991288  98.532074711  0.505613337652  0.974133108319  1.42782873824  1270.31700597  13.9675893304  5.65914340625  5.43148954602  4.70748795971  4.34286734053  1.12112149817  0.259377174667  0.548050935201  0.2914770758  0.280650187262  0.568310210311  6.05055881568  11.2984444478  5.00155434755  0.88478187226  0.60033760904  0.355105023932  5.24624523512  4.25447159434  0.453063865911  10.6826960099  9.04453180925  0.803381997333  4.6134205102  2.87014244012  3.01277457965  2.52407734848  0.58004042383  -9999.0  -9999.0  -9999.0  -9999.0  -9999.0
-9999.0  -9999.0  -9999.0  -9999.0  -9999.0  -9999.0  -9999.0  -9999.0  -9999.0  -9999.0  -9999.0  -9999.0  -9999.0  -9999.0  0.742833149063  2.27989235796  8.35713077679  12.2840550813  0.722381044405  16.3241439796  22.5237923657  1.28242342631  2.44677903471  3.50336033267  42.3433873533  43.2650223028  1.09926143512  5.41256335851  6.43805149803  7.24731400692  61.1634773128  63.2704506753  64.5963432428  0.647607508694  3.76454621145  4.46428361236  2.16094389604  3.13568397061  87.4731983108  91.6601151311  92.4896996256  93.2947061265  99.6633534623  0.555986971612  0.495192468062  2.34434631237  1270.75387482  0.354105770272  0.18074434482  0.526230944682  0.185306263856  3.93633850028  3.38786455418  1.96078588649  1.44334830712  0.616380744044  0.290086236114  0.836845922218  0.220955233859  11.5447035446  1.34287034734  1.10595866492  0.209073426951  0.575422703316  5.51579312446  0.222144887603  0.227020112588  10.9873406846  0.303377278757  5.3338048109  5.0141574753  4.25919820691  3.891073652  0.427739524041  1.57036191345  0.506875854373  -9999.0  -9999.0  -9999.0  -9999.0
-9999.0  -9999.0  -9999.0  -9999.0  -9999.0  -9999.0  -9999.0  -9999.0  -9999.0  -9999.0  -9999.0  -9999.0  -9999.0  -9999.0  -9999.0  -9999.0  1.58644820508  3.20091754323  14.6269972305  15.4685922288  23.2707977589  24.1203368064  1.20688221428  2.40383106679  5.69886219556  44.095097128  46.3116458742  47.3728152053  0.933225380576  51.0949572694  53.2657409845  1.4086403769  0.653336939054  1.30565028258  2.53716522522  0.605361489028  1.25327693629  2.89093739515  3.65967161105  0.675344501272  0.509548640392  1.04338806018  103.13709722  104.290264527  104.738941333  108.07596042  1271.16430214  0.2257353173  0.138213868868  0.153002401665  0.144871471245  0.147927109154  0.129324990979  0.244415055269  0.173946165656  0.481431745068  0.301842093479  0.321965368442  1.44676589492  13.4373641312  15.0858575614  15.3502175333  16.3686229542  0.221498010298  5.73900640809  0.884625458316  0.437716280239  11.2267322857  11.7671713624  5.63096671754  6.0013902423  4.70638360005  2.92651015596  2.51694458626  2.0863563014  -9999.0  -9999.0  -9999.0  -9999.0  -9999.0
-9999.0  -9999.0  -9999.0  -9999.0  -9999.0  -9999.0  -9999.0  -9999.0  -9999.0  -9999.0  -9999.0  -9999.0  -9999.0  -9999.0  -9999.0  -9999.0  0.827699106976  0.815994104872  0.820977455525  1.75225266763  0.77583775657  25.6483295167  26.424049314  1.1150389683  2.240022905  1.21852574791  1.1283200449  1.11973707835  49.3868349947  0.723815576094  1.42196042957  0.759562150238  0.689695863165  0.627533282697  0.528174964094  0.540723794724  1.60845712607  2.17264956526  0.454393375312  0.419966317147  0.87044127483  1.3892147893  1.76175207079  0.476196116568  105.255238135  108.514293138  1271.4511904  0.857165668643  0.435970981393  0.0978983101479  0.223008012925  0.0798767022614  0.0619880253644  0.312146266688  0.905787111516  0.623425593701  0.161740744548  0.172848796116  0.515846727884  0.303073905367  0.21868639675  0.227640621841  0.235177875301  24.1179512893  6.82413260351  0.194364276045  0.347846971788  0.167748193773  27.9561994198  16.0010581783  15.770563144  4.97722534611  3.64537328796  0.339991100364  -9999.0  -9999.0  -9999.0  -9999.0  -9999.0  -9999.0
-9999.0  -9999.0  -9999.0  -9999.0  -9999.0  -9999.0  -9999.0  -9999.0  -9999.0  -9999.0  -9999.0  -9999.0  -9999.0  -9999.0  -9999.0  -9999.0  -9999.0  -9999.0  0.807891352601  2.5108712566  3.21042133024  3.95787584617  27.1332379733  27.8305653994  28.5704020079  29.5202032594  30.6200514002  32.8511594016  33.5851622613  34.2747099326  34.9594213657  0.671000941213  0.634239897825  0.638402828815  2.26173525746  0.574488220451  0.543458237137  0.471850531309  1.36514353088  0.505032638253  0.415156808998  0.394402924811  0.35248580701  0.703836043955  1.00479003213  110.53860395  1383.17802031  0.191138093169  0.479443749738  0.0853232308563  0.311338960348  0.177816019767  0.124730740805  1.9435776382  1.49070944387  0.478012655805  0.345267415686  0.8715731449  0.189378415707  0.586458660049  0.395561048155  0.642555999249  0.219480221844  0.256934335869  24.3408644581  25.0894561054  33.602747631  33.3782936013  33.1599776473  0.239003955859  4.42897014914  4.1627742827  0.229270720815  -9999.0  -9999.0  -9999.0  -9999.0  -9999.0  -9999.0  -9999.0
-9999.0  -9999.0  -9999.0  -9999.0  -9999.0  -9999.0  -9999.0  -9999.0  -9999.0  -9999.0  -9999.0  -9999.0  -9999.0  -9999.0  -9999.0  -9999.0  -9999.0  -9999.0  -9999.0  0.699549573063  5.35360325561  10.7945015549  11.5954627368  1.05135024318  2.14677715967  3.25632691059  4.28722220505  10.7192156916  11.431643372  0.693615791758  0.670664340322  36.3187295789  37.5597255394  38.1456907517  2.74301897733  0.456675435512  1.01144491703  1.49024680675  4.39567397  5.34956825438  6.14013059632  0.744340020577  1.04243269892  0.339942222462  0.664664471566  0.333431788466  1383.84254133  0.193674909492  0.825780546545  0.348585037232  0.8661928547  1.78393498127  2.00788632856  4.04445024859  1.94443446553  1.84766005493  1.45717229384  1.32359179705  0.312127749016  0.708455899894  0.876312987589  0.766242047781  0.124996602315  60.5875704011  60.1565222733  59.9269863198  34.2496791136  0.293743205309  4.67250474316  3.42547376133  2.29344359058  1.44464451112  0.267327281139  -9999.0  -9999.0  -9999.0  -9999.0  -9999.0  -9999.0  -9999.0
-9999.0  -9999.0  -9999.0  -9999.0  -9999.0  -9999.0  -9999.0  -9999.0  -9999.0  -9999.0  -9999.0  -9999.0  -9999.0  -9999.0  -9999.0  -9999.0  -9999.0  -9999.0  0.753683365017  2.37258414612  4.66765761326  6.12402394658  16.0167744267  16.9290282355  2.26964941903  3.34555315916  4.31718267694  5.37238377426  12.1610394449  13.5721024189  23.6587343053  24.4437671466  25.0534845205  38.7385627418  43.0477106352  1.03632013476  0.598232380547  0.583932805517  1.11951423786  0.513610488488  7.10597730714  7.48093151423  1.36831922553  1.74385465213  0.358994390275  269.296545924  269.952477494  1654.25311543  1655.36858419  0.16766819733  1.22507707203  0.203779671898  0.19284553773  4.49102503611  6.6234909354  1.74318420656  1.62326360483  0.289669069905  0.150828466101  0.85493497182  62.2954303269  61.2989567737  61.1538675436  60.855047796  0.305324147432  0.296583740331  0.308346648213  0.309521737633  0.967919681381  0.648614564023  0.621944604234  0.941843754831  0.305674544372  -9999.0  -9999.0  -9999.0  -9999.0  -9999.0  -9999.0  -9999.0
-9999.0  -9999.0  -9999.0  -9999.0  -9999.0  -9999.0  -9999.0  -9999.0  -9999.0  -9999.0  -9999.0  -9999.0  -9999.0  -9999.0  -9999.0  -9999.0  -9999.0  -9999.0  -9999.0  0.837885717612  0.815323458513  1.56690142063  3.73327367095  17.6236972011  1.14962136943  1.13209821308  2.11778138073  3.09083904024  7.67117295565  8.43359009406  0.460269708972  0.493908925301  25.7519958851  26.3627634935  69.9599683086  70.4790400958  0.405680550985  0.372810257241  0.314556581642  0.316944852781  0.313426686773  262.773334965  264.828476632  266.939254736  267.627139718  268.930372114  0.346564847361  1.3014634322  1.67110519805  1657.65562807  1657.83900072  1658.22002174  1658.64748205  1658.93132394  6.98624549584  0.151181350786  0.554693370074  0.436860322075  0.112396014434  0.966912252032  62.718614181  0.292653832544  0.155198237413  1.19293288125  1.04560443777  0.835497833654  0.619555943038  0.332903497361  0.35441047786  0.34218271139  0.314551061369  0.327364424199  -9999.0  -9999.0  -9999.0  -9999.0  -9999.0  -9999.0  -9999.0  -9999.0
-9999.0  -9999.0  -9999.0  -9999.0  -9999.0  -9999.0  -9999.0  -9999.0  -9999.0  -9999.0  -9999.0  -9999.0  -9999.0  -9999.0  -9999.0  -9999.0  -9999.0  -9999.0  -9999.0  -9999.0  0.768580007464  0.793938970917  1.48143928857  20.5153356249  21.3045588793  1.12271828282  2.10778448743  3.09065565153  3.83811911939  0.676104267978  1.34465946112  50.7205737823  51.3716998235  51.9241654037  56.0626523145  127.069901097  248.726053116  249.607986613  250.402095197  251.169894594  254.039279039  254.929893579  1.66986067188  0.776985264948  0.435165998185  0.831710375124  0.643633154667  1.00840764943  0.318843272804  7.17483884112  7.76836860563  8.23438569872  8.445485559  1659.19885068  1666.59094686  1667.77230752  0.774386838292  0.160188487169  1.33827358725  1.10099121957  62.9794117175  0.132928474989  2.56105155415  1.19633170407  1.02168776191  0.7027681487  0.358496209267  0.528812349133  0.273444774021  -9999.0  -9999.0  -9999.0  -9999.0  -9999.0  -9999.0  -9999.0  -9999.0  -9999.0  -9999.0  -9999.0
-9999.0  -9999.0  -9999.0  -9999.0  -9999.0  -9999.0  -9999.0  -9999.0  -9999.0  -9999.0  -9999.0  -9999.0  -9999.0  -9999.0  -9999.0  -9999.0  -9999.0  -9999.0  -9999.0  -9999.0  -9999.0  0.780543949138  1.4936181601  2.20752777482  21.9087293718  0.896671258143  30.2567150858  31.2653223943  31.9648732149  32.6591691942  48.0189877105  48.7126569951  0.674695700277  3.06758664594  3.7019895196  0.617333407307  120.759427437  119.640558706  0.387540566394  0.842686968639  2.1894653136  0.465048080354  0.476838979364  0.390754969377  0.338615892867  0.280436348606  0.30670505609  6.14736547686  6.45340578605  6.8066632202  0.284831428081  0.23944773464  8.58702019212  8.8168734681  8.97085241324  1667.97799286  1668.17977157  1.77445072838  1.47760532082  65.9226573456  65.7840859621  2.68215413137  0.281072610352  0.141567574557  1.70175620155  1.44545238137  1.15280436904  0.776471152269  0.430518349483  0.202404056199  -9999.0  -9999.0  -9999.0  -9999.0  -9999.0  -9999.0  -9999.0  -9999.0  -9999.0  -9999.0
-9999.0  -9999.0  -9999.0  -9999.0  -9999.0  -9999.0  -9999.0  -9999.0  -9999.0  -9999.0  -9999.0  -9999.0  -9999.0  -9999.0  -9999.0  -9999.0  -9999.0  -9999.0  -9999.0  -9999.0  -9999.0  0.725021522418  0.677142300936  3.48983354763  26.8101688323  28.4085646209  29.2863243547  1.08765390143  13.8247475989  14.4359260438  14.7068309821  0.625967723044  1.3380603571  1.98276907635  29.4194390994  29.9277419838  30.3715101053  118.812510069  68.5426394231  0.448805630519  0.454487963532  0.442783741832  0.371812667153  3.70985158267  4.45086685892  5.12000753978  5.47565533075  5.82140221112  34.3252844139  34.5886283342  34.8930342713  35.6330565616  38.9664222075  39.1528273655  48.3215046142  0.159030994124  1668.36440502  1668.58327348  1.93564189156  66.0502499637  0.217076468416  0.101774402597  0.413116050837  2.65116290013  2.53200237869  0.563369235057  0.290694174337  0.954571231892  0.673794474805  0.200762767165  0.180148854171  0.177911656816  -9999.0  -9999.0  -9999.0  -9999.0  -9999.0  -9999.0  -9999.0  -9999.0
-9999.0  -9999.0  -9999.0  -9999.0  -9999.0  -9999.0  -9999.0  -9999.0  -9999.0  -9999.0  -9999.0  -9999.0  -9999.0  -9999.0  -9999.0  -9999.0  -9999.0  -9999.0  -9999.0  -9999.0  -9999.0  -9999.0  1.41115290264  2.13862654845  0.779621219398  1.12960987583  9.74805202484  10.8621124535  11.8464018547  6.09429288668  6.77093379291  7.49207562828  8.1622132412  28.3243244844  28.9306751423  18.4518762439  49.3375341859  49.8294394473  68.1487679154  0.923401257762  0.460293586219  0.365857170322  2.54862848577  2.97427667158  0.287316870376  0.270334090796  33.1552446807  33.7745909968  34.073665073  0.370653553205  0.528759337754  38.3398350498  0.404019739286  1.28893065205  1.4390524007  50.0654519553  50.2105267247  51.8675304281  1722.56041803  66.3986476752  3.53290225442  3.41685706719  3.29852600054  2.75922566176  0.139469856694  1.40380250537  1.21594955605  0.42256084021  0.194851328035  0.349080095564  0.769524082486  0.419315752178  -9999.0  -9999.0  -9999.0  -9999.0  -9999.0  -9999.0  -9999.0  -9999.0
-9999.0  -9999.0  -9999.0  -9999.0  -9999.0  -9999.0  -9999.0  -9999.0  -9999.0  -9999.0  -9999.0  -9999.0  -9999.0  -9999.0  -9999.0  -9999.0  -9999.0  -9999.0  -9999.0  -9999.0  -9999.0  -9999.0  0.701933080503  1.39050195819  5.82797908883  6.62199716312  7.5976651166  4.34630132261  5.39305876079  0.717992450286  18.195577646  18.8703957905  19.5339085181  0.639091300853  17.2924358609  17.9087009359  0.502998817271  65.7643883703  1.00497033407  0.50000600213  1.35343643899  1.81486281667  0.373657012579  0.323078036572  30.0578068107  32.580351047  32.936703333  0.362272635675  0.820378309555  1.05360483146  1.27762163155  2.46941087083  0.47061651265  1.04935798426  0.212670673578  0.418498792922  51.554057265  51.7187580788  1722.77010156  1793.37315406  4.00208087952  0.285388177146  0.15361293625  0.236418469755  0.114366860767  1.53020667524  0.856467682361  0.65080806497  2.15195304097  1.91729413788  1.32643342718  0.277430889771  0.180652344577  -9999.0  -9999.0  -9999.0  -9999.0  -9999.0  -9999.0  -9999.0
-9999.0  -9999.0  -9999.0  -9999.0  -9999.0  -9999.0  -9999.0  -9999.0  -9999.0  -9999.0  -9999.0  -9999.0  -9999.0  -9999.0  -9999.0  -9999.0  -9999.0  -9999.0  -9999.0  -9999.0  -9999.0  -9999.0  0.697750639758  2.18307407959  3.75834882646  0.914492174745  2.02277390539  3.21528835001  15.2719068889  16.1120866467  16.8075659914  0.672647606382  13.5556250831  15.4783681862  16.1041917693  0.52645715717  63.6763514902  64.7748362007  0.52009211367  0.492025474723  0.961811284404  0.411669692104  28.0150120488  28.7580984594  29.1610335681  1.56814205549  1.92912485547  0.324534827637  0.582330196766  0.259650998111  1.82722227002  0.256379506748  0.257987006858  0.280668665974  0.273975056647  0.556222686956  0.751569223846  132.72666055  133.065982344  1926.84858207  1927.14641174  1927.41953126  0.238876868306  3.25876131558  2.94149103696  1.20454751459  1.11798188765  0.146415413483  2.54615579871  0.173528539702  0.166599841495  0.144698529856  0.607893986417  0.244643147721  -9999.0  -9999.0  -9999.0  -9999.0  -9999.0  -9999.0
-9999.0  -9999.0  -9999.0  -9999.0  -9999.0  -9999.0  -9999.0  -9999.0  -9999.0  -9999.0  -9999.0  -9999.0  -9999.0  -9999.0  -9999.0  -9999.0  -9999.0  -9999.0  -9999.0  -9999.0  -9999.0  -9999.0  -9999.0  0.766867081227  0.819494584274  1.04788546582  9.63372362766  10.8049022717  14.176665555  0.949180570835  10.8053615995  12.2597433882  0.665087408392  1.32778921978  0.542273048974  62.0726314716  0.568811436837  1.63264228163  2.07289550967  2.50094840348  25.417491513  26.8429141539  27.282658256  0.439104368169  0.825797975874  1.1854659896  0.241292123637  0.220272513771  63.40792828  63.6229191724  63.7992008192  65.4205240609  65.6307878414  65.931672037  66.1542063166  109.657292045  109.84025724  132.567904229  0.174738276225  0.205297555603  0.356963040501  1927.92444151  1928.64747314  1932.18380248  1932.31215929  0.184433318503  0.101715842369  2.85725122124  2.74765770044  0.130592081623  0.359494220239  2.39030900681  1.43092132742  1.22514913521  0.331901211346  -9999.0  -9999.0  -9999.0  -9999.0  -9999.0
-9999.0  -9999.0  -9999.0  -9999.0  -9999.0  -9999.0  -9999.0  -9999.0  -9999.0  -9999.0  -9999.0  -9999.0  -9999.0  -9999.0  -9999.0  -9999.0  -9999.0  -9999.0  -9999.0  -9999.0  -9999.0  -9999.0  -9999.0  0.713702571672  1.85032047991  3.87684755421  8.5447833664  1.17512412137  2.29315009483  8.2537357145  9.16084011444  0.741032679026  15.4202851665  16.098647456  60.3896636452  60.9651265622  0.546458730907  1.06982354178  4.42821630731  21.2027355328  22.572188844  1.02419207497  0.494472438141  0.408892721374  53.6717128334  54.3782895445  54.9594124059  55.5341571285  63.2073884931  0.584452873473  65.2187110174  0.305448468367  0.209270416219  0.385256231151  43.1143209459  43.3397193809  21.9514325518  22.5322340223  0.382551150864  0.187230982271  0.205377949793  0.217455954803  0.345626729834  0.139051304261  2030.51193162  2030.84692479  3.54217744517  3.03527838465  0.0979772298768  3.69835862914  3.42955660043  2.85550969588  0.245659206027  0.291177941888  0.33957176953  -9999.0  -9999.0  -9999.0  -9999.0  -9999.0
-9999.0  -9999.0  -9999.0  -9999.0  -9999.0  -9999.0  -9999.0  -9999.0  -9999.0  -9999.0  -9999.0  -9999.0  -9999.0  -9999.0  -9999.0  -9999.0  -9999.0  -9999.0  -9999.0  -9999.0  -9999.0  -9999.0  -9999.0  -9999.0  1.33752366451  2.5575209434  3.65237926959  5.97867139453  7.11863648048  11.4693188142  13.4819040671  14.1239615521  14.7275026312  43.0618384873  43.7038645081  0.528177461039  3.49491616388  4.02856258092  16.0178219665  16.4836236549  0.898320300541  0.404276292949  51.8120040576  52.551059468  52.9496050173  0.374821625869  6.71840814773  7.04635782166  7.38509473481  0.302724773987  0.234026605006  0.185010493767  0.177734018654  42.3415918259  42.569358543  0.171772756557  21.7905098004  20.7779199493  20.6243820874  0.155054484816  0.161218721017  0.205634312896  0.333968608633  97.4172058048  98.0357459792  2034.5989155  0.296337755082  0.115195819194  3.91825065763  0.123854690258  0.668855057457  0.460282074222  0.231528753666  -9999.0  -9999.0  -9999.0  -9999.0  -9999.0  -9999.0  -9999.0
-9999.0  -9999.0  -9999.0  -9999.0  -9999.0  -9999.0  -9999.0  -9999.0  -9999.0  -9999.0  -9999.0  -9999.0  -9999.0  -9999.0  -9999.0  -9999.0  -9999.0  -9999.0  -9999.0  -9999.0  -9999.0  -9999.0  -9999.0  -9999.0  1.3088109622  3.85664837623  4.85973027651  6.95148767881  9.15757769771  10.3567671235  1.0083006895  11.0758096014  41.3563213409  42.3781115581  0.931925673878  1.74203953477  3.0391571205  14.9598527146  15.5388261046  33.0608257328  34.1336223679  51.2737878539  51.4697054714  0.381890707652  5.31232626418  6.0404962345  6.43418851974  0.332837469878  35.8658137017  36.1651378259  37.0569558269  40.6108969449  41.8191176748  42.0327336212  0.27230605617  0.489378522353  0.666239395063  17.8057373625  20.3393273084  1.68217801041  1.52254282641  0.161135718353  0.19023648035  96.9264023987  0.483556237512  0.26284937962  2034.96577591  0.0639361949736  0.0643512028986  4.83423099949  0.83105966982  0.163037322814  0.160840668515  -9999.0  -9999.0  -9999.0  -9999.0  -9999.0  -9999.0  -9999.0
-9999.0  -9999.0  -9999.0  -9999.0  -9999.0  -9999.0  -9999.0  -9999.0  -9999.0  -9999.0  -9999.0  -9999.0  -9999.0  -9999.0  -9999.0  -9999.0  -9999.0  -9999.0  -9999.0  -9999.0  -9999.0  -9999.0  -9999.0  -9999.0  1.35728048099  1.28203956316  4.82176550919  5.80270224689  1.08978463288  8.914777335  9.97100928299  1.07883042238  28.1276519296  1.06998667387  6.14227626441  13.4248466084  14.3477354717  29.2797844534  29.9697549075  32.5433447897  0.687954298137  16.7287064136  0.298448257496  0.664935502182  5.00212937806  0.39150534543  8.21522215193  35.2620348374  0.324090844453  0.663722490492  2.73537522302  0.363015108444  0.455920392374  0.326830882357  0.214974586026  15.9714982871  17.1486626118  17.6363931323  0.668374287494  0.462031104386  0.860885104041  0.223443506527  96.3321161955  96.4637551532  0.272995333146  0.135143729243  0.0678641610466  2035.42771552  2041.31370294  5.71169866506  0.790585568367  0.683774784565  0.366238741008  -9999.0  -9999.0  -9999.0  -9999.0  -9999.0  -9999.0  -9999.0
-9999.0  -9999.0  -9999.0  -9999.0  -9999.0  -9999.0  -9999.0  -9999.0  -9999.0  -9999.0  -9999.0  -9999.0  -9999.0  -9999.0  -9999.0  -9999.0  -9999.0  -9999.0  -9999.0  -9999.0  -9999.0  -9999.0  -9999.0  -9999.0  -9999.0  1.25386312569  1.2784368983  1.25744583096  6.69435748376  7.83188111777  12.954901062  27.0802258447  1.01212690914  2.99162656193  4.03078657056  6.27643253573  1.94773714391  28.3483834636  0.950097094226  1.82114462262  15.4837182988  0.74612833529  2.9062597698  3.57389688373  0.38698039686  0.389686319869  7.92601828291  26.7236720919  0.377663224879  1.43249851435  2.45143788431  0.386260651488  0.272976813086  14.2980108507  15.0443641995  0.517639105558  0.987170066937  0.26098331121  0.461003851987  0.260677308905  0.202873169329  0.143285089281  96.2097255125  0.373996694015  -9999.0  -9999.0  0.129415404575  0.232395411002  2041.41217786  2041.51192484  2041.96226434  0.223325118353  -9999.0  -9999.0  -9999.0  -9999.0  -9999.0  -9999.0  -9999.0  -9999.0
-9999.0  -9999.0  -9999.0  -9999.0  -9999.0  -9999.0  -9999.0  -9999.0  -9999.0  -9999.0  -9999.0  -9999.0  -9999.0  -9999.0  -9999.0  -9999.0  -9999.0  -9999.0  -9999.0  -9999.0  -9999.0  -9999.0  -9999.0  -9999.0  -9999.0  -9999.0  1.10650603388  3.36833979575  4.34381840927  11.9795530473  4.03531283151  13.1239968092  8.22298977511  0.992539273623  3.11615384993  5.15702659217  0.931442984097  25.4166895825  10.3390166667  13.0715942145  1.67699303307  1.67538464443  0.729031957026  0.517488813662  6.78248785835  7.17619184727  25.6098135284  25.9753371245  0.70161055179  1.06599784228  0.299096822535  11.371829284  12.8986397201  14.1046258532  0.547551353402  0.256890533737  0.727136557331  0.252156320363  0.19630177407  0.167095116173  95.018090311  95.3762423669  95.5710159122  0.248478497008  -9999.0  -9999.0  -9999.0  -9999.0  -9999.0  0.0580577486178  2042.04491461  2042.15503237  -9999.0  -9999.0  -9999.0  -9999.0  -9999.0  -9999.0  -9999.0  -9999.0
-9999.0  -9999.0  -9999.0  -9999.0  -9999.0  -9999.0  -9999.0  -9999.0  -9999.0  -9999.0  -9999.0  -9999.0  -9999.0  -9999.0  -9999.0  -9999.0  -9999.0  -9999.0  -9999.0  -9999.0  -9999.0  -9999.0  -9999.0  -9999.0  -9999.0  -9999.0  1.36635776386  1.28997412332  11.1042176206  0.932772096354  3.14221411538  5.22386363646  7.25710753386  1.04405823833  1.06803479249  1.03411912813  23.4963817113  24.4921642475  9.436517521  1.83683752772  0.881470110334  0.893350607354  5.57974909382  6.39728826405  22.3096482283  23.6617649764  24.8297182203  0.431203927576  0.360538045066  10.5357832202  10.8104751002  11.1176247806  1.31069346094  0.6429290088  0.294899654801  0.286525026426  0.215671478888  1.90803095137  2.05389952141  94.7874268078  94.8964599323  0.257638202611  0.0917645347514  0.121513421432  -9999.0  -9999.0  -9999.0  -9999.0  -9999.0  -9999.0  -9999.0  -9999.0  -9999.0  -9999.0  -9999.0  -9999.0  -9999.0  -9999.0  -9999.0  -9999.0
-9999.0  -9999.0  -9999.0  -9999.0  -9999.0  -9999.0  -9999.0  -9999.0  -9999.0  -9999.0  -9999.0  -9999.0  -9999.0  -9999.0  -9999.0  -9999.0  -9999.0  -9999.0  -9999.0  -9999.0  -9999.0  -9999.0  -9999.0  -9999.0  -9999.0  -9999.0  -9999.0  2.67011675513  8.85604338999  4.97556700587  1.11039511421  4.25534250762  1.02187419481  3.25121191946  4.25835774074  20.7186011847  22.6265162691  7.59654940075  8.51546673337  0.93526652842  3.87692606994  4.75073878638  13.4362234054  20.8712009754  21.6959353521  0.810802735152  0.636996556936  8.00753036706  9.17119885981  10.2450361663  0.366264143671  0.696814763841  1.03026857652  0.324083062656  0.798725931322  1.27872820538  1.48254331154  1.7458193988  0.181020582391  92.4020650031  0.369203755455  0.165174860901  -9999.0  -9999.0  -9999.0  -9999.0  -9999.0  -9999.0  -9999.0  -9999.0  -9999.0  -9999.0  -9999.0  -9999.0  -9999.0  -9999.0  -9999.0  -9999.0  -9999.0  -9999.0
-9999.0  -9999.0  -9999.0  -9999.0  -9999.0  -9999.0  -9999.0  -9999.0  -9999.0  -9999.0  -9999.0  -9999.0  -9999.0  -9999.0  -9999.0  -9999.0  -9999.0  -9999.0  -9999.0  -9999.0  -9999.0  -9999.0  -9999.0  -9999.0  -9999.0  -9999.0  -9999.0  1.35894777779  1.30283188747  2.43710312015  1.08253116279  2.14489398964  2.1850449731  12.8099025016  13.6382920492  1.99441322496  1.05678933195  6.62692798404  2.02649115544  3.00726810798  10.7807956721  11.6964980237  12.6005284882  6.61299556147  2.66916028546  4.41030286313  5.96768054938  7.55683316996  0.745706447061  0.544848506449  48.7163718758  49.1640715113  49.509006869  0.304108942747  0.547443089187  0.276333409153  0.212896456294  87.5026467356  88.9228086839  2.63535231762  2.2628902878  0.220401226164  -9999.0  -9999.0  -9999.0  -9999.0  -9999.0  -9999.0  -9999.0  -9999.0  -9999.0  -9999.0  -9999.0  -9999.0  -9999.0  -9999.0  -9999.0  -9999.0  -9999.0  -9999.0
-9999.0  -9999.0  -9999.0  -9999.0  -9999.0  -9999.0  -9999.0  -9999.0  -9999.0  -9999.0  -9999.0  -9999.0  -9999.0  -9999.0  -9999.0  -9999.0  -9999.0  -9999.0  -9999.0  -9999.0  -9999.0  -9999.0  -9999.0  -9999.0  -9999.0  -9999.0  -9999.0  -9999.0  -9999.0  1.15880619099  1.06156616851  1.11916731509  4.65930770633  11.6990982213  5.91874745494  1.11044632478  4.52138035625  5.59619185774  1.02553954814  8.92918262305  9.86117385562  2.95439409364  4.8035757629  0.919983581591  1.79273227933  0.901920643995  0.793131002239  0.764165520302  47.1941677658  47.8324350815  48.3185968623  2.36544105767  52.3651250279  52.8212298436  53.1976435613  53.5662682402  54.1509517991  87.3056778041  87.8542202107  0.830965791467  2.02032512041  0.533261142642  -9999.0  -9999.0  -9999.0  -9999.0  -9999.0  -9999.0  -9999.0  -9999.0  -9999.0  -9999.0  -9999.0  -9999.0  -9999.0  -9999.0  -9999.0  -9999.0  -9999.0  -9999.0
-9999.0  -9999.0  -9999.0  -9999.0  -9999.0  -9999.0  -9999.0  -9999.0  -9999.0  -9999.0  -9999.0  -9999.0  -9999.0  -9999.0  -9999.0  -9999.0  -9999.0  -9999.0  -9999.0  -9999.0  -9999.0  -9999.0  -9999.0  -9999.0  -9999.0  -9999.0  -9999.0  -9999.0  -9999.0  -9999.0  -9999.0  1.12873667589  2.47906627659  2.50160617247  2.42304622311  2.36808032814  3.48811954888  5.8437678392  6.87402560909  7.93277566051  1.00103494889  2.0175757103  0.949321203312  0.92161981595  26.3933725566  33.0381978838  34.7016263759  35.5503486052  46.5591684442  0.6975683113  1.28761568427  1.95622582106  10.2996096675  10.7537930154  11.1334709146  24.3902217583  30.0322916035  32.7861895075  0.461735550213  0.454405720795  1.23741828119  0.301024392441  -9999.0  -9999.0  -9999.0  -9999.0  -9999.0  -9999.0  -9999.0  -9999.0  -9999.0  -9999.0  -9999.0  -9999.0  -9999.0  -9999.0  -9999.0  -9999.0  -9999.0  -9999.0
-9999.0  -9999.0  -9999.0  -9999.0  -9999.0  -9999.0  -9999.0  -9999.0  -9999.0  -9999.0  -9999.0  -9999.0  -9999.0  -9999.0  -9999.0  -9999.0  -9999.0  -9999.0  -9999.0  -9999.0  -9999.0  -9999.0  -9999.0  -9999.0  -9999.0  -9999.0  -9999.0  -9999.0  -9999.0  -9999.0  -9999.0  -9999.0  1.30406815387  1.28178819539  1.2362105318  1.18852631446  2.41566597698  4.72087838682  4.17055978339  5.12363139278  6.08801792988  13.9212782329  14.8331178475  24.6590419727  25.5787067235  5.81559480606  0.860809139682  9.50312697948  10.2390864524  4.06289019347  7.85207210431  9.22414598322  9.81976708332  0.539459444471  12.9161753221  25.4961708697  29.7339318256  0.458396693516  1.89890201767  0.346994694683  0.942547792714  -9999.0  -9999.0  -9999.0  -9999.0  -9999.0  -9999.0  -9999.0  -9999.0  -9999.0  -9999.0  -9999.0  -9999.0  -9999.0  -9999.0  -9999.0  -9999.0  -9999.0  -9999.0  -9999.0
-9999.0  -9999.0  -9999.0  -9999.0  -9999.0  -9999.0  -9999.0  -9999.0  -9999.0  -9999.0  -9999.0  -9999.0  -9999.0  -9999.0  -9999.0  -9999.0  -9999.0  -9999.0  -9999.0  -9999.0  -9999.0  -9999.0  -9999.0  -9999.0  -9999.0  -9999.0  -9999.0  -9999.0  -9999.0  -9999.0  -9999.0  -9999.0  -9999.0  -9999.0  -9999.0  1.28802049441  1.20436559699  1.07337934352  3.14921708906  2.98838017966  5.90215662831  6.8757753187  0.923940710977  8.8782796704  3.90378717166  4.90491357079  5.89817245781  8.72890736221  2.52038387464  0.810601352139  3.20111411326  0.762538516425  6.99481885  8.35161651116  11.9216567141  0.593768378356  2.45050428365  0.876426426498  1.08921095405  0.340095002092  0.648121577177  -9999.0  -9999.0  -9999.0  -9999.0  -9999.0  -9999.0  -9999.0  -9999.0  -9999.0  -9999.0  -9999.0  -9999.0  -9999.0  -9999.0  -9999.0  -9999.0  -9999.0  -9999.0  -9999.0
-9999.0  -9999.0  -9999.0  -9999.0  -9999.0  -9999.0  -9999.0  -9999.0  -9999.0  -9999.0  -9999.0  -9999.0  -9999.0  -9999.0  -9999.0  -9999.0  -9999.0  -9999.0  -9999.0  -9999.0  -9999.0  -9999.0  -9999.0  -9999.0  -9999.0  -9999.0  -9999.0  -9999.0  -9999.0  -9999.0  -9999.0  -9999.0  -9999.0  -9999.0  -9999.0  -9999.0  -9999.0  1.07913099307  1.00291284558  2.00687083478  1.98659753965  5.10315196577  7.01081911923  1.9431093587  2.906219043  3.02955105689  4.98161160128  1.92758293815  1.74376531753  1.7118231104  0.76060466061  4.11739089707  6.33596294727  0.710922032472  2.93575993123  1.17399149236  0.72704620716  0.372431813545  0.350790380916  0.365317096738  -9999.0  -9999.0  -9999.0  -9999.0  -9999.0  -9999.0  -9999.0  -9999.0  -9999.0  -9999.0  -9999.0  -9999.0  -9999.0  -9999.0  -9999.0  -9999.0  -9999.0  -9999.0  -9999.0  -9999.0
-9999.0  -9999.0  -9999.0  -9999.0  -9999.0  -9999.0  -9999.0  -9999.0  -9999.0  -9999.0  -9999.0  -9999.0  -9999.0  -9999.0  -9999.0  -9999.0  -9999.0  -9999.0  -9999.0  -9999.0  -9999.0  -9999.0  -9999.0  -9999.0  -9999.0  -9999.0  -9999.0  -9999.0  -9999.0  -9999.0  -9999.0  -9999.0  -9999.0  -9999.0  -9999.0  -9999.0  -9999.0  -9999.0  -9999.0  1.02784727491  2.1090206838  4.13685349003  0.975420864275  0.983815799167  1.00919062948  2.05204221939  0.991035649164  0.977331214252  0.909400623466  0.889750939214  1.70580455619  3.38874329949  1.55339186488  1.58203278725  2.29179491834  0.602628322886  0.363816168977  -9999.0  -9999.0  -9999.0  -9999.0  -9999.0  -9999.0  -9999.0  -9999.0  -9999.0  -9999.0  -9999.0  -9999.0  -9999.0  -9999.0  -9999.0  -9999.0  -9999.0  -9999.0  -9999.0  -9999.0  -9999.0  -9999.0  -9999.0
-9999.0  -9999.0  -9999.0  -9999.0  -9999.0  -9999.0  -9999.0  -9999.0  -9999.0  -9999.0  -9999.0  -9999.0  -9999.0  -9999.0  -9999.0  -9999.0  -9999.0  -9999.0  -9999.0  -9999.0  -9999.0  -9999.0  -9999.0  -9999.0  -9999.0  -9999.0  -9999.0  -9999.0  -9999.0  -9999.0  -9999.0  -9999.0  -9999.0  -9999.0  -9999.0  -9999.0  -9999.0  -9999.0  -9999.0  -9999.0  1.05295106389  1.0170473704  -9999.0  -9999.0  -9999.0  -9999.0  -9999.0  -9999.0  -9999.0  -9999.0  0.860205018492  0.837925727267  0.755366238198  0.773087383313  -9999.0  -9999.0  -9999.0  -9999.0  -9999.0  -9999.0  -9999.0  -9999.0  -9999.0  -9999.0  -9999.0  -9999.0  -9999.0  -9999.0  -9999.0  -9999.0  -9999.0  -9999.0  -9999.0  -9999.0  -9999.0  -9999.0  -9999.0  -9999.0  -9999.0  -9999.0
-9999.0  -9999.0  -9999.0  -9999.0  -9999.0  -9999.0  -9999.0  -9999.0  -9999.0  -9999.0  -9999.0  -9999.0  -9999.0  -9999.0  -9999.0  -9999.0  -9999.0  -9999.0  -9999.0  -9999.0  -9999.0  -9999.0  -9999.0  -9999.0  -9999.0  -9999.0  -9999.0  -9999.0  -9999.0  -9999.0  -9999.0  -9999.0  -9999.0  -9999.0  -9999.0  -9999.0  -9999.0  -9999.0  -9999.0  -9999.0  -9999.0  -9999.0  -9999.0  -9999.0  -9999.0  -9999.0  -9999.0  -9999.0  -9999.0  -9999.0  -9999.0  -9999.0  -9999.0  -9999.0  -9999.0  -9999.0  -9999.0  -9999.0  -9999.0  -9999.0  -9999.0  -9999.0  -9999.0  -9999.0  -9999.0  -9999.0  -9999.0  -9999.0  -9999.0  -9999.0  -9999.0  -9999.0  -9999.0  -9999.0  -9999.0  -9999.0  -9999.0  -9999.0  -9999.0  -9999.0
-9999.0  -9999.0  -9999.0  -9999.0  -9999.0  -9999.0  -9999.0  -9999.0  -9999.0  -9999.0  -9999.0  -9999.0  -9999.0  -9999.0  -9999.0  -9999.0  -9999.0  -9999.0  -9999.0  -9999.0  -9999.0  -9999.0  -9999.0  -9999.0  -9999.0  -9999.0  -9999.0  -9999.0  -9999.0  -9999.0  -9999.0  -9999.0  -9999.0  -9999.0  -9999.0  -9999.0  -9999.0  -9999.0  -9999.0  -9999.0  -9999.0  -9999.0  -9999.0  -9999.0  -9999.0  -9999.0  -9999.0  -9999.0  -9999.0  -9999.0  -9999.0  -9999.0  -9999.0  -9999.0  -9999.0  -9999.0  -9999.0  -9999.0  -9999.0  -9999.0  -9999.0  -9999.0  -9999.0  -9999.0  -9999.0  -9999.0  -9999.0  -9999.0  -9999.0  -9999.0  -9999.0  -9999.0  -9999.0  -9999.0  -9999.0  -9999.0  -9999.0  -9999.0  -9999.0  -9999.0
-9999.0  -9999.0  -9999.0  -9999.0  -9999.0  -9999.0  -9999.0  -9999.0  -9999.0  -9999.0  -9999.0  -9999.0  -9999.0  -9999.0  -9999.0  -9999.0  -9999.0  -9999.0  -9999.0  -9999.0  -9999.0  -9999.0  -9999.0  -9999.0  -9999.0  -9999.0  -9999.0  -9999.0  -9999.0  -9999.0  -9999.0  -9999.0  -9999.0  -9999.0  -9999.0  -9999.0  -9999.0  -9999.0  -9999.0  -9999.0  -9999.0  -9999.0  -9999.0  -9999.0  -9999.0  -9999.0  -9999.0  -9999.0  -9999.0  -9999.0  -9999.0  -9999.0  -9999.0  -9999.0  -9999.0  -9999.0  -9999.0  -9999.0  -9999.0  -9999.0  -9999.0  -9999.0  -9999.0  -9999.0  -9999.0  -9999.0  -9999.0  -9999.0  -9999.0  -9999.0  -9999.0  -9999.0  -9999.0  -9999.0  -9999.0  -9999.0  -9999.0  -9999.0  -9999.0  -9999.0
-9999.0  -9999.0  -9999.0  -9999.0  -9999.0  -9999.0  -9999.0  -9999.0  -9999.0  -9999.0  -9999.0  -9999.0  -9999.0  -9999.0  -9999.0  -9999.0  -9999.0  -9999.0  -9999.0  -9999.0  -9999.0  -9999.0  -9999.0  -9999.0  -9999.0  -9999.0  -9999.0  -9999.0  -9999.0  -9999.0  -9999.0  -9999.0  -9999.0  -9999.0  -9999.0  -9999.0  -9999.0  -9999.0  -9999.0  -9999.0  -9999.0  -9999.0  -9999.0  -9999.0  -9999.0  -9999.0  -9999.0  -9999.0  -9999.0  -9999.0  -9999.0  -9999.0  -9999.0  -9999.0  -9999.0  -9999.0  -9999.0  -9999.0  -9999.0  -9999.0  -9999.0  -9999.0  -9999.0  -9999.0  -9999.0  -9999.0  -9999.0  -9999.0  -9999.0  -9999.0  -9999.0  -9999.0  -9999.0  -9999.0  -9999.0  -9999.0  -9999.0  -9999.0  -9999.0  -9999.0
-9999.0  -9999.0  -9999.0  -9999.0  -9999.0  -9999.0  -9999.0  -9999.0  -9999.0  -9999.0  -9999.0  -9999.0  -9999.0  -9999.0  -9999.0  -9999.0  -9999.0  -9999.0  -9999.0  -9999.0  -9999.0  -9999.0  -9999.0  -9999.0  -9999.0  -9999.0  -9999.0  -9999.0  -9999.0  -9999.0  -9999.0  -9999.0  -9999.0  -9999.0  -9999.0  -9999.0  -9999.0  -9999.0  -9999.0  -9999.0  -9999.0  -9999.0  -9999.0  -9999.0  -9999.0  -9999.0  -9999.0  -9999.0  -9999.0  -9999.0  -9999.0  -9999.0  -9999.0  -9999.0  -9999.0  -9999.0  -9999.0  -9999.0  -9999.0  -9999.0  -9999.0  -9999.0  -9999.0  -9999.0  -9999.0  -9999.0  -9999.0  -9999.0  -9999.0  -9999.0  -9999.0  -9999.0  -9999.0  -9999.0  -9999.0  -9999.0  -9999.0  -9999.0  -9999.0  -9999.0
-9999.0  -9999.0  -9999.0  -9999.0  -9999.0  -9999.0  -9999.0  -9999.0  -9999.0  -9999.0  -9999.0  -9999.0  -9999.0  -9999.0  -9999.0  -9999.0  -9999.0  -9999.0  -9999.0  -9999.0  -9999.0  -9999.0  -9999.0  -9999.0  -9999.0  -9999.0  -9999.0  -9999.0  -9999.0  -9999.0  -9999.0  -9999.0  -9999.0  -9999.0  -9999.0  -9999.0  -9999.0  -9999.0  -9999.0  -9999.0  -9999.0  -9999.0  -9999.0  -9999.0  -9999.0  -9999.0  -9999.0  -9999.0  -9999.0  -9999.0  -9999.0  -9999.0  -9999.0  -9999.0  -9999.0  -9999.0  -9999.0  -9999.0  -9999.0  -9999.0  -9999.0  -9999.0  -9999.0  -9999.0  -9999.0  -9999.0  -9999.0  -9999.0  -9999.0  -9999.0  -9999.0  -9999.0  -9999.0  -9999.0  -9999.0  -9999.0  -9999.0  -9999.0  -9999.0  -9999.0
