ncols                  80
nrows                 72
xllcorner      4374000.0
yllcorner      5656000.0
cellsize            500
NODATA_value       -9999
-9999.0  -9999.0  -9999.0  -9999.0  -9999.0  -9999.0  -9999.0  -9999.0  -9999.0  -9999.0  -9999.0  -9999.0  0.700562974506  0.619773165261  -9999.0  -9999.0  -9999.0  -9999.0  -9999.0  -9999.0  -9999.0  -9999.0  -9999.0  -9999.0  -9999.0  -9999.0  -9999.0  -9999.0  -9999.0  -9999.0  -9999.0  -9999.0  -9999.0  -9999.0  -9999.0  -9999.0  -9999.0  -9999.0  -9999.0  -9999.0  -9999.0  -9999.0  -9999.0  -9999.0  -9999.0  -9999.0  -9999.0  -9999.0  -9999.0  -9999.0  -9999.0  -9999.0  -9999.0  -9999.0  -9999.0  -9999.0  -9999.0  -9999.0  -9999.0  -9999.0  -9999.0  -9999.0  -9999.0  -9999.0  -9999.0  -9999.0  -9999.0  -9999.0  -9999.0  -9999.0  -9999.0  -9999.0  -9999.0  -9999.0  -9999.0  -9999.0  -9999.0  -9999.0  -9999.0  -9999.0
-9999.0  -9999.0  -9999.0  -9999.0  -9999.0  -9999.0  -9999.0  -9999.0  -9999.0  -9999.0  -9999.0  -9999.0  1.50594574091  3.32461115414  0.535848914057  -9999.0  0.4687373656  -9999.0  -9999.0  -9999.0  -9999.0  -9999.0  -9999.0  -9999.0  -9999.0  -9999.0  -9999.0  -9999.0  -9999.0  -9999.0  -9999.0  -9999.0  -9999.0  -9999.0  -9999.0  -9999.0  -9999.0  -9999.0  -9999.0  -9999.0  -9999.0  -9999.0  -9999.0  -9999.0  -9999.0  -9999.0  -9999.0  -9999.0  -9999.0  -9999.0  -9999.0  -9999.0  -9999.0  -9999.0  -9999.0  -9999.0  -9999.0  -9999.0  -9999.0  -9999.0  -9999.0  -9999.0  -9999.0  -9999.0  -9999.0  -9999.0  -9999.0  -9999.0  -9999.0  -9999.0  -9999.0  -9999.0  -9999.0  -9999.0  -9999.0  -9999.0  -9999.0  -9999.0  -9999.0  -9999.0
-9999.0  -9999.0  -9999.0  -9999.0  -9999.0  -9999.0  -9999.0  -9999.0  -9999.0  -9999.0  0.700703606429  0.670184639762  0.729731827907  0.732591124705  4.64093755463  5.16025363701  1.28962467648  0.414078824482  -9999.0  -9999.0  -9999.0  -9999.0  -9999.0  -9999.0  -9999.0  -9999.0  -9999.0  -9999.0  -9999.0  -9999.0  -9999.0  -9999.0  -9999.0  -9999.0  -9999.0  -9999.0  -9999.0  -9999.0  -9999.0  -9999.0  -9999.0  -9999.0  -9999.0  -9999.0  -9999.0  -9999.0  -9999.0  -9999.0  -9999.0  -9999.0  -9999.0  -9999.0  -9999.0  -9999.0  -9999.0  -9999.0  -9999.0  -9999.0  -9999.0  -9999.0  -9999.0  -9999.0  -9999.0  -9999.0  -9999.0  -9999.0  -9999.0  -9999.0  -9999.0  -9999.0  -9999.0  -9999.0  -9999.0  -9999.0  -9999.0  -9999.0  -9999.0  -9999.0  -9999.0  -9999.0
-9999.0  -9999.0  -9999.0  -9999.0  -9999.0  -9999.0  -9999.0  -9999.0  -9999.0  0.660894884243  1.36899503909  2.72327184472  1.38077181131  0.660982479655  1.28364064  5.74892498284  7.9711588544  0.456074329255  -9999.0  0.669387410789  -9999.0  -9999.0  -9999.0  -9999.0  0.88689271095  0.460009826237  -9999.0  -9999.0  -9999.0  -9999.0  -9999.0  -9999.0  -9999.0  -9999.0  -9999.0  -9999.0  -9999.0  -9999.0  -9999.0  -9999.0  -9999.0  -9999.0  -9999.0  -9999.0  -9999.0  -9999.0  -9999.0  -9999.0  -9999.0  -9999.0  -9999.0  -9999.0  -9999.0  -9999.0  -9999.0  -9999.0  -9999.0  -9999.0  -9999.0  -9999.0  -9999.0  -9999.0  -9999.0  -9999.0  -9999.0  -9999.0  -9999.0  -9999.0  -9999.0  -9999.0  -9999.0  -9999.0  -9999.0  -9999.0  -9999.0  -9999.0  -9999.0  -9999.0  -9999.0  -9999.0
-9999.0  -9999.0  -9999.0  -9999.0  -9999.0  -9999.0  -9999.0  -9999.0  0.835267937416  2.23539283066  2.86888370332  3.50772318924  4.72477946866  0.584091230314  2.42451730762  2.97589816183  11.9095165585  0.485485907537  0.471613579685  1.21194662834  1.73403430035  0.559657071901  -9999.0  2.26216868755  1.86477337472  0.50234236544  -9999.0  -9999.0  -9999.0  -9999.0  -9999.0  -9999.0  -9999.0  -9999.0  -9999.0  -9999.0  -9999.0  -9999.0  -9999.0  -9999.0  -9999.0  -9999.0  -9999.0  -9999.0  -9999.0  -9999.0  -9999.0  -9999.0  -9999.0  -9999.0  -9999.0  -9999.0  -9999.0  -9999.0  -9999.0  -9999.0  -9999.0  -9999.0  -9999.0  -9999.0  -9999.0  -9999.0  -9999.0  -9999.0  -9999.0  -9999.0  -9999.0  -9999.0  -9999.0  -9999.0  -9999.0  -9999.0  -9999.0  -9999.0  -9999.0  -9999.0  -9999.0  -9999.0  -9999.0  -9999.0
-9999.0  -9999.0  -9999.0  -9999.0  -9999.0  -9999.0  0.776316691753  0.676102464272  0.653005310351  0.677346744411  0.706780372004  4.94732315515  10.3404573537  10.9842992277  11.5095389079  0.532053726827  12.9524101342  13.4531507387  1.05290370394  0.540657875814  2.2418150265  3.87862071431  0.515229567111  3.81678042147  0.534509097006  0.521310968345  0.545514197083  -9999.0  -9999.0  -9999.0  -9999.0  -9999.0  -9999.0  -9999.0  -9999.0  -9999.0  -9999.0  -9999.0  -9999.0  -9999.0  -9999.0  -9999.0  -9999.0  -9999.0  -9999.0  -9999.0  -9999.0  -9999.0  -9999.0  -9999.0  -9999.0  -9999.0  -9999.0  -9999.0  -9999.0  -9999.0  -9999.0  -9999.0  -9999.0  -9999.0  -9999.0  -9999.0  -9999.0  -9999.0  -9999.0  -9999.0  -9999.0  -9999.0  -9999.0  -9999.0  -9999.0  -9999.0  -9999.0  -9999.0  -9999.0  -9999.0  -9999.0  -9999.0  -9999.0  -9999.0
-9999.0  -9999.0  -9999.0  -9999.0  -9999.0  -9999.0  1.56340207744  2.28787532236  5.11655028485  7.0402891772  0.56887775157  0.605326857707  0.576788764956  1.7105746591  13.7160698217  0.448844493951  13.9198234958  16.139026204  1.70721722154  0.99577834872  4.34554314505  0.532095102121  4.32167353902  0.977792135461  0.47944729509  0.972945583815  1.09255091644  0.57722864029  0.591707480435  0.56098894068  0.631943296157  1.25843961463  -9999.0  -9999.0  -9999.0  -9999.0  -9999.0  -9999.0  -9999.0  -9999.0  -9999.0  -9999.0  -9999.0  -9999.0  -9999.0  -9999.0  -9999.0  -9999.0  -9999.0  -9999.0  -9999.0  -9999.0  -9999.0  -9999.0  -9999.0  -9999.0  -9999.0  -9999.0  -9999.0  -9999.0  -9999.0  -9999.0  -9999.0  -9999.0  -9999.0  -9999.0  -9999.0  -9999.0  -9999.0  -9999.0  -9999.0  -9999.0  -9999.0  -9999.0  -9999.0  -9999.0  -9999.0  -9999.0  -9999.0  -9999.0
-9999.0  -9999.0  -9999.0  -9999.0  -9999.0  0.909556800419  1.72429645384  0.809098617502  1.54680540219  7.807837869  9.09351793561  10.356676726  34.7886927117  0.598173614574  14.2641713128  53.9574474428  54.4090914989  71.4329612756  0.569287148464  1.4532346551  4.81500306416  0.461510208315  9.87230683695  5.06716966711  3.08335831517  2.58380353866  0.532612393192  1.68941571009  1.6926962249  1.12165868072  0.528840356624  1.81237058386  0.510379843643  0.493005663285  -9999.0  -9999.0  -9999.0  -9999.0  -9999.0  -9999.0  -9999.0  -9999.0  -9999.0  -9999.0  -9999.0  -9999.0  -9999.0  -9999.0  -9999.0  -9999.0  -9999.0  -9999.0  -9999.0  -9999.0  -9999.0  -9999.0  -9999.0  -9999.0  -9999.0  -9999.0  -9999.0  -9999.0  -9999.0  -9999.0  -9999.0  -9999.0  -9999.0  -9999.0  -9999.0  -9999.0  -9999.0  -9999.0  -9999.0  -9999.0  -9999.0  -9999.0  -9999.0  -9999.0  -9999.0  -9999.0
-9999.0  -9999.0  -9999.0  -9999.0  -9999.0  0.907440747136  2.60658538681  5.17601071391  5.93316051151  11.706311505  12.3966776442  14.6257123937  23.8854896366  36.8667532933  38.1395906563  38.7366939669  0.994960765279  73.368402279  74.4560772046  76.9802433652  93.5768499041  11.3311351994  10.3974339112  3.59306872595  0.488369258557  3.12294400042  2.15230599472  0.429898669265  2.17537639319  0.48665554098  1.11072508118  2.8637666193  3.35965482957  0.971981123771  0.473710847086  0.454297074649  -9999.0  -9999.0  -9999.0  -9999.0  0.407004753488  0.363102249946  -9999.0  -9999.0  -9999.0  -9999.0  -9999.0  -9999.0  -9999.0  -9999.0  -9999.0  -9999.0  -9999.0  -9999.0  -9999.0  -9999.0  -9999.0  -9999.0  -9999.0  -9999.0  -9999.0  -9999.0  -9999.0  -9999.0  -9999.0  -9999.0  -9999.0  -9999.0  -9999.0  -9999.0  -9999.0  -9999.0  -9999.0  -9999.0  -9999.0  -9999.0  -9999.0  -9999.0  -9999.0  -9999.0
-9999.0  -9999.0  -9999.0  -9999.0  -9999.0  0.859273936496  0.801068417432  3.44301241177  4.22926187004  5.05567439387  0.767037979686  1.50591542238  8.72523783503  1.65908128483  0.710401639157  0.601908250283  0.521565608249  0.70548516091  0.665017208383  0.595957830991  94.0784178314  95.4795510273  0.453005793662  1.40783737829  0.96845276301  3.57655736352  0.880378514774  0.409929541945  2.66695842751  0.972907541321  2.45185901144  5.70185391497  5.28541553963  1.43732582221  1.36442738521  0.484455345096  0.474204536992  -9999.0  -9999.0  0.470876666987  0.874337735893  2.00259329488  0.386132967096  -9999.0  -9999.0  -9999.0  -9999.0  -9999.0  -9999.0  -9999.0  -9999.0  -9999.0  -9999.0  -9999.0  -9999.0  -9999.0  -9999.0  -9999.0  -9999.0  -9999.0  -9999.0  -9999.0  -9999.0  -9999.0  -9999.0  -9999.0  -9999.0  -9999.0  -9999.0  -9999.0  -9999.0  -9999.0  -9999.0  -9999.0  -9999.0  -9999.0  -9999.0  -9999.0  -9999.0  -9999.0
-9999.0  -9999.0  -9999.0  -9999.0  -9999.0  -9999.0  0.910660183703  0.933425085898  1.69811739496  2.49930760377  5.65764270012  7.19726879462  8.05963090573  0.927377191462  0.58851874896  8.36914585228  10.1592638071  10.6897180294  12.9989879031  13.4922659421  0.493989486951  95.9804148024  98.3267062529  1.86835458385  0.403136121186  3.98366406659  8.70805099298  3.47272496182  0.826205392354  0.420751913336  9.00291698163  6.14839346006  0.411352841531  0.40789727954  1.78634998456  1.40925760798  0.438282113025  0.39316710109  0.466213395511  0.9210963398  0.438356545455  2.43492632961  2.83856511428  0.352397674946  -9999.0  -9999.0  -9999.0  -9999.0  0.423080373316  0.384559898021  0.130798241464  -9999.0  -9999.0  -9999.0  -9999.0  -9999.0  -9999.0  -9999.0  -9999.0  -9999.0  -9999.0  -9999.0  -9999.0  -9999.0  -9999.0  -9999.0  -9999.0  -9999.0  -9999.0  -9999.0  -9999.0  -9999.0  -9999.0  -9999.0  -9999.0  -9999.0  -9999.0  -9999.0  -9999.0  -9999.0
-9999.0  -9999.0  -9999.0  -9999.0  -9999.0  -9999.0  -9999.0  0.867083318105  0.753195818987  1.6089886035  2.44294054158  0.77369967713  0.769249777622  4.53660851949  5.86123221317  7.23769364163  0.643626775097  1.21127040166  0.614443072627  14.0270056645  30.7443767856  31.1606228432  130.396611346  0.460111680233  1.1241771064  0.345126566313  9.0971225944  0.412460361823  1.25608625172  0.407791832518  9.40944549043  9.81845981012  0.830585187335  0.813695602785  4.55268893861  2.3060699459  0.840993024647  0.441609318486  0.924595413027  1.37095551755  2.20820483226  0.382762639681  3.50194061706  3.79527454279  0.249980838088  0.281757429569  0.296370056917  0.248636189559  0.227372808788  1.08680045941  0.426811747892  0.250528289415  -9999.0  -9999.0  -9999.0  -9999.0  -9999.0  -9999.0  -9999.0  -9999.0  -9999.0  -9999.0  -9999.0  -9999.0  -9999.0  -9999.0  -9999.0  -9999.0  -9999.0  -9999.0  -9999.0  -9999.0  -9999.0  -9999.0  -9999.0  -9999.0  -9999.0  -9999.0  -9999.0  -9999.0
-9999.0  -9999.0  -9999.0  -9999.0  -9999.0  -9999.0  -9999.0  -9999.0  1.6589631932  2.33362234598  0.757705014001  1.57270234974  2.30762275839  3.86286784881  0.743214824582  0.69717029287  0.566207664172  0.571342733456  0.495487552329  15.619753265  0.630858798652  1.20374265546  132.01935964  132.871418557  0.295203467599  1.72809217086  11.1619244379  0.811491799329  1.61085162512  0.720024944803  1.06503323186  11.3594196068  1.19300631459  6.49772926105  5.34199947026  0.409039177429  2.13913974008  0.877982802717  1.3381078064  0.405211971156  2.5871325221  3.28547381128  3.53447259951  3.76160535867  4.73510732407  0.479312213442  0.511557559551  0.437533346815  0.394741116034  1.30685560348  0.245546204324  0.9326068519  1.14999292952  -9999.0  -9999.0  -9999.0  -9999.0  -9999.0  -9999.0  -9999.0  -9999.0  -9999.0  -9999.0  -9999.0  -9999.0  -9999.0  -9999.0  -9999.0  -9999.0  -9999.0  -9999.0  -9999.0  -9999.0  -9999.0  -9999.0  -9999.0  -9999.0  -9999.0  -9999.0  -9999.0
-9999.0  -9999.0  -9999.0  -9999.0  -9999.0  -9999.0  -9999.0  -9999.0  0.846355050589  4.00462336255  4.72781631487  0.721013902142  1.40892518293  0.684368776947  0.61118495987  0.599010902285  7.770326871  10.3426182319  12.6978581992  15.1635368925  0.586217923787  0.596626387076  0.506292384271  135.181147493  136.085590021  136.364525207  14.6849841097  3.17736942786  2.78477883927  0.315160970395  1.37257848894  13.0644678168  0.318969818809  6.83105031174  0.395579434572  2.85958825696  2.5887579968  0.424634302865  1.75166384677  0.812972450973  1.21075161802  0.313172242337  0.22153440664  3.98382216804  4.17820098949  4.9288249528  0.723997395768  0.633084202168  0.579393142639  1.57718834918  2.07928896315  0.2507242163  1.39435893511  0.285567978417  0.525646823399  0.251792865719  -9999.0  -9999.0  -9999.0  -9999.0  -9999.0  -9999.0  -9999.0  -9999.0  -9999.0  -9999.0  -9999.0  -9999.0  -9999.0  -9999.0  -9999.0  -9999.0  -9999.0  -9999.0  -9999.0  -9999.0  -9999.0  -9999.0  -9999.0  -9999.0
-9999.0  -9999.0  -9999.0  -9999.0  -9999.0  -9999.0  -9999.0  -9999.0  -9999.0  0.902551109162  5.53332840493  6.23180938564  2.10033717803  3.47468133222  4.72462845244  5.37044338218  0.691994343986  1.99889722129  1.35663632277  0.736096011312  0.685614831237  0.579192182763  1.11274507158  1.84554902878  0.53005437466  151.915205181  152.202607524  0.258722694181  0.226433484824  0.65984631184  0.988103980585  14.0307107988  0.639726303371  7.10904410444  4.31511895178  3.59674485012  0.397836996908  0.804950487777  2.11634611817  0.365414029794  1.5632852984  0.65409345153  0.381487310413  0.197413426649  4.78291694684  9.86513811364  0.85863538428  0.772703172148  0.775047566996  0.205731489171  2.28181242258  0.194520442991  1.84972721174  0.244375408957  0.773019917693  1.16756770969  0.106960213936  0.110803452107  0.145540754014  0.160135477082  0.0932298114318  -9999.0  -9999.0  0.0534396641131  0.044161430604  -9999.0  -9999.0  -9999.0  -9999.0  -9999.0  -9999.0  -9999.0  -9999.0  -9999.0  -9999.0  -9999.0  -9999.0  -9999.0  -9999.0  -9999.0
-9999.0  -9999.0  -9999.0  -9999.0  -9999.0  -9999.0  -9999.0  -9999.0  -9999.0  -9999.0  0.722516100461  7.68024109251  0.679977157644  1.35630262451  1.95694422966  3.11849670852  0.595817645933  1.27546761301  0.626268782418  0.553673956316  0.517365633094  1.01696095451  0.43722254927  0.440083067297  0.795682455149  0.454638301658  152.555095502  153.091988991  153.901340132  1.2457719978  0.340877416698  0.679785290625  14.3927959029  13.0851854453  5.06782220793  0.36942633408  1.5749178808  1.18536293958  2.48235913147  0.727904603251  2.93530216559  1.00467639989  0.640183610254  0.181287133397  0.227233418501  10.1132247563  10.3129203395  12.1014502616  1.43947907617  0.435202049675  2.5093237555  2.92515662387  4.96271334269  0.472219296272  0.217272411782  1.30275788407  1.51404577988  0.104788719511  0.198919089919  0.394148422311  0.182649999141  0.0897790714415  0.0863749982502  0.111079712437  0.0944924391077  0.0434095800035  -9999.0  -9999.0  -9999.0  -9999.0  -9999.0  -9999.0  -9999.0  -9999.0  -9999.0  -9999.0  -9999.0  -9999.0  -9999.0  -9999.0
-9999.0  -9999.0  -9999.0  -9999.0  -9999.0  -9999.0  -9999.0  -9999.0  -9999.0  -9999.0  -9999.0  0.468992104367  8.68134988347  0.727450758593  1.31697787002  5.58340521417  0.589453463149  0.575652814546  0.488228293932  1.08394291965  0.559360981829  2.12049433034  3.00502929047  3.38907072103  1.11165407467  1.3294241654  0.263229265232  0.387879896307  0.34982880131  155.777533768  156.71988  14.6745406621  13.6767327778  13.3866632584  0.600213602779  0.283929655697  1.91224124616  5.0777240413  2.8291044008  1.06718110343  4.33671559481  1.58289171858  1.27575650218  0.375507824609  0.152126910388  0.124723329812  0.130715674372  12.9120013185  15.022908529  0.221882882173  0.186830326546  0.225166179426  5.18721990968  5.86849129719  0.392149556975  0.164162228917  1.60009484496  0.191349535217  0.475456378475  0.962315794896  1.23040972956  1.40291456705  0.341934746175  0.184780915949  0.15645357117  0.104302158002  0.0672998538462  -9999.0  -9999.0  -9999.0  -9999.0  -9999.0  -9999.0  -9999.0  -9999.0  -9999.0  -9999.0  -9999.0  -9999.0  -9999.0
-9999.0  -9999.0  -9999.0  -9999.0  -9999.0  -9999.0  -9999.0  -9999.0  -9999.0  -9999.0  -9999.0  0.420032664427  9.66617086456  11.7614366301  0.601927143398  6.76429142295  0.521518880893  0.48366375427  1.01357843016  2.64228859078  0.526596933756  0.572078352934  0.439671109366  4.24114921486  4.63839265345  6.41365405088  6.99918357345  7.31538315261  7.56774599483  7.84000709966  164.83822642  180.007690914  194.11907401  194.280649328  0.206500209068  0.283832803249  5.75714478629  5.42016108006  0.338845496477  0.336177030463  4.75755432547  6.68491870844  0.27158796018  3.75891645305  3.50712363921  0.891431036818  0.358975480985  0.624240295811  0.265426192074  15.4007187582  0.189803420768  0.586572840678  0.719029648835  7.141179677  7.71739201938  8.04843593239  9.79775471971  0.137000951002  0.10482304672  0.0888122723972  0.0819700443118  1.57593343015  1.99346910004  0.0835141202568  0.387606026381  0.165021599753  0.119964457516  0.035370018522  0.0341492612974  -9999.0  -9999.0  -9999.0  -9999.0  -9999.0  -9999.0  -9999.0  -9999.0  -9999.0  -9999.0  -9999.0
-9999.0  -9999.0  -9999.0  -9999.0  -9999.0  -9999.0  -9999.0  -9999.0  -9999.0  -9999.0  -9999.0  0.794332815301  1.50413787482  12.4386911655  13.5527219005  0.561548382614  7.76432682049  0.420246821935  1.33414680447  3.10851062433  1.0047281631  0.474122383056  0.979623250573  0.355237459448  0.693569256246  0.35615584677  0.327050557326  0.288453293263  0.276703204826  0.223090985581  0.181310844077  0.245286170688  0.305237099955  0.322894860968  194.958030761  6.44207947771  6.01945215476  0.124369188771  0.940543469734  0.229326767559  0.267509143304  6.98577650745  11.714654107  4.12633450489  3.14762785337  0.579741382653  0.212690741342  0.183401458794  0.373808780188  15.9753624368  16.3149628503  0.181506877832  0.185755537546  0.185660237992  0.198891594627  0.365427160964  10.3841045817  10.6590009826  10.8949460566  0.220423479106  0.135739124683  0.101971087167  2.07926354203  2.22696654914  0.441917032547  0.0607106343444  0.172234571228  0.0691605440799  0.0652286229023  -9999.0  -9999.0  -9999.0  -9999.0  -9999.0  -9999.0  -9999.0  -9999.0  -9999.0  -9999.0  -9999.0
-9999.0  -9999.0  -9999.0  -9999.0  -9999.0  -9999.0  -9999.0  -9999.0  -9999.0  -9999.0  -9999.0  -9999.0  0.610978634412  9.4689333149  23.6370350331  25.5840962847  33.8554357053  34.3223373493  6.84587181875  5.08605605022  1.49052676939  0.462640686095  1.88716650541  2.31178817424  3.37434998314  0.740120043597  0.671021688489  0.643034064681  1.25890573057  0.552881758849  0.4961668528  0.290715453273  0.222732430555  0.1613467917  195.143950639  201.750435039  201.942695571  0.1157223994  2.34906181  1.1532435821  0.341117653615  12.8428019316  0.830934828299  0.437507645317  1.8975592933  0.399690761716  0.251066379449  0.451449780546  0.608815457069  0.791718945385  16.5855272804  0.122939699843  0.100966001117  0.100715692176  0.080584683114  0.101741410885  0.269878395962  0.338286082976  11.46291074  12.370007098  0.529083979139  0.244580516243  0.149432462057  0.104985441468  2.86705091665  3.77194092315  0.774040341062  0.348266262887  0.201619225919  -9999.0  -9999.0  -9999.0  -9999.0  -9999.0  -9999.0  -9999.0  -9999.0  -9999.0  -9999.0  -9999.0
-9999.0  -9999.0  -9999.0  -9999.0  -9999.0  -9999.0  -9999.0  -9999.0  -9999.0  -9999.0  -9999.0  0.7185019145  7.28988543558  8.80982037934  1.34757629647  0.490523646137  1.06773014527  35.9033806815  36.3381054133  43.6401690325  0.408309857094  0.864316233923  0.362058290744  0.369657699781  3.73568571219  4.83533215202  5.81890284949  0.310746269652  1.56905157478  2.42386104501  1.35624849111  0.580297049467  0.463141086522  0.379163106245  0.350181966276  0.118844500682  202.045513296  202.106437826  204.587840393  0.510813329667  0.286094321849  13.0842195676  0.878962591676  0.458603684196  0.524676516395  0.520246278325  0.424693469571  0.707161415757  1.90145500698  2.89445104681  19.612729011  0.087038163606  0.260755803926  0.176830506853  0.149025112113  0.0735977383885  0.0907157614327  0.128080730693  0.0586654406378  12.4610449693  0.0445987504372  0.193099136218  0.124740008977  0.0639551649419  0.0607282695859  3.84415500154  0.175986238186  0.0757472308646  0.0793507432264  0.0340928215844  -9999.0  -9999.0  -9999.0  -9999.0  -9999.0  -9999.0  -9999.0  -9999.0  -9999.0  -9999.0
-9999.0  -9999.0  -9999.0  -9999.0  -9999.0  -9999.0  -9999.0  -9999.0  -9999.0  -9999.0  -9999.0  0.745044029063  5.25985261489  0.794539540649  0.637833661686  3.62937005815  4.18097964526  4.72307201073  5.19730835288  59.9483126428  60.4484247213  61.3759245932  67.9949263297  69.129322727  69.7553726544  70.1286877639  76.7240950066  77.6647314123  77.9994202965  80.8010190227  82.5110827919  82.7973277973  83.814365767  0.644964135792  0.574665700776  0.105229317133  0.0626225393555  202.194430443  205.31169457  0.669378113208  15.1533138683  14.9060159604  1.58057435138  0.364165206493  0.370863068081  0.34771079705  0.357530073298  0.719575005256  0.993721170365  0.250264359635  19.7351894106  19.86785543  20.4139929607  20.5153673065  20.7576197352  20.9161572875  0.0651492310416  0.0815588415105  0.0753860365337  12.5519985464  12.6654969465  12.9339827736  13.2192710329  0.10796742052  4.13695512118  4.01646215138  0.0846764734881  1.71868739667  1.67605617364  0.106032566155  0.0681645839745  -9999.0  -9999.0  -9999.0  -9999.0  -9999.0  -9999.0  -9999.0  -9999.0  -9999.0
-9999.0  -9999.0  -9999.0  -9999.0  -9999.0  -9999.0  -9999.0  -9999.0  -9999.0  -9999.0  -9999.0  2.79445165672  3.67902334314  1.6391664595  2.3981860565  0.742881500321  8.39516106498  8.9768448735  10.1352454309  10.6342077323  3.74288570812  65.9063897513  66.3731580953  0.377615954187  0.253157230972  0.249866762876  0.529986717698  0.283540987533  0.228086052249  0.215545178071  0.210768476313  83.0946450865  84.1143089742  85.0521769894  85.8622588313  86.1464736975  0.105894630043  0.0263723132103  220.874665786  15.5128462276  15.4224224967  0.306470319957  0.268902673967  0.227557730084  0.60191161945  0.579663687545  0.259644437137  0.267080932517  0.240867152243  0.483647834108  0.611650312489  0.0735957828128  0.131156443232  0.0626688011156  0.0548877411152  20.9717057182  21.1069248071  21.2762047077  21.4494686048  21.5394621448  21.6854076064  21.741022729  0.0560309288659  13.3522148524  0.0867763557146  6.03732509489  1.84165170385  0.129391206763  1.53776911773  1.353172187  0.0827843201276  -9999.0  -9999.0  -9999.0  -9999.0  -9999.0  -9999.0  -9999.0  -9999.0  -9999.0
-9999.0  -9999.0  -9999.0  -9999.0  -9999.0  -9999.0  -9999.0  -9999.0  -9999.0  -9999.0  -9999.0  -9999.0  1.90720814429  0.863666387996  0.743002452564  7.21620154427  7.83694041483  0.620529583272  2.36152575439  2.9062182431  3.3693493772  0.531500786089  0.326424628095  9.86671817497  10.1173540002  10.3594076517  25.9689150668  26.1654015507  26.5710544018  28.5161670827  29.6144950222  29.7862202207  0.200999770605  0.215780378439  0.184167979211  86.2610512194  0.0468660299867  222.924955386  222.873308348  1.9504692075  1.81901108235  1.11675867636  0.277322305631  0.456554715763  0.836640924268  0.815995640578  0.49329313567  0.250904401202  0.486058682231  0.479181764449  0.812996159  0.115291406571  0.243698675765  0.420427545991  0.537084400459  0.606069055392  0.061821437437  0.0624407681782  0.0599448712416  0.0612392405079  0.0760149625481  21.8353849911  21.9397250893  35.3512673972  35.3945724938  6.65047908311  0.532097286815  0.343619333577  0.100309507178  1.20855296142  1.14599866049  -9999.0  -9999.0  -9999.0  -9999.0  -9999.0  -9999.0  -9999.0  -9999.0  -9999.0
-9999.0  -9999.0  -9999.0  -9999.0  -9999.0  -9999.0  -9999.0  -9999.0  -9999.0  -9999.0  -9999.0  -9999.0  1.00055794921  2.66476255012  3.4512585282  5.76826578733  0.608506776895  1.25533097222  1.83506696998  7.57216937989  8.04420978009  8.46790251866  8.84391422861  9.2684116446  13.6004702147  14.7724939628  15.4219484687  0.271174489807  1.51951246633  1.79136918439  29.0642938854  30.0038221539  30.5034798715  31.0291523216  31.3360970637  117.646248598  0.064395035339  223.2283842  0.188407564282  0.103338661505  1.54629501368  1.33265613775  0.19025529549  0.668187747404  1.05211973215  1.02100816486  0.676556097536  1.11060071251  1.76080988392  0.667280632807  1.65416130614  0.139494417413  0.214601774142  0.033902989518  0.0245164941178  0.700232695873  0.726917057999  0.099670477708  0.104897823487  0.16268708499  0.0553944275238  0.0522596178781  0.0309158047754  47.4933257437  47.458187149  11.9454699275  0.15833246387  0.85729981795  0.679373274738  0.438508107651  1.09916996948  0.8327203809  -9999.0  -9999.0  -9999.0  -9999.0  -9999.0  -9999.0  -9999.0  -9999.0
-9999.0  -9999.0  -9999.0  -9999.0  -9999.0  -9999.0  -9999.0  -9999.0  -9999.0  -9999.0  -9999.0  -9999.0  0.904857606569  1.78178856841  0.795157084031  1.58515068044  0.628338942007  5.2553158381  6.41854759127  7.02951920436  0.525548595746  1.01561356642  10.6352457557  12.9025755282  13.2799326831  0.784550973803  0.730645862502  1.09009642547  0.219814124185  0.189270691151  0.347530680863  0.131319927434  15.8642142447  16.0043593824  16.0559530905  117.777437309  224.047327341  223.284527987  0.148308911435  0.0905845950246  0.0828195614438  0.386690703403  0.320252982224  0.84994926244  1.23999551497  2.47679203284  0.214843404181  0.212075796426  1.94270718299  2.13726652826  4.11673015618  4.2000623677  4.44793255473  4.50816020364  0.0493153913981  0.0775264576516  0.750216483379  49.263996005  48.4020185283  48.228186237  47.97627961  0.0354084701082  47.7258450082  0.0723437626988  0.0631722537608  5.05769225643  1.36030070116  1.29631076893  0.246733514906  0.281458648969  0.194566024175  0.763761843925  -9999.0  -9999.0  -9999.0  -9999.0  -9999.0  -9999.0  -9999.0  -9999.0
-9999.0  -9999.0  -9999.0  -9999.0  -9999.0  -9999.0  -9999.0  -9999.0  -9999.0  -9999.0  -9999.0  -9999.0  -9999.0  0.806575787737  1.64754773212  2.51347829532  3.89585081948  0.730880566275  0.612257879644  4.55730075294  5.08248951226  9.69159159805  10.2508024936  1.50419924645  0.440764726239  0.35718526362  0.316895497246  14.8726819451  15.0675653801  15.2781434866  15.446399258  15.7270161074  1.89184103326  1.96344297892  18.0783919636  359.954556412  0.569690429798  0.419997910745  0.23004910293  0.0670038562774  0.0609175700172  0.53107371159  0.567793520911  0.96699114571  0.0634275989265  2.56832911675  0.352894307504  0.344080418072  0.0617761662073  0.03354676004  0.0262945412937  0.0230157592525  0.0274825231261  4.53698194185  57.2629150258  52.5801052842  52.4530354987  49.2895814022  0.0394322928684  0.0334574645158  0.0521750872513  47.768430689  0.10356708956  0.0472330531847  0.0499697867755  0.0501638060821  3.56695131492  3.46050477403  0.439242647459  0.22886029051  0.308567243293  0.308760068148  -9999.0  -9999.0  -9999.0  -9999.0  -9999.0  -9999.0  -9999.0  -9999.0
-9999.0  -9999.0  -9999.0  -9999.0  -9999.0  -9999.0  -9999.0  -9999.0  -9999.0  -9999.0  -9999.0  -9999.0  -9999.0  -9999.0  0.784004643974  1.50872286647  2.12514439495  2.72659470233  3.33952577101  3.98629766542  1.79167446861  3.01985257468  0.53771385438  0.493825588641  12.981401952  13.8604361114  14.2316073593  14.6314066742  0.245539845668  0.428018849625  1.20030716028  1.5115463265  1.73247226687  0.108757744562  0.0553894843429  360.230298515  0.1331465345  0.137780085592  0.071716903501  0.262627948099  0.119676881546  0.0523292356713  1.58460432359  1.62357650997  0.0265032031014  2.59879815719  2.98053952641  0.3838305918  58.6460974409  58.5659000119  58.5075211841  58.4095611531  58.3727016684  57.5075717609  57.4815569335  0.113184530815  3.14805077746  3.00361333781  2.84760751477  2.81089269863  1.54346144444  1.50702431901  1.42178920728  0.316226376445  0.285520173382  0.191140449073  0.0568047440426  3.32164517638  2.95470533765  0.200815577698  0.347769340987  0.144296477545  -9999.0  -9999.0  -9999.0  -9999.0  -9999.0  -9999.0  -9999.0  -9999.0
-9999.0  -9999.0  -9999.0  -9999.0  -9999.0  -9999.0  -9999.0  -9999.0  -9999.0  -9999.0  -9999.0  -9999.0  -9999.0  -9999.0  0.18487487183  0.40677172614  0.649721674918  6.05504830169  6.68266227746  0.652494524259  0.599442958926  0.608443491629  10.9787275176  12.0972290462  0.508246808017  0.511371333778  0.333229547607  1.45142222188  1.80189229451  0.781278377647  1.00557408058  9.31388318533  9.55397220774  9.9156243674  14.9871635815  375.287929949  0.137378732202  0.0447283577253  0.392515550628  0.332910146875  0.0456715888221  0.149361598276  0.197222646752  1.66845716711  1.70222102368  4.75153196268  2.99594065123  0.418674418527  59.5139738404  0.267650829596  58.4597885471  58.4367745139  0.82437880469  0.0344575952394  0.14690474218  0.102212448628  0.0679236697688  0.127290374372  0.0625843730086  1.23420421021  1.04624102892  0.0607397438361  1.08128801932  0.101532747094  0.0605191729528  0.144908589152  0.0677521447539  0.277605020895  2.30239918794  1.90178313173  0.143443370092  0.174082223276  0.0823569188751  -9999.0  -9999.0  -9999.0  -9999.0  -9999.0  -9999.0  -9999.0
-9999.0  -9999.0  -9999.0  -9999.0  -9999.0  -9999.0  -9999.0  -9999.0  -9999.0  -9999.0  -9999.0  -9999.0  -9999.0  -9999.0  0.916042135528  1.50919675471  3.08643294008  5.37879735927  7.24656973757  8.71326906442  9.30778167145  9.92733247168  10.5015881094  0.532836617961  0.420865512327  0.815885284351  0.719652121512  0.394285895232  8.24047626493  8.57354106953  8.87202150112  9.15334801609  4.62499338761  4.79937343233  4.99285533335  375.349748973  0.256491175372  0.190362480424  0.652147172543  0.0710401034234  0.100202387489  0.0547715917615  0.043770991867  0.242427806701  0.0268287562203  0.0277674352558  64.4123938562  59.6472412936  59.624441991  0.129419714651  0.245989989344  0.15630018279  0.0315916281671  0.751971721669  0.194632865417  0.165860380351  0.131882276773  0.0952479310392  0.0558929277835  0.141863177362  0.995645341737  0.835789784881  0.684122957798  0.932754899488  0.891015452537  0.862238421918  0.0406603928496  0.132511758209  0.171305723695  1.40962185209  1.05175703139  0.55394722305  0.0671212624146  -9999.0  -9999.0  -9999.0  -9999.0  -9999.0  -9999.0  -9999.0
-9999.0  -9999.0  -9999.0  -9999.0  -9999.0  -9999.0  -9999.0  -9999.0  -9999.0  -9999.0  -9999.0  -9999.0  -9999.0  -9999.0  0.637133263995  0.594119823187  1.16887471627  1.76244542173  0.808914673007  0.863862396307  1.51132452761  2.12583207534  3.21394055027  3.74782560547  4.14428376252  5.3843148824  5.72124024364  6.1348290311  0.334085596566  3.60402274649  3.88077834475  4.16247909669  0.246640278891  0.140705053515  0.224606823187  380.623862685  380.678764229  381.06817848  0.866722037857  0.154284510576  0.148046920814  0.0308143569267  0.0757643180562  0.276944722255  0.330076541169  0.0493861612097  64.5276184859  0.0375751070205  0.0642695953896  0.0748450571399  0.050286697812  0.0995162035391  0.0394259946573  0.526866629458  0.420152430108  0.313457176607  0.163373460681  0.116090751509  0.0661842909033  0.0835650828837  0.100794303415  0.1028467416  0.632362102784  0.488021634102  0.350810923901  0.213404498302  0.830383145966  0.657051215085  0.133346064394  0.185115414513  0.186526202582  0.291777783366  0.118602124448  -9999.0  -9999.0  -9999.0  -9999.0  -9999.0  -9999.0  -9999.0
-9999.0  -9999.0  -9999.0  -9999.0  -9999.0  -9999.0  -9999.0  -9999.0  -9999.0  -9999.0  -9999.0  -9999.0  -9999.0  -9999.0  -9999.0  0.563667904857  1.0992422195  0.527094790589  1.10845166078  6.72303761268  7.27345437748  7.82791752853  0.540803908642  0.541042608123  0.937825335671  1.3626047846  1.99811740455  2.35906402716  2.64247013762  2.95557837279  0.236984221715  0.214843446048  4.61463848938  4.80500946539  4.89152070249  4.98436498252  3.99301792203  385.419203161  386.789376032  386.821786476  386.987551868  387.180059458  387.243524645  0.0207902147053  0.353869156567  64.5387047082  0.0387326444208  0.0199455732983  0.0266218751261  0.0300479358855  0.0538856799729  0.0547748141498  0.0334248881114  0.0605216861606  0.0561594610221  0.108674556986  0.0506865939345  0.0361155089822  0.138214689123  0.100550229782  0.0553399121395  0.0538654903689  0.0626823177074  0.068818625449  0.0793895574915  0.1470857508  0.173605839996  0.31738333081  0.0841186521075  0.266822475824  0.0961938700932  0.0994302880822  -9999.0  -9999.0  -9999.0  -9999.0  -9999.0  -9999.0  -9999.0  -9999.0
-9999.0  -9999.0  -9999.0  -9999.0  -9999.0  -9999.0  -9999.0  -9999.0  -9999.0  -9999.0  -9999.0  -9999.0  -9999.0  -9999.0  -9999.0  -9999.0  1.62377114119  2.15306757523  3.76661710681  5.00325900444  0.647780614409  9.1769350346  9.69278815383  10.1437135926  0.412561941626  0.796811995949  0.300308523487  2.55782392346  2.76841010411  3.12175532882  3.50372938371  4.21527623976  4.43415361704  0.123573176161  3.6226731085  3.81025877517  3.90688989098  4.29105790534  0.450759407009  0.264825938025  0.141272199842  0.119091318231  387.308176211  387.300486571  387.791528036  64.5464082667  0.126821106924  0.0743986594692  0.049115245264  0.0174058505768  0.170457558538  0.0931715935977  0.0287082104875  0.172330281701  0.148909060785  0.0243631614006  0.273418022216  0.247952264055  0.179471432621  0.0366031750591  0.112200024198  0.0842574643123  0.0322273619313  0.119864097926  0.0874419415384  0.148352700267  0.14166483611  0.0706887558927  0.153401574987  1.10158493418  0.605022568377  0.391094846891  0.166358567617  -9999.0  -9999.0  -9999.0  -9999.0  -9999.0  -9999.0  -9999.0
-9999.0  -9999.0  -9999.0  -9999.0  -9999.0  -9999.0  -9999.0  -9999.0  -9999.0  -9999.0  -9999.0  -9999.0  -9999.0  -9999.0  -9999.0  -9999.0  0.546755889841  2.69712222552  3.27154848922  0.687514670619  0.607485186972  1.27436050348  1.83051938069  12.4580030751  0.405797575392  1.64122980781  1.96629194823  2.28297047128  0.255994391009  0.550791130855  0.694447456758  2.82249948642  3.19243324004  3.30463308812  0.107322538446  0.0890726139758  0.106193707975  0.195463566959  0.0865603910032  0.0858794071758  0.081014988726  0.0742911691316  0.0739551332753  0.151448203505  387.791478068  452.369454431  0.149189209048  0.0544412282958  0.0159659106293  0.560307836347  0.521521560666  0.321020039887  0.290190214751  0.218406483984  0.0588405776078  0.0381442488614  0.298815987854  0.129080206416  0.101253561212  0.0310143442916  0.139359716348  0.300618467546  0.263323612862  0.171787192852  0.0890759074311  0.382641427651  0.278250503046  0.123338462331  1.33393571663  1.29123083447  0.107280708173  0.09595167155  0.0828397516101  0.0742179592645  -9999.0  -9999.0  -9999.0  -9999.0  -9999.0  -9999.0
-9999.0  -9999.0  -9999.0  -9999.0  -9999.0  -9999.0  -9999.0  -9999.0  -9999.0  -9999.0  -9999.0  -9999.0  -9999.0  -9999.0  -9999.0  0.470814205297  1.48276816155  0.475380899195  0.70897325573  0.715073271579  1.3358674758  1.95319285143  2.44672252755  15.3221371945  15.6999259011  0.397323962698  0.727703439328  1.06731641235  1.30678547746  1.57815021473  2.50332403299  2.70947018185  0.233995839809  0.125183320158  0.0728557278806  0.0341370199148  0.0744943220903  0.094000169835  0.118103528509  0.152829756356  0.251985983885  0.104394054978  0.0281565865354  0.0270360417395  0.0252761897514  0.0462007125431  454.400512226  1.88386911825  0.660453815173  0.0594393805715  0.0272878112943  0.0204149945509  0.0724478984061  0.0496403648819  0.0254667538988  0.0251484836867  0.354930869081  0.522431683539  0.573602826591  0.0227575914523  0.506240394787  0.34448156788  0.0473607458801  0.0372842237347  0.0730696095257  0.764454598919  0.334122815517  0.163503503281  1.37750401982  0.0484078040415  0.0559571951975  0.326889973247  0.163765298697  0.286073489638  0.130734236402  -9999.0  -9999.0  -9999.0  -9999.0  -9999.0
-9999.0  -9999.0  -9999.0  -9999.0  -9999.0  -9999.0  -9999.0  -9999.0  -9999.0  -9999.0  -9999.0  -9999.0  -9999.0  -9999.0  0.517816902288  0.958000153026  3.34379272911  0.42570842573  1.27744723866  1.94873797684  2.52380189799  0.626721147012  1.10836864166  1.5847628781  17.6427678134  0.357820384845  0.649354247275  0.960582284476  0.293364993985  0.579006767514  0.78286498925  0.960573350893  28.1973875815  28.4226002098  28.6183595968  29.4335373554  29.5958084596  30.0614086598  0.163984000456  0.389264651036  0.3124296346  31.4436108589  31.4908657557  0.0242915743229  0.0410462106018  0.0570781938191  454.382482697  1.78261604894  1.04992244589  1.01604060825  0.669249213674  0.518528086609  0.0957753507254  0.0233832174664  0.044317543171  0.0223053283191  0.0269730134595  0.0660467547796  0.618636094547  1.18865907245  0.542917366883  0.129074699923  0.0889931705166  0.0422082655633  0.967950245345  0.852163257104  0.0371812505825  1.63083426435  1.42673080367  0.0923598943804  0.589849485137  0.384726645977  0.422904533595  0.366455050677  0.074746522077  -9999.0  -9999.0  -9999.0  -9999.0  -9999.0
-9999.0  -9999.0  -9999.0  -9999.0  -9999.0  -9999.0  -9999.0  -9999.0  -9999.0  -9999.0  -9999.0  -9999.0  -9999.0  -9999.0  0.524384672241  1.57793100357  5.42325779372  7.95839203548  0.346157543764  10.166941379  13.1160314523  0.555260997191  1.02486198309  1.50568189553  21.8120442704  22.131100647  0.221230397983  1.4127217425  1.62986207194  1.86809152832  26.3726295349  26.8781605938  27.1108076743  0.105579916414  0.60141946181  0.716636245672  0.231318577327  0.309765332769  30.5123620866  31.01582241  31.066509589  31.1114301957  31.5339463147  0.02196375956  0.0198571058477  0.0928546168472  454.36825449  0.0403044507006  0.106177681689  0.31909326519  0.125353568503  0.473476995649  0.329782976633  0.197291367411  0.141428117133  0.0603814970323  0.0262592738127  0.0966422613711  0.0299945918955  1.21455967805  0.190462785137  0.15982470146  0.0278506323435  0.0708747164402  1.00352862206  0.0310762916938  0.0278567987721  1.65374403538  0.0346519344801  0.675917080015  0.63918357417  0.570331823225  0.527446896821  0.0499528383858  0.192425941218  0.0613023335626  -9999.0  -9999.0  -9999.0  -9999.0
-9999.0  -9999.0  -9999.0  -9999.0  -9999.0  -9999.0  -9999.0  -9999.0  -9999.0  -9999.0  -9999.0  -9999.0  -9999.0  -9999.0  -9999.0  -9999.0  1.0586479702  2.1108113382  9.30333180418  9.79275428189  13.5188435862  13.950864903  0.529954931732  1.06142930319  2.34111715857  22.4103121345  22.9246978645  23.0867491196  0.120389698765  23.7432735002  24.2910627664  0.316656623194  0.108348475131  0.207300049029  0.396009210165  0.0949557171295  0.173554985264  0.351086455749  0.415923765023  0.0772218548663  0.0456822266241  0.0839026866033  31.9184369465  32.032754063  32.0469379976  32.1945957028  454.350588224  0.0258063507494  0.0712045470822  0.0863221959757  0.0837677731433  0.0863639781891  0.0745718357889  0.138754355852  0.0201552262605  0.0492687071755  0.0283358167351  0.0288656968779  0.159302686131  1.47877983374  1.70997482808  1.75246735654  1.88482342935  0.031011267577  1.03463362083  0.113248725486  0.0504307566375  1.68363780042  1.75143157338  0.7083754972  0.751859274398  0.607277257437  0.353112872508  0.306581766179  0.255962916843  -9999.0  -9999.0  -9999.0  -9999.0  -9999.0
-9999.0  -9999.0  -9999.0  -9999.0  -9999.0  -9999.0  -9999.0  -9999.0  -9999.0  -9999.0  -9999.0  -9999.0  -9999.0  -9999.0  -9999.0  -9999.0  0.54857099035  0.52942924665  0.496985511985  0.943250842851  0.38005413542  14.7167836211  15.0873933791  0.454402722546  0.889568045795  0.361134513715  0.245905496956  0.229887190968  23.4820411403  0.184104987215  0.390842684338  0.167544150967  0.119970071417  0.0944522954394  0.0649470207517  0.0693186731757  0.220378546612  0.309130669448  0.0538758974815  0.0433287051305  0.09923210403  0.175433890724  0.2516703903  0.0818483584066  32.0845341406  32.2098080869  454.326960352  0.2074842718  0.157437293686  0.050688392972  0.124613755374  0.0419317978102  0.0330752598211  0.175153971928  0.102211943935  0.0650843898566  0.0145413609776  0.0144105879593  0.0373440529627  0.0192470998233  0.0253195463802  0.0360463671374  0.0395366442278  3.21134745391  1.17792967163  0.0286020402023  0.0459951319335  0.0215515171139  3.79582416841  2.0195742002  1.99097502673  0.647882419503  0.421233159394  0.0397815943867  -9999.0  -9999.0  -9999.0  -9999.0  -9999.0  -9999.0
-9999.0  -9999.0  -9999.0  -9999.0  -9999.0  -9999.0  -9999.0  -9999.0  -9999.0  -9999.0  -9999.0  -9999.0  -9999.0  -9999.0  -9999.0  -9999.0  -9999.0  -9999.0  0.515732804652  1.38903200923  1.74092664595  2.11242601432  15.4536394314  15.8452693471  16.1980946544  16.5557089295  16.7729577869  17.2428057401  17.402588473  17.5735604114  17.6885884966  0.0942190222928  0.0866828053444  0.0931377147598  0.303724941307  0.083077607645  0.0793388901935  0.0546372494405  0.160020925131  0.0648436403693  0.0472639320925  0.0426354320842  0.0360871018974  0.071961754735  0.105181229316  32.4220537515  486.931568525  0.0224993644579  0.0424798440046  0.0393714527653  0.169903873942  0.0916772867713  0.0664583355937  0.359049069293  0.16961449215  0.0480611308228  0.029617185171  0.0667554017752  0.0157518418356  0.0551761195043  0.0392536620699  0.0968425343241  0.0348339171109  0.0462448627999  3.24684464047  3.35049503961  4.82587735353  4.80170378951  4.76804984329  0.0385720178315  0.55261788089  0.509835724769  0.0546268770323  -9999.0  -9999.0  -9999.0  -9999.0  -9999.0  -9999.0  -9999.0
-9999.0  -9999.0  -9999.0  -9999.0  -9999.0  -9999.0  -9999.0  -9999.0  -9999.0  -9999.0  -9999.0  -9999.0  -9999.0  -9999.0  -9999.0  -9999.0  -9999.0  -9999.0  -9999.0  0.392741746743  3.30404686688  6.28065393222  6.635544226  0.568001808462  1.02457505851  1.46061375185  1.75595621706  4.00454610934  4.11224160607  0.102260363496  0.101379763403  17.8983173835  18.0569300996  18.133229033  0.352425270295  0.0352973286531  0.102658010659  0.152128487399  0.484042504609  0.606295388435  0.696859769635  0.0804902571976  0.111644832601  0.0393856201631  0.0801639547027  0.0426785075003  486.958715124  0.0169268930079  0.0775857951481  0.0575949210576  0.241438215722  0.423621241071  0.503556217271  0.876790042164  0.185039935137  0.167302069035  0.116457035519  0.105077794516  0.0261320648901  0.0654701616004  0.117308900686  0.108257539024  0.0126181541677  8.40879815095  8.36643152061  8.34266922489  4.92089587959  0.0586597471949  0.87614247126  0.623567243547  0.409667055116  0.255094965024  0.0431710479721  -9999.0  -9999.0  -9999.0  -9999.0  -9999.0  -9999.0  -9999.0
-9999.0  -9999.0  -9999.0  -9999.0  -9999.0  -9999.0  -9999.0  -9999.0  -9999.0  -9999.0  -9999.0  -9999.0  -9999.0  -9999.0  -9999.0  -9999.0  -9999.0  -9999.0  0.464132033241  1.5140706459  2.92590542541  3.78375665473  9.25458940782  9.71580788018  0.94493811372  1.39108554228  1.74519500983  2.03513240337  4.24983228384  4.46852331952  7.98769313594  8.2483173196  8.35927125008  18.1979730947  18.6819055329  0.0902568991354  0.0716107532067  0.0646232590946  0.122137322929  0.0566119926171  0.814769340144  0.857897755198  0.144699866466  0.190878731508  0.0418582845209  101.80754305  101.885213889  588.828542924  588.882001631  0.0209589489944  0.285771322672  0.0306664174972  0.0259160411718  0.925658779318  1.12878783887  0.15144031287  0.13200121545  0.0260827770417  0.0140222068748  0.0789096339921  8.60328129734  8.4771652202  8.4657340952  8.43522640345  0.0308117437575  0.034563677507  0.0423238606016  0.0621207986403  0.200919275342  0.134376161266  0.120378234425  0.18013905811  0.0547231716471  -9999.0  -9999.0  -9999.0  -9999.0  -9999.0  -9999.0  -9999.0
-9999.0  -9999.0  -9999.0  -9999.0  -9999.0  -9999.0  -9999.0  -9999.0  -9999.0  -9999.0  -9999.0  -9999.0  -9999.0  -9999.0  -9999.0  -9999.0  -9999.0  -9999.0  -9999.0  0.553456114543  0.528231758637  0.96729407843  2.24383167232  10.1212223738  0.495692107112  0.486576084488  0.817659743852  1.18822326036  2.8926329049  3.12558710577  0.192120520369  0.174794425375  8.48299470127  8.54122244608  27.2915828761  27.351762545  0.028333430105  0.0242397494907  0.0208407054121  0.021060883752  0.0290050516748  100.938990327  101.235365058  101.473286772  101.576090548  101.774628723  0.0527414922883  0.189410021808  0.213268533498  589.112794888  589.07740753  589.045825817  589.025049467  589.031398012  1.16016306117  0.0111252111309  0.0509506667285  0.0407638908685  0.0105007969466  0.0893315776761  8.64658335504  0.0314946589222  0.0175571254743  0.150167622339  0.133933673337  0.111530343423  0.0891566679503  0.0554021147551  0.0783988610961  0.0730656513556  0.0619694471125  0.0666661542379  -9999.0  -9999.0  -9999.0  -9999.0  -9999.0  -9999.0  -9999.0  -9999.0
-9999.0  -9999.0  -9999.0  -9999.0  -9999.0  -9999.0  -9999.0  -9999.0  -9999.0  -9999.0  -9999.0  -9999.0  -9999.0  -9999.0  -9999.0  -9999.0  -9999.0  -9999.0  -9999.0  -9999.0  0.460127013782  0.49419003242  0.887495266961  11.8258504313  12.2003140346  0.46782377705  0.799994885689  1.18687929382  1.51632567535  0.284101062504  0.483036177623  25.3542207729  25.4288190396  25.5544160418  26.3455566335  53.7773908008  99.2564249063  99.3370964302  99.4088599571  99.4787452079  99.9017985896  100.04325151  0.266015473043  0.110973962177  0.0723288467086  0.13328584709  0.0946832730334  0.15228859406  0.0465645155741  1.11016460125  1.20715039518  1.28475176262  1.29541906576  588.991623826  590.12313689  590.160493068  0.0635352657839  0.00903104613333  0.11896311914  0.100922305618  8.67173300827  0.0137299831563  0.311296604585  0.141581419132  0.121782881791  0.0895093643311  0.0471479278822  0.0901155754876  0.0467134381549  -9999.0  -9999.0  -9999.0  -9999.0  -9999.0  -9999.0  -9999.0  -9999.0  -9999.0  -9999.0  -9999.0
-9999.0  -9999.0  -9999.0  -9999.0  -9999.0  -9999.0  -9999.0  -9999.0  -9999.0  -9999.0  -9999.0  -9999.0  -9999.0  -9999.0  -9999.0  -9999.0  -9999.0  -9999.0  -9999.0  -9999.0  -9999.0  0.468858793752  0.883141209793  1.30245627176  12.5329213797  0.346669936068  16.7125597788  17.1129101438  17.3915918079  17.6153299043  24.4452606214  24.6848078448  0.0812767244129  0.567166185187  0.692621286118  0.0888485231327  45.407903106  45.2435196075  0.0499534196782  0.121840508056  0.352790822966  0.0835599744959  0.0920734479725  0.0567187276487  0.0479157810714  0.0348429084469  0.0443388074054  0.970141260616  1.01864462229  1.07993134055  0.0752671416966  0.0603430819026  1.32204450769  1.33817188426  1.34621942785  590.123240755  590.086429308  0.143615401844  0.127154082515  9.01409445971  9.00716351407  0.324584559011  0.0304941738801  0.0160173266845  0.267098477252  0.235622521774  0.190916300596  0.132704817005  0.0679674706467  0.0307615451272  -9999.0  -9999.0  -9999.0  -9999.0  -9999.0  -9999.0  -9999.0  -9999.0  -9999.0  -9999.0
-9999.0  -9999.0  -9999.0  -9999.0  -9999.0  -9999.0  -9999.0  -9999.0  -9999.0  -9999.0  -9999.0  -9999.0  -9999.0  -9999.0  -9999.0  -9999.0  -9999.0  -9999.0  -9999.0  -9999.0  -9999.0  0.41006297337  0.373315397247  1.96714941873  15.272995408  16.0146247286  16.3877484577  0.333855669131  6.04782626233  6.34700720904  6.49320422744  0.209125075802  0.315796697965  0.389095390011  9.98498977995  10.0520202318  10.1104673811  45.1415826433  28.8542279369  0.0686898376655  0.0793590211482  0.0745603014628  0.055560200796  0.60184418634  0.714679218693  0.81057611336  0.867283859913  0.921292304198  8.94190444804  8.97545796777  9.03599827215  9.17231423244  9.60154054136  9.612354007  10.9689897726  0.00856940459482  590.048225611  590.012809965  0.153628172648  9.01977938408  0.0196502134379  0.0104035004358  0.0439608852638  0.395715970495  0.382156150474  0.0803560018841  0.0399657556339  0.147394864746  0.109164397428  0.0303824420183  0.025281715333  0.0247441060679  -9999.0  -9999.0  -9999.0  -9999.0  -9999.0  -9999.0  -9999.0  -9999.0
-9999.0  -9999.0  -9999.0  -9999.0  -9999.0  -9999.0  -9999.0  -9999.0  -9999.0  -9999.0  -9999.0  -9999.0  -9999.0  -9999.0  -9999.0  -9999.0  -9999.0  -9999.0  -9999.0  -9999.0  -9999.0  -9999.0  0.792760931759  1.22021773346  0.401526973389  0.482686081609  4.94257671748  5.28382861781  5.48769620841  1.97085835583  2.17991280219  2.38913572518  2.49754739814  9.82653735276  9.94022010506  5.97488394344  16.1650975132  16.2358768209  28.8060380849  0.1541019403  0.0816369084143  0.0500386030514  0.419000104292  0.494959521713  0.0394663805041  0.0354691589248  8.76556874586  8.86177178728  8.90814318993  0.0542472903591  0.0944149112562  9.57042787084  0.0182554646033  0.0883680537382  0.0972731728012  11.0821901349  11.0901714666  11.2031542062  601.330916182  9.04641198567  0.490954450776  0.48192163489  0.467714136541  0.408660677769  0.0169914355891  0.214920223569  0.187499762816  0.0590362980597  0.0262881328818  0.0522481460689  0.118772905029  0.0681629235784  -9999.0  -9999.0  -9999.0  -9999.0  -9999.0  -9999.0  -9999.0  -9999.0
-9999.0  -9999.0  -9999.0  -9999.0  -9999.0  -9999.0  -9999.0  -9999.0  -9999.0  -9999.0  -9999.0  -9999.0  -9999.0  -9999.0  -9999.0  -9999.0  -9999.0  -9999.0  -9999.0  -9999.0  -9999.0  -9999.0  0.396387503117  0.780005932778  3.24497271705  3.67774190675  4.08424948284  1.527404245  1.76649013594  0.224900518537  6.87872572773  7.06781736185  7.23471489541  0.118104001584  5.77145083993  5.89354924399  0.0796925460405  28.4050009525  0.180754673304  0.0906552038944  0.230706054555  0.312711588256  0.0580917843498  0.0442031102137  8.24009898792  8.68187675447  8.73950359652  0.0622920557727  0.130855524863  0.162613546189  0.181352698744  0.350553574147  0.0332004802193  0.0731633245791  0.0141773650983  0.0277710227878  11.1851943671  11.1948673863  601.295442276  610.822578803  0.518500133025  0.018799098144  0.011523742806  0.0271828643188  0.013091216507  0.234541345211  0.120185233141  0.0919296776498  0.35373417626  0.32192462638  0.227274827853  0.0538596808117  0.0258599595233  -9999.0  -9999.0  -9999.0  -9999.0  -9999.0  -9999.0  -9999.0
-9999.0  -9999.0  -9999.0  -9999.0  -9999.0  -9999.0  -9999.0  -9999.0  -9999.0  -9999.0  -9999.0  -9999.0  -9999.0  -9999.0  -9999.0  -9999.0  -9999.0  -9999.0  -9999.0  -9999.0  -9999.0  -9999.0  0.386188436268  1.21297883726  2.10168746926  0.476556612384  0.894141156151  1.25427428488  5.99686369738  6.26796444216  6.47163066119  0.174475999045  4.88744868516  5.43496096847  5.56919690718  0.0870070647252  28.0475457907  28.2570455939  0.0976611752229  0.0845081686415  0.173435174456  0.0665142867253  7.91969581026  8.03836244088  8.1172444032  0.294083989169  0.359122166428  0.054584711957  0.0965782644339  0.0424455991058  0.277895843337  0.0451074897534  0.0201873273897  0.0198282804723  0.0206805568335  0.0421218406253  0.0568148414018  47.5125598231  47.5533617892  658.370393822  658.322663623  658.276518884  0.01559797911  0.464843619967  0.429174261431  0.170841474863  0.159268291835  0.020973867756  0.419306048706  0.0322138066842  0.0274142878033  0.0219166080817  0.0999010188319  0.0449741742478  -9999.0  -9999.0  -9999.0  -9999.0  -9999.0  -9999.0
-9999.0  -9999.0  -9999.0  -9999.0  -9999.0  -9999.0  -9999.0  -9999.0  -9999.0  -9999.0  -9999.0  -9999.0  -9999.0  -9999.0  -9999.0  -9999.0  -9999.0  -9999.0  -9999.0  -9999.0  -9999.0  -9999.0  -9999.0  0.413176121519  0.465665216863  0.526290088093  4.42178247177  4.75492052923  5.72890653534  0.260350435244  4.06764883868  4.5640799664  0.196145402629  0.408125622755  0.124616680898  27.744035585  0.139810833253  0.306241329755  0.370701585017  0.424073395735  7.49822111283  7.72410454576  7.80672786313  0.0865726022613  0.159962806269  0.223847024794  0.034492841412  0.0297114902544  25.409130738  25.4387555885  25.4622176256  25.7577914853  25.7898162357  25.8188669214  25.8338754228  42.1283041497  42.1493308878  47.5053193177  0.0325514282333  0.0353264848288  0.0580775915159  658.289221812  658.287950973  658.71917742  658.6732115  0.0203333557845  0.0111282201351  0.467565009195  0.453620860939  0.0207716694429  0.0531961774055  0.439873289109  0.28677871904  0.252018351347  0.0669645990743  -9999.0  -9999.0  -9999.0  -9999.0  -9999.0
-9999.0  -9999.0  -9999.0  -9999.0  -9999.0  -9999.0  -9999.0  -9999.0  -9999.0  -9999.0  -9999.0  -9999.0  -9999.0  -9999.0  -9999.0  -9999.0  -9999.0  -9999.0  -9999.0  -9999.0  -9999.0  -9999.0  -9999.0  0.312779735926  0.835532958935  1.88533838957  4.038318004  0.420480463444  0.717212032214  3.35285637791  3.60073727838  0.265672063474  6.3725431577  6.56993686975  27.3324582514  27.4772815131  0.111589768783  0.200974322453  0.928393385718  6.76550093187  7.0293501831  0.163729445294  0.0745471439953  0.0576983637672  22.9128876836  23.0413303653  23.1408017422  23.2375772824  25.3827015198  0.10884360233  25.7284474442  0.0605973138089  0.037354885052  0.0558100211881  16.2413597682  16.2839710677  5.21205966844  5.32718644903  0.0768543161518  0.0373756769635  0.0436414571188  0.0194122381176  0.0291191120682  0.0124534021961  693.194639401  693.166132278  0.578180230431  0.491159760284  0.0153991427791  0.651240362943  0.610132952423  0.522886550371  0.0479056697706  0.0620159932461  0.0729570608738  -9999.0  -9999.0  -9999.0  -9999.0  -9999.0
-9999.0  -9999.0  -9999.0  -9999.0  -9999.0  -9999.0  -9999.0  -9999.0  -9999.0  -9999.0  -9999.0  -9999.0  -9999.0  -9999.0  -9999.0  -9999.0  -9999.0  -9999.0  -9999.0  -9999.0  -9999.0  -9999.0  -9999.0  -9999.0  0.629146148671  1.22018208962  1.6959378971  2.72201412323  3.02399823225  5.06703701072  5.64209720419  5.88601395294  6.15154272534  20.415810658  20.6110887688  0.106615609141  0.729029297891  0.853905774374  5.5907210308  5.70759794598  0.155970180052  0.0512654626971  22.535103005  22.7248481261  22.8047090337  0.0724536150593  1.96133188524  2.02396333058  2.09515530242  0.0583667698611  0.0414306511244  0.0227678314944  0.0170012152071  16.1298858412  16.1601825137  0.0300164449213  5.18386930504  5.01264809941  4.9861232654  0.0288785967591  0.0207521347135  0.0262210157229  0.0399025475469  34.5229199948  34.5663258985  693.694373802  0.0480396806617  0.0141958774985  0.684043635224  0.0208258473039  0.114084904965  0.0812545569129  0.0438839268194  -9999.0  -9999.0  -9999.0  -9999.0  -9999.0  -9999.0  -9999.0
-9999.0  -9999.0  -9999.0  -9999.0  -9999.0  -9999.0  -9999.0  -9999.0  -9999.0  -9999.0  -9999.0  -9999.0  -9999.0  -9999.0  -9999.0  -9999.0  -9999.0  -9999.0  -9999.0  -9999.0  -9999.0  -9999.0  -9999.0  -9999.0  0.544605144383  1.77196302765  2.28696278005  3.40391971758  4.32325209197  4.76103773023  0.314816321242  5.04989203079  19.9338558611  20.2125832728  0.227684827544  0.38182397283  0.641939395801  5.36542107337  5.5000711614  14.9994345318  15.1875844616  22.3965078392  22.5046565054  0.136011237394  1.64713166386  1.82415792081  1.91220265875  0.0649882680581  14.7400529184  14.7975983528  14.9881656044  15.7916271568  16.0215008999  16.0705533035  0.0320171995449  0.0747665598205  0.109474462859  4.41969173571  4.93582687281  0.315908989567  0.283951776404  0.0288230809343  0.0236737922309  34.4715447564  0.0339046317302  0.0215962213489  693.664563301  0.00737726442083  0.00779887550851  0.839512073144  0.140873407458  0.0268377048274  0.025344368257  -9999.0  -9999.0  -9999.0  -9999.0  -9999.0  -9999.0  -9999.0
-9999.0  -9999.0  -9999.0  -9999.0  -9999.0  -9999.0  -9999.0  -9999.0  -9999.0  -9999.0  -9999.0  -9999.0  -9999.0  -9999.0  -9999.0  -9999.0  -9999.0  -9999.0  -9999.0  -9999.0  -9999.0  -9999.0  -9999.0  -9999.0  0.65597086121  0.618556915022  2.34460869594  2.87973509507  0.488996130859  4.29601737772  4.6992929851  0.333433799825  14.2688904485  0.324251106707  2.39823471507  5.12051301866  5.26546485076  14.2375028559  14.3445414889  14.9085724045  0.140322896985  7.1520718674  0.0911797748759  0.166156371454  1.58586566748  0.107204078293  3.30610615993  14.6261940113  0.0776537863351  0.149901313172  0.672671056669  0.0660890808249  0.110425099928  0.0547522567859  0.0423477576237  3.94726262992  4.25976623818  4.38766346771  0.162640992768  0.106536494156  0.179785819338  0.0436054884696  34.3772568746  34.4118472168  0.0221071119936  0.0128512796994  0.00562547614584  693.648757851  694.576528376  0.969967128999  0.120613585941  0.105099232811  0.0567814498182  -9999.0  -9999.0  -9999.0  -9999.0  -9999.0  -9999.0  -9999.0
-9999.0  -9999.0  -9999.0  -9999.0  -9999.0  -9999.0  -9999.0  -9999.0  -9999.0  -9999.0  -9999.0  -9999.0  -9999.0  -9999.0  -9999.0  -9999.0  -9999.0  -9999.0  -9999.0  -9999.0  -9999.0  -9999.0  -9999.0  -9999.0  -9999.0  0.594931025856  0.655700335406  0.606409036261  3.32070473099  3.85424247056  6.48921636618  13.9854185051  0.470618810697  1.45886075567  1.85192125117  2.55819970618  0.542950641737  14.0917401611  0.210769798679  0.441008143164  6.83999828501  0.191201445274  0.931545294112  1.1395330464  0.179777687665  0.105250740298  3.25369352016  11.2509085697  0.113433174284  0.383244962419  0.613776627983  0.0814227505026  0.0622326220701  3.53138501742  3.72753697202  0.141462853538  0.272263469812  0.0747190927426  0.117361943812  0.0629780610815  0.0349346969018  0.0379393208881  34.350906615  0.121236082142  -9999.0  -9999.0  0.0127660129841  0.0229389931151  694.525092863  694.473699654  694.43080924  0.00587752386172  -9999.0  -9999.0  -9999.0  -9999.0  -9999.0  -9999.0  -9999.0  -9999.0
-9999.0  -9999.0  -9999.0  -9999.0  -9999.0  -9999.0  -9999.0  -9999.0  -9999.0  -9999.0  -9999.0  -9999.0  -9999.0  -9999.0  -9999.0  -9999.0  -9999.0  -9999.0  -9999.0  -9999.0  -9999.0  -9999.0  -9999.0  -9999.0  -9999.0  -9999.0  0.52215748669  1.7536746619  2.21636895396  6.10246332474  2.08429180076  7.06105885063  4.57515382695  0.487294687304  1.43666475562  2.2536039683  0.33787134708  13.3675814997  4.96642313662  6.06876508542  0.613830813597  0.607988955474  0.197604950272  0.139742157601  2.94372756093  3.05146585185  10.9348534166  11.0347673338  0.189185800448  0.294192852343  0.0768291715312  2.86339409177  3.17732288117  3.49126818669  0.150338738902  0.0698838409237  0.1980774621  0.0704297977354  0.0506359811284  0.0332044180535  33.9747526753  34.0821507268  34.1632577236  0.0846567867717  -9999.0  -9999.0  -9999.0  -9999.0  -9999.0  0.0048956455021  694.377057606  694.32291853  -9999.0  -9999.0  -9999.0  -9999.0  -9999.0  -9999.0  -9999.0  -9999.0
-9999.0  -9999.0  -9999.0  -9999.0  -9999.0  -9999.0  -9999.0  -9999.0  -9999.0  -9999.0  -9999.0  -9999.0  -9999.0  -9999.0  -9999.0  -9999.0  -9999.0  -9999.0  -9999.0  -9999.0  -9999.0  -9999.0  -9999.0  -9999.0  -9999.0  -9999.0  0.740280697815  0.625183760309  5.65715918848  0.51124182242  1.68035564263  2.96488871004  4.11379971534  0.551845288496  0.493554087774  0.425163152769  12.5700327494  13.0085919626  4.65406524738  0.846357924147  0.419294753361  0.408280674327  2.60224311589  2.84459357052  10.1165360367  10.4568591641  10.7137471505  0.130949808307  0.0982922520981  2.67514053695  2.7341402192  2.80608434075  0.265608133761  0.162124167449  0.0829108089878  0.0785927806768  0.05386691902  0.3631981651  0.396653449454  33.9218236343  33.9585476471  0.075484515632  0.044443578591  0.0430240427294  -9999.0  -9999.0  -9999.0  -9999.0  -9999.0  -9999.0  -9999.0  -9999.0  -9999.0  -9999.0  -9999.0  -9999.0  -9999.0  -9999.0  -9999.0  -9999.0
-9999.0  -9999.0  -9999.0  -9999.0  -9999.0  -9999.0  -9999.0  -9999.0  -9999.0  -9999.0  -9999.0  -9999.0  -9999.0  -9999.0  -9999.0  -9999.0  -9999.0  -9999.0  -9999.0  -9999.0  -9999.0  -9999.0  -9999.0  -9999.0  -9999.0  -9999.0  -9999.0  1.37730824454  4.5295609811  2.54345986896  0.61005385146  2.44606627638  0.577785519517  1.79295588199  2.17793640837  11.2870981074  12.2166039717  3.86728224996  4.27368192873  0.431261447525  1.89506302763  2.26107457285  6.54731653467  9.70182119322  9.97902215261  0.231065870156  0.130830206519  2.1657702652  2.39219782451  2.61452421173  0.0718478522003  0.128702663251  0.193145178184  0.0703912336029  0.134678273932  0.216026259517  0.258219566153  0.328700916961  0.0423083058275  33.4518871131  0.0912218116747  0.0364049622058  -9999.0  -9999.0  -9999.0  -9999.0  -9999.0  -9999.0  -9999.0  -9999.0  -9999.0  -9999.0  -9999.0  -9999.0  -9999.0  -9999.0  -9999.0  -9999.0  -9999.0  -9999.0
-9999.0  -9999.0  -9999.0  -9999.0  -9999.0  -9999.0  -9999.0  -9999.0  -9999.0  -9999.0  -9999.0  -9999.0  -9999.0  -9999.0  -9999.0  -9999.0  -9999.0  -9999.0  -9999.0  -9999.0  -9999.0  -9999.0  -9999.0  -9999.0  -9999.0  -9999.0  -9999.0  0.748714493501  0.645910300084  1.27221574775  0.657855865265  1.22001441772  1.29093792107  7.2453574001  7.67318939775  1.05728774348  0.506120581985  3.47479586776  1.00597796801  1.51286484964  5.49533524148  5.87211205827  6.2558904  2.8734779201  1.01357361294  1.43735814315  1.73476536031  2.10226821836  0.171223756124  0.127578726923  22.5521909617  22.6251633712  22.6780463723  0.0462030672566  0.0818111628995  0.0430703673273  0.030560022821  32.3405726169  32.5678011438  0.713174228404  0.63189629785  0.0613722362121  -9999.0  -9999.0  -9999.0  -9999.0  -9999.0  -9999.0  -9999.0  -9999.0  -9999.0  -9999.0  -9999.0  -9999.0  -9999.0  -9999.0  -9999.0  -9999.0  -9999.0  -9999.0
-9999.0  -9999.0  -9999.0  -9999.0  -9999.0  -9999.0  -9999.0  -9999.0  -9999.0  -9999.0  -9999.0  -9999.0  -9999.0  -9999.0  -9999.0  -9999.0  -9999.0  -9999.0  -9999.0  -9999.0  -9999.0  -9999.0  -9999.0  -9999.0  -9999.0  -9999.0  -9999.0  -9999.0  -9999.0  0.572094780592  0.523504966688  0.713217963799  2.79201331284  6.73305580485  3.34901845767  0.568894050937  2.42474943501  2.98147371792  0.48378255283  4.69740642992  5.11145851381  1.34434931544  2.10123473129  0.400818322709  0.657891818575  0.259461875102  0.156462249029  0.15578941341  22.2888869739  22.4069365142  22.487397195  0.466814094635  23.2478056043  23.3056282765  23.3534187694  23.3997570458  23.4827183318  32.3175024895  32.3945937883  0.137774402985  0.569434988781  0.159103025262  -9999.0  -9999.0  -9999.0  -9999.0  -9999.0  -9999.0  -9999.0  -9999.0  -9999.0  -9999.0  -9999.0  -9999.0  -9999.0  -9999.0  -9999.0  -9999.0  -9999.0  -9999.0
-9999.0  -9999.0  -9999.0  -9999.0  -9999.0  -9999.0  -9999.0  -9999.0  -9999.0  -9999.0  -9999.0  -9999.0  -9999.0  -9999.0  -9999.0  -9999.0  -9999.0  -9999.0  -9999.0  -9999.0  -9999.0  -9999.0  -9999.0  -9999.0  -9999.0  -9999.0  -9999.0  -9999.0  -9999.0  -9999.0  -9999.0  0.761167888248  1.46065504881  1.42473062278  1.40250691122  1.31720331276  1.9487153629  3.18497091098  3.67433024496  4.2670930335  0.456964659276  0.934694643597  0.386827905193  0.312039979715  15.0178346396  17.8283798832  18.3589561642  18.5765675171  22.1939568028  0.146299447666  0.255333498681  0.404801981572  2.89913248561  2.97037548472  3.03244648533  6.68456590961  8.14355540379  8.78156326359  0.074257678798  0.0760327802818  0.348973616822  0.0927713277713  -9999.0  -9999.0  -9999.0  -9999.0  -9999.0  -9999.0  -9999.0  -9999.0  -9999.0  -9999.0  -9999.0  -9999.0  -9999.0  -9999.0  -9999.0  -9999.0  -9999.0  -9999.0
-9999.0  -9999.0  -9999.0  -9999.0  -9999.0  -9999.0  -9999.0  -9999.0  -9999.0  -9999.0  -9999.0  -9999.0  -9999.0  -9999.0  -9999.0  -9999.0  -9999.0  -9999.0  -9999.0  -9999.0  -9999.0  -9999.0  -9999.0  -9999.0  -9999.0  -9999.0  -9999.0  -9999.0  -9999.0  -9999.0  -9999.0  -9999.0  0.731360372725  0.736122166122  0.70887436636  0.671337910145  1.33962189046  2.62457257824  2.62137474622  3.14889533882  3.54986611798  8.19846133392  8.57958452157  14.540814826  14.8360854382  2.61754151747  0.271717894778  3.22850010179  3.43216370713  1.20501499783  2.30763404452  2.67339724848  2.81905161718  0.120664779935  3.60460359645  6.96570289418  8.10342967531  0.0978078111952  0.506567341677  0.0790749817709  0.279376221411  -9999.0  -9999.0  -9999.0  -9999.0  -9999.0  -9999.0  -9999.0  -9999.0  -9999.0  -9999.0  -9999.0  -9999.0  -9999.0  -9999.0  -9999.0  -9999.0  -9999.0  -9999.0  -9999.0
-9999.0  -9999.0  -9999.0  -9999.0  -9999.0  -9999.0  -9999.0  -9999.0  -9999.0  -9999.0  -9999.0  -9999.0  -9999.0  -9999.0  -9999.0  -9999.0  -9999.0  -9999.0  -9999.0  -9999.0  -9999.0  -9999.0  -9999.0  -9999.0  -9999.0  -9999.0  -9999.0  -9999.0  -9999.0  -9999.0  -9999.0  -9999.0  -9999.0  -9999.0  -9999.0  0.735393332156  0.665220171696  0.699119113555  2.03884225668  1.90903972445  3.65202081898  4.26354209088  0.492909947436  5.56006541097  1.93874971995  2.32401328764  2.10564132229  3.02091861871  0.757057864825  0.249730503968  0.973474155009  0.227358450736  1.96644399209  2.34222485629  3.38198343575  0.156150176709  0.680038917803  0.254162105051  0.336921341624  0.104107900946  0.194278617396  -9999.0  -9999.0  -9999.0  -9999.0  -9999.0  -9999.0  -9999.0  -9999.0  -9999.0  -9999.0  -9999.0  -9999.0  -9999.0  -9999.0  -9999.0  -9999.0  -9999.0  -9999.0  -9999.0
-9999.0  -9999.0  -9999.0  -9999.0  -9999.0  -9999.0  -9999.0  -9999.0  -9999.0  -9999.0  -9999.0  -9999.0  -9999.0  -9999.0  -9999.0  -9999.0  -9999.0  -9999.0  -9999.0  -9999.0  -9999.0  -9999.0  -9999.0  -9999.0  -9999.0  -9999.0  -9999.0  -9999.0  -9999.0  -9999.0  -9999.0  -9999.0  -9999.0  -9999.0  -9999.0  -9999.0  -9999.0  0.679965565144  0.620510563503  1.28384729977  1.19195594996  3.42727887389  4.5318225173  1.11293953708  1.5278536173  1.11246147128  1.81701507295  0.624015625597  0.547808266211  0.56305661605  0.212865302004  1.20681206009  1.80075833848  0.212550455315  0.86638738818  0.317054375637  0.217237554264  0.119046840351  0.110918388384  0.120746493924  -9999.0  -9999.0  -9999.0  -9999.0  -9999.0  -9999.0  -9999.0  -9999.0  -9999.0  -9999.0  -9999.0  -9999.0  -9999.0  -9999.0  -9999.0  -9999.0  -9999.0  -9999.0  -9999.0  -9999.0
-9999.0  -9999.0  -9999.0  -9999.0  -9999.0  -9999.0  -9999.0  -9999.0  -9999.0  -9999.0  -9999.0  -9999.0  -9999.0  -9999.0  -9999.0  -9999.0  -9999.0  -9999.0  -9999.0  -9999.0  -9999.0  -9999.0  -9999.0  -9999.0  -9999.0  -9999.0  -9999.0  -9999.0  -9999.0  -9999.0  -9999.0  -9999.0  -9999.0  -9999.0  -9999.0  -9999.0  -9999.0  -9999.0  -9999.0  0.623445168158  1.51496325513  2.87353153403  0.588353420351  0.572219723484  0.372978996229  0.779270762462  0.368450011756  0.319574048497  0.291047860427  0.30222068006  0.527613666756  1.0303407487  0.438310543076  0.481353285961  0.68552189228  0.164886160175  0.103161311338  -9999.0  -9999.0  -9999.0  -9999.0  -9999.0  -9999.0  -9999.0  -9999.0  -9999.0  -9999.0  -9999.0  -9999.0  -9999.0  -9999.0  -9999.0  -9999.0  -9999.0  -9999.0  -9999.0  -9999.0  -9999.0  -9999.0  -9999.0
-9999.0  -9999.0  -9999.0  -9999.0  -9999.0  -9999.0  -9999.0  -9999.0  -9999.0  -9999.0  -9999.0  -9999.0  -9999.0  -9999.0  -9999.0  -9999.0  -9999.0  -9999.0  -9999.0  -9999.0  -9999.0  -9999.0  -9999.0  -9999.0  -9999.0  -9999.0  -9999.0  -9999.0  -9999.0  -9999.0  -9999.0  -9999.0  -9999.0  -9999.0  -9999.0  -9999.0  -9999.0  -9999.0  -9999.0  -9999.0  0.689486078169  0.613000362239  -9999.0  -9999.0  -9999.0  -9999.0  -9999.0  -9999.0  -9999.0  -9999.0  0.271255620171  0.243949293184  0.187620907909  0.217155589926  -9999.0  -9999.0  -9999.0  -9999.0  -9999.0  -9999.0  -9999.0  -9999.0  -9999.0  -9999.0  -9999.0  -9999.0  -9999.0  -9999.0  -9999.0  -9999.0  -9999.0  -9999.0  -9999.0  -9999.0  -9999.0  -9999.0  -9999.0  -9999.0  -9999.0  -9999.0
-9999.0  -9999.0  -9999.0  -9999.0  -9999.0  -9999.0  -9999.0  -9999.0  -9999.0  -9999.0  -9999.0  -9999.0  -9999.0  -9999.0  -9999.0  -9999.0  -9999.0  -9999.0  -9999.0  -9999.0  -9999.0  -9999.0  -9999.0  -9999.0  -9999.0  -9999.0  -9999.0  -9999.0  -9999.0  -9999.0  -9999.0  -9999.0  -9999.0  -9999.0  -9999.0  -9999.0  -9999.0  -9999.0  -9999.0  -9999.0  -9999.0  -9999.0  -9999.0  -9999.0  -9999.0  -9999.0  -9999.0  -9999.0  -9999.0  -9999.0  -9999.0  -9999.0  -9999.0  -9999.0  -9999.0  -9999.0  -9999.0  -9999.0  -9999.0  -9999.0  -9999.0  -9999.0  -9999.0  -9999.0  -9999.0  -9999.0  -9999.0  -9999.0  -9999.0  -9999.0  -9999.0  -9999.0  -9999.0  -9999.0  -9999.0  -9999.0  -9999.0  -9999.0  -9999.0  -9999.0
-9999.0  -9999.0  -9999.0  -9999.0  -9999.0  -9999.0  -9999.0  -9999.0  -9999.0  -9999.0  -9999.0  -9999.0  -9999.0  -9999.0  -9999.0  -9999.0  -9999.0  -9999.0  -9999.0  -9999.0  -9999.0  -9999.0  -9999.0  -9999.0  -9999.0  -9999.0  -9999.0  -9999.0  -9999.0  -9999.0  -9999.0  -9999.0  -9999.0  -9999.0  -9999.0  -9999.0  -9999.0  -9999.0  -9999.0  -9999.0  -9999.0  -9999.0  -9999.0  -9999.0  -9999.0  -9999.0  -9999.0  -9999.0  -9999.0  -9999.0  -9999.0  -9999.0  -9999.0  -9999.0  -9999.0  -9999.0  -9999.0  -9999.0  -9999.0  -9999.0  -9999.0  -9999.0  -9999.0  -9999.0  -9999.0  -9999.0  -9999.0  -9999.0  -9999.0  -9999.0  -9999.0  -9999.0  -9999.0  -9999.0  -9999.0  -9999.0  -9999.0  -9999.0  -9999.0  -9999.0
-9999.0  -9999.0  -9999.0  -9999.0  -9999.0  -9999.0  -9999.0  -9999.0  -9999.0  -9999.0  -9999.0  -9999.0  -9999.0  -9999.0  -9999.0  -9999.0  -9999.0  -9999.0  -9999.0  -9999.0  -9999.0  -9999.0  -9999.0  -9999.0  -9999.0  -9999.0  -9999.0  -9999.0  -9999.0  -9999.0  -9999.0  -9999.0  -9999.0  -9999.0  -9999.0  -9999.0  -9999.0  -9999.0  -9999.0  -9999.0  -9999.0  -9999.0  -9999.0  -9999.0  -9999.0  -9999.0  -9999.0  -9999.0  -9999.0  -9999.0  -9999.0  -9999.0  -9999.0  -9999.0  -9999.0  -9999.0  -9999.0  -9999.0  -9999.0  -9999.0  -9999.0  -9999.0  -9999.0  -9999.0  -9999.0  -9999.0  -9999.0  -9999.0  -9999.0  -9999.0  -9999.0  -9999.0  -9999.0  -9999.0  -9999.0  -9999.0  -9999.0  -9999.0  -9999.0  -9999.0
-9999.0  -9999.0  -9999.0  -9999.0  -9999.0  -9999.0  -9999.0  -9999.0  -9999.0  -9999.0  -9999.0  -9999.0  -9999.0  -9999.0  -9999.0  -9999.0  -9999.0  -9999.0  -9999.0  -9999.0  -9999.0  -9999.0  -9999.0  -9999.0  -9999.0  -9999.0  -9999.0  -9999.0  -9999.0  -9999.0  -9999.0  -9999.0  -9999.0  -9999.0  -9999.0  -9999.0  -9999.0  -9999.0  -9999.0  -9999.0  -9999.0  -9999.0  -9999.0  -9999.0  -9999.0  -9999.0  -9999.0  -9999.0  -9999.0  -9999.0  -9999.0  -9999.0  -9999.0  -9999.0  -9999.0  -9999.0  -9999.0  -9999.0  -9999.0  -9999.0  -9999.0  -9999.0  -9999.0  -9999.0  -9999.0  -9999.0  -9999.0  -9999.0  -9999.0  -9999.0  -9999.0  -9999.0  -9999.0  -9999.0  -9999.0  -9999.0  -9999.0  -9999.0  -9999.0  -9999.0
-9999.0  -9999.0  -9999.0  -9999.0  -9999.0  -9999.0  -9999.0  -9999.0  -9999.0  -9999.0  -9999.0  -9999.0  -9999.0  -9999.0  -9999.0  -9999.0  -9999.0  -9999.0  -9999.0  -9999.0  -9999.0  -9999.0  -9999.0  -9999.0  -9999.0  -9999.0  -9999.0  -9999.0  -9999.0  -9999.0  -9999.0  -9999.0  -9999.0  -9999.0  -9999.0  -9999.0  -9999.0  -9999.0  -9999.0  -9999.0  -9999.0  -9999.0  -9999.0  -9999.0  -9999.0  -9999.0  -9999.0  -9999.0  -9999.0  -9999.0  -9999.0  -9999.0  -9999.0  -9999.0  -9999.0  -9999.0  -9999.0  -9999.0  -9999.0  -9999.0  -9999.0  -9999.0  -9999.0  -9999.0  -9999.0  -9999.0  -9999.0  -9999.0  -9999.0  -9999.0  -9999.0  -9999.0  -9999.0  -9999.0  -9999.0  -9999.0  -9999.0  -9999.0  -9999.0  -9999.0
-9999.0  -9999.0  -9999.0  -9999.0  -9999.0  -9999.0  -9999.0  -9999.0  -9999.0  -9999.0  -9999.0  -9999.0  -9999.0  -9999.0  -9999.0  -9999.0  -9999.0  -9999.0  -9999.0  -9999.0  -9999.0  -9999.0  -9999.0  -9999.0  -9999.0  -9999.0  -9999.0  -9999.0  -9999.0  -9999.0  -9999.0  -9999.0  -9999.0  -9999.0  -9999.0  -9999.0  -9999.0  -9999.0  -9999.0  -9999.0  -9999.0  -9999.0  -9999.0  -9999.0  -9999.0  -9999.0  -9999.0  -9999.0  -9999.0  -9999.0  -9999.0  -9999.0  -9999.0  -9999.0  -9999.0  -9999.0  -9999.0  -9999.0  -9999.0  -9999.0  -9999.0  -9999.0  -9999.0  -9999.0  -9999.0  -9999.0  -9999.0  -9999.0  -9999.0  -9999.0  -9999.0  -9999.0  -9999.0  -9999.0  -9999.0  -9999.0  -9999.0  -9999.0  -9999.0  -9999.0
