ncols                  80
nrows                 72
xllcorner      4374000.0
yllcorner      5656000.0
cellsize            500
NODATA_value       -9999
-9999.0  -9999.0  -9999.0  -9999.0  -9999.0  -9999.0  -9999.0  -9999.0  -9999.0  -9999.0  -9999.0  -9999.0  1.15276337213  0.916215880366  -9999.0  -9999.0  -9999.0  -9999.0  -9999.0  -9999.0  -9999.0  -9999.0  -9999.0  -9999.0  -9999.0  -9999.0  -9999.0  -9999.0  -9999.0  -9999.0  -9999.0  -9999.0  -9999.0  -9999.0  -9999.0  -9999.0  -9999.0  -9999.0  -9999.0  -9999.0  -9999.0  -9999.0  -9999.0  -9999.0  -9999.0  -9999.0  -9999.0  -9999.0  -9999.0  -9999.0  -9999.0  -9999.0  -9999.0  -9999.0  -9999.0  -9999.0  -9999.0  -9999.0  -9999.0  -9999.0  -9999.0  -9999.0  -9999.0  -9999.0  -9999.0  -9999.0  -9999.0  -9999.0  -9999.0  -9999.0  -9999.0  -9999.0  -9999.0  -9999.0  -9999.0  -9999.0  -9999.0  -9999.0  -9999.0  -9999.0
-9999.0  -9999.0  -9999.0  -9999.0  -9999.0  -9999.0  -9999.0  -9999.0  -9999.0  -9999.0  -9999.0  -9999.0  2.26700837003  4.93017326884  0.771529266861  -9999.0  0.609708189109  -9999.0  -9999.0  -9999.0  -9999.0  -9999.0  -9999.0  -9999.0  -9999.0  -9999.0  -9999.0  -9999.0  -9999.0  -9999.0  -9999.0  -9999.0  -9999.0  -9999.0  -9999.0  -9999.0  -9999.0  -9999.0  -9999.0  -9999.0  -9999.0  -9999.0  -9999.0  -9999.0  -9999.0  -9999.0  -9999.0  -9999.0  -9999.0  -9999.0  -9999.0  -9999.0  -9999.0  -9999.0  -9999.0  -9999.0  -9999.0  -9999.0  -9999.0  -9999.0  -9999.0  -9999.0  -9999.0  -9999.0  -9999.0  -9999.0  -9999.0  -9999.0  -9999.0  -9999.0  -9999.0  -9999.0  -9999.0  -9999.0  -9999.0  -9999.0  -9999.0  -9999.0  -9999.0  -9999.0
-9999.0  -9999.0  -9999.0  -9999.0  -9999.0  -9999.0  -9999.0  -9999.0  -9999.0  -9999.0  1.09769770361  1.06872488154  1.09726153943  1.0714242765  6.98349611283  7.80911526856  1.70953165556  0.545474183857  -9999.0  -9999.0  -9999.0  -9999.0  -9999.0  -9999.0  -9999.0  -9999.0  -9999.0  -9999.0  -9999.0  -9999.0  -9999.0  -9999.0  -9999.0  -9999.0  -9999.0  -9999.0  -9999.0  -9999.0  -9999.0  -9999.0  -9999.0  -9999.0  -9999.0  -9999.0  -9999.0  -9999.0  -9999.0  -9999.0  -9999.0  -9999.0  -9999.0  -9999.0  -9999.0  -9999.0  -9999.0  -9999.0  -9999.0  -9999.0  -9999.0  -9999.0  -9999.0  -9999.0  -9999.0  -9999.0  -9999.0  -9999.0  -9999.0  -9999.0  -9999.0  -9999.0  -9999.0  -9999.0  -9999.0  -9999.0  -9999.0  -9999.0  -9999.0  -9999.0  -9999.0  -9999.0
-9999.0  -9999.0  -9999.0  -9999.0  -9999.0  -9999.0  -9999.0  -9999.0  -9999.0  1.07890760707  2.16925472317  4.30782064693  2.14068944175  1.05053997611  2.06041606136  8.80940323968  11.8447831911  0.629421828949  -9999.0  1.05614111305  -9999.0  -9999.0  -9999.0  -9999.0  1.17080317476  0.594119962843  -9999.0  -9999.0  -9999.0  -9999.0  -9999.0  -9999.0  -9999.0  -9999.0  -9999.0  -9999.0  -9999.0  -9999.0  -9999.0  -9999.0  -9999.0  -9999.0  -9999.0  -9999.0  -9999.0  -9999.0  -9999.0  -9999.0  -9999.0  -9999.0  -9999.0  -9999.0  -9999.0  -9999.0  -9999.0  -9999.0  -9999.0  -9999.0  -9999.0  -9999.0  -9999.0  -9999.0  -9999.0  -9999.0  -9999.0  -9999.0  -9999.0  -9999.0  -9999.0  -9999.0  -9999.0  -9999.0  -9999.0  -9999.0  -9999.0  -9999.0  -9999.0  -9999.0  -9999.0  -9999.0
-9999.0  -9999.0  -9999.0  -9999.0  -9999.0  -9999.0  -9999.0  -9999.0  1.14170566107  3.32548373262  4.371008192  5.42523010937  7.46821612151  1.00160097195  4.01660116159  4.98785176128  18.4562714841  0.881487178378  0.939805110943  2.02473805445  2.96046565235  0.964466322302  -9999.0  3.10616637277  2.54643319997  0.716283928608  -9999.0  -9999.0  -9999.0  -9999.0  -9999.0  -9999.0  -9999.0  -9999.0  -9999.0  -9999.0  -9999.0  -9999.0  -9999.0  -9999.0  -9999.0  -9999.0  -9999.0  -9999.0  -9999.0  -9999.0  -9999.0  -9999.0  -9999.0  -9999.0  -9999.0  -9999.0  -9999.0  -9999.0  -9999.0  -9999.0  -9999.0  -9999.0  -9999.0  -9999.0  -9999.0  -9999.0  -9999.0  -9999.0  -9999.0  -9999.0  -9999.0  -9999.0  -9999.0  -9999.0  -9999.0  -9999.0  -9999.0  -9999.0  -9999.0  -9999.0  -9999.0  -9999.0  -9999.0  -9999.0
-9999.0  -9999.0  -9999.0  -9999.0  -9999.0  -9999.0  1.16054969881  1.1052037508  1.07352592618  1.08138574699  1.0790844862  7.59095399185  16.1032126614  17.1394185685  18.0439642679  0.879634117947  20.2508869311  21.1761977986  1.89880983902  0.956699648083  3.88227508511  6.72271489719  0.928178040312  5.87717886436  0.988123524509  0.96338838724  1.0272297966  -9999.0  -9999.0  -9999.0  -9999.0  -9999.0  -9999.0  -9999.0  -9999.0  -9999.0  -9999.0  -9999.0  -9999.0  -9999.0  -9999.0  -9999.0  -9999.0  -9999.0  -9999.0  -9999.0  -9999.0  -9999.0  -9999.0  -9999.0  -9999.0  -9999.0  -9999.0  -9999.0  -9999.0  -9999.0  -9999.0  -9999.0  -9999.0  -9999.0  -9999.0  -9999.0  -9999.0  -9999.0  -9999.0  -9999.0  -9999.0  -9999.0  -9999.0  -9999.0  -9999.0  -9999.0  -9999.0  -9999.0  -9999.0  -9999.0  -9999.0  -9999.0  -9999.0  -9999.0
-9999.0  -9999.0  -9999.0  -9999.0  -9999.0  -9999.0  2.30775642552  3.42647061956  7.81393454293  11.0036123628  1.01286986523  1.0360285595  0.991092552515  2.92001441746  21.8760049276  0.862667924177  22.0811080627  25.6620552507  2.8070515027  1.83131551627  7.601777914  0.929463737059  6.80132396003  1.86610846095  0.938518523399  1.88045238151  2.02575646372  1.01601146749  1.02984105522  1.0155302196  1.03954707111  2.08445627418  -9999.0  -9999.0  -9999.0  -9999.0  -9999.0  -9999.0  -9999.0  -9999.0  -9999.0  -9999.0  -9999.0  -9999.0  -9999.0  -9999.0  -9999.0  -9999.0  -9999.0  -9999.0  -9999.0  -9999.0  -9999.0  -9999.0  -9999.0  -9999.0  -9999.0  -9999.0  -9999.0  -9999.0  -9999.0  -9999.0  -9999.0  -9999.0  -9999.0  -9999.0  -9999.0  -9999.0  -9999.0  -9999.0  -9999.0  -9999.0  -9999.0  -9999.0  -9999.0  -9999.0  -9999.0  -9999.0  -9999.0  -9999.0
-9999.0  -9999.0  -9999.0  -9999.0  -9999.0  1.18287709751  2.33245761853  1.13828407728  2.23768842683  12.1061850701  14.1925854803  16.2749745264  50.6711130027  0.963060469853  22.8310986644  80.776959865  81.4623963134  108.277595056  0.749461348223  2.71051879318  8.48533142402  0.878069938919  17.2171902263  9.51119526597  5.81825196746  4.87046196106  0.992341163348  3.02856457268  3.02829401919  2.02034503734  0.982398736319  3.08985760966  0.972746441853  0.964097864269  -9999.0  -9999.0  -9999.0  -9999.0  -9999.0  -9999.0  -9999.0  -9999.0  -9999.0  -9999.0  -9999.0  -9999.0  -9999.0  -9999.0  -9999.0  -9999.0  -9999.0  -9999.0  -9999.0  -9999.0  -9999.0  -9999.0  -9999.0  -9999.0  -9999.0  -9999.0  -9999.0  -9999.0  -9999.0  -9999.0  -9999.0  -9999.0  -9999.0  -9999.0  -9999.0  -9999.0  -9999.0  -9999.0  -9999.0  -9999.0  -9999.0  -9999.0  -9999.0  -9999.0  -9999.0  -9999.0
-9999.0  -9999.0  -9999.0  -9999.0  -9999.0  1.18568064069  3.49864407013  6.97656248287  8.08129320144  16.0364477707  17.105930466  20.3824514955  33.4283967074  53.3965490885  55.3152616935  56.208803761  1.70995140979  111.280629425  112.807666328  117.252146065  146.503691433  19.8901974741  18.1371413116  6.73160286467  0.905505896724  5.81293596589  3.94763102767  0.901702712669  3.95062599265  0.908446109613  1.86669413138  4.9747138598  5.91353680437  1.89534851021  0.92892371257  0.918660657718  -9999.0  -9999.0  -9999.0  -9999.0  0.601238265028  0.520212237549  -9999.0  -9999.0  -9999.0  -9999.0  -9999.0  -9999.0  -9999.0  -9999.0  -9999.0  -9999.0  -9999.0  -9999.0  -9999.0  -9999.0  -9999.0  -9999.0  -9999.0  -9999.0  -9999.0  -9999.0  -9999.0  -9999.0  -9999.0  -9999.0  -9999.0  -9999.0  -9999.0  -9999.0  -9999.0  -9999.0  -9999.0  -9999.0  -9999.0  -9999.0  -9999.0  -9999.0  -9999.0  -9999.0
-9999.0  -9999.0  -9999.0  -9999.0  -9999.0  1.17273346337  1.14581006713  4.62675789509  5.73554876038  6.86312268852  1.10281230927  2.19678264437  12.2957701158  2.19576907243  1.04871637164  0.99925412696  0.914983000555  0.984672705292  0.952597858829  0.960296875188  147.413714843  150.0350874  0.869899264517  2.66569505721  1.80517626752  6.70109361887  1.80911061992  0.876564275734  4.88830586122  1.78164821481  4.25651758668  10.4580862728  9.66063524466  2.81890189771  2.756536621  0.933069177856  0.922282062344  -9999.0  -9999.0  0.924488035196  1.37130437611  2.97898940774  0.547360721182  -9999.0  -9999.0  -9999.0  -9999.0  -9999.0  -9999.0  -9999.0  -9999.0  -9999.0  -9999.0  -9999.0  -9999.0  -9999.0  -9999.0  -9999.0  -9999.0  -9999.0  -9999.0  -9999.0  -9999.0  -9999.0  -9999.0  -9999.0  -9999.0  -9999.0  -9999.0  -9999.0  -9999.0  -9999.0  -9999.0  -9999.0  -9999.0  -9999.0  -9999.0  -9999.0  -9999.0  -9999.0
-9999.0  -9999.0  -9999.0  -9999.0  -9999.0  -9999.0  1.18154339012  1.16830270462  2.32062722737  3.46433583066  7.921325563  10.1526081426  11.2613684946  1.15491803328  0.991573890814  12.6938854168  15.6446010312  16.592040837  20.4486240808  21.3583250494  0.893207798542  150.926938592  155.284801362  3.4849053763  0.715818883563  7.51213488618  16.7418283262  6.60126608013  1.69850598128  0.84935624833  16.3885623197  11.3197865186  0.850322006613  0.847647395173  3.61721883208  2.73541653293  0.88816480513  0.867947816955  0.894908430451  1.8047513896  0.864938738889  3.62165886532  4.46294843368  0.801226455331  -9999.0  -9999.0  -9999.0  -9999.0  0.866938772315  0.835170614552  0.235097432629  -9999.0  -9999.0  -9999.0  -9999.0  -9999.0  -9999.0  -9999.0  -9999.0  -9999.0  -9999.0  -9999.0  -9999.0  -9999.0  -9999.0  -9999.0  -9999.0  -9999.0  -9999.0  -9999.0  -9999.0  -9999.0  -9999.0  -9999.0  -9999.0  -9999.0  -9999.0  -9999.0  -9999.0  -9999.0
-9999.0  -9999.0  -9999.0  -9999.0  -9999.0  -9999.0  -9999.0  1.18073392559  1.0895730817  2.23166779117  3.3600164899  1.12399735289  1.06777564052  6.53709068262  8.61929923281  10.7277949284  1.00036853063  1.98268677921  0.969683695815  22.2830163442  48.8087211424  49.4145181137  206.314170825  0.866358836432  2.13065682341  0.687505977334  17.5674470674  0.839844707612  2.55739736805  0.841425227088  17.2295053948  18.0681208001  1.7031935246  1.69006790922  9.01705571137  4.5133064437  1.75340749817  0.89017544887  1.78846727397  2.68766948152  4.39442350418  0.836977100258  6.05129735563  6.80394745321  0.694035994698  0.735559294165  0.75201333259  0.705099321379  0.676057917495  2.4478406177  0.966028198501  0.651667463529  -9999.0  -9999.0  -9999.0  -9999.0  -9999.0  -9999.0  -9999.0  -9999.0  -9999.0  -9999.0  -9999.0  -9999.0  -9999.0  -9999.0  -9999.0  -9999.0  -9999.0  -9999.0  -9999.0  -9999.0  -9999.0  -9999.0  -9999.0  -9999.0  -9999.0  -9999.0  -9999.0  -9999.0
-9999.0  -9999.0  -9999.0  -9999.0  -9999.0  -9999.0  -9999.0  -9999.0  2.2657440084  3.33236014872  1.12115440394  2.25166108345  3.33714919432  5.51571825377  1.09642938216  1.07534239521  0.973378780688  0.983353435769  0.915030391965  24.6800874525  0.974855681586  1.92504046572  208.927731731  210.900954142  0.982893970859  4.09577213634  22.4969011287  1.64296372514  3.3284045757  1.58669767264  2.33664789829  21.3027759461  2.47610861489  13.0877141782  10.6351868339  0.815970175337  4.32755514642  1.73941759149  2.62393507725  0.830445054959  5.20323288368  6.81031523573  7.47595892566  8.11393404134  9.41857492979  1.31832566025  1.37478462446  1.28956654783  1.22225591517  3.09047273114  0.65453906492  2.29052505684  2.90550140247  -9999.0  -9999.0  -9999.0  -9999.0  -9999.0  -9999.0  -9999.0  -9999.0  -9999.0  -9999.0  -9999.0  -9999.0  -9999.0  -9999.0  -9999.0  -9999.0  -9999.0  -9999.0  -9999.0  -9999.0  -9999.0  -9999.0  -9999.0  -9999.0  -9999.0  -9999.0  -9999.0
-9999.0  -9999.0  -9999.0  -9999.0  -9999.0  -9999.0  -9999.0  -9999.0  1.1560692485  5.62186453973  6.73079103494  1.11187502395  2.19215958555  1.08050421945  1.03771885554  1.0243651693  12.526668845  16.6460573656  20.4017649722  24.0290948488  0.918174788259  0.96086887516  1.07912246462  215.101994426  217.058467785  217.985153261  30.1574688672  6.64367014096  5.76442748225  0.746588916783  3.07446791141  25.1299581955  0.753266246225  13.8473001783  0.806685001129  5.57355359691  5.18690915522  0.839837535129  3.45564554728  1.65813912599  2.46663067184  0.769877921463  0.630489303899  8.74528701625  9.32428989658  9.9962438426  1.99379213619  1.88414163719  1.8059987407  3.77526050888  5.09292288778  0.656961410167  3.53718656683  0.657156543801  1.25801347655  0.614911927495  -9999.0  -9999.0  -9999.0  -9999.0  -9999.0  -9999.0  -9999.0  -9999.0  -9999.0  -9999.0  -9999.0  -9999.0  -9999.0  -9999.0  -9999.0  -9999.0  -9999.0  -9999.0  -9999.0  -9999.0  -9999.0  -9999.0  -9999.0  -9999.0
-9999.0  -9999.0  -9999.0  -9999.0  -9999.0  -9999.0  -9999.0  -9999.0  -9999.0  1.14854078253  7.85050680473  8.95280910884  3.27643557687  5.43490998543  7.50400296521  8.5363979896  1.03597946731  3.141023009  2.0861544365  1.04279908735  1.03395258392  0.979714980301  1.96291945756  3.35466931072  1.1642239297  250.244533227  251.224639529  0.915092639631  0.72483424679  1.48586316289  2.20763697884  27.3162936187  1.4656939076  14.5302930444  8.59077649788  7.05993699869  0.798756981352  1.62471101384  4.2232552376  0.765961682085  3.21358067708  1.50913672536  1.12301928469  0.518955365685  10.886112559  21.3603176159  2.42705696135  2.32985154095  2.36671678131  0.566610683286  5.65348540934  0.549656701639  4.75766097767  0.595676329094  1.85349412648  2.90261973484  0.351123724628  0.361060124466  0.427387659826  0.448260098701  0.316299170728  -9999.0  -9999.0  0.240741527908  0.179538022017  -9999.0  -9999.0  -9999.0  -9999.0  -9999.0  -9999.0  -9999.0  -9999.0  -9999.0  -9999.0  -9999.0  -9999.0  -9999.0  -9999.0  -9999.0
-9999.0  -9999.0  -9999.0  -9999.0  -9999.0  -9999.0  -9999.0  -9999.0  -9999.0  -9999.0  1.09479689248  11.1539611567  1.08279306981  2.16098665992  3.17356359545  5.20433557912  1.03688880119  2.10343021519  1.04873457208  1.01702482514  0.972683122143  1.93291980497  0.891122549101  1.03967302899  2.11248321621  1.14362179424  252.174624418  254.000137581  256.595708144  3.00960191607  0.734164614153  1.46492023367  28.0646101089  26.7618786267  10.1270262059  0.763331159663  3.19868883065  2.40880151245  4.99251944705  1.53213584023  6.22604347013  2.25431647805  1.77673103635  0.438032155811  0.529876808335  21.9698722349  22.4969361175  27.7225718482  4.12299633617  1.16234094507  6.24985144303  7.38336811348  12.6861349411  1.18228023883  0.55385354021  3.31974176396  4.01700724142  0.346568537038  0.666688467556  1.18210695325  0.623855037405  0.308457351677  0.306560732523  0.478612031473  0.368653001828  0.180332667519  -9999.0  -9999.0  -9999.0  -9999.0  -9999.0  -9999.0  -9999.0  -9999.0  -9999.0  -9999.0  -9999.0  -9999.0  -9999.0  -9999.0
-9999.0  -9999.0  -9999.0  -9999.0  -9999.0  -9999.0  -9999.0  -9999.0  -9999.0  -9999.0  -9999.0  0.567545980128  12.4097185626  1.04401870397  2.0369064937  9.25317388137  1.030759695  1.02786684244  0.947890674342  1.98524445148  0.954921608849  3.83837251211  5.60834251556  6.44347776254  2.94879306173  3.83472649313  0.956452606823  1.07602403682  0.964376304911  261.173697957  263.366587474  28.747439909  28.107823984  27.4393476233  1.40417275593  0.687679748963  3.92165173403  10.3683264709  5.72492062148  2.25954203919  9.1950871386  3.91611004901  3.23337715518  0.8938972391  0.376122431621  0.361050184575  0.392050746392  29.5470800575  35.3051055451  0.562765506183  0.523693575075  0.556161282538  13.2129957592  14.9047786767  1.00211577761  0.429028224911  4.29988609307  0.587934926334  1.49590042971  2.96458272874  3.8693218604  4.45487570815  1.2942057151  0.736536485468  0.591849928739  0.368037400208  0.242198821281  -9999.0  -9999.0  -9999.0  -9999.0  -9999.0  -9999.0  -9999.0  -9999.0  -9999.0  -9999.0  -9999.0  -9999.0  -9999.0
-9999.0  -9999.0  -9999.0  -9999.0  -9999.0  -9999.0  -9999.0  -9999.0  -9999.0  -9999.0  -9999.0  0.536034954768  13.7296300232  16.9119366382  0.998815522549  11.2541129641  0.979554539135  0.960324069164  1.89198254885  4.83156047094  0.937550505958  0.965243933995  0.871837461059  8.17876046939  9.00561574087  13.6945217832  15.4846724163  16.4181777972  17.2962280037  18.2413384146  282.454242097  312.745375724  342.257313471  342.860613832  0.701836110292  0.696018788569  11.8176222189  11.0970441921  0.722772409223  0.719377500265  9.88722021485  14.5150264307  0.631586514161  7.0488008134  6.47670070864  1.79636920094  0.83496702623  1.33806684679  0.575855130318  36.304825171  0.508304722178  1.57027136021  1.97433630024  18.2856994065  19.6487616509  20.491829064  25.1105723035  0.303634063034  0.263452368494  0.241775011656  0.224146745339  4.96110096911  6.51826425257  0.279804828924  1.39775026315  0.573795184955  0.45196403515  0.144908350431  0.123645139253  -9999.0  -9999.0  -9999.0  -9999.0  -9999.0  -9999.0  -9999.0  -9999.0  -9999.0  -9999.0  -9999.0
-9999.0  -9999.0  -9999.0  -9999.0  -9999.0  -9999.0  -9999.0  -9999.0  -9999.0  -9999.0  -9999.0  1.1180311868  2.16522503767  17.946115678  19.8579913525  0.962689897214  13.0122335505  0.877740197084  2.69388678395  5.70910322031  1.81937431536  0.879520193787  1.78688452056  0.792600379993  1.54118792014  0.759318095788  0.715342664667  0.642224941984  0.599845831572  0.609779040718  0.63175465482  0.768301307938  0.857426512209  0.934253039157  345.17643649  14.3331347582  13.0636392968  0.589464867026  2.09992555033  0.552955934385  0.455277959772  15.1829832592  24.2626038879  7.76397504034  5.63634885225  1.01753883862  0.436495520205  0.407324695939  0.891902026547  37.7062180732  38.6838551123  0.507137102621  0.519746751685  0.494352173485  0.389622445211  0.725247783412  26.121883819  26.7146242649  27.2591683636  0.537535277444  0.278271309072  0.24259380498  6.75887550834  7.25113073214  1.58957500527  0.217224124897  0.649492411092  0.288012449046  0.236543837123  -9999.0  -9999.0  -9999.0  -9999.0  -9999.0  -9999.0  -9999.0  -9999.0  -9999.0  -9999.0  -9999.0
-9999.0  -9999.0  -9999.0  -9999.0  -9999.0  -9999.0  -9999.0  -9999.0  -9999.0  -9999.0  -9999.0  -9999.0  1.0216763036  13.0231556827  33.864101291  36.8065158401  50.7111446864  51.4759276916  12.7291438633  9.30803144078  2.71113638326  0.871867921508  3.50054700894  4.32911676452  6.63906660982  1.54159530824  1.45878853381  1.39496266633  2.72649616642  1.3326677972  1.33358145315  0.640846958063  0.527162349405  0.59717840889  345.913209358  360.672697362  361.316380711  0.600782282097  5.71785278282  2.3944664243  0.704563443259  26.4198215042  1.49766896881  0.765695571335  3.16625777813  0.693586118551  0.587641993219  1.09499647919  1.5338031284  2.01143189067  39.5279045999  0.404655670333  0.36429889918  0.365914346216  0.299530326236  0.322094950069  0.784392722424  0.943372122257  28.6639781038  30.610840332  1.14090952828  0.561421796607  0.308023391041  0.247364931073  9.37757064787  12.6202645533  2.78461446284  1.35810818567  0.812134418074  -9999.0  -9999.0  -9999.0  -9999.0  -9999.0  -9999.0  -9999.0  -9999.0  -9999.0  -9999.0  -9999.0
-9999.0  -9999.0  -9999.0  -9999.0  -9999.0  -9999.0  -9999.0  -9999.0  -9999.0  -9999.0  -9999.0  1.07523714078  9.87108373774  11.9987662443  1.99139461802  0.58760823284  1.38353514102  53.7572787826  54.530010724  67.9839979919  0.801387092916  1.66799386995  0.754920478088  0.763025615133  7.38210376924  9.66546992937  11.8257696064  0.691745645378  3.41436405716  5.42537040422  3.28551637714  1.30138530816  1.11372090234  1.08889825783  1.06547746141  0.581091383007  361.854285175  362.293773151  368.952124837  1.21671742808  0.636359211515  26.8962284744  1.59142431301  0.81049099249  0.850230030074  0.844687646389  0.780340075805  1.40162848089  3.99804112371  6.52768699366  46.4636157318  0.315614813648  0.95646706837  0.65053138319  0.561843101961  0.27612919166  0.297995378924  0.295694282954  0.198176916925  30.9695538776  0.157083886757  0.451432625733  0.217583246244  0.214713996054  0.208687868323  12.8595371835  0.519060894766  0.214487053212  0.373824241482  0.168775308007  -9999.0  -9999.0  -9999.0  -9999.0  -9999.0  -9999.0  -9999.0  -9999.0  -9999.0  -9999.0
-9999.0  -9999.0  -9999.0  -9999.0  -9999.0  -9999.0  -9999.0  -9999.0  -9999.0  -9999.0  -9999.0  1.09159879581  6.7163294974  1.07825141337  0.986753446388  4.95981796725  5.85513159304  6.76628814114  7.62224892654  91.5715274216  92.3075290145  93.8567630998  105.04660238  107.307910621  108.614180671  109.374864273  122.803081118  124.60401097  125.302539995  131.457020587  135.464195885  136.126096758  138.469514445  1.71899601404  1.59114183173  0.443935063601  0.431823355165  362.805521752  371.173819499  1.78001655189  30.9656098241  30.3947472286  3.06121459884  0.746933580271  0.759100077492  0.740461188048  0.720763219651  1.45012055065  2.08181563155  0.597419303665  46.8554671976  47.2680293166  49.2320637206  49.576570995  50.4623269621  51.0437513922  0.247740294132  0.271133675741  0.219084203539  31.1901823057  31.5299018338  32.1739690082  32.9421881774  0.383020176289  13.8338326998  13.406990111  0.275219575093  5.51400616178  5.33263061521  0.440564055836  0.258205237536  -9999.0  -9999.0  -9999.0  -9999.0  -9999.0  -9999.0  -9999.0  -9999.0  -9999.0
-9999.0  -9999.0  -9999.0  -9999.0  -9999.0  -9999.0  -9999.0  -9999.0  -9999.0  -9999.0  -9999.0  3.4096442554  4.52116488251  2.16497777063  3.19452285773  1.02055018876  11.5354279533  12.4763542628  14.3214965638  15.1066560789  6.12370571538  101.146989962  101.852111046  0.721383062297  0.552629763647  0.508322545194  1.09746177101  0.562244742596  0.478705765622  0.467166145773  0.492847215004  136.730689383  139.089823578  141.411843717  143.53355308  145.146598868  0.749982691818  0.25647764073  403.566662974  31.9790100334  31.560485539  0.653256344583  0.629535018803  0.600997060198  1.38278829099  1.36334317607  0.636130349981  0.638241546407  0.577017348344  1.16513285755  1.54889045165  0.292520043987  0.537199688125  0.225568068038  0.168112779861  51.235112424  51.7136703251  52.2525548607  52.7595786569  53.026403399  53.4049649313  53.5676825341  0.153273170428  33.4163221799  0.274692315307  19.9667655165  5.87316443204  0.420959785645  4.72578968308  4.0262781223  0.2888279506  -9999.0  -9999.0  -9999.0  -9999.0  -9999.0  -9999.0  -9999.0  -9999.0  -9999.0
-9999.0  -9999.0  -9999.0  -9999.0  -9999.0  -9999.0  -9999.0  -9999.0  -9999.0  -9999.0  -9999.0  -9999.0  2.29558781685  1.09864943133  1.03520988845  9.66092238772  10.6206766589  0.960216418291  3.75489270204  4.62807094148  5.42202197889  0.841940882812  0.717625275638  15.3603652128  15.9647650955  16.5465100808  42.4370050123  42.9163129638  43.8088734647  47.7410092261  50.2828242844  50.6985106284  0.427233378898  0.441542045132  0.423833542796  145.825173261  0.328595644915  409.132063228  408.666279884  4.69248268501  4.17058319651  2.53884710094  0.649685884296  1.18787012482  1.99082982602  1.97500575732  1.25250298698  0.619051740113  1.1850862397  1.15056723797  2.04537256389  0.348071676271  0.875740477475  1.44124787323  1.79205735659  1.98224400686  0.17814356541  0.179275679551  0.173543708345  0.175803748403  0.192682385307  53.7971341055  54.1660199171  87.7375256433  87.8522137081  21.5075261171  1.32025609597  0.904762079732  0.370729032239  3.48583558881  3.22147904976  -9999.0  -9999.0  -9999.0  -9999.0  -9999.0  -9999.0  -9999.0  -9999.0  -9999.0
-9999.0  -9999.0  -9999.0  -9999.0  -9999.0  -9999.0  -9999.0  -9999.0  -9999.0  -9999.0  -9999.0  -9999.0  1.16761014098  3.36578415875  4.41977751071  7.61322156792  0.964821446392  1.94804496997  2.87452763992  10.9679039045  11.754289219  12.4024592786  13.1827019845  13.9893720682  21.7378344453  24.1135588833  25.3910799916  0.53492710427  3.05281462325  3.5439984221  48.9797872683  51.1414479556  52.0791293172  53.0308928332  53.9003198317  200.087590274  0.255234040552  410.580440252  0.853452084023  0.389994297083  3.55203431442  3.06652450031  0.475595365406  1.71060688417  2.50889022655  2.48144535527  1.72830880278  2.82728400867  4.44382800404  1.61920397559  4.09239031506  0.366051323341  0.586437193375  0.135189796686  0.104738544291  2.28923145875  2.3903499367  0.300062365624  0.304782557749  0.462806968836  0.153719199084  0.159193434325  0.192861513741  123.55481841  123.44994567  35.3267423874  0.374934077047  2.08380001831  1.65780376433  1.10846213772  2.99581684763  2.09975744029  -9999.0  -9999.0  -9999.0  -9999.0  -9999.0  -9999.0  -9999.0  -9999.0
-9999.0  -9999.0  -9999.0  -9999.0  -9999.0  -9999.0  -9999.0  -9999.0  -9999.0  -9999.0  -9999.0  -9999.0  1.13080236467  2.25124827291  1.05968397791  2.13569998936  0.977103694736  7.24062091928  9.11357124258  10.0647678698  0.880741430529  1.69806272139  16.343747024  20.3176971951  21.0207624849  1.62441862287  1.50424150422  2.14948820409  0.45554789796  0.429069279172  0.811566831485  0.371816371999  24.9754985976  25.4094264426  25.7742423762  200.506485234  413.573131643  410.984936388  0.621585435996  0.27030847327  0.244599170507  1.05656135825  0.811588461983  2.12577523001  2.98358071437  5.99191126304  0.523371397595  0.519813996662  4.89359480836  5.3582595583  10.2663693656  10.5545817308  11.2798962436  11.5316869546  0.216684518057  0.334139246114  2.49623238644  130.062312449  127.181861688  126.59030293  125.781407463  0.143828040082  124.785027521  0.284131032163  0.168834470159  13.2955702026  3.3436486009  3.08785264424  0.556645858519  0.597919347955  0.545065786002  1.79988323975  -9999.0  -9999.0  -9999.0  -9999.0  -9999.0  -9999.0  -9999.0  -9999.0
-9999.0  -9999.0  -9999.0  -9999.0  -9999.0  -9999.0  -9999.0  -9999.0  -9999.0  -9999.0  -9999.0  -9999.0  -9999.0  1.09799411405  2.17292806937  3.24650625355  5.24799646278  1.02587449544  0.957014813298  6.58214623105  7.46692548444  14.7867878571  15.6611485722  2.4760638142  0.867962815973  0.829554348137  0.743077119324  22.4055916623  22.9314210587  23.4112791268  23.8143625842  24.581238603  4.48537627512  4.8875864669  30.9947495081  645.271092182  2.1728861716  1.79143261383  0.92118490859  0.234928220022  0.206676195605  1.54117609372  1.70875401742  2.54814514361  0.213994417847  6.26420614409  0.867806320877  0.85150555494  0.191490190975  0.130547945019  0.112497546922  0.111169691878  0.114098926681  11.6877101089  154.501195614  142.324024132  142.003737606  130.195093767  0.160181544139  0.154598408909  0.216545789589  125.034653207  0.514366234354  0.231368150664  0.259692237624  0.246420042067  9.5146613128  9.0251705324  1.0319933019  0.529297126077  0.645933920905  0.644790228685  -9999.0  -9999.0  -9999.0  -9999.0  -9999.0  -9999.0  -9999.0  -9999.0
-9999.0  -9999.0  -9999.0  -9999.0  -9999.0  -9999.0  -9999.0  -9999.0  -9999.0  -9999.0  -9999.0  -9999.0  -9999.0  -9999.0  1.05501320012  2.00414614322  2.85835635743  3.72836161968  4.67932605006  5.64779324385  2.8483194053  4.71930388842  0.875813736973  0.858400161627  18.4354047306  20.1086274468  20.8994938933  21.7468773645  0.637713306335  1.16401538565  3.03831235552  3.58353107476  4.05741624504  0.469427019912  0.335192124835  646.286848348  0.385883866006  0.501198125949  0.239644036227  0.955376334896  0.458948968427  0.221156463358  4.47812217391  4.65109063431  0.135724533183  6.413367286  7.40914247826  1.00566720382  160.333978299  160.027706817  159.76716408  159.253057621  159.04300779  155.269609041  155.107450257  0.228386451454  11.7219055359  11.1509674355  10.5856446729  10.4329704509  5.95208995321  5.79419679599  5.44775657983  1.75713147981  1.57020098419  1.04445154645  0.259055304153  8.66035513864  7.58479372013  0.487593999699  1.0135104682  0.46022149166  -9999.0  -9999.0  -9999.0  -9999.0  -9999.0  -9999.0  -9999.0  -9999.0
-9999.0  -9999.0  -9999.0  -9999.0  -9999.0  -9999.0  -9999.0  -9999.0  -9999.0  -9999.0  -9999.0  -9999.0  -9999.0  -9999.0  0.21102450802  0.490269515264  0.851376920581  7.57987595423  8.56091708542  0.984744558082  0.961060192545  0.945390226952  14.9698316623  16.7684152269  0.870233424478  0.884123173544  0.771351984547  3.14138313037  3.90194242493  1.95236677395  2.49348888146  17.7518693097  18.3388027115  19.3349362924  30.6713053064  677.181763036  0.364807837973  0.20043556919  1.45031865284  1.20355418625  0.194919680807  0.618510312243  0.7989646258  4.85204307061  5.01023986661  12.8250474788  7.54282780718  1.14782507316  163.722749418  1.47753484785  159.530726003  159.399836361  3.57275958414  0.228819931836  0.453175249913  0.234917970323  0.32343435569  0.44822764374  0.224852649086  4.34026174666  3.66793791002  0.22823368954  3.5469833372  0.557108989473  0.332531932599  0.771992856301  0.385299525688  0.831959037628  6.09808538319  5.24270792348  0.413892780006  0.714488428243  0.36828936626  -9999.0  -9999.0  -9999.0  -9999.0  -9999.0  -9999.0  -9999.0
-9999.0  -9999.0  -9999.0  -9999.0  -9999.0  -9999.0  -9999.0  -9999.0  -9999.0  -9999.0  -9999.0  -9999.0  -9999.0  -9999.0  1.09106017717  1.78419318847  3.77387193185  6.60804961423  9.34247112526  11.2781709623  12.2273812028  13.1868033589  14.1070733891  0.889779507478  0.833602567401  1.64629042805  1.57046884962  0.805572583491  15.3422058252  16.0890905575  16.7852665584  17.4533020047  9.92777757213  10.4690801789  10.979715025  677.369598665  0.619413477736  0.508407374641  2.12206320216  0.23408025559  0.360204723324  0.185208277759  0.167632439946  0.962047284465  0.126285733651  0.13495087571  177.328136299  164.404383084  164.271944844  0.605439481424  1.35633304768  0.879058793606  0.208257602539  3.1992082625  0.914983399129  0.726459299192  0.536493403567  0.373612282755  0.211578511384  0.48456213156  3.46160965755  2.94134940348  2.44264210782  2.75308797271  2.54967453321  2.37099347681  0.265995894077  0.436719097415  0.427559499722  3.87050887973  3.07241915562  1.90403404614  0.304161718645  -9999.0  -9999.0  -9999.0  -9999.0  -9999.0  -9999.0  -9999.0
-9999.0  -9999.0  -9999.0  -9999.0  -9999.0  -9999.0  -9999.0  -9999.0  -9999.0  -9999.0  -9999.0  -9999.0  -9999.0  -9999.0  0.763831238606  0.7163890319  1.39807308895  2.13032720227  0.98918853192  1.04637170916  2.02465964017  2.9931152776  4.83618196441  5.75408506756  6.595812211  9.10422876305  9.89080009336  10.7178587492  0.75949396402  7.64112041881  8.29952724578  8.89581423269  0.492330426857  0.281590352846  0.480111316232  688.574204658  688.752008419  689.722597478  2.75585318688  0.463566622244  0.594990636559  0.159719835954  0.298713074224  1.09780504812  1.33851366354  0.244905048044  177.952478273  0.204308514753  0.342771631281  0.383949709558  0.281480257183  0.518265263719  0.214356871291  2.08382197857  1.63993967495  1.22187137368  0.633887805971  0.441965167452  0.243306491052  0.268132915474  0.294876149098  0.296827659427  2.22180177014  1.69304486881  1.17209061286  0.625816714919  2.16198907416  1.56032431984  0.41493375814  0.456615815888  0.388094324147  0.883197974088  0.505703632389  -9999.0  -9999.0  -9999.0  -9999.0  -9999.0  -9999.0  -9999.0
-9999.0  -9999.0  -9999.0  -9999.0  -9999.0  -9999.0  -9999.0  -9999.0  -9999.0  -9999.0  -9999.0  -9999.0  -9999.0  -9999.0  -9999.0  0.684946660687  1.35381186376  0.667549593572  1.3877545878  8.72744589237  9.64127068365  10.5998464091  0.918702149675  0.920462634548  1.76390404644  2.61782912695  4.17577380249  4.96718794657  5.41006190051  6.14090625588  0.631064270835  0.584874038973  9.83522460271  10.1024771203  10.3155796661  10.5294170744  8.54689230329  699.142340779  703.214367819  703.389543491  704.140154315  704.968156019  705.391083092  0.126042049639  1.45285938022  178.068597043  0.298844330872  0.154160678454  0.157798245037  0.144593599365  0.253433584178  0.259099309079  0.153793703425  0.234011179944  0.22546579709  0.420834694943  0.200684239923  0.157021965448  0.598419776547  0.426646527218  0.230600773919  0.227117453826  0.250235707886  0.260802255983  0.287406960495  0.340956125508  0.354750218128  0.767932966861  0.268789639437  0.747881460295  0.325902334647  0.320373500336  -9999.0  -9999.0  -9999.0  -9999.0  -9999.0  -9999.0  -9999.0  -9999.0
-9999.0  -9999.0  -9999.0  -9999.0  -9999.0  -9999.0  -9999.0  -9999.0  -9999.0  -9999.0  -9999.0  -9999.0  -9999.0  -9999.0  -9999.0  -9999.0  2.01530557853  2.74513288278  4.88047970155  6.54874620798  0.910369413534  12.5246821787  13.4328870884  14.3269840494  0.870650171032  1.72520014117  0.780649445035  5.78915555403  6.20020576482  6.86708892715  7.54334107095  9.19169208078  9.4162025597  0.143458795256  7.71464253592  8.14333862142  8.34725300333  9.23281332383  1.13612155567  0.728124143413  0.457727972639  0.439494375439  705.875263675  706.068197382  708.559472839  178.184189197  0.803872555321  0.402094127153  0.266741474758  0.0870137056619  0.799344501433  0.433264531312  0.138164371857  0.785303086155  0.670765514163  0.121230621239  1.1903570433  1.07639245979  0.778240748435  0.164184160305  0.506062727961  0.371766291154  0.159182574742  0.397590371268  0.237496317022  0.284174105118  0.279497752526  0.202339758509  0.466942935821  3.35462184346  1.88579171926  1.18290552115  0.470221969052  -9999.0  -9999.0  -9999.0  -9999.0  -9999.0  -9999.0  -9999.0
-9999.0  -9999.0  -9999.0  -9999.0  -9999.0  -9999.0  -9999.0  -9999.0  -9999.0  -9999.0  -9999.0  -9999.0  -9999.0  -9999.0  -9999.0  -9999.0  0.73724558248  3.45658291296  4.20157752805  0.9619254486  0.982318902684  1.96743621877  2.89308441704  18.1193234944  0.869410537577  3.48261159681  4.27972169134  5.07069003124  0.428423704013  1.0520643044  1.4097651942  6.24500640906  6.95913005488  7.1467457882  0.216249209334  0.214829018161  0.259376451698  0.475875775375  0.205224920728  0.219585085081  0.390025479575  0.325274791955  0.383989695499  0.918346440627  708.777674137  887.497003735  0.999225052217  0.201191700194  0.0851489441186  2.58798974381  2.39657581927  1.45769910786  1.3160070573  0.988064988725  0.236823349434  0.178893460645  1.30409589979  0.583550952385  0.460332392188  0.14293132167  0.653548055717  1.15636459787  0.957332342058  0.588057257924  0.225504851787  0.811710060495  0.57305598841  0.394685519679  4.15880462219  4.00125213821  0.355506813923  0.327862591806  0.304690897515  0.281589767733  -9999.0  -9999.0  -9999.0  -9999.0  -9999.0  -9999.0
-9999.0  -9999.0  -9999.0  -9999.0  -9999.0  -9999.0  -9999.0  -9999.0  -9999.0  -9999.0  -9999.0  -9999.0  -9999.0  -9999.0  -9999.0  0.628937007561  2.05285537085  0.683726893815  1.05947643413  1.06719708189  2.05983541529  3.03016272215  3.90524387314  22.7533649902  23.6015029527  0.865599224828  1.66853839912  2.47535199373  3.03660263529  3.67302949234  5.54434881973  6.01541137741  0.454777828698  0.376663570823  0.338346664406  0.427274276028  0.409594858475  0.404832459318  0.342495825359  0.419661683297  1.33826546606  0.615301422576  0.204014398329  0.193646528833  0.197646813031  0.367120618115  895.37802212  6.692160325  3.02289518577  0.221202187047  0.0954554457903  0.0839049633297  0.327481532928  0.233523169179  0.123418644604  0.121960761972  1.56384638059  2.27639020338  2.48496549825  0.0983691490314  2.1013426757  1.33566173377  0.143069667212  0.123931480506  0.261896087574  1.75868855679  0.772642921649  0.550198560371  4.33247799615  0.189067455388  0.225349028896  1.17797472169  0.599177535292  0.991578985996  0.417362523802  -9999.0  -9999.0  -9999.0  -9999.0  -9999.0
-9999.0  -9999.0  -9999.0  -9999.0  -9999.0  -9999.0  -9999.0  -9999.0  -9999.0  -9999.0  -9999.0  -9999.0  -9999.0  -9999.0  0.665961255935  1.27623110022  4.6333311439  0.66340772584  2.00550775688  3.06077494049  4.05346641247  1.00137473059  1.91007640415  2.75039111461  27.0416182668  0.835403780827  1.60601546735  2.3892863525  0.719140541849  1.42349988849  1.86385686864  2.32101614998  52.2804336898  53.0275515262  53.7014539135  56.6539108667  57.8893737157  60.2515013388  0.551639531897  1.28412838354  1.65394182101  67.0857351682  67.4768725012  0.176351619563  0.316320062601  0.449666334341  895.541301599  6.30412152067  3.00036212618  2.88646368368  2.24393093539  1.95689556141  0.433598404965  0.100951389211  0.207194094389  0.10864278109  0.109335467139  0.232104626981  2.61501733504  4.96237393734  2.248646563  0.398407731093  0.273709822127  0.150682097253  2.57276970012  2.15230604175  0.217015665632  5.28014733545  4.52448041649  0.364620117077  2.2329539191  1.41216369014  1.54756065844  1.30197666401  0.294522376195  -9999.0  -9999.0  -9999.0  -9999.0  -9999.0
-9999.0  -9999.0  -9999.0  -9999.0  -9999.0  -9999.0  -9999.0  -9999.0  -9999.0  -9999.0  -9999.0  -9999.0  -9999.0  -9999.0  0.669260420102  2.03071605535  7.32797265104  10.7948536525  0.603387625527  14.2436581339  19.0235184354  0.965054394639  1.87240866195  2.74626492481  34.856068564  35.5808828441  0.724941398311  3.85588343304  4.52723310913  5.11389769694  47.4758863819  48.8029368388  49.5656738744  0.368419084169  2.11303349111  2.50198032249  1.11871528118  1.61761781434  62.4882454842  64.4634016551  64.8526009839  65.2210634502  67.8850194792  0.198517286708  0.166815770333  0.746929546354  895.685386992  0.168363206698  0.190672869776  0.549320239864  0.202617089004  1.78901394788  1.42859336027  0.845423585338  0.617248597121  0.265779474535  0.117097775208  0.34144519474  0.0929524847034  5.06794885191  0.593529318226  0.491774529834  0.0878426792376  0.2424805499  2.68713449407  0.0959205400117  0.12033613606  5.42691205535  0.130009028702  2.56519020134  2.42369077331  2.15411969396  1.98335106861  0.209936912038  0.798370848957  0.253398491835  -9999.0  -9999.0  -9999.0  -9999.0
-9999.0  -9999.0  -9999.0  -9999.0  -9999.0  -9999.0  -9999.0  -9999.0  -9999.0  -9999.0  -9999.0  -9999.0  -9999.0  -9999.0  -9999.0  -9999.0  1.41273062233  2.83867678027  12.8168594873  13.5389967038  19.6635002189  20.3951223187  0.942029309953  1.88145993686  4.46466239123  36.2251428075  37.685716343  38.3133341806  0.510077544497  40.5264065082  41.8898974059  0.856009982543  0.372665979832  0.738546283809  1.43186480928  0.336517518995  0.676093970075  1.52056395506  1.89697243861  0.340458463941  0.227456098214  0.453937605319  69.5913463549  70.1669917362  70.3074378261  71.4380511461  895.810356472  0.099426888353  0.135528236382  0.15257254825  0.147152170753  0.151342870559  0.127399557877  0.236376130885  0.0758364068756  0.207807414029  0.128843871347  0.134884671482  0.600875296367  5.90300941889  6.65002555102  6.76676920303  7.19767583703  0.0944347986575  2.78349189169  0.424543350639  0.231286247491  5.53310098233  5.76974554322  2.69236245651  2.86398276716  2.37701730166  1.48318390304  1.2851534406  1.0730404919  -9999.0  -9999.0  -9999.0  -9999.0  -9999.0
-9999.0  -9999.0  -9999.0  -9999.0  -9999.0  -9999.0  -9999.0  -9999.0  -9999.0  -9999.0  -9999.0  -9999.0  -9999.0  -9999.0  -9999.0  -9999.0  0.7376448843  0.724200434663  0.720194080741  1.49306625969  0.656930560908  21.6978695566  22.3731807772  0.886240180399  1.76107696814  0.86389932147  0.73036864653  0.714202764631  39.5619707835  0.457493803267  0.911353436457  0.460181090572  0.400378541373  0.357990615574  0.280607924913  0.291316072042  0.877194371382  1.19640053863  0.227840392326  0.198621751775  0.422312364069  0.696506426004  0.927491608213  0.274799586103  70.5327853176  71.5869250288  895.889532522  0.53152494405  0.339020400118  0.0885718932443  0.216880419351  0.0714077789893  0.052066664085  0.293394909213  0.397603329363  0.266888130154  0.0613624610371  0.0635415165673  0.219408570254  0.139049486339  0.0929022130315  0.0996529704243  0.104391426213  10.8991467251  3.2948114438  0.0835801763216  0.147977862934  0.0707581794947  13.7478030242  7.89574566643  7.79683519844  2.51283886067  1.83162610863  0.160856190417  -9999.0  -9999.0  -9999.0  -9999.0  -9999.0  -9999.0
-9999.0  -9999.0  -9999.0  -9999.0  -9999.0  -9999.0  -9999.0  -9999.0  -9999.0  -9999.0  -9999.0  -9999.0  -9999.0  -9999.0  -9999.0  -9999.0  -9999.0  -9999.0  0.715920279254  2.15830927429  2.75486195828  3.38968788911  22.9916909376  23.6126235566  24.2542323226  25.0327018294  25.7336438716  27.1594767662  27.6068026373  28.0422964833  28.4305713702  0.364171686334  0.338854863194  0.354236634545  1.23024339039  0.320960036462  0.301212918453  0.240723092355  0.687919753303  0.260769657597  0.198613486683  0.184814548064  0.16155153797  0.322396873214  0.455600320749  72.5033524009  969.017897827  0.0870436316565  0.196222863304  0.0739356374836  0.298893249407  0.172657029897  0.104701086549  0.997782081853  0.64824677309  0.192025699434  0.128544339301  0.349850879391  0.0703100700912  0.226998280741  0.155984262382  0.276776641369  0.0957103502866  0.116840560217  10.9973183344  11.3165962216  16.6824244449  16.5906865076  16.4933827313  0.110980908392  2.24174192711  2.11242779187  0.127269996542  -9999.0  -9999.0  -9999.0  -9999.0  -9999.0  -9999.0  -9999.0
-9999.0  -9999.0  -9999.0  -9999.0  -9999.0  -9999.0  -9999.0  -9999.0  -9999.0  -9999.0  -9999.0  -9999.0  -9999.0  -9999.0  -9999.0  -9999.0  -9999.0  -9999.0  -9999.0  0.614204180459  4.78757092336  9.48924850824  10.1710740861  0.916278869187  1.80683863843  2.69628301365  3.47704162964  8.43037006202  8.8298633957  0.386031638335  0.374257898327  29.1843406559  29.8510453051  30.1623975152  1.4727928917  0.224502386617  0.539014600282  0.791846337888  2.32039299078  2.81655009045  3.19884328518  0.35210631197  0.490534030196  0.162583786223  0.316922757648  0.159758941626  969.295078426  0.0803943923455  0.347095079461  0.175174444347  0.547886554385  1.08282307191  1.2343954613  2.27927660841  0.800347195035  0.745669369054  0.564557337647  0.515761217898  0.114208802032  0.270587071735  0.3588747817  0.320536426612  0.0469166189105  28.8680161781  28.6840866178  28.59030011  17.0040524919  0.152392527786  2.48348967243  1.80971620304  1.21981363125  0.771747045764  0.13506450535  -9999.0  -9999.0  -9999.0  -9999.0  -9999.0  -9999.0  -9999.0
-9999.0  -9999.0  -9999.0  -9999.0  -9999.0  -9999.0  -9999.0  -9999.0  -9999.0  -9999.0  -9999.0  -9999.0  -9999.0  -9999.0  -9999.0  -9999.0  -9999.0  -9999.0  0.672824926138  2.13341608424  4.18655260477  5.47527392111  14.1438004574  14.949942879  1.82904954885  2.7208518289  3.50072027269  4.27537578104  9.25844779726  10.0528270664  17.7541693884  18.3502104612  18.7148782494  30.4845541117  32.7727505773  0.540899783965  0.341926811223  0.328681052169  0.623552357894  0.277656335551  3.71453754182  3.89783131994  0.644654371296  0.856562829648  0.186159131792  208.577726589  208.900212887  1178.37324122  1178.83081014  0.0810184330338  0.72894408094  0.111656057905  0.0982191223342  2.48478872412  3.36479827905  0.692605576184  0.628211787462  0.107910513561  0.0566981155056  0.325291424412  29.5471535463  29.1463032724  29.0951818959  28.9796583731  0.13723645252  0.14051938431  0.159692100051  0.163781180623  0.530617773438  0.359926857322  0.339600630688  0.51215143149  0.162517701374  -9999.0  -9999.0  -9999.0  -9999.0  -9999.0  -9999.0  -9999.0
-9999.0  -9999.0  -9999.0  -9999.0  -9999.0  -9999.0  -9999.0  -9999.0  -9999.0  -9999.0  -9999.0  -9999.0  -9999.0  -9999.0  -9999.0  -9999.0  -9999.0  -9999.0  -9999.0  0.760929940678  0.741779963615  1.41575908859  3.36486982613  15.5891151422  0.934081576531  0.925258597238  1.71132038918  2.49869759611  6.07458596045  6.60778596297  0.373472647307  0.391061230476  19.1581112937  19.5049998263  52.6073953493  52.9090556079  0.200863383957  0.176248849218  0.142818879975  0.144200421391  0.150129080755  205.037588555  206.183441665  207.263907659  207.655453138  208.382427975  0.178885324446  0.666856893726  0.819736897368  1179.90793544  1179.9593452  1180.12572916  1180.303885  1180.4338808  3.52910516885  0.0548665519126  0.211259763711  0.167032985145  0.0425765280266  0.367646532611  29.7150964699  0.117748501968  0.064627270281  0.595026362311  0.534515216683  0.438418837766  0.340655664435  0.186858531949  0.205548381437  0.196854521974  0.175825146295  0.185010363369  -9999.0  -9999.0  -9999.0  -9999.0  -9999.0  -9999.0  -9999.0  -9999.0
-9999.0  -9999.0  -9999.0  -9999.0  -9999.0  -9999.0  -9999.0  -9999.0  -9999.0  -9999.0  -9999.0  -9999.0  -9999.0  -9999.0  -9999.0  -9999.0  -9999.0  -9999.0  -9999.0  -9999.0  0.690795636351  0.717697589983  1.33501262685  18.2204150116  18.9288608897  0.915813942461  1.69799470255  2.49567409739  3.0813720017  0.529192521654  1.01572298511  43.8405390432  44.2234534557  44.5820286287  47.294172019  100.533911809  197.52245022  197.987498575  198.399179479  198.792482941  200.435825755  200.955979847  0.94091167132  0.421903889952  0.241491499829  0.454940118149  0.333398846713  0.525295017184  0.158352516888  4.08635098066  4.40374063186  4.66361957949  4.73256970401  1180.50944441  1184.18777906  1184.59572117  0.284684740259  0.0513790777075  0.499770988801  0.417462942997  29.8162623288  0.0522438013664  1.24644649214  0.578894130774  0.505288855003  0.352013444658  0.181278159647  0.278184325846  0.145665642922  -9999.0  -9999.0  -9999.0  -9999.0  -9999.0  -9999.0  -9999.0  -9999.0  -9999.0  -9999.0  -9999.0
-9999.0  -9999.0  -9999.0  -9999.0  -9999.0  -9999.0  -9999.0  -9999.0  -9999.0  -9999.0  -9999.0  -9999.0  -9999.0  -9999.0  -9999.0  -9999.0  -9999.0  -9999.0  -9999.0  -9999.0  -9999.0  0.708541889719  1.35621429069  2.00663866425  19.4832597087  0.769456441219  26.9042563329  27.7340861623  28.2908155472  28.8214371067  41.8209796324  42.3459251751  0.41520577337  2.0171410386  2.42706546877  0.381754313622  96.51897508  95.8330765273  0.215435955565  0.48990358633  1.30316434735  0.284704138672  0.291919706883  0.217761831961  0.181383296714  0.143942029221  0.16103238123  3.56768279616  3.72902192494  3.92364253269  0.192135603657  0.170643447737  4.82449374344  4.91533303895  4.96610276775  1184.64896985  1184.70149047  0.64168752731  0.545999453843  31.2091499749  31.1634021492  1.29776104491  0.120029193289  0.06114847216  0.893760409579  0.767928535221  0.616331653976  0.410169632681  0.22803893612  0.106018791742  -9999.0  -9999.0  -9999.0  -9999.0  -9999.0  -9999.0  -9999.0  -9999.0  -9999.0  -9999.0
-9999.0  -9999.0  -9999.0  -9999.0  -9999.0  -9999.0  -9999.0  -9999.0  -9999.0  -9999.0  -9999.0  -9999.0  -9999.0  -9999.0  -9999.0  -9999.0  -9999.0  -9999.0  -9999.0  -9999.0  -9999.0  0.654917564897  0.61144866521  3.16543452113  23.9476286528  25.3598617619  26.1181006483  0.838350256946  11.7329795358  12.252374812  12.4802946734  0.491197228664  0.935842318654  1.324886951  22.6807609123  22.980632761  23.2361035186  95.3672039261  57.3985727406  0.267986217263  0.276090844492  0.26577473488  0.208165098702  2.23834098142  2.64826229416  3.01053747555  3.20585769961  3.39383792189  25.0916359094  25.2252704748  25.4014305364  25.8482154941  27.6605483073  27.7293022694  32.7648206309  0.0529714445571  1184.74660942  1184.80671064  0.697251495586  31.2493549778  0.0845549036527  0.0414583116418  0.175856597823  1.36791315775  1.31663625245  0.29140837595  0.151387747849  0.501821876867  0.360249633377  0.105053981316  0.0924750935024  0.0911248177594  -9999.0  -9999.0  -9999.0  -9999.0  -9999.0  -9999.0  -9999.0  -9999.0
-9999.0  -9999.0  -9999.0  -9999.0  -9999.0  -9999.0  -9999.0  -9999.0  -9999.0  -9999.0  -9999.0  -9999.0  -9999.0  -9999.0  -9999.0  -9999.0  -9999.0  -9999.0  -9999.0  -9999.0  -9999.0  -9999.0  1.27859315394  1.94386561088  0.719703820405  0.946026523861  8.73823414402  9.62635731088  10.2812722021  4.71512894364  5.20652701902  5.7184421058  6.14254809369  22.0121461817  22.4051739548  13.8566467105  37.4149329208  37.7179427093  57.1780918782  0.576119542289  0.289195353702  0.209304432421  1.56813641363  1.83068111484  0.156086767457  0.145295095576  24.452680747  24.80002942  24.9647575705  0.226564694759  0.325813484708  27.3623831085  0.197472548924  0.561541188662  0.615755600627  33.4853867126  33.5379754078  34.2385129823  1219.78871051  31.3805296967  1.7521477601  1.70672042995  1.65218991099  1.41710800265  0.0664247752544  0.742769529578  0.644634486421  0.222146181402  0.0998521024204  0.183505876355  0.412214925207  0.228677918373  -9999.0  -9999.0  -9999.0  -9999.0  -9999.0  -9999.0  -9999.0  -9999.0
-9999.0  -9999.0  -9999.0  -9999.0  -9999.0  -9999.0  -9999.0  -9999.0  -9999.0  -9999.0  -9999.0  -9999.0  -9999.0  -9999.0  -9999.0  -9999.0  -9999.0  -9999.0  -9999.0  -9999.0  -9999.0  -9999.0  0.637771304619  1.26393364317  5.35905157398  6.09787517788  6.93746671877  3.50795900023  4.21816039257  0.506565121401  14.5645001768  15.029423563  15.4716502003  0.409024795336  13.1145254603  13.5168859662  0.31474697897  55.682162107  0.641136433204  0.319260649029  0.855112563551  1.14518481578  0.21844346714  0.179898242348  22.6021693395  24.1326583095  24.3378097794  0.210258014922  0.462721393413  0.586119255469  0.704003433191  1.37366863743  0.20258237169  0.465294886685  0.0842363463106  0.16497408995  34.1225575124  34.184253592  1219.85216055  1253.25934243  1.96813432761  0.137315050649  0.0743680767511  0.108728625595  0.0534833857158  0.807564021426  0.4508413535  0.344807407391  1.18195405869  1.05706054125  0.739876705025  0.163025103286  0.0962180616584  -9999.0  -9999.0  -9999.0  -9999.0  -9999.0  -9999.0  -9999.0
-9999.0  -9999.0  -9999.0  -9999.0  -9999.0  -9999.0  -9999.0  -9999.0  -9999.0  -9999.0  -9999.0  -9999.0  -9999.0  -9999.0  -9999.0  -9999.0  -9999.0  -9999.0  -9999.0  -9999.0  -9999.0  -9999.0  0.635926344722  1.99111611884  3.46351180144  0.850050408116  1.76649252841  2.67625662621  12.4994162065  13.1016928161  13.5984475656  0.472552040184  10.5748056799  11.942058222  12.3604091229  0.345746511351  54.3416077013  55.0685941541  0.342989560987  0.319364652772  0.625167121146  0.256064578486  21.4107256043  21.8540334554  22.1104831093  0.98570224024  1.20480699759  0.19080394904  0.336152125159  0.146528127755  1.01908759507  0.144978433378  0.120271095123  0.131044785811  0.131623243024  0.26897858387  0.35373596071  106.123416076  106.289574843  1359.72699258  1359.83866612  1359.93577033  0.108796929126  1.68387962277  1.53859804163  0.63385534366  0.591014651413  0.0784182927517  1.40472019565  0.0997889884953  0.0938928257249  0.0799667335037  0.343445121058  0.144914358792  -9999.0  -9999.0  -9999.0  -9999.0  -9999.0  -9999.0
-9999.0  -9999.0  -9999.0  -9999.0  -9999.0  -9999.0  -9999.0  -9999.0  -9999.0  -9999.0  -9999.0  -9999.0  -9999.0  -9999.0  -9999.0  -9999.0  -9999.0  -9999.0  -9999.0  -9999.0  -9999.0  -9999.0  -9999.0  0.69611324706  0.765367485522  0.94216080568  8.27534908077  9.1479172723  11.7078235508  0.668159645686  8.59622853013  9.67166146817  0.474183886077  0.950364809807  0.381755382413  53.2811478996  0.390874832966  1.09727398046  1.37036340212  1.63105921421  19.7549027402  20.6845683006  20.9684557875  0.28470507587  0.527661708878  0.747656005024  0.134411611041  0.121616274211  52.7384203057  52.8564926815  52.9514541008  53.9200075687  54.0344380834  54.1911471722  54.2900159223  89.7772498043  89.8695873144  106.059448661  0.0975504324773  0.113159312844  0.195739616134  1360.16936329  1360.49897473  1362.28418119  1362.31653001  0.08915514979  0.0509037477461  1.57208231274  1.51703939491  0.0725965770439  0.196593248714  1.41302867631  0.876718182643  0.759212540774  0.201884724721  -9999.0  -9999.0  -9999.0  -9999.0  -9999.0
-9999.0  -9999.0  -9999.0  -9999.0  -9999.0  -9999.0  -9999.0  -9999.0  -9999.0  -9999.0  -9999.0  -9999.0  -9999.0  -9999.0  -9999.0  -9999.0  -9999.0  -9999.0  -9999.0  -9999.0  -9999.0  -9999.0  -9999.0  0.639420144156  1.62572403915  3.46744651956  7.38386341483  0.943434711708  1.7867660083  6.78159236148  7.42990079452  0.560710652941  12.8048879823  13.3029213222  52.079939482  52.49867488  0.376259386599  0.7254002944  3.14955742359  16.9293782104  17.9241833588  0.682764992511  0.326015839259  0.262986419911  45.7883526357  46.2339936589  46.5823661766  46.9279540623  52.6290729029  0.353522538649  53.8095629017  0.188297876809  0.121617496033  0.221411459972  35.2832614534  35.4158727657  15.7370620926  16.0851328216  0.231202431271  0.112935681375  0.126264505571  0.125958566823  0.186643639189  0.0672179777209  1440.56072339  1440.70259643  1.94420103547  1.66908126746  0.0551691925106  2.1693475163  2.01952360677  1.69519084234  0.153510910087  0.185629795516  0.21399131772  -9999.0  -9999.0  -9999.0  -9999.0  -9999.0
-9999.0  -9999.0  -9999.0  -9999.0  -9999.0  -9999.0  -9999.0  -9999.0  -9999.0  -9999.0  -9999.0  -9999.0  -9999.0  -9999.0  -9999.0  -9999.0  -9999.0  -9999.0  -9999.0  -9999.0  -9999.0  -9999.0  -9999.0  -9999.0  1.0828006588  2.09770206263  3.02385946044  5.04564428543  5.91603046517  9.75368965271  11.32103087  11.8138873798  12.2927502431  37.8775701209  38.349663836  0.3762062379  2.45285889902  2.84214871184  13.1712483351  13.5334160938  0.645566915381  0.279265149827  44.4986989911  45.0735360765  45.3357991359  0.241445229782  5.10909996479  5.3137080038  5.52887146183  0.185098004145  0.136539570846  0.104818622482  0.0993673253726  34.8378539797  34.9709298089  0.0990494191801  15.6440817969  15.0281274748  14.9394554063  0.0919705913555  0.0928315111033  0.114823159098  0.185027433767  77.8292411363  78.190078221  1442.73221159  0.158998165765  0.0636662867273  2.29025503584  0.0704648530396  0.401680829485  0.277840998916  0.143094700237  -9999.0  -9999.0  -9999.0  -9999.0  -9999.0  -9999.0  -9999.0
-9999.0  -9999.0  -9999.0  -9999.0  -9999.0  -9999.0  -9999.0  -9999.0  -9999.0  -9999.0  -9999.0  -9999.0  -9999.0  -9999.0  -9999.0  -9999.0  -9999.0  -9999.0  -9999.0  -9999.0  -9999.0  -9999.0  -9999.0  -9999.0  1.06112555504  3.18324753097  4.10914669454  6.03227934854  7.92482940971  8.89950387463  0.812811470712  9.62512564695  36.6248765531  37.3743647101  0.658975304226  1.22108520639  2.13029889272  12.3807620117  12.8116096342  28.6568417435  29.4073130358  44.0976626442  44.2775152136  0.321106503764  4.13999183753  4.67270633576  4.93897265087  0.21457228568  30.4307458367  30.6191945654  31.2055210205  33.7057315012  34.5055404906  34.6463657596  0.173707766683  0.306834208272  0.415399992293  13.1462325329  14.7723433738  1.05964280978  0.960265559203  0.0918364622806  0.110983961205  77.5665995889  0.295311433648  0.150789460674  1442.90840667  0.0328027358447  0.0332359189376  2.83872879309  0.49857779601  0.0995500136369  0.0944486477489  -9999.0  -9999.0  -9999.0  -9999.0  -9999.0  -9999.0  -9999.0
-9999.0  -9999.0  -9999.0  -9999.0  -9999.0  -9999.0  -9999.0  -9999.0  -9999.0  -9999.0  -9999.0  -9999.0  -9999.0  -9999.0  -9999.0  -9999.0  -9999.0  -9999.0  -9999.0  -9999.0  -9999.0  -9999.0  -9999.0  -9999.0  1.10592144525  1.06723783113  4.12224162128  5.03763399313  0.948935077413  7.83303780937  8.75527131813  0.882290277328  25.3224453086  0.835732349441  5.20573646214  11.3109067605  11.9425817866  25.9777430011  26.4500470552  28.2716939876  0.473292817632  14.3820381218  0.256978815162  0.532596722397  3.92628863128  0.298130136013  7.03817917874  30.0498342787  0.227200480595  0.44952695251  1.97981154454  0.243262599686  0.320032511363  0.217453685794  0.129883089506  11.8637411184  12.7048369225  13.0428056416  0.452133814329  0.307353393724  0.571843840138  0.136490287042  77.2225745448  77.3018460545  0.163184416817  0.0754741636973  0.0331824295908  1443.13833474  1446.55605411  3.35659484807  0.472423283637  0.410947742596  0.220297074202  -9999.0  -9999.0  -9999.0  -9999.0  -9999.0  -9999.0  -9999.0
-9999.0  -9999.0  -9999.0  -9999.0  -9999.0  -9999.0  -9999.0  -9999.0  -9999.0  -9999.0  -9999.0  -9999.0  -9999.0  -9999.0  -9999.0  -9999.0  -9999.0  -9999.0  -9999.0  -9999.0  -9999.0  -9999.0  -9999.0  -9999.0  -9999.0  1.05428526809  1.08136581697  1.06236708552  5.8923741898  6.88978595616  11.2165315534  24.5131013661  0.912848350795  2.73049719974  3.63691727301  5.41248184096  1.52562916944  25.3380234412  0.682284957009  1.30948648166  13.4904315911  0.528941404752  2.2469032986  2.76836901933  0.336469818176  0.3088648829  6.85178032786  22.7868636836  0.292219780476  1.08562862438  1.80115548566  0.270985735079  0.194639845607  10.6978706001  11.241307854  0.37624613798  0.7240870448  0.192823074131  0.322309155338  0.179964740582  0.135294590242  0.0911050594547  77.1522096033  0.244748744447  -9999.0  -9999.0  0.0818971514339  0.143217289155  1446.57980318  1446.60204096  1446.8067463  0.112339019425  -9999.0  -9999.0  -9999.0  -9999.0  -9999.0  -9999.0  -9999.0  -9999.0
-9999.0  -9999.0  -9999.0  -9999.0  -9999.0  -9999.0  -9999.0  -9999.0  -9999.0  -9999.0  -9999.0  -9999.0  -9999.0  -9999.0  -9999.0  -9999.0  -9999.0  -9999.0  -9999.0  -9999.0  -9999.0  -9999.0  -9999.0  -9999.0  -9999.0  -9999.0  0.976975682638  2.95972777584  3.85990133123  10.3396610834  3.71728784272  12.3917355272  7.86625757685  0.907816604169  2.7822604476  4.5472395747  0.790754614775  23.1195945181  9.24365751114  11.6251215515  1.34983505546  1.34099541369  0.523850985421  0.394008596515  5.95155592855  6.2641929602  21.9226513914  22.2064138977  0.540949306787  0.82204195035  0.220882220087  8.5247119664  9.65942438299  10.5666635797  0.407309301583  0.186396230643  0.532150728807  0.184805079614  0.13865260359  0.106881389419  76.3099793448  76.5923724275  76.7431149355  0.16598120205  -9999.0  -9999.0  -9999.0  -9999.0  -9999.0  0.0271637814795  1446.81923341  1446.85152341  -9999.0  -9999.0  -9999.0  -9999.0  -9999.0  -9999.0  -9999.0  -9999.0
-9999.0  -9999.0  -9999.0  -9999.0  -9999.0  -9999.0  -9999.0  -9999.0  -9999.0  -9999.0  -9999.0  -9999.0  -9999.0  -9999.0  -9999.0  -9999.0  -9999.0  -9999.0  -9999.0  -9999.0  -9999.0  -9999.0  -9999.0  -9999.0  -9999.0  -9999.0  1.13977991748  1.08564363183  9.50868412444  0.883935525717  2.89559004189  5.03423861067  6.98088886561  0.979233739868  0.939531633053  0.902544986461  21.4360240511  22.3160842542  8.49528288184  1.6770731802  0.783793939626  0.783370833252  5.01216140749  5.6329753772  19.5109178436  20.4885802565  21.3118358477  0.342763706419  0.281067036766  7.91188216213  8.11343969599  8.34549751008  0.985886435194  0.488466616416  0.224755541907  0.217166598614  0.156111630026  1.41124959554  1.51865469321  76.1469980431  76.2345282876  0.209090424919  0.0763804043099  0.0836801824179  -9999.0  -9999.0  -9999.0  -9999.0  -9999.0  -9999.0  -9999.0  -9999.0  -9999.0  -9999.0  -9999.0  -9999.0  -9999.0  -9999.0  -9999.0  -9999.0
-9999.0  -9999.0  -9999.0  -9999.0  -9999.0  -9999.0  -9999.0  -9999.0  -9999.0  -9999.0  -9999.0  -9999.0  -9999.0  -9999.0  -9999.0  -9999.0  -9999.0  -9999.0  -9999.0  -9999.0  -9999.0  -9999.0  -9999.0  -9999.0  -9999.0  -9999.0  -9999.0  2.23605397585  7.51801571713  4.22963255353  1.01833818352  4.10316705798  0.979964115286  3.06284995661  3.93830218166  18.9151079219  20.6569906759  6.82644449242  7.66507821437  0.84691477608  3.55196519061  4.31542538875  11.9605134938  18.4380273656  19.0770880417  0.592520876235  0.443580696917  6.10969822152  6.92690380346  7.69764983282  0.278155301551  0.526341936219  0.777118130758  0.244839685941  0.599661846496  0.950858875817  1.09785718243  1.29777933017  0.129464581864  74.3914825944  0.282503623168  0.131867910645  -9999.0  -9999.0  -9999.0  -9999.0  -9999.0  -9999.0  -9999.0  -9999.0  -9999.0  -9999.0  -9999.0  -9999.0  -9999.0  -9999.0  -9999.0  -9999.0  -9999.0  -9999.0
-9999.0  -9999.0  -9999.0  -9999.0  -9999.0  -9999.0  -9999.0  -9999.0  -9999.0  -9999.0  -9999.0  -9999.0  -9999.0  -9999.0  -9999.0  -9999.0  -9999.0  -9999.0  -9999.0  -9999.0  -9999.0  -9999.0  -9999.0  -9999.0  -9999.0  -9999.0  -9999.0  1.14095677638  1.10031532421  2.06315180685  1.04543494092  2.06694343618  2.08657259158  11.5702412383  12.3653062846  1.8406599424  0.949137180729  5.96760034198  1.85669054769  2.7829471631  9.68269137849  10.4867561288  11.2779083264  5.8003991407  2.24641447916  3.55048561992  4.6573571427  5.79739215802  0.533545921559  0.400010579605  42.3780979566  42.6992940696  42.9520640325  0.230256858344  0.413566782428  0.208445862277  0.154284959705  70.7093804874  71.7274081846  2.05588151535  1.78178062201  0.171242038425  -9999.0  -9999.0  -9999.0  -9999.0  -9999.0  -9999.0  -9999.0  -9999.0  -9999.0  -9999.0  -9999.0  -9999.0  -9999.0  -9999.0  -9999.0  -9999.0  -9999.0  -9999.0
-9999.0  -9999.0  -9999.0  -9999.0  -9999.0  -9999.0  -9999.0  -9999.0  -9999.0  -9999.0  -9999.0  -9999.0  -9999.0  -9999.0  -9999.0  -9999.0  -9999.0  -9999.0  -9999.0  -9999.0  -9999.0  -9999.0  -9999.0  -9999.0  -9999.0  -9999.0  -9999.0  -9999.0  -9999.0  0.950056100135  1.01153911726  1.06694264903  4.30618400729  10.5802789255  5.25894672811  0.994027280202  4.06088497163  5.03169760028  0.922870615509  8.02449107193  8.85775537895  2.62619898412  4.22243532268  0.804257106958  1.50313596071  0.701283233782  0.562117908099  0.544980134501  41.2952065995  41.743589144  42.0841663877  1.68428933534  44.9755516848  45.2863370984  45.5451537514  45.7980574608  46.2156345006  70.5834975235  70.9661853622  0.600091092676  1.60040776383  0.421265072523  -9999.0  -9999.0  -9999.0  -9999.0  -9999.0  -9999.0  -9999.0  -9999.0  -9999.0  -9999.0  -9999.0  -9999.0  -9999.0  -9999.0  -9999.0  -9999.0  -9999.0  -9999.0
-9999.0  -9999.0  -9999.0  -9999.0  -9999.0  -9999.0  -9999.0  -9999.0  -9999.0  -9999.0  -9999.0  -9999.0  -9999.0  -9999.0  -9999.0  -9999.0  -9999.0  -9999.0  -9999.0  -9999.0  -9999.0  -9999.0  -9999.0  -9999.0  -9999.0  -9999.0  -9999.0  -9999.0  -9999.0  -9999.0  -9999.0  1.08835131035  2.21715123444  2.18646980671  2.14574680515  2.10757294604  3.1301570517  5.21484023014  6.15363103213  7.13702871152  0.895029961951  1.80317760257  0.819441354406  0.768771023908  25.1117120987  30.6622777786  31.9339548257  32.5572482459  40.8538206236  0.49956280157  0.919123983702  1.4001750869  7.55143280985  7.86538838487  8.12711053185  17.8734222627  22.0377331897  24.1059624968  0.337327851629  0.327697168146  0.980030869957  0.23923973594  -9999.0  -9999.0  -9999.0  -9999.0  -9999.0  -9999.0  -9999.0  -9999.0  -9999.0  -9999.0  -9999.0  -9999.0  -9999.0  -9999.0  -9999.0  -9999.0  -9999.0  -9999.0
-9999.0  -9999.0  -9999.0  -9999.0  -9999.0  -9999.0  -9999.0  -9999.0  -9999.0  -9999.0  -9999.0  -9999.0  -9999.0  -9999.0  -9999.0  -9999.0  -9999.0  -9999.0  -9999.0  -9999.0  -9999.0  -9999.0  -9999.0  -9999.0  -9999.0  -9999.0  -9999.0  -9999.0  -9999.0  -9999.0  -9999.0  -9999.0  1.11967192512  1.11078246616  1.08505073995  1.05793406143  2.13385527663  4.20882684832  4.08505272485  5.02154202716  5.86889376421  13.5609316349  14.3619101198  23.8485535484  24.5293047836  4.95057175788  0.627517390618  7.20846276807  7.74307825453  3.00326564275  5.79324458959  6.7893984546  7.21571835301  0.387086567964  9.51684771011  18.6775300191  21.8332723496  0.334466559252  1.44893965018  0.259736881014  0.746639675063  -9999.0  -9999.0  -9999.0  -9999.0  -9999.0  -9999.0  -9999.0  -9999.0  -9999.0  -9999.0  -9999.0  -9999.0  -9999.0  -9999.0  -9999.0  -9999.0  -9999.0  -9999.0  -9999.0
-9999.0  -9999.0  -9999.0  -9999.0  -9999.0  -9999.0  -9999.0  -9999.0  -9999.0  -9999.0  -9999.0  -9999.0  -9999.0  -9999.0  -9999.0  -9999.0  -9999.0  -9999.0  -9999.0  -9999.0  -9999.0  -9999.0  -9999.0  -9999.0  -9999.0  -9999.0  -9999.0  -9999.0  -9999.0  -9999.0  -9999.0  -9999.0  -9999.0  -9999.0  -9999.0  1.11461558448  1.05939019787  1.05549822025  3.11158312592  2.99670655395  5.88801128498  6.8476285548  0.885006280671  8.6591030038  3.50410923856  4.27749559849  4.52024362965  6.64542065473  1.87296501256  0.599774362927  2.37067183432  0.561808853547  5.16375534213  6.15952880274  8.80553548851  0.433143981174  1.83157254522  0.659305009426  0.84932786963  0.269074486335  0.512680459989  -9999.0  -9999.0  -9999.0  -9999.0  -9999.0  -9999.0  -9999.0  -9999.0  -9999.0  -9999.0  -9999.0  -9999.0  -9999.0  -9999.0  -9999.0  -9999.0  -9999.0  -9999.0  -9999.0
-9999.0  -9999.0  -9999.0  -9999.0  -9999.0  -9999.0  -9999.0  -9999.0  -9999.0  -9999.0  -9999.0  -9999.0  -9999.0  -9999.0  -9999.0  -9999.0  -9999.0  -9999.0  -9999.0  -9999.0  -9999.0  -9999.0  -9999.0  -9999.0  -9999.0  -9999.0  -9999.0  -9999.0  -9999.0  -9999.0  -9999.0  -9999.0  -9999.0  -9999.0  -9999.0  -9999.0  -9999.0  1.05156410192  0.997583082693  2.00607340767  1.96316219841  5.02261143462  6.86750643727  1.85904260793  2.68337920666  2.36548051947  3.83886925173  1.45286978079  1.30420161308  1.27904380104  0.559820752798  3.04054288877  4.68249729245  0.523298368227  2.17953071619  0.855049664041  0.574825135005  0.293114714451  0.277285440752  0.288330482688  -9999.0  -9999.0  -9999.0  -9999.0  -9999.0  -9999.0  -9999.0  -9999.0  -9999.0  -9999.0  -9999.0  -9999.0  -9999.0  -9999.0  -9999.0  -9999.0  -9999.0  -9999.0  -9999.0  -9999.0
-9999.0  -9999.0  -9999.0  -9999.0  -9999.0  -9999.0  -9999.0  -9999.0  -9999.0  -9999.0  -9999.0  -9999.0  -9999.0  -9999.0  -9999.0  -9999.0  -9999.0  -9999.0  -9999.0  -9999.0  -9999.0  -9999.0  -9999.0  -9999.0  -9999.0  -9999.0  -9999.0  -9999.0  -9999.0  -9999.0  -9999.0  -9999.0  -9999.0  -9999.0  -9999.0  -9999.0  -9999.0  -9999.0  -9999.0  1.0135689008  2.07676608925  4.07699285908  0.948359648062  0.945893222583  0.812199537713  1.62157846818  0.75171911643  0.737715415836  0.683769641749  0.667925051517  1.26486970617  2.50981543375  1.15658093407  1.17909985088  1.70547792958  0.440239941554  0.287995063762  -9999.0  -9999.0  -9999.0  -9999.0  -9999.0  -9999.0  -9999.0  -9999.0  -9999.0  -9999.0  -9999.0  -9999.0  -9999.0  -9999.0  -9999.0  -9999.0  -9999.0  -9999.0  -9999.0  -9999.0  -9999.0  -9999.0  -9999.0
-9999.0  -9999.0  -9999.0  -9999.0  -9999.0  -9999.0  -9999.0  -9999.0  -9999.0  -9999.0  -9999.0  -9999.0  -9999.0  -9999.0  -9999.0  -9999.0  -9999.0  -9999.0  -9999.0  -9999.0  -9999.0  -9999.0  -9999.0  -9999.0  -9999.0  -9999.0  -9999.0  -9999.0  -9999.0  -9999.0  -9999.0  -9999.0  -9999.0  -9999.0  -9999.0  -9999.0  -9999.0  -9999.0  -9999.0  -9999.0  1.02534461985  0.993607570522  -9999.0  -9999.0  -9999.0  -9999.0  -9999.0  -9999.0  -9999.0  -9999.0  0.638140851308  0.617483042971  0.55827755836  0.571157566415  -9999.0  -9999.0  -9999.0  -9999.0  -9999.0  -9999.0  -9999.0  -9999.0  -9999.0  -9999.0  -9999.0  -9999.0  -9999.0  -9999.0  -9999.0  -9999.0  -9999.0  -9999.0  -9999.0  -9999.0  -9999.0  -9999.0  -9999.0  -9999.0  -9999.0  -9999.0
-9999.0  -9999.0  -9999.0  -9999.0  -9999.0  -9999.0  -9999.0  -9999.0  -9999.0  -9999.0  -9999.0  -9999.0  -9999.0  -9999.0  -9999.0  -9999.0  -9999.0  -9999.0  -9999.0  -9999.0  -9999.0  -9999.0  -9999.0  -9999.0  -9999.0  -9999.0  -9999.0  -9999.0  -9999.0  -9999.0  -9999.0  -9999.0  -9999.0  -9999.0  -9999.0  -9999.0  -9999.0  -9999.0  -9999.0  -9999.0  -9999.0  -9999.0  -9999.0  -9999.0  -9999.0  -9999.0  -9999.0  -9999.0  -9999.0  -9999.0  -9999.0  -9999.0  -9999.0  -9999.0  -9999.0  -9999.0  -9999.0  -9999.0  -9999.0  -9999.0  -9999.0  -9999.0  -9999.0  -9999.0  -9999.0  -9999.0  -9999.0  -9999.0  -9999.0  -9999.0  -9999.0  -9999.0  -9999.0  -9999.0  -9999.0  -9999.0  -9999.0  -9999.0  -9999.0  -9999.0
-9999.0  -9999.0  -9999.0  -9999.0  -9999.0  -9999.0  -9999.0  -9999.0  -9999.0  -9999.0  -9999.0  -9999.0  -9999.0  -9999.0  -9999.0  -9999.0  -9999.0  -9999.0  -9999.0  -9999.0  -9999.0  -9999.0  -9999.0  -9999.0  -9999.0  -9999.0  -9999.0  -9999.0  -9999.0  -9999.0  -9999.0  -9999.0  -9999.0  -9999.0  -9999.0  -9999.0  -9999.0  -9999.0  -9999.0  -9999.0  -9999.0  -9999.0  -9999.0  -9999.0  -9999.0  -9999.0  -9999.0  -9999.0  -9999.0  -9999.0  -9999.0  -9999.0  -9999.0  -9999.0  -9999.0  -9999.0  -9999.0  -9999.0  -9999.0  -9999.0  -9999.0  -9999.0  -9999.0  -9999.0  -9999.0  -9999.0  -9999.0  -9999.0  -9999.0  -9999.0  -9999.0  -9999.0  -9999.0  -9999.0  -9999.0  -9999.0  -9999.0  -9999.0  -9999.0  -9999.0
-9999.0  -9999.0  -9999.0  -9999.0  -9999.0  -9999.0  -9999.0  -9999.0  -9999.0  -9999.0  -9999.0  -9999.0  -9999.0  -9999.0  -9999.0  -9999.0  -9999.0  -9999.0  -9999.0  -9999.0  -9999.0  -9999.0  -9999.0  -9999.0  -9999.0  -9999.0  -9999.0  -9999.0  -9999.0  -9999.0  -9999.0  -9999.0  -9999.0  -9999.0  -9999.0  -9999.0  -9999.0  -9999.0  -9999.0  -9999.0  -9999.0  -9999.0  -9999.0  -9999.0  -9999.0  -9999.0  -9999.0  -9999.0  -9999.0  -9999.0  -9999.0  -9999.0  -9999.0  -9999.0  -9999.0  -9999.0  -9999.0  -9999.0  -9999.0  -9999.0  -9999.0  -9999.0  -9999.0  -9999.0  -9999.0  -9999.0  -9999.0  -9999.0  -9999.0  -9999.0  -9999.0  -9999.0  -9999.0  -9999.0  -9999.0  -9999.0  -9999.0  -9999.0  -9999.0  -9999.0
-9999.0  -9999.0  -9999.0  -9999.0  -9999.0  -9999.0  -9999.0  -9999.0  -9999.0  -9999.0  -9999.0  -9999.0  -9999.0  -9999.0  -9999.0  -9999.0  -9999.0  -9999.0  -9999.0  -9999.0  -9999.0  -9999.0  -9999.0  -9999.0  -9999.0  -9999.0  -9999.0  -9999.0  -9999.0  -9999.0  -9999.0  -9999.0  -9999.0  -9999.0  -9999.0  -9999.0  -9999.0  -9999.0  -9999.0  -9999.0  -9999.0  -9999.0  -9999.0  -9999.0  -9999.0  -9999.0  -9999.0  -9999.0  -9999.0  -9999.0  -9999.0  -9999.0  -9999.0  -9999.0  -9999.0  -9999.0  -9999.0  -9999.0  -9999.0  -9999.0  -9999.0  -9999.0  -9999.0  -9999.0  -9999.0  -9999.0  -9999.0  -9999.0  -9999.0  -9999.0  -9999.0  -9999.0  -9999.0  -9999.0  -9999.0  -9999.0  -9999.0  -9999.0  -9999.0  -9999.0
-9999.0  -9999.0  -9999.0  -9999.0  -9999.0  -9999.0  -9999.0  -9999.0  -9999.0  -9999.0  -9999.0  -9999.0  -9999.0  -9999.0  -9999.0  -9999.0  -9999.0  -9999.0  -9999.0  -9999.0  -9999.0  -9999.0  -9999.0  -9999.0  -9999.0  -9999.0  -9999.0  -9999.0  -9999.0  -9999.0  -9999.0  -9999.0  -9999.0  -9999.0  -9999.0  -9999.0  -9999.0  -9999.0  -9999.0  -9999.0  -9999.0  -9999.0  -9999.0  -9999.0  -9999.0  -9999.0  -9999.0  -9999.0  -9999.0  -9999.0  -9999.0  -9999.0  -9999.0  -9999.0  -9999.0  -9999.0  -9999.0  -9999.0  -9999.0  -9999.0  -9999.0  -9999.0  -9999.0  -9999.0  -9999.0  -9999.0  -9999.0  -9999.0  -9999.0  -9999.0  -9999.0  -9999.0  -9999.0  -9999.0  -9999.0  -9999.0  -9999.0  -9999.0  -9999.0  -9999.0
-9999.0  -9999.0  -9999.0  -9999.0  -9999.0  -9999.0  -9999.0  -9999.0  -9999.0  -9999.0  -9999.0  -9999.0  -9999.0  -9999.0  -9999.0  -9999.0  -9999.0  -9999.0  -9999.0  -9999.0  -9999.0  -9999.0  -9999.0  -9999.0  -9999.0  -9999.0  -9999.0  -9999.0  -9999.0  -9999.0  -9999.0  -9999.0  -9999.0  -9999.0  -9999.0  -9999.0  -9999.0  -9999.0  -9999.0  -9999.0  -9999.0  -9999.0  -9999.0  -9999.0  -9999.0  -9999.0  -9999.0  -9999.0  -9999.0  -9999.0  -9999.0  -9999.0  -9999.0  -9999.0  -9999.0  -9999.0  -9999.0  -9999.0  -9999.0  -9999.0  -9999.0  -9999.0  -9999.0  -9999.0  -9999.0  -9999.0  -9999.0  -9999.0  -9999.0  -9999.0  -9999.0  -9999.0  -9999.0  -9999.0  -9999.0  -9999.0  -9999.0  -9999.0  -9999.0  -9999.0
