ncols                  80
nrows                 72
xllcorner      4374000.0
yllcorner      5656000.0
cellsize            500
NODATA_value       -9999
-9999.0  -9999.0  -9999.0  -9999.0  -9999.0  -9999.0  -9999.0  -9999.0  -9999.0  -9999.0  -9999.0  -9999.0  0.43519983114  0.578426147974  -9999.0  -9999.0  -9999.0  -9999.0  -9999.0  -9999.0  -9999.0  -9999.0  -9999.0  -9999.0  -9999.0  -9999.0  -9999.0  -9999.0  -9999.0  -9999.0  -9999.0  -9999.0  -9999.0  -9999.0  -9999.0  -9999.0  -9999.0  -9999.0  -9999.0  -9999.0  -9999.0  -9999.0  -9999.0  -9999.0  -9999.0  -9999.0  -9999.0  -9999.0  -9999.0  -9999.0  -9999.0  -9999.0  -9999.0  -9999.0  -9999.0  -9999.0  -9999.0  -9999.0  -9999.0  -9999.0  -9999.0  -9999.0  -9999.0  -9999.0  -9999.0  -9999.0  -9999.0  -9999.0  -9999.0  -9999.0  -9999.0  -9999.0  -9999.0  -9999.0  -9999.0  -9999.0  -9999.0  -9999.0  -9999.0  -9999.0
-9999.0  -9999.0  -9999.0  -9999.0  -9999.0  -9999.0  -9999.0  -9999.0  -9999.0  -9999.0  -9999.0  -9999.0  0.857825145294  2.37912668765  0.485094942119  -9999.0  0.526641691429  -9999.0  -9999.0  -9999.0  -9999.0  -9999.0  -9999.0  -9999.0  -9999.0  -9999.0  -9999.0  -9999.0  -9999.0  -9999.0  -9999.0  -9999.0  -9999.0  -9999.0  -9999.0  -9999.0  -9999.0  -9999.0  -9999.0  -9999.0  -9999.0  -9999.0  -9999.0  -9999.0  -9999.0  -9999.0  -9999.0  -9999.0  -9999.0  -9999.0  -9999.0  -9999.0  -9999.0  -9999.0  -9999.0  -9999.0  -9999.0  -9999.0  -9999.0  -9999.0  -9999.0  -9999.0  -9999.0  -9999.0  -9999.0  -9999.0  -9999.0  -9999.0  -9999.0  -9999.0  -9999.0  -9999.0  -9999.0  -9999.0  -9999.0  -9999.0  -9999.0  -9999.0  -9999.0  -9999.0
-9999.0  -9999.0  -9999.0  -9999.0  -9999.0  -9999.0  -9999.0  -9999.0  -9999.0  -9999.0  0.364477469054  0.345601823615  0.380970756995  0.380607405847  3.05568766818  3.468799296  1.46054774166  0.474525483656  -9999.0  -9999.0  -9999.0  -9999.0  -9999.0  -9999.0  -9999.0  -9999.0  -9999.0  -9999.0  -9999.0  -9999.0  -9999.0  -9999.0  -9999.0  -9999.0  -9999.0  -9999.0  -9999.0  -9999.0  -9999.0  -9999.0  -9999.0  -9999.0  -9999.0  -9999.0  -9999.0  -9999.0  -9999.0  -9999.0  -9999.0  -9999.0  -9999.0  -9999.0  -9999.0  -9999.0  -9999.0  -9999.0  -9999.0  -9999.0  -9999.0  -9999.0  -9999.0  -9999.0  -9999.0  -9999.0  -9999.0  -9999.0  -9999.0  -9999.0  -9999.0  -9999.0  -9999.0  -9999.0  -9999.0  -9999.0  -9999.0  -9999.0  -9999.0  -9999.0  -9999.0  -9999.0
-9999.0  -9999.0  -9999.0  -9999.0  -9999.0  -9999.0  -9999.0  -9999.0  -9999.0  0.343300797033  0.713593130856  1.4131312208  0.717413150996  0.341634261537  0.661736431466  3.7746965056  6.16030257948  0.474843635439  -9999.0  0.353535211089  -9999.0  -9999.0  -9999.0  -9999.0  0.98371379025  0.515497371631  -9999.0  -9999.0  -9999.0  -9999.0  -9999.0  -9999.0  -9999.0  -9999.0  -9999.0  -9999.0  -9999.0  -9999.0  -9999.0  -9999.0  -9999.0  -9999.0  -9999.0  -9999.0  -9999.0  -9999.0  -9999.0  -9999.0  -9999.0  -9999.0  -9999.0  -9999.0  -9999.0  -9999.0  -9999.0  -9999.0  -9999.0  -9999.0  -9999.0  -9999.0  -9999.0  -9999.0  -9999.0  -9999.0  -9999.0  -9999.0  -9999.0  -9999.0  -9999.0  -9999.0  -9999.0  -9999.0  -9999.0  -9999.0  -9999.0  -9999.0  -9999.0  -9999.0  -9999.0  -9999.0
-9999.0  -9999.0  -9999.0  -9999.0  -9999.0  -9999.0  -9999.0  -9999.0  0.443653972619  1.17521808174  1.50395323013  1.84060231257  2.45109247728  0.301852117367  1.23928447837  1.52408713542  8.40910466498  0.315637434211  0.253910044046  0.637083793053  0.911862509366  0.294310117499  -9999.0  2.36505537582  1.94329160319  0.485908475701  -9999.0  -9999.0  -9999.0  -9999.0  -9999.0  -9999.0  -9999.0  -9999.0  -9999.0  -9999.0  -9999.0  -9999.0  -9999.0  -9999.0  -9999.0  -9999.0  -9999.0  -9999.0  -9999.0  -9999.0  -9999.0  -9999.0  -9999.0  -9999.0  -9999.0  -9999.0  -9999.0  -9999.0  -9999.0  -9999.0  -9999.0  -9999.0  -9999.0  -9999.0  -9999.0  -9999.0  -9999.0  -9999.0  -9999.0  -9999.0  -9999.0  -9999.0  -9999.0  -9999.0  -9999.0  -9999.0  -9999.0  -9999.0  -9999.0  -9999.0  -9999.0  -9999.0  -9999.0  -9999.0
-9999.0  -9999.0  -9999.0  -9999.0  -9999.0  -9999.0  0.419949564032  0.360444194191  0.34125606294  0.354108405404  0.367999460435  2.59563824953  5.39273896429  5.7261445588  5.95652529966  0.21336911443  8.92473428011  9.18806135198  0.535175556118  0.280710743408  1.1789051067  2.03540425783  0.318613397636  3.35405671046  0.298536448361  0.323817213978  0.313138785588  -9999.0  -9999.0  -9999.0  -9999.0  -9999.0  -9999.0  -9999.0  -9999.0  -9999.0  -9999.0  -9999.0  -9999.0  -9999.0  -9999.0  -9999.0  -9999.0  -9999.0  -9999.0  -9999.0  -9999.0  -9999.0  -9999.0  -9999.0  -9999.0  -9999.0  -9999.0  -9999.0  -9999.0  -9999.0  -9999.0  -9999.0  -9999.0  -9999.0  -9999.0  -9999.0  -9999.0  -9999.0  -9999.0  -9999.0  -9999.0  -9999.0  -9999.0  -9999.0  -9999.0  -9999.0  -9999.0  -9999.0  -9999.0  -9999.0  -9999.0  -9999.0  -9999.0  -9999.0
-9999.0  -9999.0  -9999.0  -9999.0  -9999.0  -9999.0  0.853115230034  1.2499174094  2.77492498446  3.78480725819  0.30036804371  0.320091240852  0.300183671591  0.87043913  7.07916729499  0.209884435169  9.43873755487  10.4674249441  0.789986334564  0.51672004015  2.27926330532  0.276486081749  3.62254160092  0.533362319722  0.265759174588  0.575895497045  0.61939702073  0.323870376431  0.340201737359  0.322874171208  0.372064914991  0.741469875851  -9999.0  -9999.0  -9999.0  -9999.0  -9999.0  -9999.0  -9999.0  -9999.0  -9999.0  -9999.0  -9999.0  -9999.0  -9999.0  -9999.0  -9999.0  -9999.0  -9999.0  -9999.0  -9999.0  -9999.0  -9999.0  -9999.0  -9999.0  -9999.0  -9999.0  -9999.0  -9999.0  -9999.0  -9999.0  -9999.0  -9999.0  -9999.0  -9999.0  -9999.0  -9999.0  -9999.0  -9999.0  -9999.0  -9999.0  -9999.0  -9999.0  -9999.0  -9999.0  -9999.0  -9999.0  -9999.0  -9999.0  -9999.0
-9999.0  -9999.0  -9999.0  -9999.0  -9999.0  0.513223162797  0.961189878587  0.443750628881  0.842955864449  4.1980611656  4.87752854039  5.54503694755  19.2324664824  0.291900043295  7.36362517043  29.1540878329  29.3761982364  40.287929531  0.253792234923  0.754962052783  2.5248685535  0.241768209106  6.69884049096  2.81896464924  1.75393238084  1.48054344345  0.299476866427  0.952941282992  0.972238183201  0.644691934543  0.311067451912  1.06780864778  0.30827744824  0.298378476826  -9999.0  -9999.0  -9999.0  -9999.0  -9999.0  -9999.0  -9999.0  -9999.0  -9999.0  -9999.0  -9999.0  -9999.0  -9999.0  -9999.0  -9999.0  -9999.0  -9999.0  -9999.0  -9999.0  -9999.0  -9999.0  -9999.0  -9999.0  -9999.0  -9999.0  -9999.0  -9999.0  -9999.0  -9999.0  -9999.0  -9999.0  -9999.0  -9999.0  -9999.0  -9999.0  -9999.0  -9999.0  -9999.0  -9999.0  -9999.0  -9999.0  -9999.0  -9999.0  -9999.0  -9999.0  -9999.0
-9999.0  -9999.0  -9999.0  -9999.0  -9999.0  0.524457397318  1.48988409192  2.92971912704  3.34830175245  6.64326862964  7.01671649737  8.22895565774  13.4001111643  20.341238518  21.0055344834  21.3165321897  0.495112521592  41.2401752802  41.7436580913  43.018014392  53.2511720726  7.46295633918  6.97437251185  2.02207396486  0.262031026807  1.74521888515  1.21079378058  0.23993070554  1.24352052424  0.266408002695  0.573458790721  1.64388825708  1.93385907572  0.579060249147  0.282293101311  0.270504650087  -9999.0  -9999.0  -9999.0  -9999.0  0.40876592638  0.38893000218  -9999.0  -9999.0  -9999.0  -9999.0  -9999.0  -9999.0  -9999.0  -9999.0  -9999.0  -9999.0  -9999.0  -9999.0  -9999.0  -9999.0  -9999.0  -9999.0  -9999.0  -9999.0  -9999.0  -9999.0  -9999.0  -9999.0  -9999.0  -9999.0  -9999.0  -9999.0  -9999.0  -9999.0  -9999.0  -9999.0  -9999.0  -9999.0  -9999.0  -9999.0  -9999.0  -9999.0  -9999.0  -9999.0
-9999.0  -9999.0  -9999.0  -9999.0  -9999.0  0.490257665274  0.451175860599  2.00247963198  2.43853313518  2.89965761913  0.41832140462  0.81997613559  4.87537553209  0.864789452651  0.370313752598  0.31160239045  0.261223764128  0.317449850289  0.29018803904  0.302689227984  53.5213984054  54.2552787276  0.239505993224  0.75312221406  0.519878199583  1.99139361089  0.490148731921  0.231148300768  1.52021093021  0.519449691322  1.3204188076  3.31718214725  3.06612822881  0.847008169087  0.807427924365  0.287140543536  0.281666536232  -9999.0  -9999.0  0.279813081295  0.794714915484  1.99662830367  0.40903832982  -9999.0  -9999.0  -9999.0  -9999.0  -9999.0  -9999.0  -9999.0  -9999.0  -9999.0  -9999.0  -9999.0  -9999.0  -9999.0  -9999.0  -9999.0  -9999.0  -9999.0  -9999.0  -9999.0  -9999.0  -9999.0  -9999.0  -9999.0  -9999.0  -9999.0  -9999.0  -9999.0  -9999.0  -9999.0  -9999.0  -9999.0  -9999.0  -9999.0  -9999.0  -9999.0  -9999.0  -9999.0
-9999.0  -9999.0  -9999.0  -9999.0  -9999.0  -9999.0  0.540461088489  0.560495497132  0.988405574487  1.4496825305  3.22440465093  4.08535628171  4.52397552604  0.475316884529  0.307562311317  4.44775943289  5.37322064476  5.64781535369  6.84462028338  7.1007931953  0.256020279186  54.516422173  55.7183594895  0.949879398107  0.133376178944  2.18467614276  4.85339351857  1.972944042  0.456309844846  0.231559453795  5.10464433673  3.56462746699  0.229118043222  0.233935309035  1.05068140479  0.825040719419  0.245343694924  0.228207333501  0.265789034111  0.536376426376  0.248810717373  2.41384629658  2.63983006146  0.204831128886  -9999.0  -9999.0  -9999.0  -9999.0  0.251321238226  0.229419252965  0.107685384187  -9999.0  -9999.0  -9999.0  -9999.0  -9999.0  -9999.0  -9999.0  -9999.0  -9999.0  -9999.0  -9999.0  -9999.0  -9999.0  -9999.0  -9999.0  -9999.0  -9999.0  -9999.0  -9999.0  -9999.0  -9999.0  -9999.0  -9999.0  -9999.0  -9999.0  -9999.0  -9999.0  -9999.0  -9999.0
-9999.0  -9999.0  -9999.0  -9999.0  -9999.0  -9999.0  -9999.0  0.508388176176  0.411011421334  0.90696946947  1.37702594863  0.433133355253  0.362731032189  2.42295136446  3.1225032322  3.85209513848  0.33293234695  0.629583640762  0.314100077693  7.37470170578  16.8843485169  17.2784982166  73.5765327063  0.237838504339  0.378019594819  0.112019964142  5.07130646431  0.225287294983  0.693285035615  0.225640692446  5.32916298552  5.55673292024  0.464510348101  0.463608001184  2.6428565762  1.33103091994  0.486219165651  0.25514615952  0.527703321029  0.79308152509  1.26563311994  0.213918551484  3.02960957168  3.20604154427  0.152651962931  0.168316898174  0.179960433338  0.154260313531  0.14429511761  0.653640452718  0.283543181358  0.156616294043  -9999.0  -9999.0  -9999.0  -9999.0  -9999.0  -9999.0  -9999.0  -9999.0  -9999.0  -9999.0  -9999.0  -9999.0  -9999.0  -9999.0  -9999.0  -9999.0  -9999.0  -9999.0  -9999.0  -9999.0  -9999.0  -9999.0  -9999.0  -9999.0  -9999.0  -9999.0  -9999.0  -9999.0
-9999.0  -9999.0  -9999.0  -9999.0  -9999.0  -9999.0  -9999.0  -9999.0  0.914609643874  1.28019398307  0.431056383484  0.897964265666  1.30430927631  2.10478594007  0.401332310846  0.374083442822  0.295845259034  0.299536205349  0.258891212698  8.94095335885  0.325630418815  0.620935661399  74.5983180668  75.1584476628  0.177747123059  0.738308338944  5.99676320723  0.438236061182  0.886122916913  0.397706639675  0.590036358111  6.41108048634  0.663763086574  3.72891485554  3.0758559061  0.223585469599  1.21007050673  0.493754047312  0.754449626271  0.223091859681  1.4785610468  1.87473585568  2.02133851704  2.15677234187  3.77294514444  0.287800006071  0.310391937573  0.270724136111  0.249984517733  0.789594440733  0.150877702714  0.595401621265  0.730793285912  -9999.0  -9999.0  -9999.0  -9999.0  -9999.0  -9999.0  -9999.0  -9999.0  -9999.0  -9999.0  -9999.0  -9999.0  -9999.0  -9999.0  -9999.0  -9999.0  -9999.0  -9999.0  -9999.0  -9999.0  -9999.0  -9999.0  -9999.0  -9999.0  -9999.0  -9999.0  -9999.0
-9999.0  -9999.0  -9999.0  -9999.0  -9999.0  -9999.0  -9999.0  -9999.0  0.501043689065  2.27098619909  2.68103275889  0.408786800713  0.786310325221  0.375568464061  0.32690622896  0.319512073284  4.20183576087  5.5668310654  6.95311000496  8.50674257622  0.363157255682  0.307808484892  0.253743275873  76.5919044401  77.2944521034  77.5030502883  7.93132499132  1.73256379401  1.52286264444  0.180018982946  0.762958965135  7.35623392857  0.178346569137  3.91343513448  0.216797592186  1.60715154226  1.45562047143  0.232335610253  0.98060735115  0.446334376099  0.662963149871  0.176384261997  0.129799442863  2.28969309799  2.40775212339  3.89059154883  0.439387970975  0.390758996102  0.365290645369  0.950572369411  1.2575916621  0.153109765754  0.881239211914  0.167708142026  0.314323024651  0.15258554763  -9999.0  -9999.0  -9999.0  -9999.0  -9999.0  -9999.0  -9999.0  -9999.0  -9999.0  -9999.0  -9999.0  -9999.0  -9999.0  -9999.0  -9999.0  -9999.0  -9999.0  -9999.0  -9999.0  -9999.0  -9999.0  -9999.0  -9999.0  -9999.0
-9999.0  -9999.0  -9999.0  -9999.0  -9999.0  -9999.0  -9999.0  -9999.0  -9999.0  0.540032941034  3.14344261729  3.5401912019  1.16897028103  1.92590508806  2.59424179365  2.93855337973  0.363112273797  1.06328584664  0.707191242413  0.383507276147  0.35991558151  0.298116246087  0.570674873949  0.953879503723  0.324806519217  86.0241086565  86.2100333471  0.165899087136  0.142892550845  0.366929572395  0.548944897812  7.89173193546  0.355674936787  4.07123260571  2.3869979071  1.99939421193  0.210893829895  0.434933705123  1.17445447533  0.193601834768  0.849045784894  0.358810230156  0.197503814735  0.0715369632498  2.66707404571  6.64997695968  0.521518234619  0.475513341799  0.483012949842  0.122723274229  1.38039795708  0.118829112772  1.15907571714  0.141549886978  0.459717925399  0.697550534625  0.0655749559992  0.0678366040481  0.0902243199564  0.101617014732  0.0590783289345  -9999.0  -9999.0  0.030758021094  0.0141028478935  -9999.0  -9999.0  -9999.0  -9999.0  -9999.0  -9999.0  -9999.0  -9999.0  -9999.0  -9999.0  -9999.0  -9999.0  -9999.0  -9999.0  -9999.0
-9999.0  -9999.0  -9999.0  -9999.0  -9999.0  -9999.0  -9999.0  -9999.0  -9999.0  -9999.0  0.412516723314  4.37008182549  0.376780802753  0.753647268184  1.07397243392  1.68937058265  0.314427651536  0.682489136991  0.326490325931  0.294302103913  0.271883203413  0.537943601829  0.231041334179  0.233324809377  0.445863022741  0.267936763562  86.4677398516  86.8397866013  87.3625030268  0.704214277103  0.183806483667  0.366151515219  8.08469096692  7.3515450873  2.78876842952  0.196773341764  0.843851616057  0.637393370128  1.36905121873  0.386491428306  1.5872436388  0.545597108922  0.325747368957  0.0422315690714  0.0815218738302  6.78176724991  6.89766313261  7.98894394256  0.873287313553  0.255866043907  1.51626621623  1.76724307023  3.04320190803  0.277420733373  0.130033716506  0.77830783608  0.908137671553  0.0643953853462  0.123307064217  0.247523819251  0.115936203743  0.0570696634206  0.0569804909006  0.0587806311361  0.030410420543  0.0129624469822  -9999.0  -9999.0  -9999.0  -9999.0  -9999.0  -9999.0  -9999.0  -9999.0  -9999.0  -9999.0  -9999.0  -9999.0  -9999.0  -9999.0
-9999.0  -9999.0  -9999.0  -9999.0  -9999.0  -9999.0  -9999.0  -9999.0  -9999.0  -9999.0  -9999.0  0.302021427749  4.93505020167  0.351511752766  0.668045954832  2.97321091334  0.320155328581  0.313780210254  0.2659078274  0.57862268784  0.290370610625  1.113556096  1.58447947256  1.79558283839  0.629098491872  0.786783045275  0.178282653713  0.228780955943  0.236665162731  88.5190923964  89.038837059  8.23654749279  7.66387319889  7.51103639889  0.320460854996  0.155134164592  1.01988523044  2.74373111399  1.54825604352  0.562858831663  2.32172773031  0.647684266559  0.489974965924  0.0839819525488  0.0308219735239  0.0281019288465  0.0373846861575  8.2512405141  9.47982162777  0.123492221231  0.112987166011  0.129683659467  3.17130415645  3.56574588054  0.226975443122  0.0819414993763  0.939538519372  0.0856423298289  0.232185518559  0.5165952413  0.677414756953  0.784751442843  0.205975743318  0.104718698148  0.0554812813994  0.0308775826739  0.0457262575661  -9999.0  -9999.0  -9999.0  -9999.0  -9999.0  -9999.0  -9999.0  -9999.0  -9999.0  -9999.0  -9999.0  -9999.0  -9999.0
-9999.0  -9999.0  -9999.0  -9999.0  -9999.0  -9999.0  -9999.0  -9999.0  -9999.0  -9999.0  -9999.0  0.271070847336  5.51185693627  6.68939989449  0.32518056993  3.60918494605  0.28440487783  0.264429096748  0.541715056298  1.40550820717  0.274013072798  0.297258072953  0.2285415437  2.24909752064  2.46004025972  3.48392215329  3.82860630253  3.98662550875  4.14769948135  4.33379689383  93.5769873974  102.078152876  109.994032073  110.146450458  0.131337320533  0.15657906937  3.09780942862  2.92246638659  0.174922488352  0.172376116169  2.49280615068  3.31219095986  0.126299482944  1.36840715832  1.2830505537  0.213800723673  0.0955132890177  0.175129517099  0.130586770478  9.68671399612  0.104331084028  0.330540561569  0.40636031752  4.20568408412  4.48463080158  4.63393814107  5.61576141548  0.0368840138389  0.0265382396588  0.0213808726442  0.0211669781079  0.844740108866  1.09689633255  0.0515258741842  0.133221224709  0.0507917240198  0.0817324038178  0.0126733623304  0.0106753610482  -9999.0  -9999.0  -9999.0  -9999.0  -9999.0  -9999.0  -9999.0  -9999.0  -9999.0  -9999.0  -9999.0
-9999.0  -9999.0  -9999.0  -9999.0  -9999.0  -9999.0  -9999.0  -9999.0  -9999.0  -9999.0  -9999.0  0.454789169074  0.849800404934  7.06566304573  7.66410951742  0.302191539646  4.29347812689  0.22979665979  0.71886095006  1.65122244561  0.522040252295  0.246174666081  0.516234435875  0.19688884555  0.37979992878  0.187852296184  0.157055602029  0.104593419369  0.0874416973914  0.0621541440044  0.0465317133905  0.0767903696334  0.122627990913  0.17810393192  110.604642344  3.5343832443  3.28868478755  0.0911653001975  0.487859952639  0.128097517579  0.12893428844  3.46520941391  5.29193944158  1.54216673161  1.20540441537  0.143734609308  0.0491174444503  0.0396062426911  0.125183954665  9.92012093371  10.1176507603  0.104710359883  0.108058260251  0.0745728781785  0.0538427344484  0.104571941238  5.75741807785  5.8297162256  5.89537861935  0.061014346971  0.0399142902095  0.0259066039378  1.12335603822  1.1974559492  0.153609909831  0.0329654680088  0.114993912623  0.0282029851533  0.0195820316219  -9999.0  -9999.0  -9999.0  -9999.0  -9999.0  -9999.0  -9999.0  -9999.0  -9999.0  -9999.0  -9999.0
-9999.0  -9999.0  -9999.0  -9999.0  -9999.0  -9999.0  -9999.0  -9999.0  -9999.0  -9999.0  -9999.0  -9999.0  0.3363457209  5.34291587992  13.3377015376  14.3654703803  18.9605993413  19.3529129887  3.76159312541  2.68068690542  0.774656394689  0.240791048953  0.986956825761  1.20985170522  1.78271468964  0.387978314789  0.338977025676  0.290953760014  0.556714858019  0.236483911215  0.205111288583  0.108832583102  0.0467403558617  0.0393203854025  110.741229683  114.411994734  114.545257625  0.0888970735091  1.26037389002  0.586471863255  0.169444608345  5.82816823791  0.388726118878  0.204573213681  0.852997082296  0.151940096601  0.103028543397  0.186467816168  0.266334789547  0.36291370889  10.2783234779  0.0737974756935  0.0626121441139  0.0621388734106  0.0386721570325  0.0210534222725  0.0719346345939  0.0856274772594  6.03233386658  6.27479501693  0.152804437317  0.0737987587103  0.0500340148838  0.0296233260027  1.43413027365  1.8878963109  0.378137033704  0.13951875169  0.0688294726812  -9999.0  -9999.0  -9999.0  -9999.0  -9999.0  -9999.0  -9999.0  -9999.0  -9999.0  -9999.0  -9999.0
-9999.0  -9999.0  -9999.0  -9999.0  -9999.0  -9999.0  -9999.0  -9999.0  -9999.0  -9999.0  -9999.0  0.406339453003  4.13076855794  4.98047775788  0.72452533295  0.291812701812  0.553316450333  20.1788178607  20.4850452859  24.6183098415  0.212185729688  0.44991647278  0.189249710376  0.193290241806  1.96989365403  2.54437759544  3.0540989305  0.165152682854  0.720619037931  1.11700394907  0.616582955082  0.262010207545  0.149329584115  0.0926490580581  0.0918710713861  0.0390906043404  114.648008462  114.725012005  116.124685663  0.26585781597  0.144679545943  6.04597555315  0.417545251318  0.21815723463  0.246556170993  0.243307269428  0.205890692292  0.317226377698  0.902425500363  1.36984861225  11.7241793947  0.0531681656942  0.160652729416  0.10884517122  0.0807186140406  0.0427476853677  0.0331805097976  0.0277311584977  0.0131060814503  6.29644131735  0.00953238032186  0.0644291088506  0.0216995093127  0.0204224610141  0.0296056246321  1.92944829313  0.075717653394  0.0225023207474  0.0277558527781  0.0114750966695  -9999.0  -9999.0  -9999.0  -9999.0  -9999.0  -9999.0  -9999.0  -9999.0  -9999.0  -9999.0
-9999.0  -9999.0  -9999.0  -9999.0  -9999.0  -9999.0  -9999.0  -9999.0  -9999.0  -9999.0  -9999.0  0.422915809468  3.0001177379  0.445963497168  0.344670769565  2.02126640792  2.30724774778  2.59051004587  2.83711299908  33.3636133359  33.588943073  34.021534978  37.3384090236  37.8787845623  38.1478234027  38.341626876  41.6822436206  42.0706324345  42.2383408161  43.5311756276  44.329083685  44.4834956943  44.8711126412  0.23448819805  0.157966990408  0.0179080394488  0.0175129320612  114.803885182  116.557832625  0.368115753634  7.18575803158  7.03944815564  0.754545288702  0.174409211053  0.175956974765  0.167168326972  0.171400813703  0.344500422434  0.480556349665  0.126878043043  11.7966241767  11.8747022392  12.209427745  12.2708477208  12.4083809857  12.5034087437  0.0389572571188  0.0383823802075  0.0213044860068  6.3178668873  6.34334039265  6.42568957241  6.48652385587  0.0306713846969  2.08844341218  2.02899911548  0.0497754862196  0.886562886643  0.869331582802  0.0413312048131  0.0282597981984  -9999.0  -9999.0  -9999.0  -9999.0  -9999.0  -9999.0  -9999.0  -9999.0  -9999.0
-9999.0  -9999.0  -9999.0  -9999.0  -9999.0  -9999.0  -9999.0  -9999.0  -9999.0  -9999.0  -9999.0  1.60942621197  2.10791781225  0.917026817838  1.32722768477  0.399691701087  4.55427484053  4.85766169129  5.45566694655  5.65718470767  1.88881146984  36.2979587487  36.4995626376  0.144724950217  0.0751476316893  0.059206555672  0.144441400883  0.0670765371501  0.043044213078  0.0402996376376  0.0481200711357  44.5809321067  44.9834365682  45.3950562643  45.7031395203  45.7885657133  0.0244887978018  0.00913690618342  124.030704472  7.40981770565  7.34050430746  0.152361514379  0.138877013583  0.121211068399  0.299113742934  0.291326166374  0.131168756432  0.132684476698  0.125292102323  0.249918841439  0.32276259229  0.0520031199307  0.0944583270497  0.0305800770903  0.010783234889  12.5188672912  12.5825589612  12.6557975428  12.7178444209  12.7505226067  12.7825268078  12.7941845372  0.0118684935306  6.53250701281  0.0326438252643  3.08009579182  0.955510024637  0.0756337247386  0.816747822582  0.72694193528  0.0329817585796  -9999.0  -9999.0  -9999.0  -9999.0  -9999.0  -9999.0  -9999.0  -9999.0  -9999.0
-9999.0  -9999.0  -9999.0  -9999.0  -9999.0  -9999.0  -9999.0  -9999.0  -9999.0  -9999.0  -9999.0  -9999.0  1.09891288345  0.484560834259  0.401729698513  3.94497496578  4.26866945318  0.325559915861  1.22924821275  1.49903593731  1.69654518767  0.244261188245  0.146495181343  4.97484661113  5.08326888151  5.17657077213  13.4087840037  13.4592767935  13.5358292903  14.1993035453  14.4114935798  14.4414970345  0.0389606249757  0.0427179052327  0.0455121078864  45.9027199239  0.0308533974316  125.08633665  125.014353491  0.933070786807  0.850627191616  0.564028953636  0.139863245813  0.244513998478  0.425920408927  0.417658440067  0.253216429325  0.125769927503  0.247777514795  0.248895332648  0.430764151619  0.0701021981477  0.147980240356  0.237774714378  0.259687277772  0.271816846375  0.0111513355387  0.0112928577183  0.0113831940546  0.0116990060076  0.016519887056  12.8186834829  12.850776412  19.3987867826  19.4177078525  3.41812057212  0.293311958772  0.199363858873  0.0496118570788  0.671655576874  0.647447665041  -9999.0  -9999.0  -9999.0  -9999.0  -9999.0  -9999.0  -9999.0  -9999.0  -9999.0
-9999.0  -9999.0  -9999.0  -9999.0  -9999.0  -9999.0  -9999.0  -9999.0  -9999.0  -9999.0  -9999.0  -9999.0  0.584724120404  1.49974029488  1.92185211584  3.16980490602  0.320963612063  0.65884273843  0.958006075226  3.9774723436  4.17610723778  4.29955420503  4.4683068946  4.6934718931  7.32167408232  7.91222169138  8.16957072834  0.0682575263202  0.575347844789  0.636007568839  14.3024107272  14.4859493336  14.5882976332  14.6999116388  14.7662320449  60.7245463516  0.0848271589462  125.296492476  0.0482420581636  0.0185786547128  0.712663307479  0.654649450738  0.0688285795413  0.352172077654  0.539146763818  0.528026632755  0.352697074231  0.57521777326  0.91281403409  0.34969749249  0.874521498729  0.0539351790779  0.0892418978223  0.00601958057952  0.00452179923605  0.289200749749  0.293759223686  0.0173688855592  0.0189260056249  0.0298646551492  0.0103933296898  0.0112220052419  0.0192724525753  25.53020703  25.5110519205  6.03561894174  0.0791655129291  0.492161033279  0.392429633027  0.25336025766  0.630458850822  0.474561271782  -9999.0  -9999.0  -9999.0  -9999.0  -9999.0  -9999.0  -9999.0  -9999.0
-9999.0  -9999.0  -9999.0  -9999.0  -9999.0  -9999.0  -9999.0  -9999.0  -9999.0  -9999.0  -9999.0  -9999.0  0.5098518862  1.00403626978  0.42997871532  0.855357648933  0.330059219903  2.79369754994  3.38514268987  3.70269217729  0.266604289519  0.489728505448  5.83987699678  6.97492317095  7.14644688509  0.397785735514  0.368484646122  0.489403449023  0.0444444447585  0.0356418232884  0.0632561678912  0.0337967581602  10.8789049378  10.9279717973  10.9527718835  60.8773848055  125.713035777  125.311263405  0.0246562761483  0.0153206873687  0.0135099331805  0.101915017886  0.0912844992412  0.392875475557  0.613331364409  1.25295936638  0.111342350841  0.110578198932  0.988784228381  1.06636415632  2.08826564112  2.11842453653  2.21407557353  2.22500087722  0.009600125431  0.0149921367643  0.306871583342  26.19635966  25.8646786374  25.8296102238  25.7618162352  0.0114737360886  25.67142618  0.0448591705233  0.0350407108616  2.51740387883  0.763479115002  0.741595383274  0.142239069381  0.161533379756  0.115927776254  0.446723683145  -9999.0  -9999.0  -9999.0  -9999.0  -9999.0  -9999.0  -9999.0  -9999.0
-9999.0  -9999.0  -9999.0  -9999.0  -9999.0  -9999.0  -9999.0  -9999.0  -9999.0  -9999.0  -9999.0  -9999.0  -9999.0  0.444468033191  0.897154742866  1.36444615991  2.0859430994  0.380576971051  0.31178611888  2.86539264424  3.12567290163  5.43481673585  5.70896331473  0.760497348557  0.221224460518  0.190235225309  0.16739781847  10.6358819069  10.699727063  10.7454623784  10.7753769897  10.8387832168  0.729780173998  0.781875866557  11.7695717731  198.449311138  0.246746966721  0.144750536504  0.0491157650352  0.0159423640237  0.0101960506553  0.126290357616  0.132484844524  0.411385784909  0.00980130761937  1.27080681909  0.153320278305  0.148637943506  0.0104524953448  0.00518154271388  0.00439466365822  0.0101099921812  0.00484937029073  2.23064950644  29.6038461718  27.3416136091  27.2653524727  26.2155040602  0.0084714113327  0.0175921083951  0.0147637340635  25.693781487  0.043578818675  0.017764829472  0.0286477254271  0.0270869146803  1.7028710416  1.65271246025  0.245427607256  0.12765307697  0.176555469533  0.176543858656  -9999.0  -9999.0  -9999.0  -9999.0  -9999.0  -9999.0  -9999.0  -9999.0
-9999.0  -9999.0  -9999.0  -9999.0  -9999.0  -9999.0  -9999.0  -9999.0  -9999.0  -9999.0  -9999.0  -9999.0  -9999.0  -9999.0  0.416081661827  0.940709059575  1.43152303217  1.92696724954  2.24341023457  2.577049249  0.915404922775  1.53076584189  0.265710204428  0.246303614063  9.664614386  10.1074947754  10.2976491421  10.5050280925  0.119514952346  0.188839838389  0.547139503563  0.602848912561  0.662111232928  0.0676128377724  0.0668125639199  198.762060668  0.107150917663  0.0754305267074  0.0371269395185  0.0974838307966  0.0453994716607  0.0251455097646  0.562005103859  0.596080876265  0.0123605965992  1.28902145485  1.4472915405  0.153507533332  30.0716100177  30.0563022393  30.0453371947  30.0146948757  29.9940790184  29.7066657508  29.6810902122  0.0622792157144  1.03359730682  0.998800015789  0.964312964791  0.956464760463  0.643289223251  0.635236174504  0.615107582651  0.194649191707  0.184359395994  0.126812669812  0.0311671290119  1.58256629222  1.42839480936  0.112646962842  0.20760335827  0.0890258803065  -9999.0  -9999.0  -9999.0  -9999.0  -9999.0  -9999.0  -9999.0  -9999.0
-9999.0  -9999.0  -9999.0  -9999.0  -9999.0  -9999.0  -9999.0  -9999.0  -9999.0  -9999.0  -9999.0  -9999.0  -9999.0  -9999.0  0.18821243434  0.389066771351  0.513297679643  5.79192722434  6.11700799805  0.336619670647  0.305371332972  0.306075154339  8.67765282029  9.22315322396  0.243185453714  0.251822021131  0.171642299507  0.737545657756  0.914007270445  0.36817853136  0.454009867705  4.68706375696  4.78192907305  5.02431469333  7.52934408448  206.399773177  0.115208947616  0.0291286141067  0.165950224493  0.132539241715  0.0250004374062  0.0772252587749  0.102539873184  0.622903047893  0.64567747307  2.1310166145  1.45804845407  0.166046233225  30.4749079816  0.149578580434  30.0346781896  30.0255304235  0.267765902544  0.0407021015294  0.0238675623414  0.0123695907534  0.0114776246952  0.0289052295167  0.0143724809319  0.306242132378  0.263784137225  0.014245836147  0.413284568052  0.0494006537843  0.0361614824991  0.0974857594942  0.0460246364062  0.129891380396  1.08837409955  0.902580992351  0.0799747657402  0.100458661186  0.0472981340187  -9999.0  -9999.0  -9999.0  -9999.0  -9999.0  -9999.0  -9999.0
-9999.0  -9999.0  -9999.0  -9999.0  -9999.0  -9999.0  -9999.0  -9999.0  -9999.0  -9999.0  -9999.0  -9999.0  -9999.0  -9999.0  0.915231102919  1.52120651854  2.98128474388  5.34319450375  6.63782510657  7.53219866082  7.84015085655  8.15595242144  8.44276636301  0.258315683291  0.207936913892  0.402326712636  0.365125880299  0.196598083796  4.16491246383  4.33470349155  4.48829516227  4.62490445312  2.18503850532  2.23208335263  2.39811899463  206.49208563  0.230567248877  0.0871553780457  0.285806196647  0.034746534684  0.0771421026507  0.0475460455033  0.023193388007  0.136561735265  0.0173725984301  0.0178665305557  32.7081002529  30.5633638806  30.5448098207  0.0732124786442  0.142655229614  0.0810123786536  0.0106038153189  0.189953053788  0.0375989799304  0.0331432068757  0.0273513082956  0.0203054827942  0.01249152525  0.0325903796658  0.252391132256  0.214038311443  0.178041692424  0.349023133118  0.33764569229  0.329524364479  0.0219548909737  0.0728457366615  0.0785838988521  0.636255922261  0.486599450366  0.272553586875  0.038778411958  -9999.0  -9999.0  -9999.0  -9999.0  -9999.0  -9999.0  -9999.0
-9999.0  -9999.0  -9999.0  -9999.0  -9999.0  -9999.0  -9999.0  -9999.0  -9999.0  -9999.0  -9999.0  -9999.0  -9999.0  -9999.0  0.631513782065  0.622977037676  1.23807466298  1.82050483466  0.457173550549  0.427515002136  0.751182927251  1.06168038346  1.60294936939  1.86942692335  2.08214957927  2.70716386006  2.88685457179  3.0920078226  0.173175259117  1.8587500839  1.9793039468  2.06134909212  0.0505453933359  0.0252635448151  0.0461065360821  208.954629602  209.041059759  209.408674774  0.40532533792  0.0806481774943  0.104502040713  0.0215490123154  0.0417939616947  0.158780897667  0.191776978885  0.0319614930893  32.7951810772  0.0330936774416  0.0397974491919  0.0419501884396  0.0380801055017  0.0569661208988  0.0231532956489  0.147763607552  0.100025121593  0.0678004774949  0.0345619976044  0.0250306817107  0.0148354290934  0.019416453465  0.0245528940071  0.0251054323223  0.165004150601  0.129631357904  0.0962690221489  0.059431145995  0.317929955279  0.258771316735  0.0734124380992  0.0894402124802  0.0726447553245  0.137079047178  0.0557491235111  -9999.0  -9999.0  -9999.0  -9999.0  -9999.0  -9999.0  -9999.0
-9999.0  -9999.0  -9999.0  -9999.0  -9999.0  -9999.0  -9999.0  -9999.0  -9999.0  -9999.0  -9999.0  -9999.0  -9999.0  -9999.0  -9999.0  0.614949370971  1.19204104868  0.526788122177  1.06431623705  6.54928884289  6.88839963429  7.17336614284  0.267783904262  0.270606544254  0.482786089902  0.699688550646  1.04573953997  1.23053106117  1.36461410616  1.52254617072  0.119372280795  0.0860161287488  2.16606847996  2.20851348142  2.2552053697  2.32401175517  2.12014595357  211.814895867  212.596168736  212.637362647  212.777798606  212.920332423  212.981386382  0.0163640509067  0.207596937618  32.8101159606  0.030790313734  0.0157949254664  0.0286843638318  0.0317990834819  0.0503605782805  0.0305516706446  0.01808264231  0.0310445989334  0.0221260843259  0.0253742326839  0.0103918289498  0.00679671021823  0.0288108913758  0.0214492847885  0.0121955495236  0.0117931580654  0.0149573775166  0.016733145443  0.0207990153479  0.0398118524884  0.0511929400349  0.123945843463  0.0259502026249  0.126623108856  0.0488757108975  0.0437390509541  -9999.0  -9999.0  -9999.0  -9999.0  -9999.0  -9999.0  -9999.0  -9999.0
-9999.0  -9999.0  -9999.0  -9999.0  -9999.0  -9999.0  -9999.0  -9999.0  -9999.0  -9999.0  -9999.0  -9999.0  -9999.0  -9999.0  -9999.0  -9999.0  1.76493090383  2.29824017722  3.91832979047  4.98676577863  0.50259357447  8.03697861826  8.29454558992  8.53004393679  0.222903628613  0.431516234945  0.17315036314  1.39352810256  1.50219826782  1.6489035518  1.78457250289  2.07090855898  2.13461061988  0.0395026554369  1.81209766039  1.9604937149  2.05176575987  2.32028577867  0.30108308881  0.170771409216  0.0762948221384  0.0729311282082  213.047474396  213.072792168  213.41975881  32.8251614465  0.100592471445  0.0573792183602  0.0416407504459  0.0101826787711  0.114554935335  0.0512000448411  0.0153199846395  0.0840543950521  0.0714406005686  0.0104902824969  0.0538038527748  0.0495258467561  0.036930895037  0.00697691174308  0.022664441157  0.0175158420596  0.00643978408049  0.0255159262823  0.0190235238709  0.0371047398889  0.0362271983342  0.0139636756352  0.0403595541209  0.499619304184  0.305559438611  0.196860397827  0.0893145981953  -9999.0  -9999.0  -9999.0  -9999.0  -9999.0  -9999.0  -9999.0
-9999.0  -9999.0  -9999.0  -9999.0  -9999.0  -9999.0  -9999.0  -9999.0  -9999.0  -9999.0  -9999.0  -9999.0  -9999.0  -9999.0  -9999.0  -9999.0  0.574528759475  2.85894623886  3.41700160985  0.519633059167  0.310786681512  0.649435708863  0.928476013487  9.71225953504  0.219929319306  0.885183807433  1.06866723766  1.24390825802  0.109912452845  0.242335285507  0.296557141388  1.40762337578  1.54743177312  1.62526528737  0.0750593082708  0.0604942505301  0.0575302046816  0.106089914112  0.0398113459175  0.0414856549655  0.0478211402419  0.0490038434425  0.0480429734161  0.121840191531  213.446881738  246.33484335  0.122523681239  0.0375698641398  0.0123401234449  0.325912607434  0.303337214153  0.170321496945  0.150468965622  0.107922502808  0.0292298523975  0.017459220915  0.0580684981575  0.0236958079911  0.0189151571743  0.00566195607608  0.030997978931  0.0717183791459  0.0553201390477  0.0361594394588  0.0183872098349  0.0950388326078  0.0740493878022  0.027481064351  0.603449148929  0.593789279001  0.0544949034344  0.0486160024681  0.0434774119873  0.0391663864886  -9999.0  -9999.0  -9999.0  -9999.0  -9999.0  -9999.0
-9999.0  -9999.0  -9999.0  -9999.0  -9999.0  -9999.0  -9999.0  -9999.0  -9999.0  -9999.0  -9999.0  -9999.0  -9999.0  -9999.0  -9999.0  0.548541973456  1.62957179095  0.517397611936  0.449256614878  0.375600668687  0.69401913416  1.00548426509  1.31647323367  11.4350847386  11.6453961896  0.21896294287  0.406440260258  0.59788093959  0.726073769038  0.833229780249  1.17249905759  1.334454409  0.0431629726602  0.0495200796541  0.0483393295725  0.0457808759114  0.0522699081102  0.0625016207881  0.0544173250367  0.0766822464483  0.193517186511  0.0922212449004  0.038083383824  0.0377420474313  0.0221115820554  0.0397760079417  247.67920111  1.18267158347  0.445934301662  0.0845804396168  0.0451529091572  0.019871195102  0.051580974564  0.0295262841785  0.012858952694  0.012701054887  0.0810904663634  0.110959500016  0.119432595135  0.00376585962945  0.121163242324  0.084204546141  0.00854084708009  0.00665191958676  0.0195530897697  0.218811123486  0.100938581032  0.043968929308  0.623630896477  0.0245878293339  0.029272584132  0.167658481779  0.0849777974708  0.150419599979  0.0698021778447  -9999.0  -9999.0  -9999.0  -9999.0  -9999.0
-9999.0  -9999.0  -9999.0  -9999.0  -9999.0  -9999.0  -9999.0  -9999.0  -9999.0  -9999.0  -9999.0  -9999.0  -9999.0  -9999.0  0.583937961911  1.11416241799  3.79765832488  0.497729071615  0.932632032018  1.28663586406  1.59202461504  0.328449123781  0.584225426566  0.960082437165  12.9655434255  0.202073315495  0.374015432481  0.550367640475  0.156542080681  0.301502088594  0.337844525773  0.457663934606  19.0340729754  19.1396521139  19.2410960594  19.664982694  19.8188101009  20.1223132461  0.0755313829301  0.18049535557  0.222809076016  20.9554508062  21.0149122938  0.0338438362935  0.0478951418776  0.0618425961664  247.716222726  1.11672941044  0.545560050099  0.482703504554  0.407521745684  0.351025238565  0.0678108541082  0.0195135760588  0.0276132407044  0.0112707654211  0.012075102393  0.0185160189079  0.126747735522  0.260357394431  0.129420375654  0.0224809039673  0.0157867302402  0.0110872098064  0.295309301595  0.258690879075  0.0221979471237  0.715657682042  0.648691636193  0.0470213304151  0.304531456531  0.198213334031  0.224476883581  0.193383159313  0.0400685737285  -9999.0  -9999.0  -9999.0  -9999.0  -9999.0
-9999.0  -9999.0  -9999.0  -9999.0  -9999.0  -9999.0  -9999.0  -9999.0  -9999.0  -9999.0  -9999.0  -9999.0  -9999.0  -9999.0  0.588560820416  1.78312399585  6.16096725026  9.17575401619  0.448359736719  11.8112418563  13.8459629855  0.297033931571  0.550381041028  0.893942077791  15.5613336959  15.8551106677  0.147868131631  0.847241585568  0.979060493266  1.08061849878  18.3066924435  18.4354343099  18.5440181429  0.057199873452  0.314851028965  0.371908331926  0.138191202589  0.191701109657  20.3872011976  20.6431298047  20.6795506027  20.7131227931  21.0497172153  0.0168397653393  0.0141560662609  0.0896560920761  247.74801196  0.0560614515734  0.00811026818095  0.0237740856073  0.0103036758284  0.288488559689  0.272718022554  0.167377452264  0.10758638717  0.0364092351331  0.0123296706273  0.0249540425662  0.00431285321918  0.26592751266  0.0326602138992  0.0271664407955  0.00434667836195  0.0158636134286  0.302932202289  0.0051963057562  0.00553356443035  0.722483814417  0.0119508369598  0.348028033736  0.329733390898  0.302365069685  0.280350642831  0.0267023579375  0.104241735393  0.0327563175477  -9999.0  -9999.0  -9999.0  -9999.0
-9999.0  -9999.0  -9999.0  -9999.0  -9999.0  -9999.0  -9999.0  -9999.0  -9999.0  -9999.0  -9999.0  -9999.0  -9999.0  -9999.0  -9999.0  -9999.0  1.23533477369  2.48293094017  10.8118231673  11.3729993345  14.3395604451  14.796038933  0.281497811726  0.563230184747  1.3304043158  16.1945062029  16.5475657675  16.6662577591  0.0891118766404  17.0473222948  17.1773536551  0.0856020922676  0.0583607601806  0.110679960263  0.212268468605  0.0500153128345  0.0943161266221  0.193127656375  0.234582273201  0.043915649802  0.0262411229843  0.0502479643558  21.2559332637  21.3180228165  21.330428491  21.4586187725  247.774241646  0.0508526465315  0.00448229322402  0.00565349865885  0.00568158061246  0.0059439455746  0.00508820034244  0.00916446236526  0.0236027786797  0.0410605838818  0.0165354589958  0.0128179785715  0.0439019090535  0.326021273853  0.365448526063  0.372523746967  0.398276257569  0.00495546328756  0.308164710766  0.0209267630881  0.0103925833244  0.72866019023  0.746836875695  0.361442109069  0.383788873198  0.328419824028  0.191671632251  0.166749188797  0.139691792705  -9999.0  -9999.0  -9999.0  -9999.0  -9999.0
-9999.0  -9999.0  -9999.0  -9999.0  -9999.0  -9999.0  -9999.0  -9999.0  -9999.0  -9999.0  -9999.0  -9999.0  -9999.0  -9999.0  -9999.0  -9999.0  0.64492641964  0.629945412322  0.59292658133  1.09833022871  0.462837461921  15.7280100388  16.1389506558  0.283416865593  0.521455908414  0.21965839505  0.162119711826  0.154496712323  16.8873433474  0.03798480413  0.079207675964  0.0553393492707  0.0618299723459  0.0518718583804  0.0362817167192  0.0382788889364  0.116118367707  0.160865633945  0.0277350057212  0.023425102413  0.051155082364  0.0881263714817  0.122454588434  0.0356210286156  21.3524995986  21.4716490772  247.795159821  0.121939658722  0.00988832598663  0.00241495478914  0.00757082758757  0.00195826184715  0.00152844965579  0.0109038708647  0.107135477336  0.055687222854  0.00916346133733  0.00738313653277  0.0135385883097  0.00610851188949  0.0036079723273  0.00561410304216  0.00661076635112  0.757088454735  0.334015878159  0.00460113862102  0.00736909068756  0.00340637046794  1.79170554407  1.04054615948  1.03388830451  0.35328535333  0.232502698819  0.0205859824307  -9999.0  -9999.0  -9999.0  -9999.0  -9999.0  -9999.0
-9999.0  -9999.0  -9999.0  -9999.0  -9999.0  -9999.0  -9999.0  -9999.0  -9999.0  -9999.0  -9999.0  -9999.0  -9999.0  -9999.0  -9999.0  -9999.0  -9999.0  -9999.0  0.619212514  1.65307649464  2.11791813692  2.57658739081  16.5853692548  17.0283354949  17.4241689979  17.7613883454  17.9100847066  18.2225149556  18.2603754036  18.2928132767  18.323144074  0.0532532539981  0.0475743891745  0.0504547120126  0.166434655719  0.0445036714443  0.0406084627495  0.0295678451967  0.0837218907373  0.0334285875383  0.0237828692085  0.0216877757992  0.0176402119681  0.0351911403791  0.0505194995475  21.5732269681  269.509143493  0.0587837582519  0.0839423626325  0.0016203244209  0.00986892647898  0.00466582057783  0.00307559311643  0.20831994935  0.184279334162  0.0413727968329  0.0160718988118  0.0277989891821  0.00725620704131  0.0143231170483  0.00698743750543  0.0150987546087  0.00563193534388  0.00809658699044  0.763216708564  0.780270373563  2.00582081606  1.99804069419  1.99202198416  0.00728503561336  0.278629237794  0.269918605232  0.028617546782  -9999.0  -9999.0  -9999.0  -9999.0  -9999.0  -9999.0  -9999.0
-9999.0  -9999.0  -9999.0  -9999.0  -9999.0  -9999.0  -9999.0  -9999.0  -9999.0  -9999.0  -9999.0  -9999.0  -9999.0  -9999.0  -9999.0  -9999.0  -9999.0  -9999.0  -9999.0  0.516255690719  4.07685415197  7.74065456052  8.18146131068  0.457966436039  0.741510941051  0.982323796863  1.15749763765  2.40744223576  2.46241293369  0.0547174704853  0.0505811042711  18.4385769035  18.5331217898  18.575928062  0.195298191588  0.0242446045228  0.0622455055332  0.0907981143946  0.271498906712  0.333369370428  0.378113977109  0.0402745567307  0.0549927328442  0.0181127015111  0.0357818537823  0.0184260499401  269.541550777  0.0368218412368  0.165350167297  0.0234112327837  0.0398686648272  0.22902993607  0.250068183277  0.480829116202  0.141289012286  0.109850177136  0.0500674192656  0.045047574848  0.011906190482  0.0189392697223  0.0211167663898  0.0170812871948  0.0018711892167  2.85530962798  2.84262205411  2.83509346665  2.03022514096  0.0117071586579  0.181439829832  0.128098977131  0.0845161566374  0.0523685038  0.00886122543753  -9999.0  -9999.0  -9999.0  -9999.0  -9999.0  -9999.0  -9999.0
-9999.0  -9999.0  -9999.0  -9999.0  -9999.0  -9999.0  -9999.0  -9999.0  -9999.0  -9999.0  -9999.0  -9999.0  -9999.0  -9999.0  -9999.0  -9999.0  -9999.0  -9999.0  0.574227582332  1.83095837195  3.57518842816  4.66427657113  11.4803171675  11.929837096  0.518375151388  0.758369906683  0.947510114211  1.11377679688  2.50150004936  2.6042804844  4.27032350034  4.39089069749  4.43786736835  18.6164011194  18.902075159  0.0607805048478  0.0419021099576  0.0388289526332  0.0719014437364  0.0315281645166  0.43883802475  0.459739805884  0.0720143277279  0.0986491330271  0.0207481511641  78.6815830088  78.7201733377  348.284037877  348.495148055  0.0519476594432  0.151181905143  0.0645276391654  0.0360139487493  0.52836383801  0.682911639567  0.0870262071827  0.0567792519643  0.0114166983133  0.00612979375617  0.0248321329179  2.89784620019  2.87216731091  2.86854762136  2.86350356902  0.0108180019823  0.00819425218639  0.009109342093  0.0129177050145  0.0430414884562  0.0287311213994  0.0258623238034  0.0395862607875  0.0121928665878  -9999.0  -9999.0  -9999.0  -9999.0  -9999.0  -9999.0  -9999.0
-9999.0  -9999.0  -9999.0  -9999.0  -9999.0  -9999.0  -9999.0  -9999.0  -9999.0  -9999.0  -9999.0  -9999.0  -9999.0  -9999.0  -9999.0  -9999.0  -9999.0  -9999.0  -9999.0  0.654703108358  0.630790578105  1.18888365314  2.80858569682  12.421225488  0.27149019367  0.266688138991  0.454244355168  0.652477968506  1.44526619224  1.51112384861  0.0563165757604  0.0820032982581  4.5028449997  4.54404783675  23.4852415804  23.5183451929  0.0191511098974  0.016739725763  0.0132039107863  0.0133345092815  0.014662001937  78.260607602  78.3919134552  78.5206071289  78.5710338909  78.6577402666  0.0208803613579  0.0744311349075  0.0855701280895  348.619901943  348.638953525  348.691839416  348.717581201  348.744231109  0.69755733546  0.00480383497687  0.0218250462234  0.0174708255183  0.00448288473102  0.0292901542818  2.91104608287  0.00759046175092  0.00273500430174  0.0290649282447  0.026569935357  0.0225218600338  0.0182088469219  0.011545875873  0.0173861324688  0.0157270783663  0.0131349547168  0.0145635591112  -9999.0  -9999.0  -9999.0  -9999.0  -9999.0  -9999.0  -9999.0  -9999.0
-9999.0  -9999.0  -9999.0  -9999.0  -9999.0  -9999.0  -9999.0  -9999.0  -9999.0  -9999.0  -9999.0  -9999.0  -9999.0  -9999.0  -9999.0  -9999.0  -9999.0  -9999.0  -9999.0  -9999.0  0.576043610174  0.603961963487  1.11346169338  14.582415811  14.997658294  0.258203013675  0.447168353254  0.652172554057  0.745212666534  0.0716801142392  0.151710481214  27.0298250889  27.0775252746  27.1360227281  27.5382341586  51.1020276619  77.3897630302  77.4410802963  77.4846873662  77.5264349527  77.7165634591  77.7799370518  0.110475875669  0.0467693609569  0.0300504401766  0.0552393559645  0.0366142801127  0.0595125657462  0.0180871597552  0.437797143216  0.531345052572  0.634876184668  0.639833752605  348.753002595  349.467540197  349.508213644  0.0272956127303  0.00403368544311  0.0421699914506  0.0342502633954  2.92221988194  0.00572021820117  0.0900836319676  0.0577080279815  0.0543201418737  0.0381709315891  0.0173343021393  0.0170336167142  0.00904288974681  -9999.0  -9999.0  -9999.0  -9999.0  -9999.0  -9999.0  -9999.0  -9999.0  -9999.0  -9999.0  -9999.0
-9999.0  -9999.0  -9999.0  -9999.0  -9999.0  -9999.0  -9999.0  -9999.0  -9999.0  -9999.0  -9999.0  -9999.0  -9999.0  -9999.0  -9999.0  -9999.0  -9999.0  -9999.0  -9999.0  -9999.0  -9999.0  0.585519478404  1.11600034545  1.64995504483  15.4262657163  0.317069676954  20.2333328243  20.4489637965  20.518791713  20.6080132892  26.6780196932  26.7868492256  0.0520355965871  0.300851839026  0.357192215543  0.0502029825328  26.2390273203  26.1501119192  0.0231244646041  0.057145300456  0.153718615392  0.0347118294401  0.0367956106549  0.0234419907255  0.0188288456981  0.0138861040064  0.0167144983894  0.38365967618  0.401469063981  0.424358503088  0.0800957496577  0.0889959656526  0.68599988664  0.695141317649  0.698686444945  349.515464871  349.522809459  0.0528665727514  0.0456224693312  3.02615726388  3.0226794074  0.0954815296531  0.00625028812054  0.00265380111453  0.0886218695898  0.0737869866744  0.0530314795774  0.0249065951237  0.0115443840552  0.00507329513152  -9999.0  -9999.0  -9999.0  -9999.0  -9999.0  -9999.0  -9999.0  -9999.0  -9999.0  -9999.0
-9999.0  -9999.0  -9999.0  -9999.0  -9999.0  -9999.0  -9999.0  -9999.0  -9999.0  -9999.0  -9999.0  -9999.0  -9999.0  -9999.0  -9999.0  -9999.0  -9999.0  -9999.0  -9999.0  -9999.0  -9999.0  0.533753754159  0.495332643327  2.56749983482  18.9384483344  19.7102388498  20.0462507101  0.196724852902  5.88092283822  5.94639620989  5.99573088201  0.0897821619549  0.151932049664  0.200326752324  6.05457789269  6.09133648962  6.12080008419  26.0982005728  16.9781630831  0.0330119660476  0.0334491237367  0.0310488403745  0.0219791503183  0.240448925564  0.285049869752  0.323103168474  0.344675968232  0.365177977034  3.82141126587  3.83560029864  3.86243472783  3.92330259797  4.09507963474  4.10007454515  4.80361580514  0.00366944428221  349.529651938  349.537514352  0.0569806137571  3.02919524624  0.0081731648905  0.00428612452108  0.0108695788805  0.142647225887  0.140750365553  0.0380585143516  0.0192887268633  0.0326046119188  0.0189398268036  0.00499494343683  0.00417507905394  0.00406602891747  -9999.0  -9999.0  -9999.0  -9999.0  -9999.0  -9999.0  -9999.0  -9999.0
-9999.0  -9999.0  -9999.0  -9999.0  -9999.0  -9999.0  -9999.0  -9999.0  -9999.0  -9999.0  -9999.0  -9999.0  -9999.0  -9999.0  -9999.0  -9999.0  -9999.0  -9999.0  -9999.0  -9999.0  -9999.0  -9999.0  1.03741568468  1.57765038593  0.47044081303  0.271629578232  5.29394002977  5.49764550097  5.60607329227  1.28675876979  1.32594325262  1.37452287029  1.42946934621  5.9673557138  6.025564713  2.89512670188  9.0558949412  9.0916402445  16.9546335296  0.0660309874916  0.0329572698972  0.0205452646816  0.169039212295  0.197730111739  0.0144898606303  0.0132427422155  3.75372894901  3.78997289772  3.80839319586  0.0260903418683  0.0417207234405  4.07527776324  0.0105100551651  0.0329459353693  0.0364712975899  4.8472586895  4.85091979056  4.89416303756  354.495593978  3.04064467179  0.170253790958  0.166661639074  0.161214662742  0.144549167089  0.00332214578243  0.0630377542517  0.0510513115299  0.0214836361943  0.00629242816846  0.0081723084271  0.0202080258746  0.0120416577711  -9999.0  -9999.0  -9999.0  -9999.0  -9999.0  -9999.0  -9999.0  -9999.0
-9999.0  -9999.0  -9999.0  -9999.0  -9999.0  -9999.0  -9999.0  -9999.0  -9999.0  -9999.0  -9999.0  -9999.0  -9999.0  -9999.0  -9999.0  -9999.0  -9999.0  -9999.0  -9999.0  -9999.0  -9999.0  -9999.0  0.51673074159  1.0204589045  4.03467752919  4.4937192792  4.80614823926  1.10345750535  1.24405528149  0.0506990955666  4.40791219616  4.44620943526  4.48273337915  0.0471971157839  2.79026791829  2.85201021917  0.0381343643924  16.7781026963  0.0796143881702  0.0393984987918  0.094124122012  0.127242586103  0.0219136333968  0.0168892202791  3.56386067322  3.72023072876  3.74315186402  0.0224830808229  0.0441516014795  0.0550340774504  0.065574833875  0.131717075789  0.0122153273871  0.0270963937145  0.0053464362161  0.0104814452538  4.8861599202  4.89039538971  354.503658332  357.74034743  0.188294114649  0.0131769378192  0.00704948799426  0.00675956036468  0.00188315919758  0.0656637415622  0.0463567059181  0.0367365980086  0.0723950283223  0.0582660401781  0.0417970848655  0.0106804334221  0.00430077655335  -9999.0  -9999.0  -9999.0  -9999.0  -9999.0  -9999.0  -9999.0
-9999.0  -9999.0  -9999.0  -9999.0  -9999.0  -9999.0  -9999.0  -9999.0  -9999.0  -9999.0  -9999.0  -9999.0  -9999.0  -9999.0  -9999.0  -9999.0  -9999.0  -9999.0  -9999.0  -9999.0  -9999.0  -9999.0  0.509773339544  1.55639390923  2.5624638106  0.44647996996  0.690414215365  0.919263532558  4.1979879249  4.27790606921  4.32094855245  0.0342035263669  2.54349725346  2.65676562346  2.69867212192  0.0194100657865  16.6095110874  16.7047352993  0.0417534624119  0.0362773807914  0.0707847202139  0.0258137356447  3.44724095402  3.49096846017  3.51803203996  0.101164097544  0.123468833248  0.0184337958108  0.0322047728177  0.0139216225133  0.0974756897296  0.0147823695809  0.00716750566804  0.00714899772021  0.00738746065307  0.0150631943898  0.0202596279733  20.7697521734  20.7863288277  378.547994358  378.562090217  378.574723037  0.00946838968596  0.138665699023  0.128640901575  0.058428990462  0.0570288951621  0.00813925159656  0.0903282835588  0.00488650694783  0.00418942551129  0.00318049823355  0.0174528843853  0.00840172210435  -9999.0  -9999.0  -9999.0  -9999.0  -9999.0  -9999.0
-9999.0  -9999.0  -9999.0  -9999.0  -9999.0  -9999.0  -9999.0  -9999.0  -9999.0  -9999.0  -9999.0  -9999.0  -9999.0  -9999.0  -9999.0  -9999.0  -9999.0  -9999.0  -9999.0  -9999.0  -9999.0  -9999.0  -9999.0  0.51577781945  0.509154259148  0.408040948545  3.19396280806  3.41156624305  4.02667875918  0.103593607143  2.36826390653  2.48327048816  0.0387523464465  0.0851836917427  0.0230635068364  16.5272985384  0.0324559984407  0.0995801051937  0.12434073008  0.147108694704  3.30506357094  3.37414491151  3.4045399616  0.0311429099627  0.0558693027565  0.0772298877088  0.0114623601606  0.0101230132022  12.526369675  12.5370291387  12.5456889557  12.641232857  12.6526450559  12.6638405603  12.6701007304  19.194596437  19.2032904906  20.7652701818  0.0117129299536  0.0130120461797  0.0217494027385  378.603252927  378.632282277  378.781798592  378.788561621  0.00409260612241  0.00169830076225  0.0996660825825  0.0972094785761  0.00282733317241  0.0115121187417  0.0872284544495  0.0597286455734  0.0537510179858  0.0152622080675  -9999.0  -9999.0  -9999.0  -9999.0  -9999.0
-9999.0  -9999.0  -9999.0  -9999.0  -9999.0  -9999.0  -9999.0  -9999.0  -9999.0  -9999.0  -9999.0  -9999.0  -9999.0  -9999.0  -9999.0  -9999.0  -9999.0  -9999.0  -9999.0  -9999.0  -9999.0  -9999.0  -9999.0  0.422033227476  0.823437204965  1.68537454505  2.96527444727  0.256835971729  0.449871006191  2.13164973232  2.22080153841  0.0636297107018  3.68575174784  3.72574963872  16.4462308532  16.4757119133  0.0258885395395  0.0502123229378  0.257200146861  3.10436886068  3.14495121663  0.0525555756383  0.0285173496549  0.0212175625263  11.8558899835  11.897142134  11.9293014116  11.961498626  12.5166963773  0.0338841766171  12.6307533619  0.0196968526422  0.0117957065666  0.0213453333708  6.50488684045  6.51924138965  1.50817082489  1.55049448939  0.0292349519849  0.0142760542713  0.0166274911016  0.00908167336163  0.0129606394564  0.00425128742973  392.982169261  392.994230643  0.134330056087  0.102992960614  0.00194500698774  0.147388052644  0.137594143067  0.110216789729  0.00869533868876  0.012393716103  0.0163676629276  -9999.0  -9999.0  -9999.0  -9999.0  -9999.0
-9999.0  -9999.0  -9999.0  -9999.0  -9999.0  -9999.0  -9999.0  -9999.0  -9999.0  -9999.0  -9999.0  -9999.0  -9999.0  -9999.0  -9999.0  -9999.0  -9999.0  -9999.0  -9999.0  -9999.0  -9999.0  -9999.0  -9999.0  -9999.0  0.356004799411  0.688734453818  0.959384347356  1.7290747969  1.92672837722  3.21725975623  3.53539643524  3.60196052399  3.64135867368  12.6517598458  12.6900094396  0.0182620835359  0.225778655964  0.248450850954  2.81753233427  2.83508082437  0.023785761331  0.00729959464206  11.7797410388  11.7991910552  11.8181194146  0.0229532073549  0.497147662785  0.516353496536  0.538489805433  0.0179197383347  0.012712214574  0.00913645074287  0.00850692321359  6.46006518339  6.47482548135  0.00957836424127  1.49880394694  1.43943698883  1.43021813212  0.0110304230036  0.0143676052135  0.017036487042  0.0232208503213  14.16126365  14.1855377419  393.137654838  0.0208663091245  0.00561858341427  0.152750222201  0.00344172461689  0.0381774697433  0.0228955274375  0.00772474089883  -9999.0  -9999.0  -9999.0  -9999.0  -9999.0  -9999.0  -9999.0
-9999.0  -9999.0  -9999.0  -9999.0  -9999.0  -9999.0  -9999.0  -9999.0  -9999.0  -9999.0  -9999.0  -9999.0  -9999.0  -9999.0  -9999.0  -9999.0  -9999.0  -9999.0  -9999.0  -9999.0  -9999.0  -9999.0  -9999.0  -9999.0  0.316927727569  1.05456368094  1.47429735224  2.20524097365  2.76386206227  3.02464821276  0.174769469224  3.33314222811  12.4696515017  12.6099333172  0.095706677246  0.14749322115  0.212723036508  2.77879135752  2.80358222951  8.39024919617  8.44807369628  11.754205029  11.7740067071  0.0124387644291  0.432038778295  0.456407858722  0.482213347202  0.0193298286322  6.12997215818  6.14751034237  6.19086056425  6.35091713547  6.4176108718  6.43637573919  0.0149995905117  0.0283248669115  0.0392788762327  1.24074790638  1.41094373759  0.127054661703  0.116595190919  0.014776177795  0.0135182492719  14.1328659587  0.0196967402514  0.00782843934532  393.151432818  0.00280289012843  0.00253791278018  0.202132479728  0.047479005253  0.0116244476215  0.00512910897868  -9999.0  -9999.0  -9999.0  -9999.0  -9999.0  -9999.0  -9999.0
-9999.0  -9999.0  -9999.0  -9999.0  -9999.0  -9999.0  -9999.0  -9999.0  -9999.0  -9999.0  -9999.0  -9999.0  -9999.0  -9999.0  -9999.0  -9999.0  -9999.0  -9999.0  -9999.0  -9999.0  -9999.0  -9999.0  -9999.0  -9999.0  0.374443587414  0.35166679083  1.44677051119  1.90847162743  0.308603411449  2.9090140794  3.13196779834  0.19469696904  8.77529224819  0.181354185157  1.23865416389  2.66880233418  2.75663073155  8.09166974141  8.12616553792  8.37480307596  0.0513840820473  3.29821405565  0.00903930253856  0.0195929400411  0.424593942235  0.0149668219743  1.25178532924  6.09579021177  0.0106835185053  0.0309443596879  0.114299262506  0.0233510976318  0.0233866294407  0.0139505109241  0.00936317176256  1.17397417314  1.21278974072  1.23045992302  0.030837953207  0.0341786292447  0.061798965092  0.0194865152592  14.0851832979  14.0996799268  0.0135104759437  0.00431485606304  0.00202623001958  393.169988613  393.427232906  0.247944900125  0.0436212952042  0.0416936338829  0.0203655006704  -9999.0  -9999.0  -9999.0  -9999.0  -9999.0  -9999.0  -9999.0
-9999.0  -9999.0  -9999.0  -9999.0  -9999.0  -9999.0  -9999.0  -9999.0  -9999.0  -9999.0  -9999.0  -9999.0  -9999.0  -9999.0  -9999.0  -9999.0  -9999.0  -9999.0  -9999.0  -9999.0  -9999.0  -9999.0  -9999.0  -9999.0  -9999.0  0.343421274603  0.370736459847  0.344319375082  2.35965967974  2.65774651274  3.9588218355  8.61205640962  0.243033296827  0.731532294139  0.927660439001  1.32050139312  0.279878025245  8.0008585823  0.0958710825979  0.199457696998  3.20725756876  0.0691693582971  0.338050971062  0.373899483896  0.0176846278181  0.0137332400176  1.24402516344  4.83477952898  0.0158846788933  0.0524558752807  0.096763881194  0.0185478756893  0.00711399468881  1.11782783065  1.14068694075  0.016867856469  0.0327269203901  0.00936745673106  0.0184524369893  0.0200217096319  0.0155078697586  0.015245312763  14.072905602  0.0439641444132  -9999.0  -9999.0  0.00441307781364  0.00787260725367  393.43329575  393.439363429  393.451091657  0.00488622163536  -9999.0  -9999.0  -9999.0  -9999.0  -9999.0  -9999.0  -9999.0  -9999.0
-9999.0  -9999.0  -9999.0  -9999.0  -9999.0  -9999.0  -9999.0  -9999.0  -9999.0  -9999.0  -9999.0  -9999.0  -9999.0  -9999.0  -9999.0  -9999.0  -9999.0  -9999.0  -9999.0  -9999.0  -9999.0  -9999.0  -9999.0  -9999.0  -9999.0  -9999.0  0.39077807082  1.31291750489  1.699908338  3.71175349622  1.48592363501  4.38453896638  2.5352678946  0.241538541976  0.728118793219  1.15018724796  0.16536518115  7.61760582569  2.40784376047  2.8958060742  0.245995029171  0.243330204494  0.071750779441  0.0281197999674  1.20358299923  1.21789021487  4.79197992295  4.80516026154  0.0240958800838  0.0382540374483  0.00903569546391  1.03598376982  1.07461864249  1.11402877816  0.018213854086  0.00828299060345  0.023452300234  0.00857856129858  0.00548756738753  0.00569301466352  13.9802636664  13.9911509447  14.0009952483  0.0301624306505  -9999.0  -9999.0  -9999.0  -9999.0  -9999.0  0.00198132729471  393.455807476  393.460257654  -9999.0  -9999.0  -9999.0  -9999.0  -9999.0  -9999.0  -9999.0  -9999.0
-9999.0  -9999.0  -9999.0  -9999.0  -9999.0  -9999.0  -9999.0  -9999.0  -9999.0  -9999.0  -9999.0  -9999.0  -9999.0  -9999.0  -9999.0  -9999.0  -9999.0  -9999.0  -9999.0  -9999.0  -9999.0  -9999.0  -9999.0  -9999.0  -9999.0  -9999.0  0.425182381742  0.35954390264  3.28963694827  0.469671679477  1.13244799446  1.69515993577  2.27053478824  0.279213654335  0.250571757174  0.219464478452  7.23707242605  7.44929562473  2.26643584804  0.37044333788  0.166430302535  0.16185471831  1.11186238257  1.19334912159  4.57898103563  4.68724006711  4.76038941952  0.0202865402383  0.0127231139  1.01508536357  1.02149481045  1.03002536928  0.0337937937118  0.0210334219689  0.0104018365279  0.00959792303125  0.00567864534537  0.0412828087234  0.0434894376659  13.9721299812  13.9749380225  0.00618328535072  0.00447769408657  0.0151656667148  -9999.0  -9999.0  -9999.0  -9999.0  -9999.0  -9999.0  -9999.0  -9999.0  -9999.0  -9999.0  -9999.0  -9999.0  -9999.0  -9999.0  -9999.0  -9999.0
-9999.0  -9999.0  -9999.0  -9999.0  -9999.0  -9999.0  -9999.0  -9999.0  -9999.0  -9999.0  -9999.0  -9999.0  -9999.0  -9999.0  -9999.0  -9999.0  -9999.0  -9999.0  -9999.0  -9999.0  -9999.0  -9999.0  -9999.0  -9999.0  -9999.0  -9999.0  -9999.0  0.797008965805  2.50378480033  1.36563418291  0.323965075901  1.307976925  0.287513853292  0.943666267184  1.14506837579  6.43322292331  6.99914656641  1.91648742362  2.09556289947  0.191857005726  0.837371011944  0.985447213708  3.08331660907  4.43570616123  4.53630652261  0.0818586351268  0.0444706828094  0.879862922372  0.960877489415  1.00862767039  0.00972721139566  0.0168724580122  0.0254412490429  0.00912452426379  0.0159570327795  0.0251556977969  0.0295638130844  0.0381209639222  0.00417117955082  13.9183799267  0.00996222239  0.0033095270054  -9999.0  -9999.0  -9999.0  -9999.0  -9999.0  -9999.0  -9999.0  -9999.0  -9999.0  -9999.0  -9999.0  -9999.0  -9999.0  -9999.0  -9999.0  -9999.0  -9999.0  -9999.0
-9999.0  -9999.0  -9999.0  -9999.0  -9999.0  -9999.0  -9999.0  -9999.0  -9999.0  -9999.0  -9999.0  -9999.0  -9999.0  -9999.0  -9999.0  -9999.0  -9999.0  -9999.0  -9999.0  -9999.0  -9999.0  -9999.0  -9999.0  -9999.0  -9999.0  -9999.0  -9999.0  0.434716460193  0.367133119848  0.647983300678  0.352080854199  0.656787863246  0.681539634385  3.88841119858  4.26865403748  0.694811849493  0.246926650112  1.7253606722  0.460982806092  0.686169924106  2.64218710534  2.80700954918  2.96678139224  1.24127939869  0.415345644225  0.592888689368  0.720647960635  0.866308438479  0.0675339812705  0.0247370819762  9.85552085417  9.86993117216  9.87812077231  0.00587090105102  0.0100707268219  0.00539573429054  0.00410212208293  13.6823071478  13.769796469  0.116651450155  0.0859011996291  0.00697054471147  -9999.0  -9999.0  -9999.0  -9999.0  -9999.0  -9999.0  -9999.0  -9999.0  -9999.0  -9999.0  -9999.0  -9999.0  -9999.0  -9999.0  -9999.0  -9999.0  -9999.0  -9999.0
-9999.0  -9999.0  -9999.0  -9999.0  -9999.0  -9999.0  -9999.0  -9999.0  -9999.0  -9999.0  -9999.0  -9999.0  -9999.0  -9999.0  -9999.0  -9999.0  -9999.0  -9999.0  -9999.0  -9999.0  -9999.0  -9999.0  -9999.0  -9999.0  -9999.0  -9999.0  -9999.0  -9999.0  -9999.0  0.252162084496  0.286830658225  0.383804556273  1.48078086015  3.61419879722  1.82158409079  0.288674530201  1.21468184802  1.48472060985  0.224010419014  2.29350201426  2.4742583573  0.599827706103  0.921016457984  0.166508561629  0.276692159604  0.104602836379  0.0670260100891  0.0636003201254  9.76759747564  9.80996368662  9.84514718762  0.199347217705  10.1123540311  10.1386889551  10.1574736121  10.1767249112  10.2041454616  13.6767175984  13.7059728911  0.0500212551444  0.0769430965336  0.0206562052554  -9999.0  -9999.0  -9999.0  -9999.0  -9999.0  -9999.0  -9999.0  -9999.0  -9999.0  -9999.0  -9999.0  -9999.0  -9999.0  -9999.0  -9999.0  -9999.0  -9999.0  -9999.0
-9999.0  -9999.0  -9999.0  -9999.0  -9999.0  -9999.0  -9999.0  -9999.0  -9999.0  -9999.0  -9999.0  -9999.0  -9999.0  -9999.0  -9999.0  -9999.0  -9999.0  -9999.0  -9999.0  -9999.0  -9999.0  -9999.0  -9999.0  -9999.0  -9999.0  -9999.0  -9999.0  -9999.0  -9999.0  -9999.0  -9999.0  0.420521144153  0.768395298301  0.755877826113  0.717549774994  0.673004045175  0.981579567429  1.58328936254  1.81483515149  2.09264753908  0.20624700234  0.421659673903  0.167591250006  0.137987834629  6.73189395554  7.919250326  8.13242086227  8.21831778115  9.72442115536  0.0628735749742  0.110791119377  0.172443579975  1.20426233225  1.23603420405  1.26118974643  2.83951374907  3.28567995506  3.44912888834  0.0333534946317  0.0273034016925  0.048620824565  0.0128691085283  -9999.0  -9999.0  -9999.0  -9999.0  -9999.0  -9999.0  -9999.0  -9999.0  -9999.0  -9999.0  -9999.0  -9999.0  -9999.0  -9999.0  -9999.0  -9999.0  -9999.0  -9999.0
-9999.0  -9999.0  -9999.0  -9999.0  -9999.0  -9999.0  -9999.0  -9999.0  -9999.0  -9999.0  -9999.0  -9999.0  -9999.0  -9999.0  -9999.0  -9999.0  -9999.0  -9999.0  -9999.0  -9999.0  -9999.0  -9999.0  -9999.0  -9999.0  -9999.0  -9999.0  -9999.0  -9999.0  -9999.0  -9999.0  -9999.0  -9999.0  0.389526135461  0.391389686046  0.363357127583  0.342853777358  0.673122403779  1.30714801636  1.24136770025  1.48034351124  1.66072302164  3.78527636886  3.95032085946  6.52935091893  6.65390264573  1.10461237737  0.108828953128  1.34842780114  1.42998378561  0.501265482185  0.961749689907  1.10987130493  1.16807482219  0.0480807767918  1.55813274581  2.94582122126  3.26826292376  0.0389653836256  0.104749433112  0.0141063995285  0.0390974548185  -9999.0  -9999.0  -9999.0  -9999.0  -9999.0  -9999.0  -9999.0  -9999.0  -9999.0  -9999.0  -9999.0  -9999.0  -9999.0  -9999.0  -9999.0  -9999.0  -9999.0  -9999.0  -9999.0
-9999.0  -9999.0  -9999.0  -9999.0  -9999.0  -9999.0  -9999.0  -9999.0  -9999.0  -9999.0  -9999.0  -9999.0  -9999.0  -9999.0  -9999.0  -9999.0  -9999.0  -9999.0  -9999.0  -9999.0  -9999.0  -9999.0  -9999.0  -9999.0  -9999.0  -9999.0  -9999.0  -9999.0  -9999.0  -9999.0  -9999.0  -9999.0  -9999.0  -9999.0  -9999.0  0.377025529795  0.331242636906  0.338885552907  0.972367572573  0.881099101218  1.67591883733  1.94799542056  0.214207151814  2.40697275412  0.826781725188  0.98440920051  0.876757753092  1.26252623411  0.319279925882  0.102166248383  0.408663577026  0.0926566778409  0.87691646323  1.02976919164  1.47120888323  0.0578876681714  0.18520741873  0.0572402570475  0.0534961181889  0.01499699377  0.027523281822  -9999.0  -9999.0  -9999.0  -9999.0  -9999.0  -9999.0  -9999.0  -9999.0  -9999.0  -9999.0  -9999.0  -9999.0  -9999.0  -9999.0  -9999.0  -9999.0  -9999.0  -9999.0  -9999.0
-9999.0  -9999.0  -9999.0  -9999.0  -9999.0  -9999.0  -9999.0  -9999.0  -9999.0  -9999.0  -9999.0  -9999.0  -9999.0  -9999.0  -9999.0  -9999.0  -9999.0  -9999.0  -9999.0  -9999.0  -9999.0  -9999.0  -9999.0  -9999.0  -9999.0  -9999.0  -9999.0  -9999.0  -9999.0  -9999.0  -9999.0  -9999.0  -9999.0  -9999.0  -9999.0  -9999.0  -9999.0  0.328572383664  0.286099367154  0.593383017046  0.552492631647  1.48203077759  1.9623082583  0.486734842192  0.65614705133  0.469765914365  0.760701784216  0.267727310745  0.23178622301  0.237348647089  0.0895295485237  0.544930424422  0.80735740962  0.0858900709377  0.370630588353  0.101220297336  0.0313033341577  0.0181164715449  0.016473689273  0.0186520307261  -9999.0  -9999.0  -9999.0  -9999.0  -9999.0  -9999.0  -9999.0  -9999.0  -9999.0  -9999.0  -9999.0  -9999.0  -9999.0  -9999.0  -9999.0  -9999.0  -9999.0  -9999.0  -9999.0  -9999.0
-9999.0  -9999.0  -9999.0  -9999.0  -9999.0  -9999.0  -9999.0  -9999.0  -9999.0  -9999.0  -9999.0  -9999.0  -9999.0  -9999.0  -9999.0  -9999.0  -9999.0  -9999.0  -9999.0  -9999.0  -9999.0  -9999.0  -9999.0  -9999.0  -9999.0  -9999.0  -9999.0  -9999.0  -9999.0  -9999.0  -9999.0  -9999.0  -9999.0  -9999.0  -9999.0  -9999.0  -9999.0  -9999.0  -9999.0  0.294616483994  0.64624677057  1.23513648372  0.258238714734  0.251427336586  0.158810090124  0.331243126716  0.153468562635  0.141703743728  0.127168663386  0.131744457798  0.237553378195  0.465543720008  0.19378752478  0.210975067452  0.297008277217  0.0507951746236  0.0145059493837  -9999.0  -9999.0  -9999.0  -9999.0  -9999.0  -9999.0  -9999.0  -9999.0  -9999.0  -9999.0  -9999.0  -9999.0  -9999.0  -9999.0  -9999.0  -9999.0  -9999.0  -9999.0  -9999.0  -9999.0  -9999.0  -9999.0  -9999.0
-9999.0  -9999.0  -9999.0  -9999.0  -9999.0  -9999.0  -9999.0  -9999.0  -9999.0  -9999.0  -9999.0  -9999.0  -9999.0  -9999.0  -9999.0  -9999.0  -9999.0  -9999.0  -9999.0  -9999.0  -9999.0  -9999.0  -9999.0  -9999.0  -9999.0  -9999.0  -9999.0  -9999.0  -9999.0  -9999.0  -9999.0  -9999.0  -9999.0  -9999.0  -9999.0  -9999.0  -9999.0  -9999.0  -9999.0  -9999.0  0.315928451153  0.279849278353  -9999.0  -9999.0  -9999.0  -9999.0  -9999.0  -9999.0  -9999.0  -9999.0  0.121670678472  0.111211646623  0.0874068320212  0.100217100738  -9999.0  -9999.0  -9999.0  -9999.0  -9999.0  -9999.0  -9999.0  -9999.0  -9999.0  -9999.0  -9999.0  -9999.0  -9999.0  -9999.0  -9999.0  -9999.0  -9999.0  -9999.0  -9999.0  -9999.0  -9999.0  -9999.0  -9999.0  -9999.0  -9999.0  -9999.0
-9999.0  -9999.0  -9999.0  -9999.0  -9999.0  -9999.0  -9999.0  -9999.0  -9999.0  -9999.0  -9999.0  -9999.0  -9999.0  -9999.0  -9999.0  -9999.0  -9999.0  -9999.0  -9999.0  -9999.0  -9999.0  -9999.0  -9999.0  -9999.0  -9999.0  -9999.0  -9999.0  -9999.0  -9999.0  -9999.0  -9999.0  -9999.0  -9999.0  -9999.0  -9999.0  -9999.0  -9999.0  -9999.0  -9999.0  -9999.0  -9999.0  -9999.0  -9999.0  -9999.0  -9999.0  -9999.0  -9999.0  -9999.0  -9999.0  -9999.0  -9999.0  -9999.0  -9999.0  -9999.0  -9999.0  -9999.0  -9999.0  -9999.0  -9999.0  -9999.0  -9999.0  -9999.0  -9999.0  -9999.0  -9999.0  -9999.0  -9999.0  -9999.0  -9999.0  -9999.0  -9999.0  -9999.0  -9999.0  -9999.0  -9999.0  -9999.0  -9999.0  -9999.0  -9999.0  -9999.0
-9999.0  -9999.0  -9999.0  -9999.0  -9999.0  -9999.0  -9999.0  -9999.0  -9999.0  -9999.0  -9999.0  -9999.0  -9999.0  -9999.0  -9999.0  -9999.0  -9999.0  -9999.0  -9999.0  -9999.0  -9999.0  -9999.0  -9999.0  -9999.0  -9999.0  -9999.0  -9999.0  -9999.0  -9999.0  -9999.0  -9999.0  -9999.0  -9999.0  -9999.0  -9999.0  -9999.0  -9999.0  -9999.0  -9999.0  -9999.0  -9999.0  -9999.0  -9999.0  -9999.0  -9999.0  -9999.0  -9999.0  -9999.0  -9999.0  -9999.0  -9999.0  -9999.0  -9999.0  -9999.0  -9999.0  -9999.0  -9999.0  -9999.0  -9999.0  -9999.0  -9999.0  -9999.0  -9999.0  -9999.0  -9999.0  -9999.0  -9999.0  -9999.0  -9999.0  -9999.0  -9999.0  -9999.0  -9999.0  -9999.0  -9999.0  -9999.0  -9999.0  -9999.0  -9999.0  -9999.0
-9999.0  -9999.0  -9999.0  -9999.0  -9999.0  -9999.0  -9999.0  -9999.0  -9999.0  -9999.0  -9999.0  -9999.0  -9999.0  -9999.0  -9999.0  -9999.0  -9999.0  -9999.0  -9999.0  -9999.0  -9999.0  -9999.0  -9999.0  -9999.0  -9999.0  -9999.0  -9999.0  -9999.0  -9999.0  -9999.0  -9999.0  -9999.0  -9999.0  -9999.0  -9999.0  -9999.0  -9999.0  -9999.0  -9999.0  -9999.0  -9999.0  -9999.0  -9999.0  -9999.0  -9999.0  -9999.0  -9999.0  -9999.0  -9999.0  -9999.0  -9999.0  -9999.0  -9999.0  -9999.0  -9999.0  -9999.0  -9999.0  -9999.0  -9999.0  -9999.0  -9999.0  -9999.0  -9999.0  -9999.0  -9999.0  -9999.0  -9999.0  -9999.0  -9999.0  -9999.0  -9999.0  -9999.0  -9999.0  -9999.0  -9999.0  -9999.0  -9999.0  -9999.0  -9999.0  -9999.0
-9999.0  -9999.0  -9999.0  -9999.0  -9999.0  -9999.0  -9999.0  -9999.0  -9999.0  -9999.0  -9999.0  -9999.0  -9999.0  -9999.0  -9999.0  -9999.0  -9999.0  -9999.0  -9999.0  -9999.0  -9999.0  -9999.0  -9999.0  -9999.0  -9999.0  -9999.0  -9999.0  -9999.0  -9999.0  -9999.0  -9999.0  -9999.0  -9999.0  -9999.0  -9999.0  -9999.0  -9999.0  -9999.0  -9999.0  -9999.0  -9999.0  -9999.0  -9999.0  -9999.0  -9999.0  -9999.0  -9999.0  -9999.0  -9999.0  -9999.0  -9999.0  -9999.0  -9999.0  -9999.0  -9999.0  -9999.0  -9999.0  -9999.0  -9999.0  -9999.0  -9999.0  -9999.0  -9999.0  -9999.0  -9999.0  -9999.0  -9999.0  -9999.0  -9999.0  -9999.0  -9999.0  -9999.0  -9999.0  -9999.0  -9999.0  -9999.0  -9999.0  -9999.0  -9999.0  -9999.0
-9999.0  -9999.0  -9999.0  -9999.0  -9999.0  -9999.0  -9999.0  -9999.0  -9999.0  -9999.0  -9999.0  -9999.0  -9999.0  -9999.0  -9999.0  -9999.0  -9999.0  -9999.0  -9999.0  -9999.0  -9999.0  -9999.0  -9999.0  -9999.0  -9999.0  -9999.0  -9999.0  -9999.0  -9999.0  -9999.0  -9999.0  -9999.0  -9999.0  -9999.0  -9999.0  -9999.0  -9999.0  -9999.0  -9999.0  -9999.0  -9999.0  -9999.0  -9999.0  -9999.0  -9999.0  -9999.0  -9999.0  -9999.0  -9999.0  -9999.0  -9999.0  -9999.0  -9999.0  -9999.0  -9999.0  -9999.0  -9999.0  -9999.0  -9999.0  -9999.0  -9999.0  -9999.0  -9999.0  -9999.0  -9999.0  -9999.0  -9999.0  -9999.0  -9999.0  -9999.0  -9999.0  -9999.0  -9999.0  -9999.0  -9999.0  -9999.0  -9999.0  -9999.0  -9999.0  -9999.0
-9999.0  -9999.0  -9999.0  -9999.0  -9999.0  -9999.0  -9999.0  -9999.0  -9999.0  -9999.0  -9999.0  -9999.0  -9999.0  -9999.0  -9999.0  -9999.0  -9999.0  -9999.0  -9999.0  -9999.0  -9999.0  -9999.0  -9999.0  -9999.0  -9999.0  -9999.0  -9999.0  -9999.0  -9999.0  -9999.0  -9999.0  -9999.0  -9999.0  -9999.0  -9999.0  -9999.0  -9999.0  -9999.0  -9999.0  -9999.0  -9999.0  -9999.0  -9999.0  -9999.0  -9999.0  -9999.0  -9999.0  -9999.0  -9999.0  -9999.0  -9999.0  -9999.0  -9999.0  -9999.0  -9999.0  -9999.0  -9999.0  -9999.0  -9999.0  -9999.0  -9999.0  -9999.0  -9999.0  -9999.0  -9999.0  -9999.0  -9999.0  -9999.0  -9999.0  -9999.0  -9999.0  -9999.0  -9999.0  -9999.0  -9999.0  -9999.0  -9999.0  -9999.0  -9999.0  -9999.0
