ncols                  80
nrows                 72
xllcorner      4374000.0
yllcorner      5656000.0
cellsize            500
NODATA_value       -9999
-9999.0  -9999.0  -9999.0  -9999.0  -9999.0  -9999.0  -9999.0  -9999.0  -9999.0  -9999.0  -9999.0  -9999.0  0.761606345415  0.664143713206  -9999.0  -9999.0  -9999.0  -9999.0  -9999.0  -9999.0  -9999.0  -9999.0  -9999.0  -9999.0  -9999.0  -9999.0  -9999.0  -9999.0  -9999.0  -9999.0  -9999.0  -9999.0  -9999.0  -9999.0  -9999.0  -9999.0  -9999.0  -9999.0  -9999.0  -9999.0  -9999.0  -9999.0  -9999.0  -9999.0  -9999.0  -9999.0  -9999.0  -9999.0  -9999.0  -9999.0  -9999.0  -9999.0  -9999.0  -9999.0  -9999.0  -9999.0  -9999.0  -9999.0  -9999.0  -9999.0  -9999.0  -9999.0  -9999.0  -9999.0  -9999.0  -9999.0  -9999.0  -9999.0  -9999.0  -9999.0  -9999.0  -9999.0  -9999.0  -9999.0  -9999.0  -9999.0  -9999.0  -9999.0  -9999.0  -9999.0
-9999.0  -9999.0  -9999.0  -9999.0  -9999.0  -9999.0  -9999.0  -9999.0  -9999.0  -9999.0  -9999.0  -9999.0  1.55550436864  3.4501683326  0.553608256704  -9999.0  0.462559249879  -9999.0  -9999.0  -9999.0  -9999.0  -9999.0  -9999.0  -9999.0  -9999.0  -9999.0  -9999.0  -9999.0  -9999.0  -9999.0  -9999.0  -9999.0  -9999.0  -9999.0  -9999.0  -9999.0  -9999.0  -9999.0  -9999.0  -9999.0  -9999.0  -9999.0  -9999.0  -9999.0  -9999.0  -9999.0  -9999.0  -9999.0  -9999.0  -9999.0  -9999.0  -9999.0  -9999.0  -9999.0  -9999.0  -9999.0  -9999.0  -9999.0  -9999.0  -9999.0  -9999.0  -9999.0  -9999.0  -9999.0  -9999.0  -9999.0  -9999.0  -9999.0  -9999.0  -9999.0  -9999.0  -9999.0  -9999.0  -9999.0  -9999.0  -9999.0  -9999.0  -9999.0  -9999.0  -9999.0
-9999.0  -9999.0  -9999.0  -9999.0  -9999.0  -9999.0  -9999.0  -9999.0  -9999.0  -9999.0  0.713662877609  0.681359543462  0.732054958236  0.732144560398  4.77047882786  5.27623889387  1.22211848955  0.379902385524  -9999.0  -9999.0  -9999.0  -9999.0  -9999.0  -9999.0  -9999.0  -9999.0  -9999.0  -9999.0  -9999.0  -9999.0  -9999.0  -9999.0  -9999.0  -9999.0  -9999.0  -9999.0  -9999.0  -9999.0  -9999.0  -9999.0  -9999.0  -9999.0  -9999.0  -9999.0  -9999.0  -9999.0  -9999.0  -9999.0  -9999.0  -9999.0  -9999.0  -9999.0  -9999.0  -9999.0  -9999.0  -9999.0  -9999.0  -9999.0  -9999.0  -9999.0  -9999.0  -9999.0  -9999.0  -9999.0  -9999.0  -9999.0  -9999.0  -9999.0  -9999.0  -9999.0  -9999.0  -9999.0  -9999.0  -9999.0  -9999.0  -9999.0  -9999.0  -9999.0  -9999.0  -9999.0
-9999.0  -9999.0  -9999.0  -9999.0  -9999.0  -9999.0  -9999.0  -9999.0  -9999.0  0.67453773837  1.3917819644  2.77337615483  1.40151510267  0.677818017718  1.30775538032  5.86025692218  7.98343011305  0.447835694556  -9999.0  0.671871514146  -9999.0  -9999.0  -9999.0  -9999.0  0.835984772362  0.430920425716  -9999.0  -9999.0  -9999.0  -9999.0  -9999.0  -9999.0  -9999.0  -9999.0  -9999.0  -9999.0  -9999.0  -9999.0  -9999.0  -9999.0  -9999.0  -9999.0  -9999.0  -9999.0  -9999.0  -9999.0  -9999.0  -9999.0  -9999.0  -9999.0  -9999.0  -9999.0  -9999.0  -9999.0  -9999.0  -9999.0  -9999.0  -9999.0  -9999.0  -9999.0  -9999.0  -9999.0  -9999.0  -9999.0  -9999.0  -9999.0  -9999.0  -9999.0  -9999.0  -9999.0  -9999.0  -9999.0  -9999.0  -9999.0  -9999.0  -9999.0  -9999.0  -9999.0  -9999.0  -9999.0
-9999.0  -9999.0  -9999.0  -9999.0  -9999.0  -9999.0  -9999.0  -9999.0  0.80410852636  2.21669804873  2.85867935761  3.50279166198  4.8001976418  0.588746043341  2.44503896784  2.98549429603  11.8672181591  0.453660971966  0.45742058539  1.21075639386  1.7200656273  0.543888126654  -9999.0  2.16398674657  1.79063848032  0.490877793472  -9999.0  -9999.0  -9999.0  -9999.0  -9999.0  -9999.0  -9999.0  -9999.0  -9999.0  -9999.0  -9999.0  -9999.0  -9999.0  -9999.0  -9999.0  -9999.0  -9999.0  -9999.0  -9999.0  -9999.0  -9999.0  -9999.0  -9999.0  -9999.0  -9999.0  -9999.0  -9999.0  -9999.0  -9999.0  -9999.0  -9999.0  -9999.0  -9999.0  -9999.0  -9999.0  -9999.0  -9999.0  -9999.0  -9999.0  -9999.0  -9999.0  -9999.0  -9999.0  -9999.0  -9999.0  -9999.0  -9999.0  -9999.0  -9999.0  -9999.0  -9999.0  -9999.0  -9999.0  -9999.0
-9999.0  -9999.0  -9999.0  -9999.0  -9999.0  -9999.0  0.774049373651  0.683132765341  0.669515832572  0.690045001321  0.703574669043  4.92965008414  10.3982975418  11.0447626044  11.5684828313  0.531933441096  12.8743825365  13.3440791139  0.98574156839  0.537835230743  2.21662758518  3.78645354328  0.485118043661  3.66822200017  0.547241048435  0.521795585305  0.568301196383  -9999.0  -9999.0  -9999.0  -9999.0  -9999.0  -9999.0  -9999.0  -9999.0  -9999.0  -9999.0  -9999.0  -9999.0  -9999.0  -9999.0  -9999.0  -9999.0  -9999.0  -9999.0  -9999.0  -9999.0  -9999.0  -9999.0  -9999.0  -9999.0  -9999.0  -9999.0  -9999.0  -9999.0  -9999.0  -9999.0  -9999.0  -9999.0  -9999.0  -9999.0  -9999.0  -9999.0  -9999.0  -9999.0  -9999.0  -9999.0  -9999.0  -9999.0  -9999.0  -9999.0  -9999.0  -9999.0  -9999.0  -9999.0  -9999.0  -9999.0  -9999.0  -9999.0  -9999.0
-9999.0  -9999.0  -9999.0  -9999.0  -9999.0  -9999.0  1.56357349404  2.29645282778  5.13753433063  7.10719383625  0.573702461407  0.61676413787  0.567042043129  1.64353658522  13.6790241457  0.433339019615  13.769938371  15.6550772257  1.43042762084  0.961660674231  4.22251363678  0.49429722233  4.14983861846  0.919246370857  0.45886061071  0.957232042303  1.12850489074  0.59025139498  0.617741488502  0.58960574  0.647567051906  1.29043488054  -9999.0  -9999.0  -9999.0  -9999.0  -9999.0  -9999.0  -9999.0  -9999.0  -9999.0  -9999.0  -9999.0  -9999.0  -9999.0  -9999.0  -9999.0  -9999.0  -9999.0  -9999.0  -9999.0  -9999.0  -9999.0  -9999.0  -9999.0  -9999.0  -9999.0  -9999.0  -9999.0  -9999.0  -9999.0  -9999.0  -9999.0  -9999.0  -9999.0  -9999.0  -9999.0  -9999.0  -9999.0  -9999.0  -9999.0  -9999.0  -9999.0  -9999.0  -9999.0  -9999.0  -9999.0  -9999.0  -9999.0  -9999.0
-9999.0  -9999.0  -9999.0  -9999.0  -9999.0  0.877314703684  1.68437273467  0.802394418972  1.53614051482  7.8625594272  9.1455456658  10.4236497637  34.7604684959  0.555630826119  14.1925819366  53.5485604924  53.9711420797  70.3638565014  0.45294795579  1.38416144924  4.66059310916  0.430279941086  9.51973814777  4.90709027121  3.04756106353  2.57444858781  0.542007986901  1.74803666478  1.77945564105  1.17970369344  0.554528397105  1.86842955466  0.532315031903  0.51518233224  -9999.0  -9999.0  -9999.0  -9999.0  -9999.0  -9999.0  -9999.0  -9999.0  -9999.0  -9999.0  -9999.0  -9999.0  -9999.0  -9999.0  -9999.0  -9999.0  -9999.0  -9999.0  -9999.0  -9999.0  -9999.0  -9999.0  -9999.0  -9999.0  -9999.0  -9999.0  -9999.0  -9999.0  -9999.0  -9999.0  -9999.0  -9999.0  -9999.0  -9999.0  -9999.0  -9999.0  -9999.0  -9999.0  -9999.0  -9999.0  -9999.0  -9999.0  -9999.0  -9999.0  -9999.0  -9999.0
-9999.0  -9999.0  -9999.0  -9999.0  -9999.0  0.888479058254  2.577768966  5.10184145855  5.86767470571  11.6248373181  12.327612604  14.5563433856  23.8089128771  36.6400063193  37.8661597048  38.4376658024  0.96158215004  72.1121185765  72.9866694986  75.3451891402  91.2559726488  10.8497686465  9.99995868091  3.51328190454  0.454023251818  3.12937898555  2.18463005348  0.407746782878  2.25696171736  0.484491702187  1.02971414599  2.87010380911  3.37098797979  0.999482692017  0.478021141241  0.467086264494  -9999.0  -9999.0  -9999.0  -9999.0  0.430825007545  0.386871226605  -9999.0  -9999.0  -9999.0  -9999.0  -9999.0  -9999.0  -9999.0  -9999.0  -9999.0  -9999.0  -9999.0  -9999.0  -9999.0  -9999.0  -9999.0  -9999.0  -9999.0  -9999.0  -9999.0  -9999.0  -9999.0  -9999.0  -9999.0  -9999.0  -9999.0  -9999.0  -9999.0  -9999.0  -9999.0  -9999.0  -9999.0  -9999.0  -9999.0  -9999.0  -9999.0  -9999.0  -9999.0  -9999.0
-9999.0  -9999.0  -9999.0  -9999.0  -9999.0  0.85387114989  0.811489913862  3.42144091198  4.20718963311  5.02069417679  0.760486058119  1.50029505997  8.71183972809  1.48291837057  0.680286332552  0.575955519997  0.478868178832  0.561418408587  0.496003376865  0.538886459476  91.701668715  92.963101441  0.414765145674  1.30365363256  0.901538056581  3.53990611886  0.829686793343  0.38509583205  2.73816588006  0.968894350466  2.40874151109  5.81870148072  5.33011995217  1.46453072988  1.39248262928  0.49685963496  0.491682268707  -9999.0  -9999.0  0.507301854964  0.928382352446  2.13607551866  0.417299092287  -9999.0  -9999.0  -9999.0  -9999.0  -9999.0  -9999.0  -9999.0  -9999.0  -9999.0  -9999.0  -9999.0  -9999.0  -9999.0  -9999.0  -9999.0  -9999.0  -9999.0  -9999.0  -9999.0  -9999.0  -9999.0  -9999.0  -9999.0  -9999.0  -9999.0  -9999.0  -9999.0  -9999.0  -9999.0  -9999.0  -9999.0  -9999.0  -9999.0  -9999.0  -9999.0  -9999.0  -9999.0
-9999.0  -9999.0  -9999.0  -9999.0  -9999.0  -9999.0  0.905136570403  0.905951589946  1.70979273903  2.53397068204  5.72954946978  7.28689424352  8.05600969974  0.759670953086  0.560955618505  8.06159185603  9.74198971474  10.2336466719  12.3664316504  12.8154330822  0.434990250199  93.4114384561  95.5546898185  1.71550447484  0.370906797489  3.9064276838  8.52072700183  3.46429980317  0.752512079888  0.386077899957  9.02471940598  6.22856376956  0.382625055681  0.374045592707  1.78893107374  1.42865720276  0.435801585238  0.388479116437  0.479679498593  0.971981967012  0.455754557258  2.59851236568  3.02020114726  0.368216978494  -9999.0  -9999.0  -9999.0  -9999.0  0.46869725817  0.42906784621  0.193749505863  -9999.0  -9999.0  -9999.0  -9999.0  -9999.0  -9999.0  -9999.0  -9999.0  -9999.0  -9999.0  -9999.0  -9999.0  -9999.0  -9999.0  -9999.0  -9999.0  -9999.0  -9999.0  -9999.0  -9999.0  -9999.0  -9999.0  -9999.0  -9999.0  -9999.0  -9999.0  -9999.0  -9999.0  -9999.0
-9999.0  -9999.0  -9999.0  -9999.0  -9999.0  -9999.0  -9999.0  0.867627303811  0.779195430615  1.63663728241  2.45762502454  0.781953400903  0.664445001991  4.35903450174  5.63954163808  6.97708653409  0.598751416591  1.1408857683  0.559610896171  13.3030949069  29.2205523855  29.6062067027  125.972486651  0.404752061165  1.04131106818  0.322004407211  8.84983413152  0.364935379367  1.14547539153  0.372896082535  9.39477668346  9.76828593481  0.771426462012  0.757866327432  4.54762564683  2.31045668252  0.821927343052  0.432609480533  0.951597149528  1.43611821459  2.30914811829  0.398627623844  3.72732567619  4.05693133574  0.293431719722  0.329324192895  0.35529677022  0.306972321365  0.291201864468  1.23056848841  0.551852244077  0.368514919759  -9999.0  -9999.0  -9999.0  -9999.0  -9999.0  -9999.0  -9999.0  -9999.0  -9999.0  -9999.0  -9999.0  -9999.0  -9999.0  -9999.0  -9999.0  -9999.0  -9999.0  -9999.0  -9999.0  -9999.0  -9999.0  -9999.0  -9999.0  -9999.0  -9999.0  -9999.0  -9999.0  -9999.0
-9999.0  -9999.0  -9999.0  -9999.0  -9999.0  -9999.0  -9999.0  -9999.0  1.6237477729  2.34913774579  0.779374567475  1.59783528706  2.32489780463  3.75374918274  0.715947753216  0.681464559631  0.534924743247  0.538763756612  0.448528244844  14.9311316189  0.572694873573  1.09219751583  127.447616358  128.20267433  0.264214867169  1.58194109874  10.7167625985  0.700769891203  1.44284038633  0.634853000221  0.918843216723  11.1394021889  1.08197801772  6.3030029157  5.25307882087  0.362747788053  2.066433712  0.846155258278  1.35555625961  0.392021728874  2.66630144528  3.37985223149  3.64954687512  3.89863390437  5.14102237241  0.553514016444  0.610347082062  0.53510726889  0.501982632134  1.48470863214  0.27200023641  1.206011821  1.45634495789  -9999.0  -9999.0  -9999.0  -9999.0  -9999.0  -9999.0  -9999.0  -9999.0  -9999.0  -9999.0  -9999.0  -9999.0  -9999.0  -9999.0  -9999.0  -9999.0  -9999.0  -9999.0  -9999.0  -9999.0  -9999.0  -9999.0  -9999.0  -9999.0  -9999.0  -9999.0  -9999.0
-9999.0  -9999.0  -9999.0  -9999.0  -9999.0  -9999.0  -9999.0  -9999.0  0.859172600781  4.03562488469  4.78896800141  0.751568830504  1.44869477208  0.693919931149  0.606254538912  0.595176679582  7.65049213159  10.0564886431  12.2376976806  14.4989228922  0.522656441597  0.54104662427  0.447273719166  130.26590425  131.036909963  131.28819143  13.799563366  2.77421479109  2.44206150039  0.25579186829  1.18114683788  12.5991040228  0.280799280885  6.58988328397  0.359742123196  2.74759944096  2.49150802865  0.402903486016  1.75986009922  0.790777252461  1.18270954886  0.311989814647  0.243591678087  4.14306675614  4.36453268491  5.36170706348  0.862642734004  0.770167375414  0.729328391529  1.77709087191  2.33230903955  0.277182068633  1.72579185144  0.304330820004  0.566208611552  0.273146661885  -9999.0  -9999.0  -9999.0  -9999.0  -9999.0  -9999.0  -9999.0  -9999.0  -9999.0  -9999.0  -9999.0  -9999.0  -9999.0  -9999.0  -9999.0  -9999.0  -9999.0  -9999.0  -9999.0  -9999.0  -9999.0  -9999.0  -9999.0  -9999.0
-9999.0  -9999.0  -9999.0  -9999.0  -9999.0  -9999.0  -9999.0  -9999.0  -9999.0  0.879733946568  5.59072053562  6.31328417694  2.14173277445  3.52051584817  4.74321740604  5.36670199944  0.647610477142  1.87123385599  1.26308431517  0.677194768107  0.625480478619  0.535044626076  1.01283132293  1.65493626815  0.445472336739  145.829391339  146.08757389  0.226210012791  0.185815318155  0.528544848638  0.787782402189  13.3901357288  0.535447847449  6.81265926558  4.08780702839  3.44657684335  0.358174503039  0.745739193015  2.09540378178  0.336113905814  1.51113019286  0.620861680958  0.414019024612  0.207955390803  4.99757773166  10.5316171174  1.01859125286  0.93032661645  0.934445088902  0.209491773795  2.54426506528  0.203905992086  2.22313635756  0.254195851849  0.826627011125  1.27483493172  0.139319730084  0.143186901629  0.171920031818  0.180059316082  0.125682619461  -9999.0  -9999.0  0.0770161586997  0.0661942531608  -9999.0  -9999.0  -9999.0  -9999.0  -9999.0  -9999.0  -9999.0  -9999.0  -9999.0  -9999.0  -9999.0  -9999.0  -9999.0  -9999.0  -9999.0
-9999.0  -9999.0  -9999.0  -9999.0  -9999.0  -9999.0  -9999.0  -9999.0  -9999.0  -9999.0  0.733590961467  7.78321750939  0.681948122272  1.35292944884  1.9332557346  3.04908583792  0.569320977833  1.19803160512  0.590670049354  0.520757438516  0.478114617923  0.936525776544  0.385634568042  0.412810593609  0.729085630889  0.386471652294  146.384212984  146.859349381  147.55775745  1.00366885118  0.275731634194  0.549948012431  13.690489321  12.2894050545  4.7329379358  0.317555700775  1.43990600536  1.08873756698  2.43214551585  0.669586996922  2.79422988567  0.941494161106  0.666009651384  0.191924131827  0.231093366424  10.7900739533  11.0030898369  13.1258943658  1.60346185629  0.438428884557  2.78003854868  3.21374979913  5.64119624256  0.495515681705  0.231777664633  1.44323415946  1.71907673995  0.136844250772  0.261062532516  0.470308538798  0.246735742198  0.121494578379  0.120483474657  0.15873683733  0.139230751324  0.0672456038372  -9999.0  -9999.0  -9999.0  -9999.0  -9999.0  -9999.0  -9999.0  -9999.0  -9999.0  -9999.0  -9999.0  -9999.0  -9999.0  -9999.0
-9999.0  -9999.0  -9999.0  -9999.0  -9999.0  -9999.0  -9999.0  -9999.0  -9999.0  -9999.0  -9999.0  0.440651766234  8.71295356307  0.609457436235  1.15968002327  5.28051243524  0.546613458572  0.533013217101  0.433350430653  0.999456841896  0.496491344259  1.91151421141  2.6629191999  2.98092308132  0.986866242803  1.17601891932  0.220175372478  0.330246938662  0.313426704356  149.126479478  149.862862799  13.9094451484  12.7589285133  12.5260286673  0.497847112423  0.236576848543  1.72926149287  4.75570827435  2.73761308169  0.968709198803  4.05512283519  1.54969152966  1.27850949996  0.376026961776  0.160159811745  0.135463484035  0.151680553228  13.9606684131  16.2430386781  0.212362111675  0.189590897844  0.215406525519  5.85758977293  6.56036032959  0.40976396691  0.168955633337  1.82502139139  0.243923018777  0.613065317334  1.20098137441  1.55854484933  1.78864025954  0.473742235621  0.257853919758  0.226878225652  0.149566450909  0.0931114661127  -9999.0  -9999.0  -9999.0  -9999.0  -9999.0  -9999.0  -9999.0  -9999.0  -9999.0  -9999.0  -9999.0  -9999.0  -9999.0
-9999.0  -9999.0  -9999.0  -9999.0  -9999.0  -9999.0  -9999.0  -9999.0  -9999.0  -9999.0  -9999.0  0.406146948351  9.66986452335  11.6718608616  0.561003480798  6.3768703818  0.482026691617  0.447181949881  0.917524419512  2.41843653235  0.472635656996  0.512619384604  0.370341731028  3.69482120985  4.02081602342  5.55525456277  6.03646963997  6.30842614549  6.52232497976  6.80748422519  156.925829227  171.269162647  184.420693615  184.585928966  0.184638995758  0.237731673901  5.33897665652  5.04956440996  0.298670266626  0.299386636084  4.36864159186  6.22051779792  0.245986913317  3.46032613941  3.2301100293  0.858503776095  0.376043223978  0.640286536956  0.273673581686  16.6622954563  0.214699962445  0.60678407935  0.763542737371  7.9572794721  8.54789341376  8.88762730145  10.8653500101  0.142780226391  0.119202747139  0.106754809093  0.102971552543  2.00836896  2.58377988984  0.111287508632  0.555398730223  0.235543764915  0.173592634285  0.0573300870854  0.0541837406459  -9999.0  -9999.0  -9999.0  -9999.0  -9999.0  -9999.0  -9999.0  -9999.0  -9999.0  -9999.0  -9999.0
-9999.0  -9999.0  -9999.0  -9999.0  -9999.0  -9999.0  -9999.0  -9999.0  -9999.0  -9999.0  -9999.0  0.765213957691  1.4296298601  12.3098377773  13.3029908064  0.491053274052  7.28453520468  0.365844216164  1.18241948434  2.81886385125  0.883248586042  0.407012209036  0.828726909954  0.278574850154  0.540790886061  0.280613443987  0.254688120334  0.229569671225  0.214772750459  0.181476017541  0.164095539291  0.21803166765  0.257584547652  0.29010896087  185.244789431  5.97085580079  5.62223792534  0.131749825384  0.829682386346  0.251446838873  0.262655964448  6.48187728738  10.796322538  3.77846580577  2.87500079461  0.537093279105  0.218851126483  0.192553839231  0.398379890562  17.2778077638  17.6771479382  0.211001293396  0.223506694228  0.225866137764  0.200228975969  0.405228730827  11.4159425509  11.7022836556  11.9573291719  0.238167770123  0.136153685839  0.112798753352  2.69170801788  2.88800940937  0.628919105142  0.081073321997  0.247461902807  0.10897132214  0.102703767137  -9999.0  -9999.0  -9999.0  -9999.0  -9999.0  -9999.0  -9999.0  -9999.0  -9999.0  -9999.0  -9999.0
-9999.0  -9999.0  -9999.0  -9999.0  -9999.0  -9999.0  -9999.0  -9999.0  -9999.0  -9999.0  -9999.0  -9999.0  0.582213481267  8.64940975434  22.5127101929  24.2066084572  31.9184658261  32.3301139903  6.09599784413  4.53946973643  1.3000602668  0.396915826785  1.59144023953  1.93386238035  2.76616492239  0.584017742471  0.521237394239  0.504704920611  0.981544736324  0.43599046918  0.412492378475  0.233591182172  0.188723562252  0.154366124079  185.463728857  191.60156929  191.777862306  0.12829135416  2.18767105297  1.07562305816  0.294685919613  11.765093451  0.710635287185  0.372580739622  1.70312120723  0.345732234819  0.245934817717  0.459140246332  0.63553890778  0.835387258587  18.0022407814  0.151484544767  0.132021502354  0.132528484079  0.104422276146  0.156586923479  0.381609566433  0.473032244406  12.6778582773  13.5526597504  0.523796108134  0.254536988855  0.151606824851  0.123531767036  3.76223417727  5.09821484812  1.16055518872  0.569416113792  0.351687683163  -9999.0  -9999.0  -9999.0  -9999.0  -9999.0  -9999.0  -9999.0  -9999.0  -9999.0  -9999.0  -9999.0
-9999.0  -9999.0  -9999.0  -9999.0  -9999.0  -9999.0  -9999.0  -9999.0  -9999.0  -9999.0  -9999.0  0.677197638572  6.63404028097  8.01833074311  1.19413755617  0.439499135985  0.911482562602  33.665840597  34.0161627237  40.5103725929  0.327734882445  0.719194673709  0.282125725122  0.288049417268  3.03981576786  3.89614181752  4.65186353579  0.229321989788  1.21007226622  1.86853771653  1.07641391654  0.452424278777  0.377367052665  0.328427469693  0.316127879764  0.12807050801  191.911328924  192.003573313  194.394549828  0.434963432361  0.242204534237  12.0251155101  0.79025567705  0.407497752398  0.482449688545  0.479542586291  0.393524120597  0.682687325659  1.85918008185  2.91603091341  21.0775011316  0.109376380962  0.334692285386  0.229910598193  0.193094712889  0.0947552807547  0.115798922414  0.152205857885  0.104041270919  13.7291482684  0.0670814648437  0.238273107019  0.10533990152  0.0865600664758  0.0794767472775  5.19507521188  0.238438811189  0.105663109942  0.154245896988  0.0666508423576  -9999.0  -9999.0  -9999.0  -9999.0  -9999.0  -9999.0  -9999.0  -9999.0  -9999.0  -9999.0
-9999.0  -9999.0  -9999.0  -9999.0  -9999.0  -9999.0  -9999.0  -9999.0  -9999.0  -9999.0  -9999.0  0.698632082324  4.72118718691  0.718156572341  0.563838489945  3.3260311613  3.80344360609  4.25951203917  4.64690684846  54.8096591263  55.2013466635  55.8779451721  61.3483628901  62.2457414595  62.7383752315  63.0251491627  68.3495171461  69.0571548897  69.3141044412  71.467323154  72.8165021308  73.0381013337  73.8622524942  0.535850073146  0.500739764277  0.106531213535  0.078086343087  192.119808895  195.080583761  0.592904132182  13.9594922204  13.741233094  1.44961037085  0.336503358491  0.357726656559  0.338885330655  0.34050605971  0.685948738303  0.957652796865  0.255994620537  21.2260682386  21.3864271023  22.0866575817  22.2151455572  22.5288197519  22.734530559  0.0842794688423  0.102196513139  0.0937096236425  13.8396475345  13.9941632793  14.3269904897  14.6612083626  0.157944728337  5.58713903598  5.4260726407  0.115142110438  2.73340611872  2.66498227169  0.206318085972  0.132695449863  -9999.0  -9999.0  -9999.0  -9999.0  -9999.0  -9999.0  -9999.0  -9999.0  -9999.0
-9999.0  -9999.0  -9999.0  -9999.0  -9999.0  -9999.0  -9999.0  -9999.0  -9999.0  -9999.0  -9999.0  2.47371182745  3.26507395737  1.48230443806  2.15188246263  0.657828676105  7.40044511083  7.89439608832  8.85165358545  9.26189019033  3.11168481852  59.6487629908  60.0528838228  0.30261302366  0.205755499519  0.202226931064  0.423111789752  0.213231266913  0.176120675937  0.16609586752  0.172698705308  73.2790826773  74.1062062697  74.8831473949  75.5837291549  75.9096400059  0.135263211523  0.0365597562813  209.470920064  14.300391008  14.19643353  0.258290578685  0.240071762335  0.215538825028  0.593291756295  0.573592674108  0.261803971072  0.264149614745  0.23359756495  0.482413098901  0.623161496186  0.103776982037  0.189723319689  0.0740107757778  0.0656648201198  22.8035958207  22.9752230281  23.1864091214  23.4005210775  23.5121499237  23.696902311  23.7707334335  0.0727734527726  14.81802399  0.0915073075432  8.57191577849  2.89388623124  0.180577789938  2.39472436148  2.07416588261  0.160294090502  -9999.0  -9999.0  -9999.0  -9999.0  -9999.0  -9999.0  -9999.0  -9999.0  -9999.0
-9999.0  -9999.0  -9999.0  -9999.0  -9999.0  -9999.0  -9999.0  -9999.0  -9999.0  -9999.0  -9999.0  -9999.0  1.68159250318  0.776639257002  0.666897868303  6.40137647562  6.92715781455  0.522926868604  1.96111151628  2.39916537386  2.76154960848  0.422600706167  0.262348245668  8.30361344328  8.50696505188  8.70446237363  21.8837054588  22.0463418428  22.3692861287  23.8905100345  24.8236505081  24.9691380183  0.163944245282  0.174964204435  0.152791428945  76.054530734  0.0576581544347  211.40046362  211.301852211  1.7424363477  1.60252588766  0.980569666733  0.252150478743  0.425276837153  0.824297131992  0.807491635827  0.505304421101  0.24989212966  0.478952206374  0.468335065522  0.822416044939  0.147612542584  0.319736914469  0.525485404683  0.669456862132  0.752795535106  0.0775651905577  0.0782760594075  0.0748483885482  0.0763194064653  0.0946638237292  23.8879380872  24.0399931278  38.9366020689  38.9911647367  9.28349283406  0.623367526906  0.415354608539  0.163474868698  1.79233358741  1.66858448001  -9999.0  -9999.0  -9999.0  -9999.0  -9999.0  -9999.0  -9999.0  -9999.0  -9999.0
-9999.0  -9999.0  -9999.0  -9999.0  -9999.0  -9999.0  -9999.0  -9999.0  -9999.0  -9999.0  -9999.0  -9999.0  0.873846486749  2.36936646392  3.06189263652  5.10131256649  0.518315611614  1.07316052337  1.54386820921  6.44597233844  6.82747995522  7.17322936019  7.47387654155  7.81845397986  11.5397924474  12.5019149826  13.0240460312  0.227146844361  1.16800924153  1.39207677921  24.3722750802  25.1595052429  25.5663684491  25.9918563658  26.2763315156  102.40335748  0.0818906902562  211.807202738  0.233766687453  0.121910227488  1.36902090251  1.17334036693  0.169876947281  0.614515496231  1.01610251838  0.987835436502  0.677592226057  1.10361177072  1.74138690225  0.65016486723  1.64407036719  0.140162310584  0.254112325388  0.0500084695911  0.0383084060508  0.880261303734  0.919062680073  0.127710038176  0.131812225042  0.206112988645  0.071519624197  0.0682835835391  0.0559390102653  55.1492481177  55.1027447852  15.9560175004  0.181577872359  1.04696984831  0.847594343066  0.565442424654  1.56861519032  1.14496463231  -9999.0  -9999.0  -9999.0  -9999.0  -9999.0  -9999.0  -9999.0  -9999.0
-9999.0  -9999.0  -9999.0  -9999.0  -9999.0  -9999.0  -9999.0  -9999.0  -9999.0  -9999.0  -9999.0  -9999.0  0.799517185338  1.57778511986  0.706467424249  1.38902033423  0.527639362479  4.54561441649  5.50912457974  6.00028196072  0.42012086644  0.816616050759  8.99651747692  10.9610300015  11.2791020485  0.670067243441  0.554841859612  0.805777051891  0.184778685146  0.161854899956  0.304077510425  0.120164415584  14.0103609223  14.1347685357  14.1954912676  102.549574285  212.690072021  211.902197848  0.181903441111  0.100812114721  0.0945107300964  0.372903969249  0.293920399305  0.777384824904  1.18924517335  2.37652439511  0.204247018148  0.201911431191  1.91542854998  2.10012528071  4.06887364896  4.17211545305  4.47809533228  4.56984845428  0.0788221599963  0.122994851862  0.954944946122  57.6493541984  56.5398921475  56.2918077774  55.9554889205  0.0515379076853  55.5739644117  0.117022018058  0.0888024759738  6.40271779098  1.65146998  1.54918918571  0.288011691974  0.322442011828  0.26880011975  0.994918594366  -9999.0  -9999.0  -9999.0  -9999.0  -9999.0  -9999.0  -9999.0  -9999.0
-9999.0  -9999.0  -9999.0  -9999.0  -9999.0  -9999.0  -9999.0  -9999.0  -9999.0  -9999.0  -9999.0  -9999.0  -9999.0  0.727971641361  1.46290449682  2.21456140763  3.3818086483  0.62694361181  0.512322884357  3.95342167985  4.38908493224  8.21056277017  8.68610293897  1.31493636853  0.369342441809  0.308964257608  0.271028982731  13.0884777455  13.2703271329  13.4631133748  13.6229450713  13.8874557345  1.68717789051  1.76850005683  16.0209702574  331.344681783  0.637759061377  0.508516302043  0.279164282224  0.0786866500561  0.0732298581821  0.547905280175  0.600630549155  0.923809386826  0.0761157620847  2.47484980638  0.337418657559  0.329873578768  0.0721221851337  0.045622111937  0.0397175364113  0.0345900741845  0.0426476424684  4.6248273523  67.8274436649  63.0039583011  62.8624681815  57.6972948539  0.0645343189456  0.0530016132953  0.0855237278574  55.6567897773  0.181409574205  0.0808682837594  0.0891922428474  0.0895270952472  4.55230813609  4.35642673245  0.525824822929  0.272741116448  0.37049986842  0.370452827167  -9999.0  -9999.0  -9999.0  -9999.0  -9999.0  -9999.0  -9999.0  -9999.0
-9999.0  -9999.0  -9999.0  -9999.0  -9999.0  -9999.0  -9999.0  -9999.0  -9999.0  -9999.0  -9999.0  -9999.0  -9999.0  -9999.0  0.684520349383  1.32606182449  1.88287096537  2.4276306105  2.93589495813  3.47207927677  1.51022305489  2.53365634008  0.441658594192  0.395515792333  11.4778374378  12.2156945521  12.530163103  12.8692370695  0.221154109432  0.391848434391  1.13945266863  1.36072896895  1.54818198274  0.112575010698  0.0748700381736  331.6606148  0.120154566963  0.155114496419  0.0776524682843  0.296434006991  0.147063458759  0.0657276701334  1.59272722706  1.64819870331  0.03844985746  2.51899916863  2.89819948948  0.373104668047  70.1357657317  70.0246941556  69.9324424039  69.7491339435  69.6838498283  68.2105536428  68.1687026669  0.109152700666  5.13195197803  4.91471610644  4.66218838153  4.60118140456  2.44124779285  2.37990485987  2.23795483871  0.613600198486  0.555787693157  0.382003000295  0.103735574176  4.19167084369  3.73155016302  0.241890978641  0.464521410308  0.195937625156  -9999.0  -9999.0  -9999.0  -9999.0  -9999.0  -9999.0  -9999.0  -9999.0
-9999.0  -9999.0  -9999.0  -9999.0  -9999.0  -9999.0  -9999.0  -9999.0  -9999.0  -9999.0  -9999.0  -9999.0  -9999.0  -9999.0  0.175022573565  0.382162003241  0.565768688285  5.6040499859  6.1382537417  0.555660975639  0.512879804703  0.516242470115  9.77894988059  10.7325775484  0.442704362405  0.435412033838  0.295364212787  1.27613158909  1.58551735664  0.706544673969  0.957652016702  8.2615813024  8.46801832689  8.79143971822  13.5003525611  345.267130798  0.116519683337  0.0591322113384  0.433621113177  0.368358681291  0.0560911691762  0.184854990183  0.245314322352  1.71037221337  1.76057428927  4.76810558087  2.92805180154  0.432737589265  71.3009303327  0.456498580695  69.8493697168  69.8023656907  1.40034795884  0.0805204808409  0.265611229166  0.140300419697  0.124757107963  0.206154944761  0.102214552858  2.10448711823  1.79666016844  0.102351885689  1.58041525986  0.19616973699  0.118059581007  0.294338917454  0.148004225084  0.370080379714  2.97896588202  2.52701935072  0.182933831199  0.297269930834  0.156780392464  -9999.0  -9999.0  -9999.0  -9999.0  -9999.0  -9999.0  -9999.0
-9999.0  -9999.0  -9999.0  -9999.0  -9999.0  -9999.0  -9999.0  -9999.0  -9999.0  -9999.0  -9999.0  -9999.0  -9999.0  -9999.0  0.873799203569  1.43918825842  2.87674089146  5.02305273939  6.65731826562  7.86441334364  8.35905548716  8.88226187379  9.36721933864  0.456364152741  0.37391474161  0.723372008734  0.632309855677  0.349049039834  7.25334328541  7.54861758896  7.8147309266  8.07531525736  4.26390462194  4.40924796308  4.60124307011  345.361129887  0.22724165614  0.140574419692  0.640722069553  0.069770028396  0.127920911184  0.0710177234438  0.0549750987527  0.303915431157  0.0391108012893  0.0413447994818  76.328678928  71.529318795  71.4852377754  0.20351750314  0.420266590055  0.269065684712  0.058443818898  1.25806973486  0.336735047404  0.281380847366  0.219110207211  0.156801411216  0.0919122050514  0.231352757179  1.71065428928  1.44705094725  1.19808269164  1.2990377748  1.22559929972  1.16564175556  0.0853718391885  0.187537430286  0.211656934493  1.89066192956  1.46194517099  0.843163680074  0.12273577832  -9999.0  -9999.0  -9999.0  -9999.0  -9999.0  -9999.0  -9999.0
-9999.0  -9999.0  -9999.0  -9999.0  -9999.0  -9999.0  -9999.0  -9999.0  -9999.0  -9999.0  -9999.0  -9999.0  -9999.0  -9999.0  0.603834717461  0.563658664438  1.10438918951  1.66039577164  0.644504740421  0.694593349956  1.26031699512  1.79980377402  2.76716975839  3.23445621648  3.59252817721  4.699927384  5.01634943303  5.39724212277  0.308771547481  3.31934323055  3.57837152696  3.84215083882  0.228597847254  0.191898026974  0.29603523201  350.460949099  350.54926128  350.920532802  0.856922979477  0.15321586178  0.17230560717  0.0475516870632  0.0965373055883  0.348908360059  0.424490867219  0.0742207329134  76.5220745888  0.0631038099022  0.106991671393  0.122575390775  0.087892751925  0.167268115467  0.0670955812995  0.861946275198  0.695247539277  0.523325308291  0.275646165789  0.196248206957  0.11262686694  0.135638335746  0.163592340223  0.165954310866  1.10741565508  0.842418760418  0.586590589295  0.321233281329  1.09910027077  0.830117733243  0.186609961768  0.236963817371  0.229869315601  0.417066411288  0.209438954507  -9999.0  -9999.0  -9999.0  -9999.0  -9999.0  -9999.0  -9999.0
-9999.0  -9999.0  -9999.0  -9999.0  -9999.0  -9999.0  -9999.0  -9999.0  -9999.0  -9999.0  -9999.0  -9999.0  -9999.0  -9999.0  -9999.0  0.530577090999  1.03388545884  0.481790333108  0.996636365238  6.25613116136  6.72343963896  7.21279160818  0.480233137341  0.474782354138  0.830306996815  1.21299919824  1.82092995791  2.15038535127  2.42549989116  2.71697704527  0.224853237961  0.209878292747  4.3209704293  4.51168854986  4.60753534151  4.70406191476  4.11109028744  355.457834002  356.893801552  356.965712612  357.194241757  357.470606215  357.600786069  0.0320590396326  0.458686710184  76.5530315743  0.0707614462457  0.0364737659542  0.0492391874441  0.0516478011708  0.0894423856982  0.0861331333142  0.0527914047208  0.0917236287256  0.0892850136727  0.179326820511  0.0848841676667  0.0614491429245  0.244883389028  0.178873850132  0.100389879414  0.0977460645599  0.118342334496  0.128190761564  0.149666830787  0.184941054395  0.20992886961  0.41921770192  0.133887746259  0.368485607166  0.151288443224  0.151149752259  -9999.0  -9999.0  -9999.0  -9999.0  -9999.0  -9999.0  -9999.0  -9999.0
-9999.0  -9999.0  -9999.0  -9999.0  -9999.0  -9999.0  -9999.0  -9999.0  -9999.0  -9999.0  -9999.0  -9999.0  -9999.0  -9999.0  -9999.0  -9999.0  1.53223124166  2.03643300684  3.58512788985  4.73598977997  0.603830216231  8.41836004224  8.87920761257  9.28658010417  0.381497120662  0.741876841914  0.29480429649  2.46082746868  2.71482059444  3.02239438771  3.27816725476  3.9600809908  4.14564004842  0.119072443633  3.72362613826  3.92119166264  4.02338619006  4.44329265404  0.492658191757  0.289689359936  0.163887980312  0.155658324577  357.726189123  357.774214155  358.528992639  76.581198621  0.221688997073  0.125677345237  0.0846354776465  0.0269863971371  0.272476850883  0.146121292055  0.0467966659052  0.281194090536  0.243142144271  0.040511464423  0.481428471914  0.436924743271  0.318843434947  0.0659641945652  0.208162733628  0.155274828689  0.0646853251029  0.193528049846  0.128412652845  0.180058307083  0.173687926814  0.111368731565  0.244798665984  1.6948669881  0.959131702898  0.617478652694  0.265469273561  -9999.0  -9999.0  -9999.0  -9999.0  -9999.0  -9999.0  -9999.0
-9999.0  -9999.0  -9999.0  -9999.0  -9999.0  -9999.0  -9999.0  -9999.0  -9999.0  -9999.0  -9999.0  -9999.0  -9999.0  -9999.0  -9999.0  -9999.0  0.514556306457  2.55386954132  3.10609822797  0.623489786288  0.535835902744  1.12916849705  1.61713608499  11.3282269124  0.376430474476  1.52335866451  1.83843843142  2.15415900525  0.255550574879  0.539064760807  0.75171803061  2.90707244535  3.28220806524  3.40394892281  0.109281463029  0.0948666789446  0.119160435885  0.224055115916  0.0983039513369  0.0975075003748  0.110831059088  0.111113393281  0.119686549217  0.262869459611  358.58720227  435.302885938  0.263247471399  0.0565513477402  0.027328986715  0.900196550007  0.839557877474  0.51947688141  0.470608816568  0.354812827832  0.0941244137179  0.0628782809278  0.525825288592  0.23150909066  0.182867565033  0.0561039398839  0.259142035961  0.522894299729  0.454400939998  0.285470209711  0.12618883467  0.486302500621  0.348388290217  0.205151465469  2.08742381895  2.00866802306  0.176102449359  0.158655238999  0.144017359198  0.130169130936  -9999.0  -9999.0  -9999.0  -9999.0  -9999.0  -9999.0
-9999.0  -9999.0  -9999.0  -9999.0  -9999.0  -9999.0  -9999.0  -9999.0  -9999.0  -9999.0  -9999.0  -9999.0  -9999.0  -9999.0  -9999.0  0.435348850716  1.39877069032  0.453137445874  0.626476655051  0.626639447693  1.18628841574  1.7418188937  2.19368564795  13.9379751893  14.2892958606  0.367257761052  0.685327354338  1.00942351972  1.30867408617  1.58999557434  2.56293172364  2.77228610012  0.224921570879  0.159939164367  0.125328584428  0.0897093018238  0.107027637169  0.131123298125  0.114821016428  0.176200324482  0.360732359304  0.175836558045  0.0575139472018  0.0558637519975  0.0483039342886  0.088278316067  438.31939763  2.69106846466  1.07422779295  0.106556808671  0.0499900502038  0.0347881303646  0.123024179594  0.0833090965919  0.0432974174258  0.0427392951362  0.621693783884  0.915165695858  1.0071272442  0.0418451518324  0.902830080063  0.600844985501  0.0771291784085  0.0621459613162  0.122050037323  1.00298214786  0.438576821138  0.273936760446  2.16564640853  0.0864956072454  0.10481773253  0.566218869306  0.287755106065  0.498651249241  0.225843927299  -9999.0  -9999.0  -9999.0  -9999.0  -9999.0
-9999.0  -9999.0  -9999.0  -9999.0  -9999.0  -9999.0  -9999.0  -9999.0  -9999.0  -9999.0  -9999.0  -9999.0  -9999.0  -9999.0  0.464852536066  0.885787480233  3.12555235289  0.395550566445  1.16475565406  1.75612856163  2.26684478644  0.554118373151  0.982623249937  1.42999422915  16.0923045091  0.333625047972  0.617700557152  0.920212708595  0.281167224606  0.555077823698  0.754284285672  0.930174511569  26.5199747566  26.8002434246  27.0334500627  28.0170886417  28.3463543547  29.0623884246  0.153342821073  0.382654894903  0.418782380114  30.964394992  31.0627047846  0.0502773537603  0.0821525675655  0.112688725636  438.365794246  2.56637978446  1.35945780547  1.29915809704  0.968671944995  0.820461436771  0.16160463334  0.0396244784722  0.075279916706  0.0376789085538  0.0423897638614  0.101404291241  1.07606982346  2.09046000316  0.96880187898  0.210425436534  0.145691021837  0.0698941293273  1.35960285924  1.1665384889  0.0798337414697  2.60037302883  2.25380604149  0.165282419301  1.05326283181  0.675599613583  0.764340939946  0.650736939992  0.142219259308  -9999.0  -9999.0  -9999.0  -9999.0  -9999.0
-9999.0  -9999.0  -9999.0  -9999.0  -9999.0  -9999.0  -9999.0  -9999.0  -9999.0  -9999.0  -9999.0  -9999.0  -9999.0  -9999.0  0.483937244337  1.45217384887  5.05118709878  7.40443733096  0.331651773361  9.51405557787  12.2051106508  0.480678845032  0.9007633041  1.34327354926  19.8834811817  20.2083285485  0.232438435049  1.39725408019  1.62176085252  1.8488691936  24.6058023316  25.1618136436  25.4504589345  0.131653673109  0.732612166181  0.870599503156  0.342301093199  0.481458805868  29.7368613669  30.3128971892  30.4132455403  30.5034922358  31.1507077041  0.0426120336514  0.0380266686645  0.18143129064  438.420464153  0.0737964228762  0.0917238289328  0.280294193862  0.102086313518  0.740550966652  0.575413391735  0.348326312241  0.248710233931  0.104794567909  0.0455889783997  0.15015062928  0.047647710932  2.14574927762  0.316794815063  0.2604746702  0.0470739192982  0.118352537953  1.42066101429  0.0533830407932  0.0629875914484  2.66641407541  0.0623976841328  1.21117443105  1.14530439936  1.05354260915  0.973081164773  0.0999602677885  0.38466336527  0.122764580924  -9999.0  -9999.0  -9999.0  -9999.0
-9999.0  -9999.0  -9999.0  -9999.0  -9999.0  -9999.0  -9999.0  -9999.0  -9999.0  -9999.0  -9999.0  -9999.0  -9999.0  -9999.0  -9999.0  -9999.0  0.991524751195  1.96406014309  8.67929183156  9.14382879143  12.5994687457  13.0324113554  0.469969522844  0.941240539862  2.10116468861  20.5210983771  21.05295991  21.2382256147  0.143864436891  21.9631640699  22.5458133177  0.357690420752  0.134388700791  0.254232543086  0.496076643107  0.121164160588  0.234679943939  0.491997823729  0.60256249099  0.117689891101  0.0715024921142  0.135309265109  31.7323179801  31.9044468341  31.9360101522  32.2222660434  438.467154566  0.0510185258084  0.0609626447638  0.0764043290353  0.0681347258732  0.0702282991018  0.0616509528845  0.114354193202  0.0377119305769  0.089661791209  0.0504316622063  0.0515419061831  0.262451324857  2.56001514908  2.96016652254  3.02792116597  3.24981934225  0.0518732983132  1.4743688967  0.237794719656  0.129952811384  2.72716410725  2.85026812446  1.26952151043  1.35035614389  1.13368406663  0.713002778483  0.619559120077  0.518331324888  -9999.0  -9999.0  -9999.0  -9999.0  -9999.0
-9999.0  -9999.0  -9999.0  -9999.0  -9999.0  -9999.0  -9999.0  -9999.0  -9999.0  -9999.0  -9999.0  -9999.0  -9999.0  -9999.0  -9999.0  -9999.0  0.5105255964  0.492380388492  0.473730752362  0.910694525654  0.381519989103  13.800594603  14.1888771221  0.407396387764  0.80320223045  0.353087903185  0.261752061354  0.247100598868  21.6663897364  0.192189130605  0.413546970387  0.185284676792  0.142500321609  0.121421016717  0.0896066493286  0.0948573649533  0.299944556813  0.417623836505  0.0782675351633  0.0650158115489  0.145696045458  0.252308219083  0.357502923709  0.108108551472  32.0029242704  32.2559731748  438.502635192  0.261543881336  0.160339670629  0.0445634321961  0.103832142223  0.0366585328095  0.0291253039619  0.146615147436  0.188653809195  0.118287433279  0.0255161146338  0.0249783814109  0.0880633009435  0.0546930467668  0.0482301357039  0.0592612587952  0.0653667806021  5.26107654696  1.76405576558  0.0493285141863  0.0834174426591  0.0393807337361  6.68068346979  3.78341134198  3.73038994251  1.19966327836  0.861252430059  0.0788693579511  -9999.0  -9999.0  -9999.0  -9999.0  -9999.0  -9999.0
-9999.0  -9999.0  -9999.0  -9999.0  -9999.0  -9999.0  -9999.0  -9999.0  -9999.0  -9999.0  -9999.0  -9999.0  -9999.0  -9999.0  -9999.0  -9999.0  -9999.0  -9999.0  0.486638803179  1.33379455648  1.68026760339  2.05182870266  14.56879874  14.9693760808  15.347406907  15.7227333024  15.9572934768  16.4568441373  16.6228848303  16.8027640904  16.9386065027  0.112303782527  0.106604882288  0.116179424338  0.403295509656  0.110788468523  0.10699515954  0.0769552199292  0.229366306318  0.0941814282847  0.068921576724  0.0625378638447  0.0515476815395  0.102792364183  0.149623429981  32.5630664513  471.3627302  0.0480454320592  0.0911604168523  0.0350992108922  0.142270145811  0.0780181051564  0.0585864027374  0.483966098854  0.312250721459  0.0874939982042  0.0517683507985  0.13916357036  0.0287160451726  0.104694767471  0.0756353902598  0.162332098057  0.0582543320257  0.0754656326568  5.32214432927  5.50602386167  8.6063538246  8.56258334379  8.50278109179  0.0692850224794  1.10894243321  1.02848154196  0.0768049771607  -9999.0  -9999.0  -9999.0  -9999.0  -9999.0  -9999.0  -9999.0
-9999.0  -9999.0  -9999.0  -9999.0  -9999.0  -9999.0  -9999.0  -9999.0  -9999.0  -9999.0  -9999.0  -9999.0  -9999.0  -9999.0  -9999.0  -9999.0  -9999.0  -9999.0  -9999.0  0.374112188785  3.18981416229  6.08812777741  6.46893494243  0.550719920306  0.979550071767  1.38782534027  1.6739788988  3.8293771077  3.95296451059  0.117598381272  0.119916627601  17.1726512729  17.3819611264  17.4783232899  0.474578784336  0.0582091077534  0.170043363043  0.24762257182  0.754259648698  0.931929021664  1.06401528565  0.11811792389  0.163140129914  0.0562243645752  0.112306278117  0.0588371807307  471.463161913  0.039998468138  0.171090409935  0.0749038720357  0.239746715293  0.497115053378  0.581496690354  1.09294160819  0.357492312635  0.323289436975  0.226653108893  0.207298164408  0.0473476490386  0.123178748186  0.202219191003  0.185023372819  0.0256988708506  14.5863117106  14.4944687979  14.4468846033  8.79670794503  0.103222228282  1.65054463823  1.18963054394  0.795976753908  0.499178078344  0.0862891060581  -9999.0  -9999.0  -9999.0  -9999.0  -9999.0  -9999.0  -9999.0
-9999.0  -9999.0  -9999.0  -9999.0  -9999.0  -9999.0  -9999.0  -9999.0  -9999.0  -9999.0  -9999.0  -9999.0  -9999.0  -9999.0  -9999.0  -9999.0  -9999.0  -9999.0  0.442970763882  1.45096088447  2.82132500086  3.65572630835  9.08185886754  9.5569757478  0.892210164891  1.31559986186  1.64782979432  1.93118365497  4.10684596938  4.35670493742  7.88790461404  8.21831728482  8.32844131094  17.5702733079  18.2662059289  0.149979514307  0.117773092335  0.107935079202  0.204395532761  0.0910601984696  1.24323144491  1.30618680887  0.215232372915  0.280875899715  0.0474019888479  110.83005204  110.954915477  582.475774851  582.704561741  0.0452227868088  0.33456056079  0.0603668874763  0.0514979986513  1.18559258754  1.57837794273  0.291987073224  0.253513869379  0.0460338559057  0.0254920939525  0.147575152406  14.9565820991  14.7351368432  14.710259795  14.6443492168  0.0661276934898  0.0763199023597  0.0951155388225  0.110852817431  0.36600999899  0.247430106131  0.229204294705  0.34499865589  0.106738067161  -9999.0  -9999.0  -9999.0  -9999.0  -9999.0  -9999.0  -9999.0
-9999.0  -9999.0  -9999.0  -9999.0  -9999.0  -9999.0  -9999.0  -9999.0  -9999.0  -9999.0  -9999.0  -9999.0  -9999.0  -9999.0  -9999.0  -9999.0  -9999.0  -9999.0  -9999.0  0.534606588575  0.519911144279  0.954971003367  2.23346741338  9.98028371606  0.472358683593  0.464584393482  0.791796158958  1.13895690325  2.78020530197  3.01544905262  0.264983485629  0.234169681362  8.49331277011  8.5907132275  26.959355451  27.042808872  0.0502972705101  0.0428865378396  0.0361464875994  0.0365575682604  0.0442527671726  109.569786435  109.98206852  110.352673536  110.491746282  110.774620739  0.0697163559925  0.250144313355  0.290784120112  583.098731081  583.126978392  583.182857888  583.242084087  583.308027863  1.61959691089  0.0187715143992  0.0882168219315  0.0709877886587  0.0187349076105  0.166187618022  15.0468110076  0.0648847527926  0.0377609496778  0.34136409931  0.306405684189  0.254488802942  0.202600140998  0.119181543714  0.146193696488  0.137007263109  0.11997795772  0.128397646521  -9999.0  -9999.0  -9999.0  -9999.0  -9999.0  -9999.0  -9999.0  -9999.0
-9999.0  -9999.0  -9999.0  -9999.0  -9999.0  -9999.0  -9999.0  -9999.0  -9999.0  -9999.0  -9999.0  -9999.0  -9999.0  -9999.0  -9999.0  -9999.0  -9999.0  -9999.0  -9999.0  -9999.0  0.454900512619  0.487496243367  0.885104238164  11.7154974037  12.1294862935  0.448926345033  0.773217077954  1.13245176508  1.44234422309  0.27098145689  0.472132771862  25.8691451313  25.9830187438  26.1392865043  27.2375865885  54.4146474279  107.027956139  107.167053973  107.293202853  107.414066736  108.002248264  108.200140284  0.353540820834  0.150937733505  0.0962223261646  0.178031856021  0.123863257851  0.199872530542  0.0625012951628  1.42626540007  1.57763457152  1.68960961042  1.70868770285  583.327175628  584.983120029  585.143543068  0.114144062369  0.0174633279139  0.221650181326  0.187888517742  15.0979517952  0.0265787977578  0.682416789567  0.298769684051  0.256020482978  0.183845327902  0.0966781469851  0.181522095263  0.095063146738  -9999.0  -9999.0  -9999.0  -9999.0  -9999.0  -9999.0  -9999.0  -9999.0  -9999.0  -9999.0  -9999.0
-9999.0  -9999.0  -9999.0  -9999.0  -9999.0  -9999.0  -9999.0  -9999.0  -9999.0  -9999.0  -9999.0  -9999.0  -9999.0  -9999.0  -9999.0  -9999.0  -9999.0  -9999.0  -9999.0  -9999.0  -9999.0  0.469428640607  0.893017381184  1.32205356472  12.4878317456  0.371383947438  16.8741992365  17.2579462388  17.532568104  17.7564137959  24.9756552245  25.2067840948  0.137150376353  0.789308481824  0.962034786726  0.137140060437  52.4823017081  52.2335089779  0.0706847667668  0.172101434446  0.477924571447  0.109716134584  0.116687824969  0.0762072266186  0.0628092973611  0.0461316452362  0.0572492435429  1.23728437811  1.29953650831  1.37775145505  0.112332167002  0.0788813479086  1.7606424801  1.78959668283  1.80381644162  585.164866314  585.188465202  0.269549881371  0.238263694881  15.8447310643  15.8280910122  0.707100865328  0.0633893978322  0.0337010679912  0.525536358385  0.462178263447  0.379747493672  0.267147459377  0.146506386711  0.0670810918091  -9999.0  -9999.0  -9999.0  -9999.0  -9999.0  -9999.0  -9999.0  -9999.0  -9999.0  -9999.0
-9999.0  -9999.0  -9999.0  -9999.0  -9999.0  -9999.0  -9999.0  -9999.0  -9999.0  -9999.0  -9999.0  -9999.0  -9999.0  -9999.0  -9999.0  -9999.0  -9999.0  -9999.0  -9999.0  -9999.0  -9999.0  0.412047000956  0.383067069912  2.015578386  15.3471706938  16.143299689  16.5443006136  0.341943828039  6.48358356042  6.78845019002  6.99385748144  0.229590597777  0.38352190792  0.504289708306  11.421841109  11.5203270027  11.6061021741  52.0815639599  33.0840146007  0.0962163214265  0.104730178052  0.0990409174921  0.0722008339676  0.758442819937  0.905829328912  1.03163696439  1.10463314768  1.17422075419  10.68376971  10.732245635  10.8006287828  10.9762141308  11.5389359754  11.557981404  13.3825792842  0.0150149910805  585.209096782  585.235701751  0.290334240172  15.8587692517  0.0373776897223  0.0190415014016  0.0902278921043  0.776241357414  0.747576875873  0.15369344948  0.078941134299  0.309796223264  0.233437100061  0.0663375175519  0.0581219756155  0.0570633102417  -9999.0  -9999.0  -9999.0  -9999.0  -9999.0  -9999.0  -9999.0  -9999.0
-9999.0  -9999.0  -9999.0  -9999.0  -9999.0  -9999.0  -9999.0  -9999.0  -9999.0  -9999.0  -9999.0  -9999.0  -9999.0  -9999.0  -9999.0  -9999.0  -9999.0  -9999.0  -9999.0  -9999.0  -9999.0  -9999.0  0.807947582368  1.24897681084  0.45298780634  0.494540409838  5.27655672079  5.65703893693  5.8995903448  2.23966844227  2.47534066281  2.71197438226  2.85604578302  11.1918824666  11.3470478331  7.09544651188  18.8136730663  18.915345582  33.0100844453  0.200908699836  0.103692418744  0.0653348607287  0.525101521515  0.618120373  0.0485161842926  0.0440279938001  10.4641001372  10.5820932745  10.6399341735  0.0840717522421  0.128613991888  11.4767723455  0.0416322645355  0.143521376114  0.158246120452  13.5696992186  13.585833957  13.79152569  599.339847103  15.9120810858  0.964920337847  0.94706461132  0.921673091125  0.80268518631  0.0352790795869  0.436137993531  0.386055728851  0.119547543663  0.0566605719997  0.115314074282  0.267968975355  0.151327030261  -9999.0  -9999.0  -9999.0  -9999.0  -9999.0  -9999.0  -9999.0  -9999.0
-9999.0  -9999.0  -9999.0  -9999.0  -9999.0  -9999.0  -9999.0  -9999.0  -9999.0  -9999.0  -9999.0  -9999.0  -9999.0  -9999.0  -9999.0  -9999.0  -9999.0  -9999.0  -9999.0  -9999.0  -9999.0  -9999.0  0.409383595754  0.806963516223  3.48144759043  3.95937566385  4.38684101368  1.73389367559  2.01119601911  0.249782721882  7.77364103122  7.99714947455  8.20126895824  0.158789383277  6.81491977208  6.97941685259  0.110086854917  32.4773256954  0.237162139378  0.11900342118  0.285821088427  0.389964682879  0.0719916165166  0.0550999012042  9.85351658996  10.360796912  10.4312227753  0.0758359582217  0.153062743943  0.190984819851  0.220294954898  0.443089163761  0.0521837883864  0.118403435634  0.024787948006  0.0484298877982  13.7551927208  13.77476264  599.369307848  616.342818925  1.03396193413  0.0436598392765  0.0214855180068  0.0544322687371  0.0288456952194  0.476005172836  0.238108411805  0.182689296167  0.766098471529  0.701131640298  0.497576148442  0.114093722705  0.0623560234002  -9999.0  -9999.0  -9999.0  -9999.0  -9999.0  -9999.0  -9999.0
-9999.0  -9999.0  -9999.0  -9999.0  -9999.0  -9999.0  -9999.0  -9999.0  -9999.0  -9999.0  -9999.0  -9999.0  -9999.0  -9999.0  -9999.0  -9999.0  -9999.0  -9999.0  -9999.0  -9999.0  -9999.0  -9999.0  0.403105481052  1.27795050173  2.27049985288  0.532391956022  0.984964280404  1.40978703863  6.74990128964  7.06254870091  7.30721295485  0.214500405196  5.66310428573  6.35671428893  6.53671021486  0.12509335212  32.0033740099  32.2685364705  0.120200626806  0.105775676737  0.21133332116  0.0806031097783  9.47129404984  9.6134611606  9.70181345471  0.329853958017  0.40428194068  0.0623124491241  0.11066405893  0.048868957663  0.333551673806  0.0535139944252  0.0311005795891  0.0318036860271  0.035976033733  0.0734581846074  0.099784271315  49.6817742492  49.7524686826  666.17752849  666.208900086  666.233659932  0.0313215955934  0.935522155847  0.865596477189  0.339661096129  0.315524233762  0.0395969795611  0.899256582138  0.0672309339046  0.0618562795371  0.0509598729943  0.232712865647  0.10142779195  -9999.0  -9999.0  -9999.0  -9999.0  -9999.0  -9999.0
-9999.0  -9999.0  -9999.0  -9999.0  -9999.0  -9999.0  -9999.0  -9999.0  -9999.0  -9999.0  -9999.0  -9999.0  -9999.0  -9999.0  -9999.0  -9999.0  -9999.0  -9999.0  -9999.0  -9999.0  -9999.0  -9999.0  -9999.0  0.443575537229  0.519826868139  0.565910081899  4.8497574233  5.24175198851  6.42565970949  0.305876336862  4.66905734955  5.25756944442  0.239773698572  0.50270660103  0.170514197914  31.5907869982  0.181380570273  0.400083941519  0.483172853158  0.559931795875  8.96445866955  9.24091592816  9.33653494894  0.0979809414175  0.179619850268  0.250837289622  0.0390629868636  0.0342852538067  26.616510243  26.6531220903  26.6837408545  27.0195193031  27.0621645878  27.1082806906  27.1363568184  43.2290944748  43.2657261069  49.6626475842  0.0476797395489  0.0543153032788  0.0934057987494  666.346444178  666.465142341  667.445639994  667.465155148  0.0462920352817  0.0284153549123  1.00008805959  0.97020175933  0.0456817545376  0.118634481659  0.998026824195  0.645169846652  0.564382722632  0.152651398394  -9999.0  -9999.0  -9999.0  -9999.0  -9999.0
-9999.0  -9999.0  -9999.0  -9999.0  -9999.0  -9999.0  -9999.0  -9999.0  -9999.0  -9999.0  -9999.0  -9999.0  -9999.0  -9999.0  -9999.0  -9999.0  -9999.0  -9999.0  -9999.0  -9999.0  -9999.0  -9999.0  -9999.0  0.360836002639  0.945737880636  2.09498779182  4.42797854628  0.493502292312  0.870858652674  3.80720204535  4.11586862012  0.317239346363  7.40961843775  7.65721209344  31.0287590518  31.2267098391  0.146160879502  0.265117857727  1.26984544792  8.00051063267  8.34722499151  0.197575377713  0.0859898395598  0.0651469076898  24.0179613669  24.1512226462  24.2590575035  24.3656024552  26.5834232954  0.117223778665  26.9821938931  0.0694026568359  0.0445443968735  0.0780306077585  16.0162755964  16.0719450369  6.18804466059  6.35052656418  0.110248042554  0.0535079696127  0.0655059792907  0.0450897066894  0.0683026313284  0.0259439751782  704.326203951  704.392468473  1.19764902588  1.05778726436  0.0343299349981  1.45015939875  1.36401601918  1.17662536106  0.107730208035  0.135765293014  0.164387723935  -9999.0  -9999.0  -9999.0  -9999.0  -9999.0
-9999.0  -9999.0  -9999.0  -9999.0  -9999.0  -9999.0  -9999.0  -9999.0  -9999.0  -9999.0  -9999.0  -9999.0  -9999.0  -9999.0  -9999.0  -9999.0  -9999.0  -9999.0  -9999.0  -9999.0  -9999.0  -9999.0  -9999.0  -9999.0  0.675250910895  1.31188552681  1.83189992081  3.03085032265  3.41138090851  5.72654090283  6.50864301964  6.81704796866  7.15230777929  22.9277081023  23.1678993958  0.1498983764  0.972496024693  1.14123717958  6.3558096799  6.56252210873  0.210732031856  0.0725558950089  23.585875276  23.8128516596  23.8995125533  0.0742361065218  2.02042799883  2.08514778933  2.16137352511  0.062396892485  0.0462756899865  0.0322687146116  0.0244565798762  15.8485696471  15.9042833748  0.0380370536392  6.1492650656  5.91737142664  5.88087770857  0.0411716261604  0.0460619794836  0.0398613840245  0.0716973938783  36.7082739424  36.8323566228  705.614616683  0.085233706445  0.0321036631694  1.52196671475  0.0439343863659  0.240873647066  0.17462662745  0.0996505198968  -9999.0  -9999.0  -9999.0  -9999.0  -9999.0  -9999.0  -9999.0
-9999.0  -9999.0  -9999.0  -9999.0  -9999.0  -9999.0  -9999.0  -9999.0  -9999.0  -9999.0  -9999.0  -9999.0  -9999.0  -9999.0  -9999.0  -9999.0  -9999.0  -9999.0  -9999.0  -9999.0  -9999.0  -9999.0  -9999.0  -9999.0  0.62248129047  1.96490456216  2.54171940539  3.77780447621  4.81381858928  5.33777635663  0.437239402629  5.74178981541  22.3363428292  22.6738129658  0.272218636425  0.494012304123  0.853061062856  6.02429493903  6.1982729907  15.9865558071  16.1965812918  23.4163095293  23.5408594304  0.152711511431  1.69570128218  1.88299855983  1.96994240009  0.0636086633008  14.2303676505  14.2902220908  14.4975254842  15.4205212169  15.7249135148  15.7830723779  0.0525813021519  0.105065859696  0.150396720674  5.04442238308  5.80786281807  0.477389050706  0.432957799871  0.0361445747171  0.0388782711662  36.6066819864  0.0970044875378  0.0464817716918  705.673358178  0.0142431912175  0.0157990368114  1.84848464107  0.294840334589  0.0534867511736  0.0586930239775  -9999.0  -9999.0  -9999.0  -9999.0  -9999.0  -9999.0  -9999.0
-9999.0  -9999.0  -9999.0  -9999.0  -9999.0  -9999.0  -9999.0  -9999.0  -9999.0  -9999.0  -9999.0  -9999.0  -9999.0  -9999.0  -9999.0  -9999.0  -9999.0  -9999.0  -9999.0  -9999.0  -9999.0  -9999.0  -9999.0  -9999.0  0.710487448698  0.677825047179  2.59194774144  3.19004805324  0.54105062631  4.82611825008  5.29615827093  0.409769185962  15.8424250005  0.383061273257  2.6733374944  5.66664215133  5.86792880806  15.07962815  15.2218281128  15.8578517611  0.145060706809  7.13965205909  0.12939578911  0.213402782362  1.63064165429  0.113752858765  3.17699621045  14.11608537  0.0885908597719  0.163307734615  0.763800699544  0.0828163804711  0.134590407361  0.0813316329471  0.0518997938488  4.39267566896  4.82437532746  5.00195696063  0.23286417017  0.146268377072  0.268668091094  0.0629000164559  36.460961566  36.505713196  0.0591687852659  0.0287106169238  0.0124326279699  705.768402695  707.935211032  2.13297235138  0.262530437975  0.224946958129  0.12584427526  -9999.0  -9999.0  -9999.0  -9999.0  -9999.0  -9999.0  -9999.0
-9999.0  -9999.0  -9999.0  -9999.0  -9999.0  -9999.0  -9999.0  -9999.0  -9999.0  -9999.0  -9999.0  -9999.0  -9999.0  -9999.0  -9999.0  -9999.0  -9999.0  -9999.0  -9999.0  -9999.0  -9999.0  -9999.0  -9999.0  -9999.0  -9999.0  0.660936254068  0.712144621571  0.673334101649  3.72070721867  4.31960968416  7.20025098774  15.4934969424  0.512690515811  1.57708121315  2.00574409673  2.75961133821  0.590047091209  14.8738585023  0.23771894673  0.481928991698  6.81574479024  0.187450058384  0.877425354368  1.12563013214  0.184149227534  0.109360340823  3.12076841507  10.8617771033  0.126303979846  0.429752365429  0.700907922035  0.101910454912  0.078169847275  3.85355410945  4.11025395222  0.185328123322  0.376431463898  0.103567801398  0.169566045327  0.0854390732945  0.0669665872277  0.0459055898409  36.4257709492  0.141728039801  -9999.0  -9999.0  0.0310486956844  0.0548640077556  707.950494271  707.965303215  708.023731385  0.0268307860212  -9999.0  -9999.0  -9999.0  -9999.0  -9999.0  -9999.0  -9999.0  -9999.0
-9999.0  -9999.0  -9999.0  -9999.0  -9999.0  -9999.0  -9999.0  -9999.0  -9999.0  -9999.0  -9999.0  -9999.0  -9999.0  -9999.0  -9999.0  -9999.0  -9999.0  -9999.0  -9999.0  -9999.0  -9999.0  -9999.0  -9999.0  -9999.0  -9999.0  -9999.0  0.593081776011  1.94976003742  2.48417905273  6.75160147158  2.30661399264  7.79815615712  5.02198312613  0.52680603977  1.52354828478  2.38967177756  0.336654859919  14.0514417146  5.01996148544  6.09550555836  0.560493232568  0.556458819943  0.174274115887  0.163314972071  2.79533863738  2.90736447781  10.5172992642  10.6249198968  0.214219982034  0.331770473098  0.0902929087652  2.97996170669  3.40051987945  3.80274135581  0.196048642894  0.0915509637465  0.273521662838  0.0978462843814  0.0749320824279  0.04704897897  35.8847517339  36.081537546  36.2012007459  0.0985116280116  -9999.0  -9999.0  -9999.0  -9999.0  -9999.0  0.0106799850608  708.032497855  708.047221832  -9999.0  -9999.0  -9999.0  -9999.0  -9999.0  -9999.0  -9999.0  -9999.0
-9999.0  -9999.0  -9999.0  -9999.0  -9999.0  -9999.0  -9999.0  -9999.0  -9999.0  -9999.0  -9999.0  -9999.0  -9999.0  -9999.0  -9999.0  -9999.0  -9999.0  -9999.0  -9999.0  -9999.0  -9999.0  -9999.0  -9999.0  -9999.0  -9999.0  -9999.0  0.787620471375  0.697532119137  6.23021019561  0.585716599199  1.84008517435  3.28699616326  4.52204559283  0.601686877197  0.514564588044  0.453562919861  13.244729862  13.6819333847  4.72450969344  0.819175648924  0.369497318833  0.361965804058  2.45425753784  2.67670393044  9.69473943952  10.0092352285  10.2784678393  0.141356323663  0.111787792609  2.75382558696  2.82521669119  2.91240776398  0.35976893342  0.208089522997  0.107441168318  0.102058589107  0.0733081956137  0.525613854704  0.572214250107  35.7904674575  35.85156044  0.147342457592  0.0633619972136  0.0499720749934  -9999.0  -9999.0  -9999.0  -9999.0  -9999.0  -9999.0  -9999.0  -9999.0  -9999.0  -9999.0  -9999.0  -9999.0  -9999.0  -9999.0  -9999.0  -9999.0
-9999.0  -9999.0  -9999.0  -9999.0  -9999.0  -9999.0  -9999.0  -9999.0  -9999.0  -9999.0  -9999.0  -9999.0  -9999.0  -9999.0  -9999.0  -9999.0  -9999.0  -9999.0  -9999.0  -9999.0  -9999.0  -9999.0  -9999.0  -9999.0  -9999.0  -9999.0  -9999.0  1.4949044842  4.95747966636  2.79266342372  0.645735842147  2.70117262643  0.62629173782  1.9433088649  2.36012969088  11.920915206  12.877573385  3.94874826673  4.35251963612  0.404135142497  1.83052414049  2.16372516103  6.42078273648  9.32442783993  9.56186839215  0.200981557186  0.136391963742  2.1570208943  2.41389255096  2.68291901238  0.0989173532088  0.176913274125  0.271170047546  0.0964638641304  0.197008996665  0.318429684016  0.380165007287  0.478095560503  0.0596848028126  35.1021746705  0.149430240031  0.0867871156325  -9999.0  -9999.0  -9999.0  -9999.0  -9999.0  -9999.0  -9999.0  -9999.0  -9999.0  -9999.0  -9999.0  -9999.0  -9999.0  -9999.0  -9999.0  -9999.0  -9999.0  -9999.0
-9999.0  -9999.0  -9999.0  -9999.0  -9999.0  -9999.0  -9999.0  -9999.0  -9999.0  -9999.0  -9999.0  -9999.0  -9999.0  -9999.0  -9999.0  -9999.0  -9999.0  -9999.0  -9999.0  -9999.0  -9999.0  -9999.0  -9999.0  -9999.0  -9999.0  -9999.0  -9999.0  0.793234686816  0.71310852349  1.39555405989  0.705500958654  1.35432405274  1.37887633269  7.53624916977  8.01679013334  1.11943718362  0.517814130704  3.54909766982  0.983467480367  1.48429515561  5.47437178614  5.82920870902  6.17063142811  2.65443337119  0.916963236411  1.35189646079  1.6895552214  2.08315565463  0.189681890853  0.154396883425  21.6130681131  21.7153116007  21.7955867089  0.0678310990989  0.122948437163  0.0681617584092  0.0475927695025  33.3641289438  33.7386639773  1.07604048022  0.96262620267  0.0926866385568  -9999.0  -9999.0  -9999.0  -9999.0  -9999.0  -9999.0  -9999.0  -9999.0  -9999.0  -9999.0  -9999.0  -9999.0  -9999.0  -9999.0  -9999.0  -9999.0  -9999.0  -9999.0
-9999.0  -9999.0  -9999.0  -9999.0  -9999.0  -9999.0  -9999.0  -9999.0  -9999.0  -9999.0  -9999.0  -9999.0  -9999.0  -9999.0  -9999.0  -9999.0  -9999.0  -9999.0  -9999.0  -9999.0  -9999.0  -9999.0  -9999.0  -9999.0  -9999.0  -9999.0  -9999.0  -9999.0  -9999.0  0.642611821896  0.61907444698  0.737541904554  2.88895659072  6.96585060145  3.44491738183  0.588464616413  2.48407498332  3.04225347136  0.47572332955  4.72636818782  5.11188621042  1.27982115505  1.96867524781  0.354595681568  0.598855203809  0.246715560526  0.172815545541  0.17248099145  21.2764828967  21.41731197  21.5204783687  0.561263700985  22.4595851394  22.540482327  22.6107235599  22.6786456345  22.8065131786  33.3268944612  33.4538273329  0.229762566575  0.868861337117  0.237516524254  -9999.0  -9999.0  -9999.0  -9999.0  -9999.0  -9999.0  -9999.0  -9999.0  -9999.0  -9999.0  -9999.0  -9999.0  -9999.0  -9999.0  -9999.0  -9999.0  -9999.0  -9999.0
-9999.0  -9999.0  -9999.0  -9999.0  -9999.0  -9999.0  -9999.0  -9999.0  -9999.0  -9999.0  -9999.0  -9999.0  -9999.0  -9999.0  -9999.0  -9999.0  -9999.0  -9999.0  -9999.0  -9999.0  -9999.0  -9999.0  -9999.0  -9999.0  -9999.0  -9999.0  -9999.0  -9999.0  -9999.0  -9999.0  -9999.0  0.775954737592  1.50052456832  1.47483071864  1.42361884083  1.35968437202  1.99229445879  3.23051651102  3.72660901534  4.29727761843  0.44072284857  0.89874057359  0.358659442344  0.299318639412  14.0863005485  16.7360294637  17.2442658214  17.4747842027  21.1597674717  0.17060407624  0.305076899689  0.482558674212  3.20089759189  3.29577931092  3.37663408305  7.63522367325  9.49601271175  10.4376814964  0.124246542322  0.129087467516  0.528503396402  0.137539940615  -9999.0  -9999.0  -9999.0  -9999.0  -9999.0  -9999.0  -9999.0  -9999.0  -9999.0  -9999.0  -9999.0  -9999.0  -9999.0  -9999.0  -9999.0  -9999.0  -9999.0  -9999.0
-9999.0  -9999.0  -9999.0  -9999.0  -9999.0  -9999.0  -9999.0  -9999.0  -9999.0  -9999.0  -9999.0  -9999.0  -9999.0  -9999.0  -9999.0  -9999.0  -9999.0  -9999.0  -9999.0  -9999.0  -9999.0  -9999.0  -9999.0  -9999.0  -9999.0  -9999.0  -9999.0  -9999.0  -9999.0  -9999.0  -9999.0  -9999.0  0.755747333086  0.75676475131  0.719338523368  0.689024881395  1.36176204243  2.64922370381  2.55837052848  3.08164807226  3.46368980965  7.93459791135  8.28240002225  13.6151840402  13.8994606066  2.45218229794  0.262695827759  3.25767216128  3.47573558503  1.31031839407  2.51830471136  2.92797185601  3.09766871538  0.138944579227  4.19404523623  7.97467539426  9.43689803014  0.130294862534  0.730457566555  0.122692853417  0.408770532027  -9999.0  -9999.0  -9999.0  -9999.0  -9999.0  -9999.0  -9999.0  -9999.0  -9999.0  -9999.0  -9999.0  -9999.0  -9999.0  -9999.0  -9999.0  -9999.0  -9999.0  -9999.0  -9999.0
-9999.0  -9999.0  -9999.0  -9999.0  -9999.0  -9999.0  -9999.0  -9999.0  -9999.0  -9999.0  -9999.0  -9999.0  -9999.0  -9999.0  -9999.0  -9999.0  -9999.0  -9999.0  -9999.0  -9999.0  -9999.0  -9999.0  -9999.0  -9999.0  -9999.0  -9999.0  -9999.0  -9999.0  -9999.0  -9999.0  -9999.0  -9999.0  -9999.0  -9999.0  -9999.0  0.748097451073  0.66784899032  0.69201434537  1.99735366377  1.85167389718  3.5272813316  4.09363279187  0.453225460512  4.97216382139  1.7958145866  2.1719246535  2.08986901645  3.036733133  0.830157465046  0.267999774954  1.0626493732  0.253157325478  2.27378911285  2.70803827331  3.93301537188  0.18996689421  0.86763196278  0.329623977512  0.469952211875  0.145897295094  0.27897184367  -9999.0  -9999.0  -9999.0  -9999.0  -9999.0  -9999.0  -9999.0  -9999.0  -9999.0  -9999.0  -9999.0  -9999.0  -9999.0  -9999.0  -9999.0  -9999.0  -9999.0  -9999.0  -9999.0
-9999.0  -9999.0  -9999.0  -9999.0  -9999.0  -9999.0  -9999.0  -9999.0  -9999.0  -9999.0  -9999.0  -9999.0  -9999.0  -9999.0  -9999.0  -9999.0  -9999.0  -9999.0  -9999.0  -9999.0  -9999.0  -9999.0  -9999.0  -9999.0  -9999.0  -9999.0  -9999.0  -9999.0  -9999.0  -9999.0  -9999.0  -9999.0  -9999.0  -9999.0  -9999.0  -9999.0  -9999.0  0.672111976796  0.607235122686  1.24315587147  1.14788794134  2.9972565127  4.02434895296  1.02601650908  1.41258082663  1.10428593498  1.79534646347  0.646539394329  0.595539213518  0.594844335728  0.242524778381  1.35382865628  2.07581134519  0.241174575794  1.01545749408  0.391897182593  0.291453531287  0.156820492723  0.155031474313  0.167817803375  -9999.0  -9999.0  -9999.0  -9999.0  -9999.0  -9999.0  -9999.0  -9999.0  -9999.0  -9999.0  -9999.0  -9999.0  -9999.0  -9999.0  -9999.0  -9999.0  -9999.0  -9999.0  -9999.0  -9999.0
-9999.0  -9999.0  -9999.0  -9999.0  -9999.0  -9999.0  -9999.0  -9999.0  -9999.0  -9999.0  -9999.0  -9999.0  -9999.0  -9999.0  -9999.0  -9999.0  -9999.0  -9999.0  -9999.0  -9999.0  -9999.0  -9999.0  -9999.0  -9999.0  -9999.0  -9999.0  -9999.0  -9999.0  -9999.0  -9999.0  -9999.0  -9999.0  -9999.0  -9999.0  -9999.0  -9999.0  -9999.0  -9999.0  -9999.0  0.609302446799  1.25055301807  2.46842272664  0.547711355888  0.536141321489  0.36823048439  0.770341649608  0.360390702129  0.328123139341  0.315830990182  0.316648009653  0.582327046135  1.14460361548  0.527412377374  0.550640851308  0.798564906771  0.206253952531  0.139891461924  -9999.0  -9999.0  -9999.0  -9999.0  -9999.0  -9999.0  -9999.0  -9999.0  -9999.0  -9999.0  -9999.0  -9999.0  -9999.0  -9999.0  -9999.0  -9999.0  -9999.0  -9999.0  -9999.0  -9999.0  -9999.0  -9999.0  -9999.0
-9999.0  -9999.0  -9999.0  -9999.0  -9999.0  -9999.0  -9999.0  -9999.0  -9999.0  -9999.0  -9999.0  -9999.0  -9999.0  -9999.0  -9999.0  -9999.0  -9999.0  -9999.0  -9999.0  -9999.0  -9999.0  -9999.0  -9999.0  -9999.0  -9999.0  -9999.0  -9999.0  -9999.0  -9999.0  -9999.0  -9999.0  -9999.0  -9999.0  -9999.0  -9999.0  -9999.0  -9999.0  -9999.0  -9999.0  -9999.0  0.644642698071  0.590580268717  -9999.0  -9999.0  -9999.0  -9999.0  -9999.0  -9999.0  -9999.0  -9999.0  0.29711739195  0.275303111424  0.239668275235  0.252339281702  -9999.0  -9999.0  -9999.0  -9999.0  -9999.0  -9999.0  -9999.0  -9999.0  -9999.0  -9999.0  -9999.0  -9999.0  -9999.0  -9999.0  -9999.0  -9999.0  -9999.0  -9999.0  -9999.0  -9999.0  -9999.0  -9999.0  -9999.0  -9999.0  -9999.0  -9999.0
-9999.0  -9999.0  -9999.0  -9999.0  -9999.0  -9999.0  -9999.0  -9999.0  -9999.0  -9999.0  -9999.0  -9999.0  -9999.0  -9999.0  -9999.0  -9999.0  -9999.0  -9999.0  -9999.0  -9999.0  -9999.0  -9999.0  -9999.0  -9999.0  -9999.0  -9999.0  -9999.0  -9999.0  -9999.0  -9999.0  -9999.0  -9999.0  -9999.0  -9999.0  -9999.0  -9999.0  -9999.0  -9999.0  -9999.0  -9999.0  -9999.0  -9999.0  -9999.0  -9999.0  -9999.0  -9999.0  -9999.0  -9999.0  -9999.0  -9999.0  -9999.0  -9999.0  -9999.0  -9999.0  -9999.0  -9999.0  -9999.0  -9999.0  -9999.0  -9999.0  -9999.0  -9999.0  -9999.0  -9999.0  -9999.0  -9999.0  -9999.0  -9999.0  -9999.0  -9999.0  -9999.0  -9999.0  -9999.0  -9999.0  -9999.0  -9999.0  -9999.0  -9999.0  -9999.0  -9999.0
-9999.0  -9999.0  -9999.0  -9999.0  -9999.0  -9999.0  -9999.0  -9999.0  -9999.0  -9999.0  -9999.0  -9999.0  -9999.0  -9999.0  -9999.0  -9999.0  -9999.0  -9999.0  -9999.0  -9999.0  -9999.0  -9999.0  -9999.0  -9999.0  -9999.0  -9999.0  -9999.0  -9999.0  -9999.0  -9999.0  -9999.0  -9999.0  -9999.0  -9999.0  -9999.0  -9999.0  -9999.0  -9999.0  -9999.0  -9999.0  -9999.0  -9999.0  -9999.0  -9999.0  -9999.0  -9999.0  -9999.0  -9999.0  -9999.0  -9999.0  -9999.0  -9999.0  -9999.0  -9999.0  -9999.0  -9999.0  -9999.0  -9999.0  -9999.0  -9999.0  -9999.0  -9999.0  -9999.0  -9999.0  -9999.0  -9999.0  -9999.0  -9999.0  -9999.0  -9999.0  -9999.0  -9999.0  -9999.0  -9999.0  -9999.0  -9999.0  -9999.0  -9999.0  -9999.0  -9999.0
-9999.0  -9999.0  -9999.0  -9999.0  -9999.0  -9999.0  -9999.0  -9999.0  -9999.0  -9999.0  -9999.0  -9999.0  -9999.0  -9999.0  -9999.0  -9999.0  -9999.0  -9999.0  -9999.0  -9999.0  -9999.0  -9999.0  -9999.0  -9999.0  -9999.0  -9999.0  -9999.0  -9999.0  -9999.0  -9999.0  -9999.0  -9999.0  -9999.0  -9999.0  -9999.0  -9999.0  -9999.0  -9999.0  -9999.0  -9999.0  -9999.0  -9999.0  -9999.0  -9999.0  -9999.0  -9999.0  -9999.0  -9999.0  -9999.0  -9999.0  -9999.0  -9999.0  -9999.0  -9999.0  -9999.0  -9999.0  -9999.0  -9999.0  -9999.0  -9999.0  -9999.0  -9999.0  -9999.0  -9999.0  -9999.0  -9999.0  -9999.0  -9999.0  -9999.0  -9999.0  -9999.0  -9999.0  -9999.0  -9999.0  -9999.0  -9999.0  -9999.0  -9999.0  -9999.0  -9999.0
-9999.0  -9999.0  -9999.0  -9999.0  -9999.0  -9999.0  -9999.0  -9999.0  -9999.0  -9999.0  -9999.0  -9999.0  -9999.0  -9999.0  -9999.0  -9999.0  -9999.0  -9999.0  -9999.0  -9999.0  -9999.0  -9999.0  -9999.0  -9999.0  -9999.0  -9999.0  -9999.0  -9999.0  -9999.0  -9999.0  -9999.0  -9999.0  -9999.0  -9999.0  -9999.0  -9999.0  -9999.0  -9999.0  -9999.0  -9999.0  -9999.0  -9999.0  -9999.0  -9999.0  -9999.0  -9999.0  -9999.0  -9999.0  -9999.0  -9999.0  -9999.0  -9999.0  -9999.0  -9999.0  -9999.0  -9999.0  -9999.0  -9999.0  -9999.0  -9999.0  -9999.0  -9999.0  -9999.0  -9999.0  -9999.0  -9999.0  -9999.0  -9999.0  -9999.0  -9999.0  -9999.0  -9999.0  -9999.0  -9999.0  -9999.0  -9999.0  -9999.0  -9999.0  -9999.0  -9999.0
-9999.0  -9999.0  -9999.0  -9999.0  -9999.0  -9999.0  -9999.0  -9999.0  -9999.0  -9999.0  -9999.0  -9999.0  -9999.0  -9999.0  -9999.0  -9999.0  -9999.0  -9999.0  -9999.0  -9999.0  -9999.0  -9999.0  -9999.0  -9999.0  -9999.0  -9999.0  -9999.0  -9999.0  -9999.0  -9999.0  -9999.0  -9999.0  -9999.0  -9999.0  -9999.0  -9999.0  -9999.0  -9999.0  -9999.0  -9999.0  -9999.0  -9999.0  -9999.0  -9999.0  -9999.0  -9999.0  -9999.0  -9999.0  -9999.0  -9999.0  -9999.0  -9999.0  -9999.0  -9999.0  -9999.0  -9999.0  -9999.0  -9999.0  -9999.0  -9999.0  -9999.0  -9999.0  -9999.0  -9999.0  -9999.0  -9999.0  -9999.0  -9999.0  -9999.0  -9999.0  -9999.0  -9999.0  -9999.0  -9999.0  -9999.0  -9999.0  -9999.0  -9999.0  -9999.0  -9999.0
-9999.0  -9999.0  -9999.0  -9999.0  -9999.0  -9999.0  -9999.0  -9999.0  -9999.0  -9999.0  -9999.0  -9999.0  -9999.0  -9999.0  -9999.0  -9999.0  -9999.0  -9999.0  -9999.0  -9999.0  -9999.0  -9999.0  -9999.0  -9999.0  -9999.0  -9999.0  -9999.0  -9999.0  -9999.0  -9999.0  -9999.0  -9999.0  -9999.0  -9999.0  -9999.0  -9999.0  -9999.0  -9999.0  -9999.0  -9999.0  -9999.0  -9999.0  -9999.0  -9999.0  -9999.0  -9999.0  -9999.0  -9999.0  -9999.0  -9999.0  -9999.0  -9999.0  -9999.0  -9999.0  -9999.0  -9999.0  -9999.0  -9999.0  -9999.0  -9999.0  -9999.0  -9999.0  -9999.0  -9999.0  -9999.0  -9999.0  -9999.0  -9999.0  -9999.0  -9999.0  -9999.0  -9999.0  -9999.0  -9999.0  -9999.0  -9999.0  -9999.0  -9999.0  -9999.0  -9999.0
