ncols                  80
nrows                 72
xllcorner      4374000.0
yllcorner      5656000.0
cellsize            500
NODATA_value       -9999
-9999.0  -9999.0  -9999.0  -9999.0  -9999.0  -9999.0  -9999.0  -9999.0  -9999.0  -9999.0  -9999.0  -9999.0  0.735261996841  0.869193788896  -9999.0  -9999.0  -9999.0  -9999.0  -9999.0  -9999.0  -9999.0  -9999.0  -9999.0  -9999.0  -9999.0  -9999.0  -9999.0  -9999.0  -9999.0  -9999.0  -9999.0  -9999.0  -9999.0  -9999.0  -9999.0  -9999.0  -9999.0  -9999.0  -9999.0  -9999.0  -9999.0  -9999.0  -9999.0  -9999.0  -9999.0  -9999.0  -9999.0  -9999.0  -9999.0  -9999.0  -9999.0  -9999.0  -9999.0  -9999.0  -9999.0  -9999.0  -9999.0  -9999.0  -9999.0  -9999.0  -9999.0  -9999.0  -9999.0  -9999.0  -9999.0  -9999.0  -9999.0  -9999.0  -9999.0  -9999.0  -9999.0  -9999.0  -9999.0  -9999.0  -9999.0  -9999.0  -9999.0  -9999.0  -9999.0  -9999.0
-9999.0  -9999.0  -9999.0  -9999.0  -9999.0  -9999.0  -9999.0  -9999.0  -9999.0  -9999.0  -9999.0  -9999.0  1.31915745655  3.66388114276  0.750639784617  -9999.0  0.647984158484  -9999.0  -9999.0  -9999.0  -9999.0  -9999.0  -9999.0  -9999.0  -9999.0  -9999.0  -9999.0  -9999.0  -9999.0  -9999.0  -9999.0  -9999.0  -9999.0  -9999.0  -9999.0  -9999.0  -9999.0  -9999.0  -9999.0  -9999.0  -9999.0  -9999.0  -9999.0  -9999.0  -9999.0  -9999.0  -9999.0  -9999.0  -9999.0  -9999.0  -9999.0  -9999.0  -9999.0  -9999.0  -9999.0  -9999.0  -9999.0  -9999.0  -9999.0  -9999.0  -9999.0  -9999.0  -9999.0  -9999.0  -9999.0  -9999.0  -9999.0  -9999.0  -9999.0  -9999.0  -9999.0  -9999.0  -9999.0  -9999.0  -9999.0  -9999.0  -9999.0  -9999.0  -9999.0  -9999.0
-9999.0  -9999.0  -9999.0  -9999.0  -9999.0  -9999.0  -9999.0  -9999.0  -9999.0  -9999.0  0.55865245544  0.543739706358  0.565613881236  0.550549787343  4.71260777803  5.43200090239  1.86865729176  0.606271624588  -9999.0  -9999.0  -9999.0  -9999.0  -9999.0  -9999.0  -9999.0  -9999.0  -9999.0  -9999.0  -9999.0  -9999.0  -9999.0  -9999.0  -9999.0  -9999.0  -9999.0  -9999.0  -9999.0  -9999.0  -9999.0  -9999.0  -9999.0  -9999.0  -9999.0  -9999.0  -9999.0  -9999.0  -9999.0  -9999.0  -9999.0  -9999.0  -9999.0  -9999.0  -9999.0  -9999.0  -9999.0  -9999.0  -9999.0  -9999.0  -9999.0  -9999.0  -9999.0  -9999.0  -9999.0  -9999.0  -9999.0  -9999.0  -9999.0  -9999.0  -9999.0  -9999.0  -9999.0  -9999.0  -9999.0  -9999.0  -9999.0  -9999.0  -9999.0  -9999.0  -9999.0  -9999.0
-9999.0  -9999.0  -9999.0  -9999.0  -9999.0  -9999.0  -9999.0  -9999.0  -9999.0  0.545592644873  1.10081603634  2.18466292897  1.09193377032  0.531663291547  1.0413891873  5.94307104706  9.23299845146  0.679947961111  -9999.0  0.543367881168  -9999.0  -9999.0  -9999.0  -9999.0  1.29811341369  0.653354648326  -9999.0  -9999.0  -9999.0  -9999.0  -9999.0  -9999.0  -9999.0  -9999.0  -9999.0  -9999.0  -9999.0  -9999.0  -9999.0  -9999.0  -9999.0  -9999.0  -9999.0  -9999.0  -9999.0  -9999.0  -9999.0  -9999.0  -9999.0  -9999.0  -9999.0  -9999.0  -9999.0  -9999.0  -9999.0  -9999.0  -9999.0  -9999.0  -9999.0  -9999.0  -9999.0  -9999.0  -9999.0  -9999.0  -9999.0  -9999.0  -9999.0  -9999.0  -9999.0  -9999.0  -9999.0  -9999.0  -9999.0  -9999.0  -9999.0  -9999.0  -9999.0  -9999.0  -9999.0  -9999.0
-9999.0  -9999.0  -9999.0  -9999.0  -9999.0  -9999.0  -9999.0  -9999.0  0.605961921081  1.72349623166  2.25217378306  2.78299156742  3.78823443683  0.499531592344  2.00022621753  2.49056954765  13.0326349618  0.597041757443  0.493206346993  1.03150043654  1.50369404804  0.490003083734  -9999.0  3.41594953822  2.78784582025  0.772112994921  -9999.0  -9999.0  -9999.0  -9999.0  -9999.0  -9999.0  -9999.0  -9999.0  -9999.0  -9999.0  -9999.0  -9999.0  -9999.0  -9999.0  -9999.0  -9999.0  -9999.0  -9999.0  -9999.0  -9999.0  -9999.0  -9999.0  -9999.0  -9999.0  -9999.0  -9999.0  -9999.0  -9999.0  -9999.0  -9999.0  -9999.0  -9999.0  -9999.0  -9999.0  -9999.0  -9999.0  -9999.0  -9999.0  -9999.0  -9999.0  -9999.0  -9999.0  -9999.0  -9999.0  -9999.0  -9999.0  -9999.0  -9999.0  -9999.0  -9999.0  -9999.0  -9999.0  -9999.0  -9999.0
-9999.0  -9999.0  -9999.0  -9999.0  -9999.0  -9999.0  0.611178347074  0.566042260982  0.543724911241  0.550834152025  0.555135240364  3.89724053864  8.2148786528  8.73840684221  9.10856668113  0.314066929143  13.9001082204  14.3869748786  0.977729198258  0.479592642346  1.96692696152  3.41120727262  0.571885868304  5.23184291336  0.549433185242  0.61381143241  0.566302396921  -9999.0  -9999.0  -9999.0  -9999.0  -9999.0  -9999.0  -9999.0  -9999.0  -9999.0  -9999.0  -9999.0  -9999.0  -9999.0  -9999.0  -9999.0  -9999.0  -9999.0  -9999.0  -9999.0  -9999.0  -9999.0  -9999.0  -9999.0  -9999.0  -9999.0  -9999.0  -9999.0  -9999.0  -9999.0  -9999.0  -9999.0  -9999.0  -9999.0  -9999.0  -9999.0  -9999.0  -9999.0  -9999.0  -9999.0  -9999.0  -9999.0  -9999.0  -9999.0  -9999.0  -9999.0  -9999.0  -9999.0  -9999.0  -9999.0  -9999.0  -9999.0  -9999.0  -9999.0
-9999.0  -9999.0  -9999.0  -9999.0  -9999.0  -9999.0  1.21015556774  1.78245414582  4.03094865539  5.64242341868  0.505636384917  0.51584800397  0.497552035907  1.46869010841  11.0315157997  0.382644964773  14.8495556843  16.6378316553  1.42664753617  0.921510136428  3.85568444691  0.476230090522  5.69842625452  0.996633978186  0.513663213565  1.11428596216  1.10418089672  0.507636898695  0.507354617565  0.497968000031  0.51549815898  1.03416441715  -9999.0  -9999.0  -9999.0  -9999.0  -9999.0  -9999.0  -9999.0  -9999.0  -9999.0  -9999.0  -9999.0  -9999.0  -9999.0  -9999.0  -9999.0  -9999.0  -9999.0  -9999.0  -9999.0  -9999.0  -9999.0  -9999.0  -9999.0  -9999.0  -9999.0  -9999.0  -9999.0  -9999.0  -9999.0  -9999.0  -9999.0  -9999.0  -9999.0  -9999.0  -9999.0  -9999.0  -9999.0  -9999.0  -9999.0  -9999.0  -9999.0  -9999.0  -9999.0  -9999.0  -9999.0  -9999.0  -9999.0  -9999.0
-9999.0  -9999.0  -9999.0  -9999.0  -9999.0  0.636135410287  1.2393530059  0.593280978247  1.15892120701  6.21682448957  7.27558961276  8.32095043729  26.2550592495  0.484369087178  11.5212072633  41.4788819482  41.802257373  58.9914701477  0.355787207655  1.36695003892  4.30340922719  0.444160645026  11.3042275578  5.15120844032  3.22934066794  2.73127815214  0.545658005104  1.50836021904  1.48260335001  0.989228307037  0.47806638459  1.52670662145  0.471753736926  0.46671675325  -9999.0  -9999.0  -9999.0  -9999.0  -9999.0  -9999.0  -9999.0  -9999.0  -9999.0  -9999.0  -9999.0  -9999.0  -9999.0  -9999.0  -9999.0  -9999.0  -9999.0  -9999.0  -9999.0  -9999.0  -9999.0  -9999.0  -9999.0  -9999.0  -9999.0  -9999.0  -9999.0  -9999.0  -9999.0  -9999.0  -9999.0  -9999.0  -9999.0  -9999.0  -9999.0  -9999.0  -9999.0  -9999.0  -9999.0  -9999.0  -9999.0  -9999.0  -9999.0  -9999.0  -9999.0  -9999.0
-9999.0  -9999.0  -9999.0  -9999.0  -9999.0  0.639899076586  1.86397820238  3.70786357996  4.27690780684  8.47495443398  9.0177142865  10.7049793641  17.444338171  27.6626614303  28.6574476829  29.124885426  0.8538659438  60.5092256009  61.2695920567  63.5041396174  80.9280466431  12.6670804311  11.7737148401  3.69486874762  0.456059247913  2.99260230147  2.00836236428  0.469821772407  1.9323714276  0.430269985503  0.888196380495  2.43480152306  2.89184429106  0.919419388708  0.454167280969  0.447134359939  -9999.0  -9999.0  -9999.0  -9999.0  0.631391982121  0.548847236167  -9999.0  -9999.0  -9999.0  -9999.0  -9999.0  -9999.0  -9999.0  -9999.0  -9999.0  -9999.0  -9999.0  -9999.0  -9999.0  -9999.0  -9999.0  -9999.0  -9999.0  -9999.0  -9999.0  -9999.0  -9999.0  -9999.0  -9999.0  -9999.0  -9999.0  -9999.0  -9999.0  -9999.0  -9999.0  -9999.0  -9999.0  -9999.0  -9999.0  -9999.0  -9999.0  -9999.0  -9999.0  -9999.0
-9999.0  -9999.0  -9999.0  -9999.0  -9999.0  0.623440557917  0.597095937123  2.47327016677  3.04883431686  3.64156824224  0.571656680691  1.13453222091  6.38984911682  1.15912276593  0.544261903418  0.513081749661  0.469134768019  0.518171511258  0.49487086992  0.49856177501  81.4018175442  82.7419185593  0.438001723975  1.33966785012  0.907354887459  3.44894599872  0.952348426108  0.475388775686  2.39643164962  0.837484069527  1.98545964523  5.07331508337  4.71457217575  1.37231896134  1.35502095499  0.454672945026  0.454085351738  -9999.0  -9999.0  0.457823404018  1.28134946973  2.98457847444  0.582792301981  -9999.0  -9999.0  -9999.0  -9999.0  -9999.0  -9999.0  -9999.0  -9999.0  -9999.0  -9999.0  -9999.0  -9999.0  -9999.0  -9999.0  -9999.0  -9999.0  -9999.0  -9999.0  -9999.0  -9999.0  -9999.0  -9999.0  -9999.0  -9999.0  -9999.0  -9999.0  -9999.0  -9999.0  -9999.0  -9999.0  -9999.0  -9999.0  -9999.0  -9999.0  -9999.0  -9999.0  -9999.0
-9999.0  -9999.0  -9999.0  -9999.0  -9999.0  -9999.0  0.640788580682  0.643814658349  1.23737223895  1.83586907873  4.12137501263  5.27946006073  5.86345021874  0.627366762704  0.501105048156  6.56129512749  8.07793471406  8.5632006528  10.5450740823  11.0105398315  0.460101543698  83.2045762508  85.3146371011  1.66038411609  0.168071606911  3.8006294732  8.50927273842  3.32675243597  0.845729140843  0.418226890521  7.87027418277  5.49946369086  0.422832033439  0.425038390166  1.79129882884  1.33851781861  0.445772036494  0.462863537322  0.444941806392  0.893862769466  0.434414799682  3.63277924109  4.07645002255  0.465839350522  -9999.0  -9999.0  -9999.0  -9999.0  0.516079709011  0.497417667588  0.103946720766  -9999.0  -9999.0  -9999.0  -9999.0  -9999.0  -9999.0  -9999.0  -9999.0  -9999.0  -9999.0  -9999.0  -9999.0  -9999.0  -9999.0  -9999.0  -9999.0  -9999.0  -9999.0  -9999.0  -9999.0  -9999.0  -9999.0  -9999.0  -9999.0  -9999.0  -9999.0  -9999.0  -9999.0  -9999.0
-9999.0  -9999.0  -9999.0  -9999.0  -9999.0  -9999.0  -9999.0  0.636255194211  0.521948020898  1.12859325313  1.72456272026  0.584493970952  0.549707357195  3.38798515777  4.47423286375  5.57009449637  0.517201575702  1.01493792717  0.501360588011  11.482993644  26.2679818825  26.8833698062  113.233916128  0.433577592648  0.534593980501  0.165123998696  8.94792481614  0.424781539771  1.27271684485  0.41510199845  8.28739344216  8.70082927016  0.846168622857  0.834269635899  4.44581106103  2.22063709388  0.920942919862  0.456561127327  0.889850236368  1.33195881486  2.18993393213  0.432617794655  5.02577896298  5.50754220795  0.445171966082  0.443121679341  0.491515584068  0.470273051195  0.456638996603  1.47553001286  0.483377372562  0.302944567985  -9999.0  -9999.0  -9999.0  -9999.0  -9999.0  -9999.0  -9999.0  -9999.0  -9999.0  -9999.0  -9999.0  -9999.0  -9999.0  -9999.0  -9999.0  -9999.0  -9999.0  -9999.0  -9999.0  -9999.0  -9999.0  -9999.0  -9999.0  -9999.0  -9999.0  -9999.0  -9999.0  -9999.0
-9999.0  -9999.0  -9999.0  -9999.0  -9999.0  -9999.0  -9999.0  -9999.0  1.16820596729  1.65460128195  0.580250613878  1.17461947193  1.735641995  2.86883775204  0.580119152023  0.556157663109  0.49386103133  0.501070041476  0.466970694955  13.8342522099  0.503909314725  0.990226810663  114.944162396  116.355856005  0.600135654163  1.70905588319  11.0878651232  0.829378221907  1.65948578608  0.794259996637  1.18278585969  10.3304011946  1.23792116508  6.48076288136  5.25385275687  0.405709873582  2.21215983543  0.8785143948  1.30584154972  0.419797525312  2.64235254464  3.53720678293  3.9700063724  4.39081016805  7.20271354403  0.842053866768  0.909891317418  0.873673123842  0.843378766923  1.87987374262  0.389820728848  1.16742908404  1.50307616847  -9999.0  -9999.0  -9999.0  -9999.0  -9999.0  -9999.0  -9999.0  -9999.0  -9999.0  -9999.0  -9999.0  -9999.0  -9999.0  -9999.0  -9999.0  -9999.0  -9999.0  -9999.0  -9999.0  -9999.0  -9999.0  -9999.0  -9999.0  -9999.0  -9999.0  -9999.0  -9999.0
-9999.0  -9999.0  -9999.0  -9999.0  -9999.0  -9999.0  -9999.0  -9999.0  0.614870315899  2.8695513166  3.43806481582  0.569896771563  1.12104261495  0.551016446783  0.523907017427  0.514415915211  6.40586455287  8.59929472877  10.8461654732  13.1788209637  0.597846680726  0.493979372771  0.561371036696  119.142217982  120.861780804  121.557495675  15.0419181735  3.3579630889  2.90717913754  0.401269635925  1.55823514078  12.2750564536  0.382087473915  6.87099575923  0.399347410245  2.80195964132  2.64054718134  0.416082521142  1.71858264375  0.830411127653  1.23662224345  0.429151525294  0.409262911497  4.80881123217  5.20820746009  7.60108057249  1.32669596693  1.28064928982  1.2421984677  2.28512411269  3.06785616849  0.389575274366  1.84468683391  0.349549362742  0.670418565311  0.32792146069  -9999.0  -9999.0  -9999.0  -9999.0  -9999.0  -9999.0  -9999.0  -9999.0  -9999.0  -9999.0  -9999.0  -9999.0  -9999.0  -9999.0  -9999.0  -9999.0  -9999.0  -9999.0  -9999.0  -9999.0  -9999.0  -9999.0  -9999.0  -9999.0
-9999.0  -9999.0  -9999.0  -9999.0  -9999.0  -9999.0  -9999.0  -9999.0  -9999.0  0.620909940223  4.02549886965  4.58857045119  1.67658005993  2.7829484716  3.83771540719  4.37017266784  0.54102598865  1.69256773041  1.09621166162  0.546085570099  0.539622124827  0.497605683627  1.00566294769  1.76599758403  0.784330254123  138.114375324  138.736570875  0.57850709721  0.41827311092  0.782272544741  1.16242012377  13.4153814918  0.759617697806  7.24063892283  4.27877292006  3.52024460754  0.403457172737  0.811353879158  2.10644665484  0.385879707544  1.6161849067  0.819653604196  0.647942322826  0.200567395385  5.99675658894  13.9570363156  1.66666263547  1.62275086168  1.58842720978  0.3406819457  3.40622462574  0.332944848521  2.54340285234  0.315999631977  0.989832786134  1.62409492789  0.276331247038  0.278975497402  0.279574838918  0.269245963704  0.252692862422  -9999.0  -9999.0  0.159360729875  0.0486956784559  -9999.0  -9999.0  -9999.0  -9999.0  -9999.0  -9999.0  -9999.0  -9999.0  -9999.0  -9999.0  -9999.0  -9999.0  -9999.0  -9999.0  -9999.0
-9999.0  -9999.0  -9999.0  -9999.0  -9999.0  -9999.0  -9999.0  -9999.0  -9999.0  -9999.0  0.562833218975  5.72397089334  0.554010164917  1.10932374422  1.62736899401  2.67818778452  0.544033097479  1.1501800616  0.553517303177  0.535931532063  0.50713695157  1.0180598692  0.466302859259  0.536108370621  1.17753739882  0.703566041278  139.450561986  140.696114238  142.360678446  1.60266771008  0.371799868599  0.74056073869  13.79420261  13.4067851599  5.06173106728  0.385468537101  1.60326318254  1.20586061921  2.49551600065  0.77302684172  3.20435650247  1.20248446493  0.978950836198  0.0910062159853  0.210472339341  14.3401204297  14.7230722566  18.3683622273  2.63901240591  0.696631962312  3.76699470609  4.44995131307  7.30953862468  0.629476680892  0.296219690296  1.92802188081  2.47792390657  0.27348454807  0.527005295851  0.797418003383  0.499323773224  0.247311027562  0.244295659616  0.283316194631  0.0975915655063  0.0467243175661  -9999.0  -9999.0  -9999.0  -9999.0  -9999.0  -9999.0  -9999.0  -9999.0  -9999.0  -9999.0  -9999.0  -9999.0  -9999.0  -9999.0
-9999.0  -9999.0  -9999.0  -9999.0  -9999.0  -9999.0  -9999.0  -9999.0  -9999.0  -9999.0  -9999.0  0.259715217951  6.27372037799  0.53679628551  1.04841323952  4.81540413339  0.583206417791  0.581196597407  0.505533810746  1.04370621739  0.497354407592  2.01629634441  2.96372358763  3.42514272594  1.64214218465  2.19982683118  0.622671023264  0.659889411943  0.661722447123  145.037301859  146.238122739  14.155518167  14.1140682398  13.7654156757  0.73723885437  0.361791713299  1.97091084593  5.20756653606  2.86988744263  1.14523542229  4.72124021206  1.67112048207  1.31224223625  0.172975786666  0.0806360455375  0.0969047677034  0.141034130825  19.0684875608  22.7337016562  0.33114162112  0.317344930504  0.325926665331  7.61788408462  8.52886573599  0.535319360452  0.207279507432  2.60247284571  0.33674535616  0.933678910173  1.8744888642  2.56627282501  3.03912280509  0.93979842164  0.491860406956  0.196898290624  0.0931976119652  0.197413001125  -9999.0  -9999.0  -9999.0  -9999.0  -9999.0  -9999.0  -9999.0  -9999.0  -9999.0  -9999.0  -9999.0  -9999.0  -9999.0
-9999.0  -9999.0  -9999.0  -9999.0  -9999.0  -9999.0  -9999.0  -9999.0  -9999.0  -9999.0  -9999.0  0.249024878428  6.89220952411  8.54172156005  0.51370230125  5.85573537124  0.549150054088  0.509767430955  0.98279619408  2.51057361687  0.479659282644  0.498620944195  0.457538208687  4.36076292523  4.79559018984  7.45431320656  8.49341001809  8.94435562436  9.51248617856  10.0379921586  156.913872618  171.98799351  187.04348449  187.598236764  0.428021575594  0.364672750996  5.94454253414  5.57945475312  0.366877872241  0.359919474356  5.06013856557  7.10670774457  0.302475793399  2.6665322971  2.47873686087  0.410902940547  0.247699769527  0.404013825079  0.36001605625  23.4423783401  0.356957310391  0.954022371307  1.26150435874  10.4682470864  11.0687186462  11.4261429578  14.0837533654  0.051834718492  0.0492209728489  0.0492860934329  0.0514842037798  3.23851954026  4.38540003703  0.224107385405  0.460462869505  0.160283583612  0.37692096258  0.0547148067  0.0330692035917  -9999.0  -9999.0  -9999.0  -9999.0  -9999.0  -9999.0  -9999.0  -9999.0  -9999.0  -9999.0  -9999.0
-9999.0  -9999.0  -9999.0  -9999.0  -9999.0  -9999.0  -9999.0  -9999.0  -9999.0  -9999.0  -9999.0  0.589464011029  1.13358549591  9.07601573243  10.0757901223  0.512931492887  7.11549227828  0.467893577327  1.41743748315  2.96463133294  0.933749282551  0.452716199494  0.948588382933  0.444259171159  0.836502001267  0.389009035583  0.331198637132  0.217642526224  0.171669309502  0.159574346714  0.165187074361  0.273655005585  0.411525185757  0.576695472786  189.166277914  7.75259981896  6.90837846466  0.454187619457  1.07673358202  0.244868614789  0.195236017509  7.4596054464  11.181553604  3.05373463774  2.31488721979  0.219588779743  0.0990566331487  0.0904098433265  0.379416500854  24.1856998145  24.9080529923  0.369054191119  0.368441403282  0.223553659216  0.0755638837341  0.123057908035  14.2478779594  14.3478231722  14.4485305997  0.1015870307  0.0493269134977  0.0460083900123  4.4633753259  4.7796848731  0.547355419841  0.152764672401  0.538730238477  0.137337724477  0.0626741071934  -9999.0  -9999.0  -9999.0  -9999.0  -9999.0  -9999.0  -9999.0  -9999.0  -9999.0  -9999.0  -9999.0
-9999.0  -9999.0  -9999.0  -9999.0  -9999.0  -9999.0  -9999.0  -9999.0  -9999.0  -9999.0  -9999.0  -9999.0  0.522607807846  7.00259985301  17.5901847839  19.1418562659  26.8049689328  27.5080935766  6.8864811972  4.81794402916  1.39508159156  0.448023123253  1.83442773107  2.27342148004  3.50488542497  0.793762649475  0.712022324702  0.604111426438  1.15045294762  0.528874848169  0.506381764564  0.227636440754  0.0822811258203  0.143551148612  189.632925826  197.652162712  198.224012693  0.489677447208  3.17929503807  1.1621513981  0.368063948621  12.3433261871  0.813279198856  0.417602127107  1.61994550934  0.288877671403  0.281930474214  0.558432976406  0.86367226238  1.20643943605  25.5700753372  0.322385372073  0.298532009389  0.297769023114  0.20184598432  0.0609818445523  0.230084853647  0.245523551716  14.7778130306  15.1285432401  0.203167529161  0.102764390264  0.0581313900745  0.058906443265  5.60153354007  7.47056162706  1.52331470201  0.527487910454  0.218108062466  -9999.0  -9999.0  -9999.0  -9999.0  -9999.0  -9999.0  -9999.0  -9999.0  -9999.0  -9999.0  -9999.0
-9999.0  -9999.0  -9999.0  -9999.0  -9999.0  -9999.0  -9999.0  -9999.0  -9999.0  -9999.0  -9999.0  0.563632836359  5.3455487242  6.47860430917  1.05695561647  0.288845088142  0.682148091848  28.673698517  29.2501082873  36.7625033813  0.418994720698  0.863532689101  0.39393621409  0.400542656354  3.89569678843  5.07949835526  6.15723757085  0.359691454192  1.50829881066  2.38818011727  1.41479389019  0.570764707487  0.32674731599  0.250971081459  0.310798537269  0.218097985084  198.734843779  199.21496166  203.259382577  0.671841281635  0.343204005  12.80702763  0.834162376537  0.430051239113  0.45485652988  0.450574397005  0.413434812705  0.704456528906  2.19986408955  3.76796442753  29.6609238882  0.274142356291  0.82033041075  0.551355045035  0.437813030091  0.233642667634  0.152206538093  0.0657980279243  0.0239343534858  15.170317132  0.0353190534208  0.0715602391162  0.0269185635529  0.0462496280789  0.137427318585  7.66072079319  0.255403948654  0.0545515876258  0.0993236455766  0.0457669371759  -9999.0  -9999.0  -9999.0  -9999.0  -9999.0  -9999.0  -9999.0  -9999.0  -9999.0  -9999.0
-9999.0  -9999.0  -9999.0  -9999.0  -9999.0  -9999.0  -9999.0  -9999.0  -9999.0  -9999.0  -9999.0  0.577190290541  3.70295289143  0.578982418651  0.518485937751  2.64106060705  3.11005515362  3.59438670906  4.04774743434  49.5489712257  49.9112262187  50.70103592  56.6065823602  57.7292338588  58.3224676403  58.7286988167  65.4526161121  66.2124071155  66.5676339251  69.3118442325  71.1101515902  71.4579257237  72.3213142025  0.57818744862  0.460587762791  0.084104247905  0.15332768371  199.640300597  204.784825431  1.06274809637  15.2517248574  14.8929962532  1.60822603873  0.389896812133  0.397896989979  0.388220890424  0.382638430699  0.771749113446  1.13481510722  0.373642931641  29.9789544037  30.3073094586  31.9794399918  32.2725047831  32.9902660285  33.4924677577  0.217945702621  0.18442630745  0.0863750966272  15.2277533556  15.3102808135  15.4321607435  15.57327955  0.0823993192222  8.35176183788  8.08488785482  0.210864886635  2.36090171698  2.27054245361  0.113433376544  0.064773172136  -9999.0  -9999.0  -9999.0  -9999.0  -9999.0  -9999.0  -9999.0  -9999.0  -9999.0
-9999.0  -9999.0  -9999.0  -9999.0  -9999.0  -9999.0  -9999.0  -9999.0  -9999.0  -9999.0  -9999.0  1.91447540241  2.52665139617  1.17041281412  1.73012758795  0.552694997718  6.42874045258  6.94824333272  7.96653683861  8.28156023084  3.32976750043  54.6063577778  54.9402538767  0.309560116453  0.19197019739  0.129745553878  0.336754117082  0.147123531555  0.0848669729476  0.0770075511876  0.115252559943  71.6660367918  72.572403739  73.534796109  74.3419087915  74.9115843505  0.23743453041  0.126342845371  221.211058664  15.9867667199  15.624512768  0.356732552936  0.360570751347  0.342920215217  0.741184074526  0.735955721439  0.331503449967  0.332863136903  0.311113445181  0.678396624742  0.964763396679  0.25956504183  0.474463979246  0.164287917682  0.044218370486  33.5698896741  33.905820292  34.251016209  34.5135074269  34.6542912441  34.750137973  34.7908787078  0.0378826867177  15.7727246908  0.133542065001  11.149597991  2.61652470899  0.286601072626  2.10738791994  1.79993985502  0.0691228090955  -9999.0  -9999.0  -9999.0  -9999.0  -9999.0  -9999.0  -9999.0  -9999.0  -9999.0
-9999.0  -9999.0  -9999.0  -9999.0  -9999.0  -9999.0  -9999.0  -9999.0  -9999.0  -9999.0  -9999.0  -9999.0  1.30218557846  0.600093266682  0.557069371864  5.39471605205  5.93668635592  0.53584805247  2.15991093348  2.6161176503  2.98568458978  0.414899248678  0.359533386308  8.3428947038  8.64862557812  8.91327596358  24.125976975  24.2744559522  24.4466696391  26.0920981941  26.6356733865  26.709574201  0.0675154348225  0.0715521769924  0.106606668449  75.5571778965  0.231410365017  224.553519728  224.042553756  2.49129431312  2.12027912645  1.3815408088  0.341469353477  0.68840961122  1.09411678029  1.08821347865  0.654230685208  0.320190507925  0.628801508125  0.612414207027  1.24055419265  0.149331308087  0.620852463532  1.03957058203  1.13063874335  1.17671422607  0.0423501454515  0.0426791101073  0.0411272127569  0.041777949005  0.0481857113298  34.8593902745  34.9847083877  50.7790136934  50.8108178478  11.9928392028  0.740325641988  0.557312817278  0.175791562586  1.6693807363  1.59403691089  -9999.0  -9999.0  -9999.0  -9999.0  -9999.0  -9999.0  -9999.0  -9999.0  -9999.0
-9999.0  -9999.0  -9999.0  -9999.0  -9999.0  -9999.0  -9999.0  -9999.0  -9999.0  -9999.0  -9999.0  -9999.0  0.675266743853  1.88188282532  2.46409207072  4.29421842741  0.584972164329  1.14660903404  1.6750377082  6.21330149511  6.56606430977  6.72709445257  7.11162068107  7.61517104801  12.9866830697  14.3974648862  15.0092483337  0.15264501946  1.44842467977  1.56464428624  26.3711698972  26.8135574231  26.9850970793  27.157883194  27.358162105  103.246354807  0.423913743307  225.688150342  0.301640727319  0.100629774661  1.78470557571  1.62129175092  0.187553780824  0.970197649487  1.39060547314  1.3861944231  0.934702941322  1.53092510196  2.41604903045  0.878288156765  2.37082570955  0.151193060331  0.195405399642  0.0406531484102  0.0353505133214  1.26128612147  1.29151278729  0.0747562603271  0.0727827992559  0.111222770775  0.0371610210581  0.0498005350468  0.0867378250225  69.9006482024  69.8590317705  18.9524588077  0.160543074542  1.14816974245  0.904945514019  0.618845857564  1.53989319183  1.05862734139  -9999.0  -9999.0  -9999.0  -9999.0  -9999.0  -9999.0  -9999.0  -9999.0
-9999.0  -9999.0  -9999.0  -9999.0  -9999.0  -9999.0  -9999.0  -9999.0  -9999.0  -9999.0  -9999.0  -9999.0  0.641386578362  1.26532163679  0.585260930038  1.20529221028  0.547541945424  4.1054525356  5.16519791276  5.71566067273  0.489496463864  0.888395326368  10.0259173497  12.1624004718  12.5306256265  0.93688096003  0.938645687187  1.24563481702  0.10267032148  0.0941590760465  0.179233498367  0.132450634668  17.6426852679  17.8039041423  18.0000236722  103.600031177  227.297987861  225.818581632  0.160444303697  0.0699928947308  0.0630680309299  0.306674504797  0.248876409426  1.06670474254  1.59221001709  3.26675618344  0.286014681277  0.285623819475  2.61922375547  2.8223212063  5.60280632364  5.75492241651  5.99502638834  6.07457031923  0.0732078013995  0.112674126239  1.39811259806  73.1544040584  71.6125562339  71.4429905796  71.0885056842  0.079676360962  70.5659294383  0.153585132923  0.0694971400958  6.77524201466  1.78352825728  1.68837086539  0.288755957613  0.309370209565  0.311958443688  0.974140422828  -9999.0  -9999.0  -9999.0  -9999.0  -9999.0  -9999.0  -9999.0  -9999.0
-9999.0  -9999.0  -9999.0  -9999.0  -9999.0  -9999.0  -9999.0  -9999.0  -9999.0  -9999.0  -9999.0  -9999.0  -9999.0  0.604628244194  1.20991820944  1.81745959124  2.958618497  0.618098220624  0.549337847594  4.66138502943  5.15116077258  9.30081857855  9.78371592096  1.35244586339  0.487158816737  0.474476958481  0.454419963075  16.8211688822  17.0398966068  17.1686587514  17.2617535243  17.5030702443  2.0511651525  2.32286542719  20.5770191159  351.645471665  1.07132010069  0.842401760084  0.295481877223  0.0938708612146  0.0627235255346  0.434059050401  0.485095482446  1.17236043571  0.0499536080554  3.33822060404  0.408940509152  0.397418556209  0.0474808034093  0.0369069520433  0.0368039354647  0.086227170722  0.038551392401  6.11066461773  84.4745343885  78.2234963906  77.9780254134  73.2971327511  0.0475643869464  0.132870822846  0.0804716271342  70.7229838151  0.275471306386  0.117710998679  0.199423475553  0.169202425283  4.77909479261  4.51629586138  0.544841795627  0.279698858249  0.327659654426  0.325272026171  -9999.0  -9999.0  -9999.0  -9999.0  -9999.0  -9999.0  -9999.0  -9999.0
-9999.0  -9999.0  -9999.0  -9999.0  -9999.0  -9999.0  -9999.0  -9999.0  -9999.0  -9999.0  -9999.0  -9999.0  -9999.0  -9999.0  0.596085168342  1.37558564404  2.13398400969  2.96558607694  3.54412173035  4.1372732957  1.69647320915  2.75757719225  0.48558090642  0.480125039838  14.5368672873  15.495927819  15.9394278558  16.4245949698  0.359256475536  0.607781405841  1.56635771747  1.7117891059  1.85772128669  0.281019752275  0.375795074472  352.559705307  0.26644030185  0.37474361009  0.177158243982  0.420963196269  0.190251180894  0.142981687166  1.77717908852  1.97477085965  0.101621115747  3.46990564454  3.92136694574  0.434339009581  87.0504297322  86.9599830871  86.8754141118  86.6170422119  86.4412657006  84.7501128048  84.6317610813  0.135290239966  4.55856841685  4.36745366961  4.20716077726  4.160987626  3.03509843067  2.98946081516  2.88877021071  1.30037836263  1.21269444476  0.789909963877  0.164900676496  4.30513683577  3.66337934516  0.259237274933  0.557789788965  0.269060332917  -9999.0  -9999.0  -9999.0  -9999.0  -9999.0  -9999.0  -9999.0  -9999.0
-9999.0  -9999.0  -9999.0  -9999.0  -9999.0  -9999.0  -9999.0  -9999.0  -9999.0  -9999.0  -9999.0  -9999.0  -9999.0  -9999.0  0.211189812569  0.482223281735  0.773699125541  7.52576267377  8.14041594495  0.619018124498  0.561210439963  0.535801561946  12.5726327567  13.5831153757  0.488610618398  0.512202792943  0.428481015695  1.71870439291  2.1335148569  1.04689006892  1.24892484937  9.83033670021  10.0799629855  10.7507600595  16.9675996114  369.730698427  0.285357650835  0.159505114693  0.674040584035  0.542864703297  0.138903471686  0.430674594726  0.573502878054  2.1380065632  2.28885763156  6.49078561368  3.98557588606  0.46708970056  89.2030609526  1.19505080433  86.7826959201  86.7041496366  1.54131163611  0.15293217131  0.0507655872285  0.0259249287324  0.0864246743098  0.12095510948  0.0598550383665  1.08248565075  0.905304538838  0.0586259864399  1.52338222699  0.312003124298  0.228441414754  0.569273013258  0.275939917103  0.519379623399  2.91673981165  2.53093571563  0.236845182281  0.480418540681  0.244358925842  -9999.0  -9999.0  -9999.0  -9999.0  -9999.0  -9999.0  -9999.0
-9999.0  -9999.0  -9999.0  -9999.0  -9999.0  -9999.0  -9999.0  -9999.0  -9999.0  -9999.0  -9999.0  -9999.0  -9999.0  -9999.0  1.1268328102  1.82294111838  3.75645548387  6.7445188548  8.95006217516  10.416093125  11.0012175298  11.5618897588  12.0951901294  0.496802403903  0.461410798789  0.905628083389  0.866729424374  0.436885369308  8.60007209981  9.0060975294  9.38566185678  9.72895730535  5.09767599826  5.27414677722  5.73961177046  369.903679283  0.495607005007  0.453282339086  1.19491250541  0.106047554771  0.368752239347  0.212367317513  0.132168981413  0.744012230908  0.122594008884  0.128830616263  96.3648781339  89.7699401383  89.6384775617  0.450755112379  1.1338004428  0.681207945963  0.124606925924  1.18004589593  0.277470999656  0.215302750187  0.15422360903  0.104967335496  0.0570355965336  0.125184881507  0.851269971184  0.72190206762  0.597039767931  1.12116846288  1.05968283076  1.0052208675  0.170807279735  0.277217843826  0.188477603703  1.83461211  1.52825683702  1.05743452061  0.203122349731  -9999.0  -9999.0  -9999.0  -9999.0  -9999.0  -9999.0  -9999.0
-9999.0  -9999.0  -9999.0  -9999.0  -9999.0  -9999.0  -9999.0  -9999.0  -9999.0  -9999.0  -9999.0  -9999.0  -9999.0  -9999.0  0.801376527544  0.751707492685  1.46393403926  2.23129167094  0.699281193214  0.615788562662  1.17408088845  1.72155804241  2.74529073857  3.26672787744  3.76642107711  5.17377737194  5.6196306107  6.07569702647  0.417496414297  4.25704462712  4.57382652226  4.78128809174  0.112557853713  0.0336129180828  0.08086646127  375.543624775  375.707966747  376.52338782  1.48170866664  0.207092738747  0.52753408892  0.133096327627  0.242054136636  0.868023297656  1.09313354006  0.237131295722  96.9927638088  0.23222977446  0.266644982347  0.274100974758  0.278162138222  0.418894508723  0.188254028158  0.835957891831  0.544655916185  0.357128506727  0.169317568171  0.116178656113  0.0616629411982  0.0671659373135  0.0712545132415  0.0717494104786  0.538264987945  0.411670197331  0.28691230885  0.151093213532  0.915660753267  0.670460531519  0.266236860967  0.235140507295  0.130938276713  0.450945121371  0.275098805738  -9999.0  -9999.0  -9999.0  -9999.0  -9999.0  -9999.0  -9999.0
-9999.0  -9999.0  -9999.0  -9999.0  -9999.0  -9999.0  -9999.0  -9999.0  -9999.0  -9999.0  -9999.0  -9999.0  -9999.0  -9999.0  -9999.0  0.714639309313  1.41459647747  0.697621936283  1.42726783505  8.84413993884  9.48029738503  10.0310021265  0.511793872847  0.517431420918  1.01870821294  1.50003693056  2.38576461768  2.82151428982  3.03988086694  3.43393355046  0.322211145532  0.24573015599  5.11271578518  5.15310649443  5.2508514242  5.38286064289  4.52606737791  381.60744069  383.925495147  384.024737781  384.641166793  385.139910908  385.562078144  0.134972021921  1.20431984466  97.1309320765  0.336089399151  0.171856304744  0.233530144515  0.211106035863  0.344555904211  0.23682916721  0.134660187459  0.17220649675  0.132320503409  0.138130545992  0.0549561105826  0.0457861321384  0.156142680593  0.109055273696  0.0570945496368  0.0563732339561  0.0601714857313  0.0624386594754  0.0677886040189  0.0759912523891  0.0750765933759  0.339401307592  0.100521665383  0.420381343711  0.220965581266  0.178307134245  -9999.0  -9999.0  -9999.0  -9999.0  -9999.0  -9999.0  -9999.0  -9999.0
-9999.0  -9999.0  -9999.0  -9999.0  -9999.0  -9999.0  -9999.0  -9999.0  -9999.0  -9999.0  -9999.0  -9999.0  -9999.0  -9999.0  -9999.0  -9999.0  2.10584637446  2.86517270319  5.08756569494  6.6670784299  0.800048072906  11.4353288901  11.9510494906  12.4686295937  0.521356919477  1.01704584472  0.457268814624  3.37166991276  3.56912814136  3.9099558381  4.25873264253  4.98415340233  5.04099137682  0.0407087579244  3.95293685372  4.23444846  4.3972771348  4.91800702952  0.686902101042  0.439814905885  0.257472239358  0.240040781477  385.959108225  386.201379598  388.355052027  97.2904381017  0.944181545625  0.471222970259  0.338578021681  0.084355442639  0.833768825465  0.381594854903  0.124366497477  0.630002594795  0.521583160457  0.0967382853034  0.33027769824  0.294280375103  0.205723904597  0.0463501223835  0.13670210909  0.0976768734815  0.043270908988  0.0912305928502  0.0477564700562  0.0502920668794  0.049978093542  0.0440967600899  0.145542357529  1.94139573296  1.24351270519  0.75927640125  0.309494223288  -9999.0  -9999.0  -9999.0  -9999.0  -9999.0  -9999.0  -9999.0
-9999.0  -9999.0  -9999.0  -9999.0  -9999.0  -9999.0  -9999.0  -9999.0  -9999.0  -9999.0  -9999.0  -9999.0  -9999.0  -9999.0  -9999.0  -9999.0  0.812043366239  3.62545642708  4.39347975824  0.845323261066  0.567252957108  1.12362824775  1.64824103684  14.6669784781  0.516162766066  2.06294977612  2.53412967258  2.98889427932  0.210641732361  0.522662442587  0.631928653263  3.24902765651  3.51055397636  3.63649184717  0.138530527398  0.120838871698  0.121814575523  0.223778633285  0.08557247916  0.089868475822  0.197416200292  0.137306770628  0.19590324666  0.76479035126  388.603800825  486.537971839  1.14595687797  0.132433816227  0.0943874350067  2.39121208518  2.20559994445  1.23422423186  1.08977119759  0.787415364322  0.171722843299  0.132242635609  0.366223052642  0.170614737019  0.132169841648  0.0417892508983  0.220609411632  0.385990789129  0.237143391242  0.140429940121  0.0442908849407  0.163905033119  0.116179498218  0.114228113683  2.44911266696  2.40257011552  0.251552916062  0.235683550644  0.218787259497  0.204986679013  -9999.0  -9999.0  -9999.0  -9999.0  -9999.0  -9999.0
-9999.0  -9999.0  -9999.0  -9999.0  -9999.0  -9999.0  -9999.0  -9999.0  -9999.0  -9999.0  -9999.0  -9999.0  -9999.0  -9999.0  -9999.0  0.677556911437  2.25073829125  0.756172689486  0.82664165396  0.693459609543  1.27128340576  1.81897158625  2.41964864739  17.8007457812  18.3067453185  0.518410331865  0.994511574128  1.47364677286  1.75341119816  2.03071639977  2.75457906765  3.11958046293  0.0912364925979  0.137618109702  0.133626795584  0.243010713766  0.201836642547  0.194588630938  0.15401952226  0.169164833606  0.882637629198  0.44169784356  0.302866848847  0.299128711827  0.221837584826  0.414593919835  494.20195433  6.40009123671  3.00741955877  0.374125141779  0.173262588048  0.127776786764  0.390629074435  0.245469334922  0.114139851866  0.113171869728  0.568817658067  0.778632705311  0.846118223207  0.0324378900017  0.760802894267  0.477937091872  0.0396813165385  0.0373571974404  0.130607952481  0.59873046001  0.281908983765  0.227932417082  2.58424901973  0.160772574167  0.182342304279  0.870386917165  0.437310397608  0.705982562352  0.284129218939  -9999.0  -9999.0  -9999.0  -9999.0  -9999.0
-9999.0  -9999.0  -9999.0  -9999.0  -9999.0  -9999.0  -9999.0  -9999.0  -9999.0  -9999.0  -9999.0  -9999.0  -9999.0  -9999.0  0.720669374468  1.37630942414  5.07737186448  0.760950864082  1.75179947686  2.43379627933  3.063744622  0.639653940539  1.19170259225  1.91758266934  20.9013379205  0.497282410513  0.953488876662  1.40037807468  0.395295106564  0.767533249208  0.852063615147  1.15229335677  36.1748521928  36.5369147451  36.8991960767  38.8291851853  39.4558927605  40.8730137935  0.362088293621  0.752040959498  1.0776569545  45.5215236237  46.0419890936  0.278823348997  0.442338576882  0.603256871591  494.472178755  6.1873048546  2.69731896938  2.49687837139  2.31534089432  2.15620262214  0.518769079693  0.1407517121  0.232515854996  0.103265515837  0.096080823908  0.136520615486  0.883691484696  1.73570062636  0.822213627519  0.111448465312  0.0757554380903  0.0743394560219  1.10483883937  0.856668039779  0.144963264835  3.12764806615  2.74729778536  0.311252268147  1.73897857969  1.05895473514  1.12821116179  0.935890564573  0.216694572059  -9999.0  -9999.0  -9999.0  -9999.0  -9999.0
-9999.0  -9999.0  -9999.0  -9999.0  -9999.0  -9999.0  -9999.0  -9999.0  -9999.0  -9999.0  -9999.0  -9999.0  -9999.0  -9999.0  0.713202699778  2.18653631405  7.97960257515  11.7846762732  0.703224210145  15.6723328356  19.4961129319  0.606233701608  1.159388835  1.84891938743  26.2217490122  26.8553013225  0.467305264242  2.33275804749  2.74504353132  3.01971906704  34.0038180234  34.4570978911  34.8963959539  0.23625977796  1.36771733169  1.61911032373  0.750638514295  1.0752297883  42.4371318597  43.6927148265  43.9694785978  44.238533688  46.4343340721  0.19239951909  0.172228800248  0.936606786096  494.749491462  0.270402849153  0.00404884378672  0.0112843458311  0.00402754225027  1.87390811137  1.81684414159  1.08344772801  0.738311584195  0.283232664052  0.109436561936  0.187907586218  0.0273999658487  1.76760004628  0.170122692019  0.139355561246  0.0259350876319  0.104245156497  1.15221532933  0.0283984958044  0.0150130753171  3.16216627809  0.0828899313081  2.03016062889  1.90263041288  1.63576504671  1.48730158456  0.174207059285  0.61281527839  0.198410200806  -9999.0  -9999.0  -9999.0  -9999.0
-9999.0  -9999.0  -9999.0  -9999.0  -9999.0  -9999.0  -9999.0  -9999.0  -9999.0  -9999.0  -9999.0  -9999.0  -9999.0  -9999.0  -9999.0  -9999.0  1.53619255302  3.10303981669  14.0629101356  14.877221259  20.2148887683  20.9899201918  0.581251281198  1.16059881342  2.83788464032  27.5640063639  28.6003038018  29.0383613156  0.378134630316  30.4229652073  30.8555626907  0.311464722067  0.238526369733  0.471834654507  0.921300373788  0.218963125175  0.448089105478  1.03913045139  1.30241389894  0.237684200193  0.181031709616  0.36954730115  47.6069268802  47.9382811232  48.0930086428  49.404889152  494.995358558  0.194202666786  0.00241371650765  0.00280633911112  0.00250975920973  0.00261067189594  0.00208337505944  0.00375847201981  0.1310228839  0.274414344197  0.138092044945  0.11371983583  0.345717899191  2.15793647999  2.36432475964  2.40038816956  2.56102130985  0.0281752350648  1.18082503221  0.084827601898  0.0275528839348  3.19354038739  3.30740724709  2.12658961466  2.27610068413  1.77963524366  1.1663765092  1.0005252741  0.824929232568  -9999.0  -9999.0  -9999.0  -9999.0  -9999.0
-9999.0  -9999.0  -9999.0  -9999.0  -9999.0  -9999.0  -9999.0  -9999.0  -9999.0  -9999.0  -9999.0  -9999.0  -9999.0  -9999.0  -9999.0  -9999.0  0.807399391346  0.795302281516  0.801646724055  1.66743954514  0.748237511436  22.4660019622  23.1725138183  0.601709238897  1.1276892952  0.55920280238  0.491748224727  0.484868894294  29.7805064501  0.124272501755  0.241101902065  0.201309963714  0.24936422075  0.231046662079  0.192223288751  0.197239916772  0.586334859865  0.792616087889  0.164334599224  0.15132362231  0.315421065393  0.50453924394  0.603695230891  0.136120304488  48.2811842371  49.5693131515  495.178680946  0.392762957876  0.0147348020769  0.00126048016418  0.0033403700768  0.00086644536988  0.000582112405547  0.00444772753127  0.596517675122  0.368783242742  0.0794526553532  0.0700370257163  0.120213759032  0.0446466958416  0.0303168711414  0.0317663678795  0.0340927175994  3.98483782152  1.29346418747  0.0265938690019  0.0455020575758  0.021618724927  9.21171559886  5.87894536015  5.83391367056  1.84920861071  1.44520653778  0.143198763783  -9999.0  -9999.0  -9999.0  -9999.0  -9999.0  -9999.0
-9999.0  -9999.0  -9999.0  -9999.0  -9999.0  -9999.0  -9999.0  -9999.0  -9999.0  -9999.0  -9999.0  -9999.0  -9999.0  -9999.0  -9999.0  -9999.0  -9999.0  -9999.0  0.784155654782  2.40737943586  3.08800590034  3.811642371  23.8529218502  24.5174863059  25.1874782923  25.8954523687  26.3721261517  27.3462283445  27.4878702356  27.5961791316  27.7416372296  0.234657638451  0.219274037365  0.22832594738  0.820381851369  0.210576041461  0.198271129028  0.169775913051  0.491419832239  0.1844218234  0.150026691928  0.141370577877  0.121229973656  0.242006327763  0.346964642165  50.2861619246  546.046326688  0.177041362239  0.377482096586  0.000884270808338  0.00442520141067  0.00227011751186  0.0011772787803  1.0474191173  0.956622144124  0.258985928678  0.147403059451  0.257912471617  0.0725886047317  0.14174122134  0.0684235250594  0.088822190134  0.0309256347834  0.0386110041954  4.01703411847  4.12008086195  10.1535641295  10.0927056981  10.0611619844  0.0350754541927  1.57878356099  1.5392772516  0.0646248080646  -9999.0  -9999.0  -9999.0  -9999.0  -9999.0  -9999.0  -9999.0
-9999.0  -9999.0  -9999.0  -9999.0  -9999.0  -9999.0  -9999.0  -9999.0  -9999.0  -9999.0  -9999.0  -9999.0  -9999.0  -9999.0  -9999.0  -9999.0  -9999.0  -9999.0  -9999.0  0.683859985304  5.23726844363  10.4981747897  11.2705883911  0.828379687146  1.42449232601  1.95074044779  2.40881633274  5.3590898435  5.59521275138  0.236001522094  0.224205452964  28.2283396692  28.6628392533  28.8688895048  0.995236359714  0.171667329959  0.372988662289  0.551355578483  1.6077502872  1.95980967957  2.24818163168  0.268480045383  0.37391252762  0.123472341473  0.242047329144  0.122520142386  546.302721171  0.162677894922  0.678099247754  0.185258576549  0.262928843206  0.888918015838  0.969421456034  2.09681369499  0.841006409261  0.74856953987  0.480711152391  0.430652981666  0.119733589445  0.188544105607  0.152092570978  0.1101889348  0.0177383916383  14.7915390276  14.672075554  14.6045438148  10.2981430372  0.0489758401384  0.765396056688  0.553801234246  0.369113580823  0.22906147419  0.0420097365968  -9999.0  -9999.0  -9999.0  -9999.0  -9999.0  -9999.0  -9999.0
-9999.0  -9999.0  -9999.0  -9999.0  -9999.0  -9999.0  -9999.0  -9999.0  -9999.0  -9999.0  -9999.0  -9999.0  -9999.0  -9999.0  -9999.0  -9999.0  -9999.0  -9999.0  0.738103223675  2.32642141053  4.569728464  5.98740980426  15.5991752998  16.4049088096  1.09663077609  1.60988693715  2.04368885723  2.50121516192  5.76050066094  6.20484582402  10.1248998949  10.3905038704  10.5925219335  29.0876640568  30.6654203072  0.385435001208  0.218720318118  0.213481508261  0.40943640823  0.189381603756  2.60685081331  2.74499236991  0.491220504311  0.58646740145  0.101466558046  150.861619041  151.11096731  697.627534862  698.5624192  0.157214931625  0.608826526175  0.202826949287  0.171111094623  2.36936933948  3.31564135502  0.656889579566  0.545966439115  0.113066208213  0.0605563660294  0.247000611083  15.1565952242  14.9571411655  14.916887941  14.8705447002  0.101530844847  0.0619799357611  0.0515516961182  0.0524056698905  0.165797170245  0.111314452642  0.105994234203  0.159316162156  0.0502473518133  -9999.0  -9999.0  -9999.0  -9999.0  -9999.0  -9999.0  -9999.0
-9999.0  -9999.0  -9999.0  -9999.0  -9999.0  -9999.0  -9999.0  -9999.0  -9999.0  -9999.0  -9999.0  -9999.0  -9999.0  -9999.0  -9999.0  -9999.0  -9999.0  -9999.0  -9999.0  0.823829833777  0.799925190066  1.53637779376  3.65628169268  17.0888610579  0.56149833827  0.554349262275  1.00609179545  1.44933861463  3.24779876344  3.43685092069  0.107197196317  0.177323886182  10.8469600763  11.0794466514  41.9238085964  42.0905603353  0.156794970101  0.143879534413  0.119418999579  0.120464147673  0.116177515733  148.632704545  149.400452817  150.088605821  150.282044885  150.762854372  0.133027642249  0.495632834582  0.640390584517  699.530673651  699.669837221  699.860700994  699.977477225  700.06546219  3.4226042462  0.0582969100218  0.219413950863  0.173327568971  0.0461772414851  0.292961566554  15.2911713871  0.077323807346  0.0263096431503  0.213622886418  0.189085760145  0.149844995905  0.106397234073  0.0573281402773  0.0622396179291  0.059632231131  0.0547588802871  0.0575480779726  -9999.0  -9999.0  -9999.0  -9999.0  -9999.0  -9999.0  -9999.0  -9999.0
-9999.0  -9999.0  -9999.0  -9999.0  -9999.0  -9999.0  -9999.0  -9999.0  -9999.0  -9999.0  -9999.0  -9999.0  -9999.0  -9999.0  -9999.0  -9999.0  -9999.0  -9999.0  -9999.0  -9999.0  0.752907611653  0.778043137127  1.45026288494  19.9317844112  20.6571757111  0.546739057796  0.99960195174  1.44966056664  1.63781324394  0.148608227037  0.368056509638  40.5324703932  40.7648006665  40.9371920841  42.4138685004  84.6681180649  143.354086153  143.694171689  143.997841697  144.292722055  145.404191521  145.748966817  0.642016971576  0.298016927677  0.16683361872  0.318757819152  0.246018744689  0.386794729344  0.123404020542  2.79622643671  3.21041790135  3.54765115012  3.62625080458  700.170624188  703.715625311  704.205700532  0.313196482925  0.0641426395361  0.44733516531  0.349825574574  15.4047521595  0.0577030575144  0.740661778716  0.495016192718  0.462009531528  0.302331136044  0.12973143826  0.0898761584221  0.0465149793392  -9999.0  -9999.0  -9999.0  -9999.0  -9999.0  -9999.0  -9999.0  -9999.0  -9999.0  -9999.0  -9999.0
-9999.0  -9999.0  -9999.0  -9999.0  -9999.0  -9999.0  -9999.0  -9999.0  -9999.0  -9999.0  -9999.0  -9999.0  -9999.0  -9999.0  -9999.0  -9999.0  -9999.0  -9999.0  -9999.0  -9999.0  -9999.0  0.76745966706  1.46964109568  2.17259818275  21.2431768863  0.656105653522  28.5144899847  28.983276093  29.1342021902  29.3611688206  39.6451018093  39.9168579102  0.249585331823  1.12548227607  1.34970075969  0.239420747375  58.3397562441  57.9023411819  0.149418104966  0.332997023006  0.856569649877  0.180280606289  0.184981377234  0.150973262931  0.129442518674  0.103823479852  0.117157081505  2.39038576675  2.51053169167  2.65163558179  0.254912206348  0.196390121311  3.76073263954  3.88166439649  3.94214706059  704.304412601  704.406385417  0.62960301025  0.509223369961  16.31896227  16.2578009371  0.796726875079  0.0717952646421  0.0297101046547  0.620782167599  0.486329070149  0.334319616474  0.138282691193  0.0749793636255  0.0347264470872  -9999.0  -9999.0  -9999.0  -9999.0  -9999.0  -9999.0  -9999.0  -9999.0  -9999.0  -9999.0
-9999.0  -9999.0  -9999.0  -9999.0  -9999.0  -9999.0  -9999.0  -9999.0  -9999.0  -9999.0  -9999.0  -9999.0  -9999.0  -9999.0  -9999.0  -9999.0  -9999.0  -9999.0  -9999.0  -9999.0  -9999.0  0.714692434937  0.667123008127  3.44210151237  26.0649168247  27.4002799223  28.0645499759  0.509094253118  9.91947199331  10.0311540551  10.0919347517  0.230501084144  0.501799429212  0.752203044222  13.9724250299  14.1727310558  14.346004361  57.5775500082  35.5396591542  0.182078833638  0.178019553817  0.171416259481  0.141605189734  1.44929729908  1.73544261987  1.99043473866  2.12957299905  2.26439808031  13.1321335576  13.2331499429  13.3176909496  13.522673682  14.718696608  14.7914077902  18.815632511  0.0628508226282  704.499539546  704.610645411  0.703211372353  16.373918116  0.0991541013479  0.0458138528236  0.123822844196  1.0547955286  1.03404022173  0.291250881733  0.150178589376  0.227482167292  0.11852979626  0.0343850113513  0.0303326359149  0.0298496863032  -9999.0  -9999.0  -9999.0  -9999.0  -9999.0  -9999.0  -9999.0  -9999.0
-9999.0  -9999.0  -9999.0  -9999.0  -9999.0  -9999.0  -9999.0  -9999.0  -9999.0  -9999.0  -9999.0  -9999.0  -9999.0  -9999.0  -9999.0  -9999.0  -9999.0  -9999.0  -9999.0  -9999.0  -9999.0  -9999.0  1.39180236551  2.11026928798  0.767679442015  0.572394085333  8.25647101645  8.78640675505  9.1587156683  3.01724688777  3.12842752253  3.27762950732  3.52388382905  13.5343548589  13.7789276063  7.10815588752  21.6619081041  21.8611656676  35.3837482769  0.367780880168  0.181065490964  0.139992739927  1.00172236114  1.16888547745  0.108433748135  0.101502891708  12.6566536326  12.9064372385  13.0355009927  0.110178334397  0.152496060075  14.5073720353  0.148048172846  0.561163975515  0.623648026434  19.5627586746  19.6276817157  20.3997641281  725.810439414  16.534229503  1.37969794756  1.32215253917  1.26430423868  1.07803867574  0.0374368829261  0.470695390005  0.370746143243  0.180821383814  0.0564734687512  0.060949785025  0.138066834805  0.076858909721  -9999.0  -9999.0  -9999.0  -9999.0  -9999.0  -9999.0  -9999.0  -9999.0
-9999.0  -9999.0  -9999.0  -9999.0  -9999.0  -9999.0  -9999.0  -9999.0  -9999.0  -9999.0  -9999.0  -9999.0  -9999.0  -9999.0  -9999.0  -9999.0  -9999.0  -9999.0  -9999.0  -9999.0  -9999.0  -9999.0  0.692023650822  1.37233442145  5.78035053565  6.54511377111  7.19118471066  2.45678260701  2.89867652311  0.127307310901  9.51100869449  9.62621818496  9.75706111498  0.201824985449  6.64020467661  6.88902067653  0.201135524702  34.4326540393  0.399284554765  0.198027120005  0.538501218131  0.720033579354  0.144351528615  0.121140788757  11.4133258844  12.4217542109  12.5705306658  0.144370118148  0.323778296126  0.410451376362  0.48162544438  0.923679245491  0.202171408646  0.460246427613  0.0943224379997  0.184985778261  20.2577413625  20.3329165971  725.927833886  744.137268333  1.56307601603  0.0907571512574  0.0515719517104  0.0781196457284  0.0230153124647  0.494321070635  0.389865548763  0.305469686659  0.483271687374  0.36436545793  0.248720809575  0.055091624784  0.0324668507323  -9999.0  -9999.0  -9999.0  -9999.0  -9999.0  -9999.0  -9999.0
-9999.0  -9999.0  -9999.0  -9999.0  -9999.0  -9999.0  -9999.0  -9999.0  -9999.0  -9999.0  -9999.0  -9999.0  -9999.0  -9999.0  -9999.0  -9999.0  -9999.0  -9999.0  -9999.0  -9999.0  -9999.0  -9999.0  0.689631425786  2.16773166189  3.73125075886  0.814978855141  1.36049133365  1.93018896468  8.95094700729  9.14934287004  9.27070223296  0.111436630096  5.70446290039  6.04542250947  6.21691131971  0.112616008264  33.5886431703  34.0345071524  0.209498347761  0.198266038062  0.386681956006  0.163591354253  10.624277256  10.914074689  11.0764186994  0.626632474642  0.77242943324  0.128999690997  0.231681747459  0.103487104695  0.70728601408  0.106200954105  0.114808360415  0.126604650787  0.132182182417  0.268563244196  0.36523136093  59.8772388171  60.0509905509  804.41376563  804.519136066  804.615899499  0.0893350011843  1.18022552679  1.05968574701  0.507905272314  0.490130673943  0.0748787331205  0.629460457087  0.0358321011575  0.0329257397243  0.0277420007679  0.118713106293  0.0503863132678  -9999.0  -9999.0  -9999.0  -9999.0  -9999.0  -9999.0
-9999.0  -9999.0  -9999.0  -9999.0  -9999.0  -9999.0  -9999.0  -9999.0  -9999.0  -9999.0  -9999.0  -9999.0  -9999.0  -9999.0  -9999.0  -9999.0  -9999.0  -9999.0  -9999.0  -9999.0  -9999.0  -9999.0  -9999.0  0.767009538973  0.808854837805  0.782763463595  6.25509562364  6.81549758345  8.44198066865  0.298234967104  5.222442285  5.49309495338  0.115508703534  0.238297113918  0.0926552206594  33.1724753075  0.128286733021  0.496138036258  0.656511554412  0.807850387821  9.69597049006  10.161368558  10.3380060909  0.176358929789  0.331241210071  0.473543491668  0.0922308519622  0.0837606355206  30.7277138815  30.8127668947  30.8844448823  31.5670637241  31.6573021584  31.7938118953  31.8985250437  51.0817630255  51.1698039984  59.8001235425  0.0878668078704  0.106748931706  0.200937768888  804.907659268  805.286685927  806.640777964  806.724227109  0.0524040480961  0.0211239125589  0.713862777968  0.684292527207  0.025460314247  0.101487204049  0.504362062595  0.299926259567  0.258681024201  0.0681665958294  -9999.0  -9999.0  -9999.0  -9999.0  -9999.0
-9999.0  -9999.0  -9999.0  -9999.0  -9999.0  -9999.0  -9999.0  -9999.0  -9999.0  -9999.0  -9999.0  -9999.0  -9999.0  -9999.0  -9999.0  -9999.0  -9999.0  -9999.0  -9999.0  -9999.0  -9999.0  -9999.0  -9999.0  0.72362719687  1.54339880984  3.17382844201  5.72357256637  0.58538071917  1.1233437909  4.53523176225  4.80227679361  0.141183882966  7.83888369178  7.95729205097  32.877228322  32.979349207  0.126446337554  0.26713326768  1.09290007815  8.55111046059  8.78362854456  0.34688243031  0.196297041788  0.163714363463  27.3945976099  27.6752325908  27.9065647305  28.13624267  30.6486989838  0.240930835859  31.4842977936  0.132351194357  0.0916797676563  0.169641399008  19.0040669981  19.1086207462  8.22498142345  8.53768357392  0.214772479922  0.105507119045  0.118001305573  0.123175188724  0.201461555745  0.085656868495  854.653529198  854.792438321  0.923954886702  0.754471994516  0.0213593759104  1.00505110969  0.912068864589  0.677683984501  0.0531180964911  0.0636808146057  0.0723066228353  -9999.0  -9999.0  -9999.0  -9999.0  -9999.0
-9999.0  -9999.0  -9999.0  -9999.0  -9999.0  -9999.0  -9999.0  -9999.0  -9999.0  -9999.0  -9999.0  -9999.0  -9999.0  -9999.0  -9999.0  -9999.0  -9999.0  -9999.0  -9999.0  -9999.0  -9999.0  -9999.0  -9999.0  -9999.0  0.691278820516  1.33745390952  1.89711245903  3.4458529657  3.99169675458  6.52062343841  7.42946626589  7.61517911803  7.71497720595  24.703074987  24.8161597248  0.0865793460729  0.949717773493  1.04170903734  7.36263895917  7.4252854865  0.151151236991  0.0673773253741  26.8761924859  26.9855115267  27.1090524682  0.150370990602  2.11753000107  2.25007804916  2.39342645548  0.125539423036  0.0983428795836  0.0769038918293  0.0649343235707  18.6551449467  18.7611217588  0.0786089493584  8.14762503637  7.69313797268  7.61679124849  0.0874700159909  0.0981748208396  0.0713067198121  0.146385711398  47.4910591273  47.815136562  855.826307171  0.11507129294  0.0646564112923  1.0646556971  0.0336900645425  0.304194150471  0.174948188561  0.0497549474523  -9999.0  -9999.0  -9999.0  -9999.0  -9999.0  -9999.0  -9999.0
-9999.0  -9999.0  -9999.0  -9999.0  -9999.0  -9999.0  -9999.0  -9999.0  -9999.0  -9999.0  -9999.0  -9999.0  -9999.0  -9999.0  -9999.0  -9999.0  -9999.0  -9999.0  -9999.0  -9999.0  -9999.0  -9999.0  -9999.0  -9999.0  0.667466804372  2.08315622384  2.88261350797  4.20822632506  5.39296714124  5.98607904045  0.464397178542  6.64134332878  24.159429795  24.5824171554  0.342551807816  0.572549678091  0.8759622026  7.18430924088  7.29152942067  18.0566037033  18.3925659036  26.7810571017  26.8092478677  0.0518890839016  1.70240487144  1.84650112888  2.00548969065  0.135976125005  16.667183044  16.793661313  17.0994333256  18.1302625857  18.490409394  18.5556503163  0.100719207775  0.203851088812  0.291979427405  6.31633218938  7.45852894817  0.813308001319  0.727936889981  0.0495823341493  0.0663409986995  47.2460089933  0.236531736153  0.168012435516  856.065673951  0.0410362397644  0.0335417317247  1.4756803501  0.389386704058  0.103924443933  0.0489679797029  -9999.0  -9999.0  -9999.0  -9999.0  -9999.0  -9999.0  -9999.0
-9999.0  -9999.0  -9999.0  -9999.0  -9999.0  -9999.0  -9999.0  -9999.0  -9999.0  -9999.0  -9999.0  -9999.0  -9999.0  -9999.0  -9999.0  -9999.0  -9999.0  -9999.0  -9999.0  -9999.0  -9999.0  -9999.0  -9999.0  -9999.0  0.70067846672  0.670266607581  2.76716237295  3.60761873256  0.627143692983  5.5825427049  6.10987235824  0.529665472215  16.4801367251  0.51827957973  3.04562678728  6.6482586211  7.06721041251  16.6535111309  16.8555470891  17.9708028573  0.274873801077  8.32421514365  0.0351385592422  0.095980494816  1.64387418931  0.0752645824177  3.50734852767  16.4181411327  0.0701135211191  0.207443928214  0.711553946364  0.140441789462  0.114495973885  0.103513873162  0.0790649677453  5.83654364245  6.10940286542  6.23177796565  0.232978349124  0.246160113151  0.461329767659  0.0715416428184  47.0435981787  47.0868458049  0.114185075755  0.096225199295  0.0502398084628  856.419226119  858.465648268  1.93027540099  0.417920154822  0.392256636005  0.182827711135  -9999.0  -9999.0  -9999.0  -9999.0  -9999.0  -9999.0  -9999.0
-9999.0  -9999.0  -9999.0  -9999.0  -9999.0  -9999.0  -9999.0  -9999.0  -9999.0  -9999.0  -9999.0  -9999.0  -9999.0  -9999.0  -9999.0  -9999.0  -9999.0  -9999.0  -9999.0  -9999.0  -9999.0  -9999.0  -9999.0  -9999.0  -9999.0  0.657504803454  0.679391262751  0.662352773413  4.44202479497  5.03765583416  7.30992809776  15.9791214418  0.518399511842  1.52267974121  2.0400091253  3.13557205776  0.928527814534  16.2226342583  0.431805529263  0.840858519407  7.89815765595  0.314061931602  1.26939301043  1.42464247968  0.0554316731894  0.0698531514922  3.44009072093  12.8452576182  0.0742234049195  0.293211079853  0.586755099416  0.116990145395  0.0603745254249  5.42585110424  5.5823812429  0.110585226215  0.219386795155  0.0587464908003  0.137405048146  0.140356704963  0.116423055782  0.0457467069273  47.0056692129  0.128893023907  -9999.0  -9999.0  0.103653475595  0.186366753845  858.547901079  858.625613866  858.777663724  0.0573857948092  -9999.0  -9999.0  -9999.0  -9999.0  -9999.0  -9999.0  -9999.0  -9999.0
-9999.0  -9999.0  -9999.0  -9999.0  -9999.0  -9999.0  -9999.0  -9999.0  -9999.0  -9999.0  -9999.0  -9999.0  -9999.0  -9999.0  -9999.0  -9999.0  -9999.0  -9999.0  -9999.0  -9999.0  -9999.0  -9999.0  -9999.0  -9999.0  -9999.0  -9999.0  0.781185336072  2.36403352128  3.13293998704  6.75487689881  2.80617904778  8.09470967029  4.5744357858  0.501680266611  1.5854342594  2.60307737361  0.457481262884  14.8393971341  5.39941423455  6.74584076455  0.811329050825  0.810634463471  0.341050008962  0.132315349508  3.23233527223  3.30346200993  12.6323077241  12.7009798684  0.133387713271  0.204005648391  0.0573559071451  4.84008573793  5.13976239486  5.39047057157  0.116990478212  0.0547633171426  0.160899109153  0.0562905296997  0.044129299737  0.0563441198488  46.7099421268  46.7589861825  46.7914334712  0.0877828966316  -9999.0  -9999.0  -9999.0  -9999.0  -9999.0  0.0433769744663  858.829696663  858.875304744  -9999.0  -9999.0  -9999.0  -9999.0  -9999.0  -9999.0  -9999.0  -9999.0
-9999.0  -9999.0  -9999.0  -9999.0  -9999.0  -9999.0  -9999.0  -9999.0  -9999.0  -9999.0  -9999.0  -9999.0  -9999.0  -9999.0  -9999.0  -9999.0  -9999.0  -9999.0  -9999.0  -9999.0  -9999.0  -9999.0  -9999.0  -9999.0  -9999.0  -9999.0  0.722303768013  0.675528141829  5.96711887553  0.843254794838  2.09431824564  2.95472631285  4.02248886691  0.543964920407  0.544642818264  0.517853696735  13.8839204401  14.3905593979  4.96898423356  0.926074439835  0.440448607874  0.443902440528  2.81539219258  3.1746489129  11.4781214334  12.0418618507  12.4824795584  0.0857991036438  0.0691980153864  4.68207769828  4.7340626999  4.79410921553  0.259042569648  0.133460963665  0.0633196386015  0.0610854805524  0.0463324364483  0.40403112713  0.433128326694  46.6721059961  46.6865576882  0.032494149549  0.0139261783643  0.0441534646421  -9999.0  -9999.0  -9999.0  -9999.0  -9999.0  -9999.0  -9999.0  -9999.0  -9999.0  -9999.0  -9999.0  -9999.0  -9999.0  -9999.0  -9999.0  -9999.0
-9999.0  -9999.0  -9999.0  -9999.0  -9999.0  -9999.0  -9999.0  -9999.0  -9999.0  -9999.0  -9999.0  -9999.0  -9999.0  -9999.0  -9999.0  -9999.0  -9999.0  -9999.0  -9999.0  -9999.0  -9999.0  -9999.0  -9999.0  -9999.0  -9999.0  -9999.0  -9999.0  1.4014851369  4.48909953928  2.44637672675  0.586977660685  2.23387097025  0.53493211836  1.6995663705  2.19916854462  12.0706410503  13.2975524058  4.04874951529  4.50872257255  0.477118905536  1.98773814731  2.41947763749  7.07618129144  10.8458416376  11.2353360209  0.389184103144  0.275830428326  3.81235770569  4.32078655275  4.63045729507  0.0713514625656  0.134664384402  0.202253197955  0.0664221518157  0.16645416775  0.267293928855  0.311671780351  0.371086954682  0.0452539758218  46.1616333235  0.0875656307768  0.0208375745484  -9999.0  -9999.0  -9999.0  -9999.0  -9999.0  -9999.0  -9999.0  -9999.0  -9999.0  -9999.0  -9999.0  -9999.0  -9999.0  -9999.0  -9999.0  -9999.0  -9999.0  -9999.0
-9999.0  -9999.0  -9999.0  -9999.0  -9999.0  -9999.0  -9999.0  -9999.0  -9999.0  -9999.0  -9999.0  -9999.0  -9999.0  -9999.0  -9999.0  -9999.0  -9999.0  -9999.0  -9999.0  -9999.0  -9999.0  -9999.0  -9999.0  -9999.0  -9999.0  -9999.0  -9999.0  0.719058692116  0.682962679894  1.11135154479  0.573334984104  1.12032959413  1.15272733197  7.0874604907  7.82936039076  1.36156598882  0.550572515789  3.56177489367  1.05172321472  1.56171816229  5.75071637211  6.2155254759  6.67575102951  3.38277610065  1.32197638471  2.15837698036  2.91560268583  3.68285453974  0.367907917728  0.14021594562  25.0670922083  25.1852624175  25.2649223698  0.0610834205016  0.113996928205  0.0600444568987  0.0565244254716  44.3599191362  45.162050435  0.775165480843  0.542832034658  0.0535857076891  -9999.0  -9999.0  -9999.0  -9999.0  -9999.0  -9999.0  -9999.0  -9999.0  -9999.0  -9999.0  -9999.0  -9999.0  -9999.0  -9999.0  -9999.0  -9999.0  -9999.0  -9999.0
-9999.0  -9999.0  -9999.0  -9999.0  -9999.0  -9999.0  -9999.0  -9999.0  -9999.0  -9999.0  -9999.0  -9999.0  -9999.0  -9999.0  -9999.0  -9999.0  -9999.0  -9999.0  -9999.0  -9999.0  -9999.0  -9999.0  -9999.0  -9999.0  -9999.0  -9999.0  -9999.0  -9999.0  -9999.0  0.431859995098  0.54045786992  0.597470206703  2.4887108881  6.50046923931  3.40334144843  0.587278887312  2.45307748186  3.02086964263  0.526252703217  4.80414886922  5.2835944654  1.52862960393  2.46106248584  0.469086736151  0.887559948486  0.438028478807  0.388861862812  0.369618238263  24.4513557269  24.727370447  24.9792170474  1.22094252786  26.7555150846  27.0077404816  27.2052398736  27.4094854122  27.6937444028  44.2835413162  44.5857593409  0.429259641996  0.470862295014  0.127771133703  -9999.0  -9999.0  -9999.0  -9999.0  -9999.0  -9999.0  -9999.0  -9999.0  -9999.0  -9999.0  -9999.0  -9999.0  -9999.0  -9999.0  -9999.0  -9999.0  -9999.0  -9999.0
-9999.0  -9999.0  -9999.0  -9999.0  -9999.0  -9999.0  -9999.0  -9999.0  -9999.0  -9999.0  -9999.0  -9999.0  -9999.0  -9999.0  -9999.0  -9999.0  -9999.0  -9999.0  -9999.0  -9999.0  -9999.0  -9999.0  -9999.0  -9999.0  -9999.0  -9999.0  -9999.0  -9999.0  -9999.0  -9999.0  -9999.0  0.611077233095  1.32589615567  1.36216731491  1.33262685457  1.29896599512  1.91604833154  3.17698025237  3.7252324445  4.297750367  0.519906568687  1.04931227843  0.477637762086  0.451334900755  14.0954250083  17.4584075369  18.2769672634  18.6872749915  24.131097764  0.352418817892  0.661958716975  1.00671556654  5.28450990255  5.5396340718  5.76286334332  12.7138483973  15.2176627195  16.3637440654  0.276836264044  0.219963876765  0.281079949287  0.0708680916813  -9999.0  -9999.0  -9999.0  -9999.0  -9999.0  -9999.0  -9999.0  -9999.0  -9999.0  -9999.0  -9999.0  -9999.0  -9999.0  -9999.0  -9999.0  -9999.0  -9999.0  -9999.0
-9999.0  -9999.0  -9999.0  -9999.0  -9999.0  -9999.0  -9999.0  -9999.0  -9999.0  -9999.0  -9999.0  -9999.0  -9999.0  -9999.0  -9999.0  -9999.0  -9999.0  -9999.0  -9999.0  -9999.0  -9999.0  -9999.0  -9999.0  -9999.0  -9999.0  -9999.0  -9999.0  -9999.0  -9999.0  -9999.0  -9999.0  -9999.0  0.700158996057  0.694982387151  0.674890575643  0.653430365093  1.30832119621  2.57563881126  2.27454920615  2.78283148012  3.27613683015  7.52391081063  7.99106387446  13.24981079  13.7052988181  2.96465491531  0.430944279673  4.68437032261  5.05752355337  2.04252201969  3.98233001869  4.69387920361  5.01438810547  0.295066351995  6.74685465892  13.2948154359  15.0282156296  0.268992994668  0.628902651034  0.101127991278  0.21266809498  -9999.0  -9999.0  -9999.0  -9999.0  -9999.0  -9999.0  -9999.0  -9999.0  -9999.0  -9999.0  -9999.0  -9999.0  -9999.0  -9999.0  -9999.0  -9999.0  -9999.0  -9999.0  -9999.0
-9999.0  -9999.0  -9999.0  -9999.0  -9999.0  -9999.0  -9999.0  -9999.0  -9999.0  -9999.0  -9999.0  -9999.0  -9999.0  -9999.0  -9999.0  -9999.0  -9999.0  -9999.0  -9999.0  -9999.0  -9999.0  -9999.0  -9999.0  -9999.0  -9999.0  -9999.0  -9999.0  -9999.0  -9999.0  -9999.0  -9999.0  -9999.0  -9999.0  -9999.0  -9999.0  0.69546704927  0.66199507157  0.588599714098  1.72326045475  1.6358903826  3.21980136522  3.75863917362  0.485854943599  4.77303848981  2.01993624609  2.51460512934  2.9040215007  4.29723738813  1.261989991  0.409849892112  1.62792141532  0.390206954231  3.59889395523  4.31192782097  6.19344890128  0.294260337237  0.913940901758  0.285145086743  0.257765200481  0.074662259783  0.14355547357  -9999.0  -9999.0  -9999.0  -9999.0  -9999.0  -9999.0  -9999.0  -9999.0  -9999.0  -9999.0  -9999.0  -9999.0  -9999.0  -9999.0  -9999.0  -9999.0  -9999.0  -9999.0  -9999.0
-9999.0  -9999.0  -9999.0  -9999.0  -9999.0  -9999.0  -9999.0  -9999.0  -9999.0  -9999.0  -9999.0  -9999.0  -9999.0  -9999.0  -9999.0  -9999.0  -9999.0  -9999.0  -9999.0  -9999.0  -9999.0  -9999.0  -9999.0  -9999.0  -9999.0  -9999.0  -9999.0  -9999.0  -9999.0  -9999.0  -9999.0  -9999.0  -9999.0  -9999.0  -9999.0  -9999.0  -9999.0  0.583638123465  0.543762347125  1.0975632186  1.07577816317  2.77463934155  3.78991730678  1.03157384506  1.51952396372  1.48411383163  2.45634770737  0.948578899203  0.869184897171  0.863256082407  0.389019756856  2.10013907818  3.25009513886  0.370373953063  1.53945764832  0.489007370429  0.151952698486  0.080992108332  0.0772910334122  0.0809883190236  -9999.0  -9999.0  -9999.0  -9999.0  -9999.0  -9999.0  -9999.0  -9999.0  -9999.0  -9999.0  -9999.0  -9999.0  -9999.0  -9999.0  -9999.0  -9999.0  -9999.0  -9999.0  -9999.0  -9999.0
-9999.0  -9999.0  -9999.0  -9999.0  -9999.0  -9999.0  -9999.0  -9999.0  -9999.0  -9999.0  -9999.0  -9999.0  -9999.0  -9999.0  -9999.0  -9999.0  -9999.0  -9999.0  -9999.0  -9999.0  -9999.0  -9999.0  -9999.0  -9999.0  -9999.0  -9999.0  -9999.0  -9999.0  -9999.0  -9999.0  -9999.0  -9999.0  -9999.0  -9999.0  -9999.0  -9999.0  -9999.0  -9999.0  -9999.0  0.556407837567  1.16275974079  2.26315755989  0.525919200581  0.524611359856  0.494940146423  1.00756047578  0.496793146701  0.486533832429  0.453054179213  0.450063579447  0.867011344364  1.72240627969  0.797655529852  0.821731158984  1.19338280592  0.234427401792  0.0737220773994  -9999.0  -9999.0  -9999.0  -9999.0  -9999.0  -9999.0  -9999.0  -9999.0  -9999.0  -9999.0  -9999.0  -9999.0  -9999.0  -9999.0  -9999.0  -9999.0  -9999.0  -9999.0  -9999.0  -9999.0  -9999.0  -9999.0  -9999.0
-9999.0  -9999.0  -9999.0  -9999.0  -9999.0  -9999.0  -9999.0  -9999.0  -9999.0  -9999.0  -9999.0  -9999.0  -9999.0  -9999.0  -9999.0  -9999.0  -9999.0  -9999.0  -9999.0  -9999.0  -9999.0  -9999.0  -9999.0  -9999.0  -9999.0  -9999.0  -9999.0  -9999.0  -9999.0  -9999.0  -9999.0  -9999.0  -9999.0  -9999.0  -9999.0  -9999.0  -9999.0  -9999.0  -9999.0  -9999.0  0.572087998798  0.543300926882  -9999.0  -9999.0  -9999.0  -9999.0  -9999.0  -9999.0  -9999.0  -9999.0  0.43734465619  0.426054466896  0.389615038409  0.408673934911  -9999.0  -9999.0  -9999.0  -9999.0  -9999.0  -9999.0  -9999.0  -9999.0  -9999.0  -9999.0  -9999.0  -9999.0  -9999.0  -9999.0  -9999.0  -9999.0  -9999.0  -9999.0  -9999.0  -9999.0  -9999.0  -9999.0  -9999.0  -9999.0  -9999.0  -9999.0
-9999.0  -9999.0  -9999.0  -9999.0  -9999.0  -9999.0  -9999.0  -9999.0  -9999.0  -9999.0  -9999.0  -9999.0  -9999.0  -9999.0  -9999.0  -9999.0  -9999.0  -9999.0  -9999.0  -9999.0  -9999.0  -9999.0  -9999.0  -9999.0  -9999.0  -9999.0  -9999.0  -9999.0  -9999.0  -9999.0  -9999.0  -9999.0  -9999.0  -9999.0  -9999.0  -9999.0  -9999.0  -9999.0  -9999.0  -9999.0  -9999.0  -9999.0  -9999.0  -9999.0  -9999.0  -9999.0  -9999.0  -9999.0  -9999.0  -9999.0  -9999.0  -9999.0  -9999.0  -9999.0  -9999.0  -9999.0  -9999.0  -9999.0  -9999.0  -9999.0  -9999.0  -9999.0  -9999.0  -9999.0  -9999.0  -9999.0  -9999.0  -9999.0  -9999.0  -9999.0  -9999.0  -9999.0  -9999.0  -9999.0  -9999.0  -9999.0  -9999.0  -9999.0  -9999.0  -9999.0
-9999.0  -9999.0  -9999.0  -9999.0  -9999.0  -9999.0  -9999.0  -9999.0  -9999.0  -9999.0  -9999.0  -9999.0  -9999.0  -9999.0  -9999.0  -9999.0  -9999.0  -9999.0  -9999.0  -9999.0  -9999.0  -9999.0  -9999.0  -9999.0  -9999.0  -9999.0  -9999.0  -9999.0  -9999.0  -9999.0  -9999.0  -9999.0  -9999.0  -9999.0  -9999.0  -9999.0  -9999.0  -9999.0  -9999.0  -9999.0  -9999.0  -9999.0  -9999.0  -9999.0  -9999.0  -9999.0  -9999.0  -9999.0  -9999.0  -9999.0  -9999.0  -9999.0  -9999.0  -9999.0  -9999.0  -9999.0  -9999.0  -9999.0  -9999.0  -9999.0  -9999.0  -9999.0  -9999.0  -9999.0  -9999.0  -9999.0  -9999.0  -9999.0  -9999.0  -9999.0  -9999.0  -9999.0  -9999.0  -9999.0  -9999.0  -9999.0  -9999.0  -9999.0  -9999.0  -9999.0
-9999.0  -9999.0  -9999.0  -9999.0  -9999.0  -9999.0  -9999.0  -9999.0  -9999.0  -9999.0  -9999.0  -9999.0  -9999.0  -9999.0  -9999.0  -9999.0  -9999.0  -9999.0  -9999.0  -9999.0  -9999.0  -9999.0  -9999.0  -9999.0  -9999.0  -9999.0  -9999.0  -9999.0  -9999.0  -9999.0  -9999.0  -9999.0  -9999.0  -9999.0  -9999.0  -9999.0  -9999.0  -9999.0  -9999.0  -9999.0  -9999.0  -9999.0  -9999.0  -9999.0  -9999.0  -9999.0  -9999.0  -9999.0  -9999.0  -9999.0  -9999.0  -9999.0  -9999.0  -9999.0  -9999.0  -9999.0  -9999.0  -9999.0  -9999.0  -9999.0  -9999.0  -9999.0  -9999.0  -9999.0  -9999.0  -9999.0  -9999.0  -9999.0  -9999.0  -9999.0  -9999.0  -9999.0  -9999.0  -9999.0  -9999.0  -9999.0  -9999.0  -9999.0  -9999.0  -9999.0
-9999.0  -9999.0  -9999.0  -9999.0  -9999.0  -9999.0  -9999.0  -9999.0  -9999.0  -9999.0  -9999.0  -9999.0  -9999.0  -9999.0  -9999.0  -9999.0  -9999.0  -9999.0  -9999.0  -9999.0  -9999.0  -9999.0  -9999.0  -9999.0  -9999.0  -9999.0  -9999.0  -9999.0  -9999.0  -9999.0  -9999.0  -9999.0  -9999.0  -9999.0  -9999.0  -9999.0  -9999.0  -9999.0  -9999.0  -9999.0  -9999.0  -9999.0  -9999.0  -9999.0  -9999.0  -9999.0  -9999.0  -9999.0  -9999.0  -9999.0  -9999.0  -9999.0  -9999.0  -9999.0  -9999.0  -9999.0  -9999.0  -9999.0  -9999.0  -9999.0  -9999.0  -9999.0  -9999.0  -9999.0  -9999.0  -9999.0  -9999.0  -9999.0  -9999.0  -9999.0  -9999.0  -9999.0  -9999.0  -9999.0  -9999.0  -9999.0  -9999.0  -9999.0  -9999.0  -9999.0
-9999.0  -9999.0  -9999.0  -9999.0  -9999.0  -9999.0  -9999.0  -9999.0  -9999.0  -9999.0  -9999.0  -9999.0  -9999.0  -9999.0  -9999.0  -9999.0  -9999.0  -9999.0  -9999.0  -9999.0  -9999.0  -9999.0  -9999.0  -9999.0  -9999.0  -9999.0  -9999.0  -9999.0  -9999.0  -9999.0  -9999.0  -9999.0  -9999.0  -9999.0  -9999.0  -9999.0  -9999.0  -9999.0  -9999.0  -9999.0  -9999.0  -9999.0  -9999.0  -9999.0  -9999.0  -9999.0  -9999.0  -9999.0  -9999.0  -9999.0  -9999.0  -9999.0  -9999.0  -9999.0  -9999.0  -9999.0  -9999.0  -9999.0  -9999.0  -9999.0  -9999.0  -9999.0  -9999.0  -9999.0  -9999.0  -9999.0  -9999.0  -9999.0  -9999.0  -9999.0  -9999.0  -9999.0  -9999.0  -9999.0  -9999.0  -9999.0  -9999.0  -9999.0  -9999.0  -9999.0
-9999.0  -9999.0  -9999.0  -9999.0  -9999.0  -9999.0  -9999.0  -9999.0  -9999.0  -9999.0  -9999.0  -9999.0  -9999.0  -9999.0  -9999.0  -9999.0  -9999.0  -9999.0  -9999.0  -9999.0  -9999.0  -9999.0  -9999.0  -9999.0  -9999.0  -9999.0  -9999.0  -9999.0  -9999.0  -9999.0  -9999.0  -9999.0  -9999.0  -9999.0  -9999.0  -9999.0  -9999.0  -9999.0  -9999.0  -9999.0  -9999.0  -9999.0  -9999.0  -9999.0  -9999.0  -9999.0  -9999.0  -9999.0  -9999.0  -9999.0  -9999.0  -9999.0  -9999.0  -9999.0  -9999.0  -9999.0  -9999.0  -9999.0  -9999.0  -9999.0  -9999.0  -9999.0  -9999.0  -9999.0  -9999.0  -9999.0  -9999.0  -9999.0  -9999.0  -9999.0  -9999.0  -9999.0  -9999.0  -9999.0  -9999.0  -9999.0  -9999.0  -9999.0  -9999.0  -9999.0
