ncols                  80
nrows                 72
xllcorner      4374000.0
yllcorner      5656000.0
cellsize            500
NODATA_value       -9999
-9999.0  -9999.0  -9999.0  -9999.0  -9999.0  -9999.0  -9999.0  -9999.0  -9999.0  -9999.0  -9999.0  -9999.0  1.09194455381  0.933018666127  -9999.0  -9999.0  -9999.0  -9999.0  -9999.0  -9999.0  -9999.0  -9999.0  -9999.0  -9999.0  -9999.0  -9999.0  -9999.0  -9999.0  -9999.0  -9999.0  -9999.0  -9999.0  -9999.0  -9999.0  -9999.0  -9999.0  -9999.0  -9999.0  -9999.0  -9999.0  -9999.0  -9999.0  -9999.0  -9999.0  -9999.0  -9999.0  -9999.0  -9999.0  -9999.0  -9999.0  -9999.0  -9999.0  -9999.0  -9999.0  -9999.0  -9999.0  -9999.0  -9999.0  -9999.0  -9999.0  -9999.0  -9999.0  -9999.0  -9999.0  -9999.0  -9999.0  -9999.0  -9999.0  -9999.0  -9999.0  -9999.0  -9999.0  -9999.0  -9999.0  -9999.0  -9999.0  -9999.0  -9999.0  -9999.0  -9999.0
-9999.0  -9999.0  -9999.0  -9999.0  -9999.0  -9999.0  -9999.0  -9999.0  -9999.0  -9999.0  -9999.0  -9999.0  2.21090187426  4.95599924562  0.815238079178  -9999.0  0.621199206818  -9999.0  -9999.0  -9999.0  -9999.0  -9999.0  -9999.0  -9999.0  -9999.0  -9999.0  -9999.0  -9999.0  -9999.0  -9999.0  -9999.0  -9999.0  -9999.0  -9999.0  -9999.0  -9999.0  -9999.0  -9999.0  -9999.0  -9999.0  -9999.0  -9999.0  -9999.0  -9999.0  -9999.0  -9999.0  -9999.0  -9999.0  -9999.0  -9999.0  -9999.0  -9999.0  -9999.0  -9999.0  -9999.0  -9999.0  -9999.0  -9999.0  -9999.0  -9999.0  -9999.0  -9999.0  -9999.0  -9999.0  -9999.0  -9999.0  -9999.0  -9999.0  -9999.0  -9999.0  -9999.0  -9999.0  -9999.0  -9999.0  -9999.0  -9999.0  -9999.0  -9999.0  -9999.0  -9999.0
-9999.0  -9999.0  -9999.0  -9999.0  -9999.0  -9999.0  -9999.0  -9999.0  -9999.0  -9999.0  1.06500627863  1.03763790263  1.071367193  1.03413253401  6.89847694992  7.77373273649  1.75864525834  0.55980812562  -9999.0  -9999.0  -9999.0  -9999.0  -9999.0  -9999.0  -9999.0  -9999.0  -9999.0  -9999.0  -9999.0  -9999.0  -9999.0  -9999.0  -9999.0  -9999.0  -9999.0  -9999.0  -9999.0  -9999.0  -9999.0  -9999.0  -9999.0  -9999.0  -9999.0  -9999.0  -9999.0  -9999.0  -9999.0  -9999.0  -9999.0  -9999.0  -9999.0  -9999.0  -9999.0  -9999.0  -9999.0  -9999.0  -9999.0  -9999.0  -9999.0  -9999.0  -9999.0  -9999.0  -9999.0  -9999.0  -9999.0  -9999.0  -9999.0  -9999.0  -9999.0  -9999.0  -9999.0  -9999.0  -9999.0  -9999.0  -9999.0  -9999.0  -9999.0  -9999.0  -9999.0  -9999.0
-9999.0  -9999.0  -9999.0  -9999.0  -9999.0  -9999.0  -9999.0  -9999.0  -9999.0  1.0532170629  2.09247448331  4.15015370775  2.04991740407  0.991760260932  1.91914815761  8.70543241138  11.9133339908  0.67707008089  -9999.0  0.991814926878  -9999.0  -9999.0  -9999.0  -9999.0  1.22426466609  0.612104573449  -9999.0  -9999.0  -9999.0  -9999.0  -9999.0  -9999.0  -9999.0  -9999.0  -9999.0  -9999.0  -9999.0  -9999.0  -9999.0  -9999.0  -9999.0  -9999.0  -9999.0  -9999.0  -9999.0  -9999.0  -9999.0  -9999.0  -9999.0  -9999.0  -9999.0  -9999.0  -9999.0  -9999.0  -9999.0  -9999.0  -9999.0  -9999.0  -9999.0  -9999.0  -9999.0  -9999.0  -9999.0  -9999.0  -9999.0  -9999.0  -9999.0  -9999.0  -9999.0  -9999.0  -9999.0  -9999.0  -9999.0  -9999.0  -9999.0  -9999.0  -9999.0  -9999.0  -9999.0  -9999.0
-9999.0  -9999.0  -9999.0  -9999.0  -9999.0  -9999.0  -9999.0  -9999.0  1.18859799024  3.35337706407  4.35108366462  5.34618442224  7.137035431  0.90778299845  3.6776053555  4.5535822178  18.1536761684  0.878864013429  0.856654687157  1.84237932175  2.66238882813  0.863080130741  -9999.0  3.33973569788  2.72975285266  0.788941662338  -9999.0  -9999.0  -9999.0  -9999.0  -9999.0  -9999.0  -9999.0  -9999.0  -9999.0  -9999.0  -9999.0  -9999.0  -9999.0  -9999.0  -9999.0  -9999.0  -9999.0  -9999.0  -9999.0  -9999.0  -9999.0  -9999.0  -9999.0  -9999.0  -9999.0  -9999.0  -9999.0  -9999.0  -9999.0  -9999.0  -9999.0  -9999.0  -9999.0  -9999.0  -9999.0  -9999.0  -9999.0  -9999.0  -9999.0  -9999.0  -9999.0  -9999.0  -9999.0  -9999.0  -9999.0  -9999.0  -9999.0  -9999.0  -9999.0  -9999.0  -9999.0  -9999.0  -9999.0  -9999.0
-9999.0  -9999.0  -9999.0  -9999.0  -9999.0  -9999.0  1.1999208074  1.10191696722  1.04575605363  1.0626363087  1.05988069081  7.46716322971  15.5825320366  16.5470523246  17.325401544  0.74231076097  19.7739869869  20.622197543  1.69334586494  0.831019480096  3.46104068062  5.98475117072  0.905724444384  6.07932446594  0.930533577076  0.944522606541  0.964410156156  -9999.0  -9999.0  -9999.0  -9999.0  -9999.0  -9999.0  -9999.0  -9999.0  -9999.0  -9999.0  -9999.0  -9999.0  -9999.0  -9999.0  -9999.0  -9999.0  -9999.0  -9999.0  -9999.0  -9999.0  -9999.0  -9999.0  -9999.0  -9999.0  -9999.0  -9999.0  -9999.0  -9999.0  -9999.0  -9999.0  -9999.0  -9999.0  -9999.0  -9999.0  -9999.0  -9999.0  -9999.0  -9999.0  -9999.0  -9999.0  -9999.0  -9999.0  -9999.0  -9999.0  -9999.0  -9999.0  -9999.0  -9999.0  -9999.0  -9999.0  -9999.0  -9999.0  -9999.0
-9999.0  -9999.0  -9999.0  -9999.0  -9999.0  -9999.0  2.37145469506  3.48749350097  7.83708922608  10.9260272932  0.940081246212  0.955588228465  0.903051537086  2.6807392058  20.8165024125  0.717863888658  21.3984007406  24.4671735708  2.44387706615  1.57230831598  6.73688133137  0.826464185067  6.88748079017  1.72389785909  0.878916810575  1.79469327894  1.89752606995  0.914591319587  0.918419535131  0.895339610601  0.951529444273  1.91131309453  -9999.0  -9999.0  -9999.0  -9999.0  -9999.0  -9999.0  -9999.0  -9999.0  -9999.0  -9999.0  -9999.0  -9999.0  -9999.0  -9999.0  -9999.0  -9999.0  -9999.0  -9999.0  -9999.0  -9999.0  -9999.0  -9999.0  -9999.0  -9999.0  -9999.0  -9999.0  -9999.0  -9999.0  -9999.0  -9999.0  -9999.0  -9999.0  -9999.0  -9999.0  -9999.0  -9999.0  -9999.0  -9999.0  -9999.0  -9999.0  -9999.0  -9999.0  -9999.0  -9999.0  -9999.0  -9999.0  -9999.0  -9999.0
-9999.0  -9999.0  -9999.0  -9999.0  -9999.0  1.27124262634  2.45284966096  1.1609059911  2.25141151147  12.0397612782  14.0328751075  15.9855736495  50.7294477132  0.891338052924  21.6884810421  79.1879278955  79.7539323177  105.183333836  0.6102219484  2.31960008791  7.49686819384  0.752533489991  16.4622895942  8.79523910353  5.46928180369  4.59438144443  0.923832551124  2.7115684095  2.6590913129  1.77461798214  0.863127978236  2.80925501309  0.863338725208  0.852227906164  -9999.0  -9999.0  -9999.0  -9999.0  -9999.0  -9999.0  -9999.0  -9999.0  -9999.0  -9999.0  -9999.0  -9999.0  -9999.0  -9999.0  -9999.0  -9999.0  -9999.0  -9999.0  -9999.0  -9999.0  -9999.0  -9999.0  -9999.0  -9999.0  -9999.0  -9999.0  -9999.0  -9999.0  -9999.0  -9999.0  -9999.0  -9999.0  -9999.0  -9999.0  -9999.0  -9999.0  -9999.0  -9999.0  -9999.0  -9999.0  -9999.0  -9999.0  -9999.0  -9999.0  -9999.0  -9999.0
-9999.0  -9999.0  -9999.0  -9999.0  -9999.0  1.28144862908  3.70428370943  7.34374119071  8.43969825558  16.6563883801  17.6764091594  20.8736020506  33.859901633  53.3370621309  55.1388451568  55.9864363474  1.49767140086  107.870582142  109.18840802  113.010741319  140.065755977  18.7988629297  17.2810638853  6.27989228972  0.795624351702  5.25685144289  3.57346921302  0.822857849586  3.45521391721  0.756889276843  1.58725532877  4.4512125656  5.28025258165  1.672514092  0.832724709445  0.813925483346  -9999.0  -9999.0  -9999.0  -9999.0  0.670198971573  0.561065924799  -9999.0  -9999.0  -9999.0  -9999.0  -9999.0  -9999.0  -9999.0  -9999.0  -9999.0  -9999.0  -9999.0  -9999.0  -9999.0  -9999.0  -9999.0  -9999.0  -9999.0  -9999.0  -9999.0  -9999.0  -9999.0  -9999.0  -9999.0  -9999.0  -9999.0  -9999.0  -9999.0  -9999.0  -9999.0  -9999.0  -9999.0  -9999.0  -9999.0  -9999.0  -9999.0  -9999.0  -9999.0  -9999.0
-9999.0  -9999.0  -9999.0  -9999.0  -9999.0  1.24496820994  1.17053227616  4.89044308357  6.00118539019  7.15041349756  1.08709508283  2.15425253889  12.3389452909  2.14527405417  0.992198631281  0.929534995853  0.819563580108  0.926579780449  0.854570560319  0.873063917086  140.868627124  143.159022078  0.747684132158  2.31652320577  1.58078984404  6.05553247727  1.66032194688  0.808962353154  4.28390638183  1.47641426459  3.53610937556  9.2358868863  8.59322444193  2.50018869647  2.48292689546  0.829697761388  0.830460566356  -9999.0  -9999.0  0.832537481913  1.48660944457  3.23109372959  0.598544146481  -9999.0  -9999.0  -9999.0  -9999.0  -9999.0  -9999.0  -9999.0  -9999.0  -9999.0  -9999.0  -9999.0  -9999.0  -9999.0  -9999.0  -9999.0  -9999.0  -9999.0  -9999.0  -9999.0  -9999.0  -9999.0  -9999.0  -9999.0  -9999.0  -9999.0  -9999.0  -9999.0  -9999.0  -9999.0  -9999.0  -9999.0  -9999.0  -9999.0  -9999.0  -9999.0  -9999.0  -9999.0
-9999.0  -9999.0  -9999.0  -9999.0  -9999.0  -9999.0  1.27394137867  1.28377839278  2.44081789303  3.60228239357  8.06872530106  10.2768741635  11.3675451683  1.14850503746  0.902668911882  12.2035844563  14.9214981636  15.7758521715  19.2746075113  20.0731896213  0.798740148194  143.954678381  147.730104579  3.00296381129  0.504659889898  6.73433405815  15.046209813  5.8924163939  1.49668168361  0.736540613488  14.2166238787  9.99718729038  0.765656503443  0.76865867868  3.2751685626  2.43595500112  0.812192603904  0.829245087419  0.805172074224  1.61668402993  0.781944500559  3.93687204704  4.74015708627  0.789577634473  -9999.0  -9999.0  -9999.0  -9999.0  0.905257783099  0.863276154152  0.198899891786  -9999.0  -9999.0  -9999.0  -9999.0  -9999.0  -9999.0  -9999.0  -9999.0  -9999.0  -9999.0  -9999.0  -9999.0  -9999.0  -9999.0  -9999.0  -9999.0  -9999.0  -9999.0  -9999.0  -9999.0  -9999.0  -9999.0  -9999.0  -9999.0  -9999.0  -9999.0  -9999.0  -9999.0  -9999.0
-9999.0  -9999.0  -9999.0  -9999.0  -9999.0  -9999.0  -9999.0  1.27303533473  1.08281871346  2.26261945642  3.40408597983  1.11639075215  1.0260267883  6.40537225044  8.40658333707  10.4296891887  0.930791445902  1.80863961033  0.887235292341  20.889234046  46.3164819181  46.9629434493  196.21877619  0.766287883021  1.49651544323  0.462823333502  15.8215672902  0.746156017083  2.25265789896  0.732486639527  14.9621807247  15.6981603034  1.53017000094  1.50112455235  8.09978623077  4.03979642487  1.66272675793  0.832705801471  1.61034525784  2.4057424947  3.94809383719  0.781794228343  6.37419962086  7.23062372312  0.816391073373  0.846865058476  0.873894172279  0.828802399257  0.804875564146  2.5631248122  0.889823723155  0.556112065701  -9999.0  -9999.0  -9999.0  -9999.0  -9999.0  -9999.0  -9999.0  -9999.0  -9999.0  -9999.0  -9999.0  -9999.0  -9999.0  -9999.0  -9999.0  -9999.0  -9999.0  -9999.0  -9999.0  -9999.0  -9999.0  -9999.0  -9999.0  -9999.0  -9999.0  -9999.0  -9999.0  -9999.0
-9999.0  -9999.0  -9999.0  -9999.0  -9999.0  -9999.0  -9999.0  -9999.0  2.30885560384  3.34358210726  1.10994362841  2.25213814676  3.31094026893  5.44535648467  1.07361569347  1.02624737299  0.874632402852  0.89084934882  0.810534460721  23.7608578188  0.902077109881  1.76172199128  198.756130853  200.950424333  1.17141006583  3.78313653757  20.3751858993  1.45896594722  2.93564071078  1.40270039079  2.09782591266  18.6336770495  2.23483049466  11.7552488373  9.54846913721  0.72465750944  3.99489292444  1.59312324789  2.35420521472  0.752439169435  4.75142366652  6.35437175831  7.14866112321  7.9179372285  10.3682776906  1.57484941182  1.63253511211  1.55449944283  1.50148145808  3.27300337981  0.680937416492  2.13218024591  2.74155835027  -9999.0  -9999.0  -9999.0  -9999.0  -9999.0  -9999.0  -9999.0  -9999.0  -9999.0  -9999.0  -9999.0  -9999.0  -9999.0  -9999.0  -9999.0  -9999.0  -9999.0  -9999.0  -9999.0  -9999.0  -9999.0  -9999.0  -9999.0  -9999.0  -9999.0  -9999.0  -9999.0
-9999.0  -9999.0  -9999.0  -9999.0  -9999.0  -9999.0  -9999.0  -9999.0  1.20603178116  5.72397913546  6.80629909125  1.08526696268  2.11617531169  1.03032511466  0.951769417075  0.930091130029  11.871099759  15.8726780595  19.4953673504  23.0710475716  0.899961203549  0.878101360082  1.02937708753  205.356117178  207.849899313  209.031140541  27.4893511203  5.96030435227  5.14869343466  0.714925040212  2.7686627729  22.0937308378  0.685753663344  12.4568464771  0.714818455122  5.06917436772  4.76957543558  0.747595615976  3.08995793998  1.48401583174  2.20662209269  0.794670098086  0.758856864438  8.68126291962  9.40805912721  11.0933461613  2.38782940845  2.2885256418  2.21947092955  3.97131444482  5.3391223982  0.680275499602  3.36457272457  0.639613697021  1.23067168747  0.606025477531  -9999.0  -9999.0  -9999.0  -9999.0  -9999.0  -9999.0  -9999.0  -9999.0  -9999.0  -9999.0  -9999.0  -9999.0  -9999.0  -9999.0  -9999.0  -9999.0  -9999.0  -9999.0  -9999.0  -9999.0  -9999.0  -9999.0  -9999.0  -9999.0
-9999.0  -9999.0  -9999.0  -9999.0  -9999.0  -9999.0  -9999.0  -9999.0  -9999.0  1.22316036772  7.94011298257  9.01600384814  3.16389185362  5.2506996887  7.19616025541  8.19471677829  1.010047387  3.10567830325  2.02252937879  1.01137823872  0.9935813072  0.896620247084  1.80637725974  3.28179157665  1.39566014038  239.090090084  240.297063647  1.11973624115  0.765056444256  1.39575113165  2.08324795682  24.1479128885  1.36750256118  13.1219872298  7.72491790043  6.36647163491  0.724422484703  1.45521914017  3.77906199237  0.684288108725  2.87656524611  1.48821265635  1.30956069376  0.540905489716  11.1848726983  22.9144350088  2.98091154005  2.89103770693  2.83054021625  0.595033851748  5.93611224695  0.585545904408  4.60208317623  0.574255211026  1.8202515183  2.98626102827  0.477785008688  0.486407375162  0.519075149065  0.497896815412  0.433382083556  -9999.0  -9999.0  0.315018730752  0.178526303186  -9999.0  -9999.0  -9999.0  -9999.0  -9999.0  -9999.0  -9999.0  -9999.0  -9999.0  -9999.0  -9999.0  -9999.0  -9999.0  -9999.0  -9999.0
-9999.0  -9999.0  -9999.0  -9999.0  -9999.0  -9999.0  -9999.0  -9999.0  -9999.0  -9999.0  1.08390099936  11.2018261022  1.04268705206  2.09446272047  3.05790870079  4.9945940098  1.00141886854  2.09462136405  1.01852504129  0.972341066575  0.908730928636  1.81133761291  0.827405078051  0.976355756876  2.22972953893  1.34538213361  241.517142512  243.808719246  246.946551111  2.89465670985  0.66831686231  1.32892506096  24.8283811547  24.2491742207  9.13440635443  0.692937216605  2.87156549461  2.16082671144  4.47080859559  1.37219474154  5.725305787  2.1670747992  1.93952705864  0.374940168106  0.55930040959  23.6573034702  24.3529549454  30.8547714626  4.68157235686  1.22441735914  6.57847502413  7.78551895189  12.9526111901  1.14302042195  0.540401823357  3.53409043973  4.48262569617  0.471244117927  0.903411859271  1.43527058947  0.853594579176  0.421572265127  0.414529759685  0.607177043035  0.364690588616  0.176259769499  -9999.0  -9999.0  -9999.0  -9999.0  -9999.0  -9999.0  -9999.0  -9999.0  -9999.0  -9999.0  -9999.0  -9999.0  -9999.0  -9999.0
-9999.0  -9999.0  -9999.0  -9999.0  -9999.0  -9999.0  -9999.0  -9999.0  -9999.0  -9999.0  -9999.0  0.530693382302  12.3397368087  1.01754480268  1.97440540528  8.94274588675  1.03712776014  1.03210377154  0.90279668634  1.88488641489  0.892257314533  3.6029041173  5.28753188243  6.09246397483  3.06844102635  4.11567383607  1.21432413352  1.31076730284  1.19792315372  251.688188418  253.841326236  25.479933401  25.5269639289  24.8980438784  1.33114130718  0.651243493957  3.5257556793  9.31219628674  5.13470818495  2.03265152722  8.41637163414  3.69894514854  3.06344994371  0.698930128701  0.316958961673  0.336229651775  0.410117042238  32.7714782741  39.3562974365  0.584225414117  0.554323798009  0.577248758008  13.504947257  15.1600788755  0.992992724839  0.426664908293  4.79151312497  0.715971956106  1.87555730558  3.66354086146  4.88721363825  5.68369933728  1.69435197163  0.948929652613  0.616359169207  0.356644614862  0.316343679421  -9999.0  -9999.0  -9999.0  -9999.0  -9999.0  -9999.0  -9999.0  -9999.0  -9999.0  -9999.0  -9999.0  -9999.0  -9999.0
-9999.0  -9999.0  -9999.0  -9999.0  -9999.0  -9999.0  -9999.0  -9999.0  -9999.0  -9999.0  -9999.0  0.488039522221  13.5359379547  16.6976983124  0.958726167652  10.8743749894  0.958673015394  0.909001066202  1.75113474413  4.50196995905  0.853582749564  0.900554057742  0.813424824809  7.7484335548  8.52598625875  13.4699085816  15.5047446923  16.4465833645  17.5571382613  18.6256882658  273.58682483  300.965873526  328.377263958  329.23668716  0.794349837713  0.655254104924  10.6224013639  9.97560661868  0.647430379616  0.63776985116  9.0252315109  13.3914558762  0.564729299651  6.3109363119  5.86274585109  1.53587075109  0.818173579719  1.31608874901  0.710017954404  40.6626194123  0.667650906173  1.75029909393  2.29618409729  19.0067940386  20.2668625464  21.0649931444  26.0841160507  0.217474091143  0.213130979881  0.208276954733  0.2169808145  6.25434677931  8.29722044352  0.376420581159  1.45088871292  0.569666940501  0.599589574139  0.156229836546  0.120308706728  -9999.0  -9999.0  -9999.0  -9999.0  -9999.0  -9999.0  -9999.0  -9999.0  -9999.0  -9999.0  -9999.0
-9999.0  -9999.0  -9999.0  -9999.0  -9999.0  -9999.0  -9999.0  -9999.0  -9999.0  -9999.0  -9999.0  1.15007533765  2.1943725337  17.7191787244  19.562654007  0.950688507529  12.6948503823  0.83482546368  2.52125074221  5.31230118748  1.65877621637  0.80176464764  1.70305082287  0.782476393596  1.47517386142  0.682428451545  0.627283428033  0.503179536651  0.461497652813  0.479467272652  0.548408662425  0.805232836692  1.03561185193  1.17144290913  332.128994074  13.8967536457  12.3797569571  0.825493498501  1.90393936963  0.452241145367  0.362864082045  14.0140522691  22.2217904136  6.9998382034  5.22395888908  0.83814903314  0.390960368287  0.359312807278  0.94912170164  42.2729849612  43.5682227973  0.667513379143  0.678612483579  0.562184138362  0.319580494647  0.53388524726  26.8043469036  27.2318883065  27.6612960656  0.424789136116  0.213982400678  0.199249511739  8.55676797695  9.1744681078  1.66318040828  0.268033704979  0.848031974552  0.324397960685  0.225360643913  -9999.0  -9999.0  -9999.0  -9999.0  -9999.0  -9999.0  -9999.0  -9999.0  -9999.0  -9999.0  -9999.0
-9999.0  -9999.0  -9999.0  -9999.0  -9999.0  -9999.0  -9999.0  -9999.0  -9999.0  -9999.0  -9999.0  -9999.0  0.985488257711  13.5621171629  34.0796824442  37.0157458789  50.6123929106  51.4606597029  11.9268927307  8.60981983528  2.48126079729  0.790119630327  3.27035847029  4.05002001858  6.21892598425  1.39866533708  1.30461125368  1.19229819283  2.32570837061  1.1400894566  1.17840227744  0.518792629567  0.340338605284  0.49491900582  333.017992903  347.361753364  348.281346209  0.874732859653  5.69511092494  2.09017209761  0.650821070321  24.2933765628  1.45744584665  0.752564156684  3.08454436731  0.63463406742  0.617063061289  1.20577173814  1.75987464876  2.37230858402  44.7125041382  0.549808569665  0.496605043792  0.496524223191  0.392148039468  0.256495046581  0.720572806333  0.804019353421  28.8607088497  30.3643500037  0.870797770624  0.435559522925  0.251885518974  0.254982177347  11.4759436848  15.3590577255  3.30445988201  1.51061757638  0.847529498748  -9999.0  -9999.0  -9999.0  -9999.0  -9999.0  -9999.0  -9999.0  -9999.0  -9999.0  -9999.0  -9999.0
-9999.0  -9999.0  -9999.0  -9999.0  -9999.0  -9999.0  -9999.0  -9999.0  -9999.0  -9999.0  -9999.0  1.10148077952  10.3694066821  12.5658249331  2.01844409093  0.556052584567  1.28504500192  53.635565922  54.4636751246  67.1640701185  0.738767059356  1.5202226149  0.687561554563  0.70347080659  6.91474002396  9.00761768908  10.967601999  0.647263768902  2.97819284896  4.75456287874  2.92740363198  1.1395036358  0.848255399851  0.836904901377  0.978133918667  0.652318667858  349.111992994  349.860231541  357.059104697  1.19072485431  0.605440958531  24.839871393  1.50382200417  0.78299105553  0.844060551517  0.835794838921  0.757333451117  1.42201056708  4.16711404407  7.20641066272  52.4699697144  0.432124883693  1.30618815651  0.886756871166  0.749873393773  0.375699053135  0.368204770468  0.299081709409  0.12241604484  30.5711362544  0.141328926578  0.330185449298  0.141786011756  0.181348878658  0.251401861654  15.663997148  0.612722567193  0.227024616197  0.394519586806  0.175492291948  -9999.0  -9999.0  -9999.0  -9999.0  -9999.0  -9999.0  -9999.0  -9999.0  -9999.0  -9999.0
-9999.0  -9999.0  -9999.0  -9999.0  -9999.0  -9999.0  -9999.0  -9999.0  -9999.0  -9999.0  -9999.0  1.13110135377  7.21185002846  1.1243362421  0.98412491764  5.0972484587  5.97922857936  6.88273221679  7.70438325629  91.6238266638  92.2690752169  93.6577276268  104.712210115  106.892675296  108.18571294  108.912488736  121.418827414  123.041997049  123.6882496  129.137208267  132.761312491  133.385489461  135.340537694  1.42303701057  1.37470022065  0.370210885888  0.518593530335  350.635348186  359.716589311  1.89401907017  28.8240038734  28.2530648754  2.8891859307  0.695019170431  0.717720730071  0.69765000651  0.696144004883  1.40753845063  2.08286420062  0.69812387428  53.0047589359  53.5663596528  56.2559509026  56.7350221012  57.9376085636  58.7392949345  0.332487506708  0.337083726002  0.249802128715  30.8083904903  31.1382249336  31.67219442  32.283681596  0.332925304081  16.8789916637  16.3704361594  0.349921135798  6.11662255979  5.90230379642  0.46978161294  0.27814970179  -9999.0  -9999.0  -9999.0  -9999.0  -9999.0  -9999.0  -9999.0  -9999.0  -9999.0
-9999.0  -9999.0  -9999.0  -9999.0  -9999.0  -9999.0  -9999.0  -9999.0  -9999.0  -9999.0  -9999.0  3.72970587491  4.9175449731  2.2721213259  3.34879399046  1.06331258509  12.289696824  13.2662423423  15.1795193979  15.9323767621  6.31529314791  101.13607466  101.792148007  0.753122968743  0.58079477412  0.499008733729  1.10668368508  0.50697208856  0.375211519111  0.332504692435  0.383987161767  133.909502428  135.903803359  137.945295121  139.868754354  141.651928986  0.868123502462  0.359131305839  390.469361184  30.0371434402  29.4248691553  0.634977090496  0.637214279192  0.604240451375  1.32522994773  1.31253486612  0.596695830128  0.599514978783  0.55722842422  1.24044380281  1.71768678367  0.402675956111  0.728127368264  0.282815503472  0.15783446331  58.9539950906  59.5700819844  60.2399714741  60.8542671139  61.1802214725  61.5673378989  61.7210190502  0.148049179118  32.7323440316  0.271500414493  23.7410043947  6.56610591504  0.522356249258  5.2569885344  4.43215086135  0.311300982978  -9999.0  -9999.0  -9999.0  -9999.0  -9999.0  -9999.0  -9999.0  -9999.0  -9999.0
-9999.0  -9999.0  -9999.0  -9999.0  -9999.0  -9999.0  -9999.0  -9999.0  -9999.0  -9999.0  -9999.0  -9999.0  2.52313891012  1.1637634835  1.06610508308  10.343681146  11.3645646496  1.00838408648  3.99909204063  4.8830835857  5.67860567431  0.865849836681  0.778437914065  16.3517556103  17.0501550344  17.7042791457  45.489572722  45.9843399152  46.7508456452  51.0305274086  53.3018578263  53.6230010159  0.274655318207  0.292784739063  0.320449068603  142.70803351  0.480238037577  396.563032284  395.775339141  4.67058643342  3.97493970875  2.44354701777  0.604072667413  1.20742906433  1.94414218913  1.93266134234  1.17309478495  0.573388605137  1.12653637186  1.09248838598  2.20464939492  0.289737582115  1.02958888014  1.74267049759  2.08148413016  2.26103797851  0.163606334418  0.165208680519  0.15975279795  0.16305152691  0.198169963429  61.9791643642  62.3427046761  95.1665465003  95.2579328425  25.3606149727  1.42841894887  1.04727869051  0.435284368378  3.85170285521  3.56104383499  -9999.0  -9999.0  -9999.0  -9999.0  -9999.0  -9999.0  -9999.0  -9999.0  -9999.0
-9999.0  -9999.0  -9999.0  -9999.0  -9999.0  -9999.0  -9999.0  -9999.0  -9999.0  -9999.0  -9999.0  -9999.0  1.30540296945  3.66243356304  4.78097584591  8.23406274396  1.04940515856  2.10818880183  3.09765676892  11.7180405025  12.4926254987  13.0479115244  13.8465806345  14.8106469742  23.0664216004  25.7811111252  27.2309452816  0.551361377164  3.41748998306  3.91537513441  52.2624415127  54.0725126557  54.7819939098  55.4888453336  56.2188314162  199.485707342  0.463977257508  398.575796052  0.985527396121  0.409521674559  3.38001630594  2.92664986766  0.409837926886  1.70965320658  2.45971709899  2.45015804872  1.66236381221  2.72280678136  4.29767464099  1.55709915468  4.2016291931  0.329033531759  0.478546491173  0.142255988878  0.116600177075  2.57438690483  2.67499389848  0.278391207844  0.275792662344  0.426015689786  0.143951528531  0.155740069127  0.170084499418  135.676156596  135.591522152  40.0938456796  0.339880882441  2.2696235259  1.80988929603  1.24064711279  3.33225597893  2.298422768  -9999.0  -9999.0  -9999.0  -9999.0  -9999.0  -9999.0  -9999.0  -9999.0
-9999.0  -9999.0  -9999.0  -9999.0  -9999.0  -9999.0  -9999.0  -9999.0  -9999.0  -9999.0  -9999.0  -9999.0  1.25258244601  2.46738395296  1.11790547809  2.29472158791  1.03057472142  7.78069061159  9.76359272121  10.7916901307  0.915816772787  1.7180712159  17.4599539071  21.469970222  22.1969943981  1.80657993428  1.78714280595  2.52731346176  0.449462494198  0.418077989055  0.798030207605  0.411510099756  27.0978856363  27.4893448789  27.9788512618  199.978999743  402.171493485  399.048964954  0.666646459014  0.28804005634  0.251489345686  0.887823673231  0.65904805297  2.01157802716  2.87813959904  5.83342013013  0.502410508452  0.501085519034  4.71464991087  5.14494086584  10.1505695135  10.4907790363  11.1275219613  11.3988325129  0.243369392093  0.378934072089  2.8310444384  142.938968847  139.717966396  139.106683022  138.232283419  0.167449920006  137.023757119  0.289239234188  0.150725595873  14.2976337411  3.58986376107  3.32879183077  0.576728363594  0.628276155311  0.623181969178  1.9762088943  -9999.0  -9999.0  -9999.0  -9999.0  -9999.0  -9999.0  -9999.0  -9999.0
-9999.0  -9999.0  -9999.0  -9999.0  -9999.0  -9999.0  -9999.0  -9999.0  -9999.0  -9999.0  -9999.0  -9999.0  -9999.0  1.17451153005  2.33310701276  3.49372197568  5.64781743108  1.13567802478  1.03064339707  7.24723235346  8.16367232655  15.9349909589  16.8445997325  2.53441733435  0.916632796505  0.897178073578  0.866195970738  24.400161574  24.9905053615  25.4838248892  25.8936557985  26.7172604868  4.59840581988  5.12892215701  33.5997456843  635.970108922  2.59509305659  2.20519418073  1.03639067803  0.273072195163  0.218933445857  1.40106717711  1.58727976647  2.4213667043  0.193210192872  6.06832945463  0.805591099471  0.78617603037  0.166074769125  0.125374124485  0.121388088463  0.150577197717  0.131025698929  11.545742941  169.350444047  157.321385939  156.945446244  143.137884696  0.187710298555  0.216189465918  0.263922827259  137.36121864  0.652320068575  0.285679613957  0.334577239017  0.31644723549  10.2436566939  9.6332109729  1.07309164755  0.553326921913  0.678846725726  0.674897785494  -9999.0  -9999.0  -9999.0  -9999.0  -9999.0  -9999.0  -9999.0  -9999.0
-9999.0  -9999.0  -9999.0  -9999.0  -9999.0  -9999.0  -9999.0  -9999.0  -9999.0  -9999.0  -9999.0  -9999.0  -9999.0  -9999.0  1.15131534726  2.20748755886  3.16036290673  4.14895855706  5.19207085222  6.26440842004  3.10920877852  5.10869709921  0.907035967489  0.895918598076  20.0826348479  21.8732380414  22.694568865  23.6070129554  0.748185438359  1.35810275132  3.30459405219  3.78528480283  4.19404957896  0.566440750014  0.537627373246  637.259060235  0.41404829947  0.694927647005  0.325612426885  0.994013069988  0.460782027633  0.283104933684  4.29852171112  4.56827294608  0.185288447801  6.28497482715  7.23188182721  0.923016572714  176.156274058  175.862029517  175.585129441  174.937542881  174.651340119  169.965708834  169.792659242  0.239369237493  13.6776701803  13.0347356209  12.3548045804  12.1771113999  7.04634707837  6.86923663264  6.46758303379  2.26377578817  2.03864650526  1.35385420019  0.334396159146  9.22730820573  7.94262647935  0.504029362384  1.05291992837  0.484505888049  -9999.0  -9999.0  -9999.0  -9999.0  -9999.0  -9999.0  -9999.0  -9999.0
-9999.0  -9999.0  -9999.0  -9999.0  -9999.0  -9999.0  -9999.0  -9999.0  -9999.0  -9999.0  -9999.0  -9999.0  -9999.0  -9999.0  0.223304044613  0.517909490977  0.945022721764  8.20014633438  9.28860660256  1.09647654822  1.04935090202  1.00990063816  16.3822249733  18.297929239  0.92821495417  0.970690926672  0.786819651009  3.14491642542  3.90250931285  2.1728777524  2.63577315941  18.2784319165  18.8186188266  20.0038991767  31.7466530053  669.26416347  0.39865839064  0.276737389646  1.47378714253  1.22758232691  0.239601513814  0.783619425344  1.02535540878  4.85185055395  5.08596719492  12.8193667678  7.35529276544  1.01736886838  180.242664651  2.11033536436  175.313573373  175.137533563  4.42652655573  0.242577746381  0.280274857197  0.145676451368  0.386537928967  0.541115624449  0.268592040596  4.96881765439  4.1726847481  0.263750409535  4.03595559228  0.701515920952  0.433023107546  0.995656873949  0.487582546215  0.994941040293  6.41497160678  5.53139257413  0.445937913158  0.802347207985  0.415698803031  -9999.0  -9999.0  -9999.0  -9999.0  -9999.0  -9999.0  -9999.0
-9999.0  -9999.0  -9999.0  -9999.0  -9999.0  -9999.0  -9999.0  -9999.0  -9999.0  -9999.0  -9999.0  -9999.0  -9999.0  -9999.0  1.18018109783  1.90387554989  4.04354185182  7.0915980594  10.1769926516  12.3808897452  13.4326367334  14.4835412205  15.4877659622  0.942580767617  0.865496757113  1.69177267336  1.5966778058  0.800466720341  15.9795219383  16.7144801442  17.4007529981  18.035714694  9.96044646385  10.4734360936  11.1570280085  669.486130207  0.684460554767  0.769979812784  2.39033664544  0.204334321424  0.504170932719  0.267715034541  0.218955139759  1.25385744905  0.180404086878  0.196504674106  194.182800379  181.222074208  181.023901125  0.848255963362  1.97079891013  1.26163207796  0.292821486258  3.96066353071  1.08882772767  0.861544539927  0.629536001389  0.439467431478  0.250114933081  0.578620123967  3.93936400856  3.32897502464  2.74801723856  3.04800722478  2.81060971151  2.61486510472  0.329217851456  0.502623481043  0.451309658136  4.11319591296  3.28529213196  2.08673778942  0.346687959157  -9999.0  -9999.0  -9999.0  -9999.0  -9999.0  -9999.0  -9999.0
-9999.0  -9999.0  -9999.0  -9999.0  -9999.0  -9999.0  -9999.0  -9999.0  -9999.0  -9999.0  -9999.0  -9999.0  -9999.0  -9999.0  0.836478689142  0.756412503786  1.46317612995  2.27030863366  1.11851841332  1.1543137459  2.21188480296  3.24881645474  5.17657122891  6.15699622061  7.0762780845  9.70487587454  10.5276271881  11.3788773092  0.764574393846  7.85778069447  8.50073726743  9.06064863889  0.417618147095  0.178119348266  0.346509160167  680.590355192  680.794976211  681.898062336  2.9666301449  0.417108789885  0.763872090131  0.211346410975  0.381372722041  1.42820233789  1.75550767488  0.34942006663  195.098374074  0.312346058708  0.478872005462  0.524333999779  0.414916744053  0.739574028048  0.310323826198  2.62309503906  2.01193124893  1.46941743805  0.746975249197  0.52110394704  0.285899363254  0.321751529942  0.350727078916  0.353715876232  2.49638791619  1.89349607585  1.30251257073  0.677651496897  2.36998603423  1.69754528343  0.471759915421  0.491659196964  0.399332723488  0.970065204807  0.552475196388  -9999.0  -9999.0  -9999.0  -9999.0  -9999.0  -9999.0  -9999.0
-9999.0  -9999.0  -9999.0  -9999.0  -9999.0  -9999.0  -9999.0  -9999.0  -9999.0  -9999.0  -9999.0  -9999.0  -9999.0  -9999.0  -9999.0  0.703115806816  1.39994497836  0.720653138111  1.49520570532  9.46692499337  10.4670593326  11.4977652893  0.968170627774  0.975437377799  1.89776302685  2.79820171626  4.41774694374  5.22146438823  5.63484110871  6.35433027814  0.602557251517  0.530927590175  9.89663228052  10.0883481131  10.3021807242  10.5309056467  8.52034464504  691.346157488  695.70273558  695.869001876  696.771072948  697.626062687  698.20799356  0.175941112031  1.9044863131  195.270845411  0.449034321975  0.232072607721  0.249633039031  0.222879860344  0.37948564465  0.359333884199  0.216706100516  0.327722096023  0.306724212478  0.521735641616  0.23799746089  0.178792026313  0.664526393796  0.476778593981  0.256847382573  0.252005368875  0.280602039207  0.295968978124  0.326814056687  0.350620739142  0.351799961318  0.853577988871  0.288334910682  0.823707366979  0.371735508094  0.353276102503  -9999.0  -9999.0  -9999.0  -9999.0  -9999.0  -9999.0  -9999.0  -9999.0
-9999.0  -9999.0  -9999.0  -9999.0  -9999.0  -9999.0  -9999.0  -9999.0  -9999.0  -9999.0  -9999.0  -9999.0  -9999.0  -9999.0  -9999.0  -9999.0  2.08566933162  2.89105128934  5.23001853716  7.10972628523  1.02912175842  13.6596883156  14.633491987  15.5996468971  0.958730693745  1.8734408537  0.831237055844  6.19647712722  6.57255422986  7.20715223214  7.87736921751  9.38782909125  9.59692343933  0.134105239074  7.62950521969  8.08526751575  8.30771827603  9.23231870033  1.18706110918  0.76646098617  0.478704062353  0.44538969554  698.796753152  699.098839836  702.338478071  195.441461678  1.1853582052  0.590060221915  0.397550506668  0.110829596812  1.1346102443  0.601978369544  0.188979870293  1.06444546684  0.910317577263  0.159208340891  1.34294491337  1.21667303237  0.87396175531  0.187826568705  0.554266894359  0.409909486915  0.170793478212  0.392365669599  0.220406186265  0.251217999124  0.242642640472  0.194121533248  0.486229440855  3.84562326519  2.2448217989  1.41674739619  0.585787998522  -9999.0  -9999.0  -9999.0  -9999.0  -9999.0  -9999.0  -9999.0
-9999.0  -9999.0  -9999.0  -9999.0  -9999.0  -9999.0  -9999.0  -9999.0  -9999.0  -9999.0  -9999.0  -9999.0  -9999.0  -9999.0  -9999.0  -9999.0  0.80650254802  3.67235208916  4.49547308276  1.10738352252  1.06792098416  2.12299075232  3.10539760016  19.6998712544  0.941991612542  3.78804562056  4.64684412727  5.4861984789  0.404727492445  0.983965029494  1.27811413854  6.21422586239  6.86618526306  7.05299251401  0.223407515725  0.222030215383  0.259142945111  0.480243824494  0.199108091069  0.204352540604  0.374417840866  0.271614632844  0.374155660982  1.14262300285  702.677507148  898.920092153  1.45342454304  0.19385900078  0.111619944658  3.58167837796  3.33038127792  1.99966917119  1.79938047056  1.34414477452  0.327220061159  0.242194538967  1.46888431046  0.659691384058  0.520315626922  0.159383554865  0.729107685886  1.27316912529  1.01999345364  0.606588300923  0.201438585214  0.730095382812  0.504896156046  0.403933419502  4.78841422479  4.62868446617  0.427417959732  0.389186033057  0.350884575705  0.319883007502  -9999.0  -9999.0  -9999.0  -9999.0  -9999.0  -9999.0
-9999.0  -9999.0  -9999.0  -9999.0  -9999.0  -9999.0  -9999.0  -9999.0  -9999.0  -9999.0  -9999.0  -9999.0  -9999.0  -9999.0  -9999.0  0.63662929384  2.19322618296  0.743994244325  1.21116517537  1.19821492125  2.28603004304  3.32643463108  4.27566006845  24.789743558  25.7046591109  0.942677607804  1.80768943089  2.6793524502  3.21159462935  3.81482743463  5.48705706935  5.99649674551  0.397784608947  0.323782024192  0.286255904975  0.45022109932  0.377449243777  0.399621600243  0.318392925884  0.376677871497  1.37690734439  0.657254018225  0.308972735196  0.295182652589  0.286455837543  0.529872412411  909.514123086  8.97917556184  4.16491290016  0.308193256345  0.129263385975  0.114497145487  0.447447196395  0.317362003047  0.165981281365  0.163838432844  1.81543637728  2.6294252328  2.87292891706  0.113471939415  2.37436003503  1.50867498429  0.167275765997  0.135344011372  0.298878973358  1.69152309531  0.744061083514  0.591910500452  4.99814907216  0.232382786174  0.272174838481  1.38904554015  0.696588945902  1.16877606272  0.506884001241  -9999.0  -9999.0  -9999.0  -9999.0  -9999.0
-9999.0  -9999.0  -9999.0  -9999.0  -9999.0  -9999.0  -9999.0  -9999.0  -9999.0  -9999.0  -9999.0  -9999.0  -9999.0  -9999.0  0.678901910968  1.2942674929  4.86886745529  0.732931088224  2.30362138919  3.47859746839  4.58371696866  1.12425803672  2.12308682452  3.07498880292  29.552039077  0.894305217953  1.71003990509  2.51982059915  0.713623912803  1.40776166864  1.76345540993  2.23669794953  57.5625128258  58.3255402736  59.0366147393  62.7821371114  63.962524785  66.70584247  0.611290459875  1.35471214632  1.70358808398  74.8110479841  75.3862925011  0.26941265438  0.465847472482  0.652573868821  909.745441217  8.63555894937  4.08113704842  3.92947159321  3.04585327779  2.63709662304  0.592804410039  0.139830870591  0.278439518641  0.143874494933  0.140942769639  0.279299766864  3.02643163042  5.69308716561  2.56006260943  0.457277665937  0.313833565834  0.181078634279  2.64612089613  2.15012819693  0.232346454179  6.04507104056  5.23479603118  0.444623083703  2.67187529202  1.67433908885  1.83161348331  1.54210243879  0.340314466637  -9999.0  -9999.0  -9999.0  -9999.0  -9999.0
-9999.0  -9999.0  -9999.0  -9999.0  -9999.0  -9999.0  -9999.0  -9999.0  -9999.0  -9999.0  -9999.0  -9999.0  -9999.0  -9999.0  0.692787765223  2.08725135444  7.63433867448  11.2151695824  0.664760420538  14.9872215037  20.3787103082  1.07353196159  2.06400768819  3.04411011723  38.2082832781  39.023567282  0.834101593205  4.19692009251  4.94094285819  5.51971247203  52.5216053958  54.0075364409  54.9667214765  0.467758848201  2.65014916896  3.15025756678  1.43468752277  2.0655368504  69.5620624356  71.8323914616  72.3360365634  72.8148916527  75.9376835488  0.268178526894  0.225963390756  1.05499753695  909.972305583  0.237666993778  0.257550789072  0.759157889659  0.297850402209  2.41084745755  1.94614350826  1.14975996753  0.839308925462  0.367172432694  0.160806373536  0.410221524909  0.102409815478  5.81785037095  0.686998594814  0.564222701227  0.0968994360846  0.284564397949  2.78713651557  0.109159219149  0.0702568185407  6.15755425503  0.155229022841  3.07806117221  2.90806039323  2.56306349255  2.35619442193  0.251458861291  0.928442144917  0.294361875744  -9999.0  -9999.0  -9999.0  -9999.0
-9999.0  -9999.0  -9999.0  -9999.0  -9999.0  -9999.0  -9999.0  -9999.0  -9999.0  -9999.0  -9999.0  -9999.0  -9999.0  -9999.0  -9999.0  -9999.0  1.45258948019  2.92937134056  13.3777579668  14.1771860967  21.0738586876  21.89228825  1.04851837395  2.09324679392  4.94593732245  39.7932883639  41.5664497368  42.3425877331  0.643940812473  45.0432441892  46.5760822131  1.00244585669  0.473366085545  0.912646986442  1.78279207008  0.429946142379  0.869486609342  1.91473520637  2.41079502177  0.457204547617  0.304395644874  0.608858036169  77.9940792351  78.5807098819  78.7677228812  80.3375190332  910.170073133  0.135729485588  0.159059446566  0.202533736635  0.195975242351  0.203314226389  0.174063809189  0.315075100842  0.0993987822281  0.283619053924  0.179538680305  0.186256261359  0.764897507371  6.79735121745  7.66849186181  7.82013140182  8.32159160797  0.108770717466  2.89702094864  0.357550008078  0.136639983132  6.27982914858  6.55321995772  3.22731889289  3.43605328907  2.77639263519  1.74430798401  1.5088913269  1.25445404634  -9999.0  -9999.0  -9999.0  -9999.0  -9999.0
-9999.0  -9999.0  -9999.0  -9999.0  -9999.0  -9999.0  -9999.0  -9999.0  -9999.0  -9999.0  -9999.0  -9999.0  -9999.0  -9999.0  -9999.0  -9999.0  0.761890907289  0.747019370472  0.760835423149  1.64101648632  0.736892564211  23.3427527308  24.0900086382  0.981441377839  1.94241872545  1.01693347595  0.893771206682  0.876435217543  43.8560217841  0.508370228194  1.02940460289  0.542373262138  0.484898090958  0.441785133692  0.346447848122  0.36085160569  1.09016329038  1.48947233046  0.285122410276  0.249204081813  0.535223206138  0.890956840273  1.08758375805  0.261450076129  79.0634591118  80.5274145939  910.289470289  0.620021339403  0.370958274338  0.0961116639076  0.264247759663  0.0712358840564  0.0510123916005  0.374569421619  0.518698069094  0.356163901768  0.0771282287121  0.0793187205178  0.247339259929  0.137207443848  0.121038045758  0.131941448524  0.145497476123  12.2271855385  3.36236144813  0.101672389834  0.161453286606  0.0756853700708  15.7936499132  9.15222642193  9.03722228163  2.89429820993  2.11824894767  0.192262747083  -9999.0  -9999.0  -9999.0  -9999.0  -9999.0  -9999.0
-9999.0  -9999.0  -9999.0  -9999.0  -9999.0  -9999.0  -9999.0  -9999.0  -9999.0  -9999.0  -9999.0  -9999.0  -9999.0  -9999.0  -9999.0  -9999.0  -9999.0  -9999.0  0.736728124023  2.32937477158  2.9662658186  3.67152403825  24.76765674  25.4380447648  26.1443224549  27.0359173027  27.8932643888  29.6554923212  30.1606539729  30.6347854822  31.0618505973  0.427873267236  0.396007885511  0.425339015112  1.5101190951  0.400121135542  0.375591652761  0.294906091399  0.849264708076  0.3366189021  0.250328947126  0.229772866183  0.187583794853  0.374158357867  0.532343946804  81.6129925953  992.660718068  0.105952364224  0.253827132826  0.067272837464  0.344651053814  0.163800206345  0.102797374474  1.26424795156  0.823465356465  0.238931516564  0.161722129369  0.410781113251  0.0933304825905  0.294372570477  0.199818083495  0.357914644307  0.127201025836  0.171589480865  12.3574907292  12.7291999324  19.6919123986  19.5847553995  19.4625616707  0.139478599168  2.52073618731  2.36271930317  0.130212262908  -9999.0  -9999.0  -9999.0  -9999.0  -9999.0  -9999.0  -9999.0
-9999.0  -9999.0  -9999.0  -9999.0  -9999.0  -9999.0  -9999.0  -9999.0  -9999.0  -9999.0  -9999.0  -9999.0  -9999.0  -9999.0  -9999.0  -9999.0  -9999.0  -9999.0  -9999.0  0.624131662072  4.89104701651  9.91985664722  10.6887051129  1.03221468761  2.01169260611  2.96878459334  3.80314124722  9.21011767609  9.67400622424  0.448572185146  0.436339648765  31.9441658936  32.7200746672  33.0772079617  1.79761937767  0.273990160186  0.663017561124  0.972840699282  2.86127514437  3.4916714403  3.96516458781  0.428131608821  0.58228137999  0.191187472521  0.374102865481  0.191107235531  993.00127916  0.0958780890375  0.427790197623  0.194549012854  0.619752560449  1.18769843363  1.3413120948  2.65572445656  0.949101140898  0.890168212317  0.675929653154  0.619148662335  0.14715080502  0.347735157852  0.462045362539  0.413353162022  0.0563278570726  33.6607142354  33.4046624186  33.2797398603  20.1568081649  0.222879662735  3.30910045676  2.34663366601  1.54517892098  0.961314043867  0.162507977373  -9999.0  -9999.0  -9999.0  -9999.0  -9999.0  -9999.0  -9999.0
-9999.0  -9999.0  -9999.0  -9999.0  -9999.0  -9999.0  -9999.0  -9999.0  -9999.0  -9999.0  -9999.0  -9999.0  -9999.0  -9999.0  -9999.0  -9999.0  -9999.0  -9999.0  0.688429120696  2.1847109522  4.27962150005  5.59753747496  14.7238979805  15.6170262293  1.98677460216  2.93579900786  3.73971033907  4.5901955121  10.1567850972  11.074616638  19.1595427213  19.7093148323  20.0873011813  33.4638294372  36.2679434853  0.667131824832  0.42479587853  0.407962539778  0.776089638312  0.348833463388  4.61395143929  4.83649443904  0.760673634234  0.920743052597  0.156168084601  224.487542242  224.866744249  1218.10281172  1218.68003074  0.0905561933423  0.818467587675  0.128410791897  0.120928548567  2.91694525517  3.96864260247  0.830724751499  0.757023276207  0.135493253726  0.0750386077184  0.419209676312  34.5758749953  34.060049532  33.9909589456  33.8347523985  0.201392251493  0.215417196901  0.234904080393  0.244202414225  0.767252220941  0.509101192115  0.457705434357  0.683845938893  0.207753524666  -9999.0  -9999.0  -9999.0  -9999.0  -9999.0  -9999.0  -9999.0
-9999.0  -9999.0  -9999.0  -9999.0  -9999.0  -9999.0  -9999.0  -9999.0  -9999.0  -9999.0  -9999.0  -9999.0  -9999.0  -9999.0  -9999.0  -9999.0  -9999.0  -9999.0  -9999.0  0.777973600371  0.753802584791  1.43234070402  3.40722467455  16.2759171881  1.01678987378  1.00300199476  1.83086460673  2.65778209269  6.42485021999  7.00057119052  0.340091690341  0.370318939504  20.5920278127  21.0108940318  57.6019777931  57.8919962727  0.23667447796  0.204968302821  0.161736684592  0.163655209997  0.165774543558  220.82410572  222.093723755  223.186508821  223.504329393  224.337387748  0.209892132575  0.752387994899  0.92419003183  1219.9165294  1219.98035881  1220.13277265  1220.27902948  1220.41159954  4.12230339722  0.0583641861716  0.255918686184  0.20686137515  0.0518838359239  0.470752160649  34.8110682527  0.166356915919  0.0906806523402  0.820697616379  0.738448243988  0.608895938449  0.476851830088  0.2705053175  0.294995835164  0.277728694656  0.236981883279  0.253954427787  -9999.0  -9999.0  -9999.0  -9999.0  -9999.0  -9999.0  -9999.0  -9999.0
-9999.0  -9999.0  -9999.0  -9999.0  -9999.0  -9999.0  -9999.0  -9999.0  -9999.0  -9999.0  -9999.0  -9999.0  -9999.0  -9999.0  -9999.0  -9999.0  -9999.0  -9999.0  -9999.0  -9999.0  0.697321207599  0.726933269556  1.35266270301  18.9243840004  19.692765129  0.987011037136  1.8165863883  2.65959902198  3.25262382178  0.514205171125  0.990625524953  45.4503236083  45.8757002727  46.2106832276  49.0673318233  107.26886023  211.808433372  212.360824113  212.846538735  213.308013693  215.174370166  215.776366687  1.08158074809  0.478574251235  0.29053925994  0.54263240991  0.368907372112  0.596678082651  0.187588746175  4.28133211299  4.65508457729  4.90964693394  4.98023179529  1220.48382146  1224.73520337  1225.23392284  0.349081816228  0.0576920415814  0.632112255492  0.533560407428  34.9510590012  0.0734213032357  1.73929030144  0.812141352496  0.704121740503  0.491838664631  0.250645473194  0.373130752162  0.192281129759  -9999.0  -9999.0  -9999.0  -9999.0  -9999.0  -9999.0  -9999.0  -9999.0  -9999.0  -9999.0  -9999.0
-9999.0  -9999.0  -9999.0  -9999.0  -9999.0  -9999.0  -9999.0  -9999.0  -9999.0  -9999.0  -9999.0  -9999.0  -9999.0  -9999.0  -9999.0  -9999.0  -9999.0  -9999.0  -9999.0  -9999.0  -9999.0  0.710620143722  1.36207830366  2.01605000426  20.2513407114  0.837401707185  27.9484818747  28.8248308991  29.3408510694  29.849742515  43.4540044035  43.9869019199  0.467338005225  2.16040975945  2.60723438428  0.452333729767  103.981345819  103.175092007  0.246122286237  0.567896764402  1.4870264478  0.324482680511  0.332282955452  0.238304356828  0.190959624907  0.140707820021  0.168080405184  3.69447493264  3.87164087958  4.09418290182  0.226799533288  0.153679611882  5.07103118907  5.16694131907  5.21372412064  1225.29654814  1225.36517888  0.784950627116  0.6834157461  36.8663722187  36.8161916959  1.80418055952  0.155113839604  0.0790189012888  1.20321730194  1.03679134918  0.832077581228  0.552652044799  0.277757668131  0.124838285148  -9999.0  -9999.0  -9999.0  -9999.0  -9999.0  -9999.0  -9999.0  -9999.0  -9999.0  -9999.0
-9999.0  -9999.0  -9999.0  -9999.0  -9999.0  -9999.0  -9999.0  -9999.0  -9999.0  -9999.0  -9999.0  -9999.0  -9999.0  -9999.0  -9999.0  -9999.0  -9999.0  -9999.0  -9999.0  -9999.0  -9999.0  0.651617035436  0.611437703879  3.16620536428  24.7709291167  26.2901638725  27.1312163952  0.942675680258  12.4418663391  12.9287490785  13.1330417781  0.47612462353  0.991203436207  1.44868498683  25.1605697717  25.5041600364  25.7943472068  102.636032761  60.6667002916  0.319004850908  0.313230194135  0.299287355379  0.219820792754  2.26850771358  2.71184987099  3.09162274545  3.30520641213  3.5091976419  24.3136545844  24.4521828335  24.6105098216  24.97106681  26.5266065147  26.5899230923  31.8746122066  0.0495473950368  1225.42300773  1225.50317533  0.850642577928  36.9087958432  0.101544381122  0.0499547169246  0.225979097795  1.82296101851  1.76101970827  0.379247759472  0.194339403675  0.633287021542  0.44787029532  0.123173197987  0.100890832716  0.0986424937243  -9999.0  -9999.0  -9999.0  -9999.0  -9999.0  -9999.0  -9999.0  -9999.0
-9999.0  -9999.0  -9999.0  -9999.0  -9999.0  -9999.0  -9999.0  -9999.0  -9999.0  -9999.0  -9999.0  -9999.0  -9999.0  -9999.0  -9999.0  -9999.0  -9999.0  -9999.0  -9999.0  -9999.0  -9999.0  -9999.0  1.27394071776  1.94476233729  0.772146466306  1.00843132613  9.1151472173  10.0928123087  10.8463832174  5.22931797937  5.73147983576  6.26651642055  6.73640907172  24.3962171926  24.8486652979  15.1622633776  41.3228318335  41.6663829467  60.4008971167  0.619797820318  0.304364381194  0.203341014916  1.56928239746  1.83701250074  0.14190744692  0.129443340289  23.6622749654  24.0079171986  24.1821729242  0.181610295552  0.26273963506  26.2851487973  0.173225396792  0.512689137031  0.559232132159  32.526674653  32.5756722349  33.2589074375  1259.67134547  37.0566538546  2.291895387  2.24237210437  2.17811397395  1.87959338822  0.0772350035142  0.931421729657  0.81339880893  0.264578610206  0.116874829765  0.208124639069  0.47697121965  0.276227787509  -9999.0  -9999.0  -9999.0  -9999.0  -9999.0  -9999.0  -9999.0  -9999.0
-9999.0  -9999.0  -9999.0  -9999.0  -9999.0  -9999.0  -9999.0  -9999.0  -9999.0  -9999.0  -9999.0  -9999.0  -9999.0  -9999.0  -9999.0  -9999.0  -9999.0  -9999.0  -9999.0  -9999.0  -9999.0  -9999.0  0.63784669537  1.26419962002  5.50170311522  6.29791546959  7.21506531656  3.87722533182  4.70140655657  0.565330255902  16.2069856242  16.7176345288  17.2047330717  0.467198505257  14.3181322632  14.7845320564  0.346903629563  58.749768741  0.714492190825  0.351108051901  0.853552009513  1.15901692657  0.21297628379  0.164473738671  21.9237509894  23.3489467001  23.5622293032  0.215188466761  0.419412292642  0.526252981414  0.611079651806  1.20800833423  0.179286263189  0.423453803285  0.083646001522  0.162851701253  33.1471440187  33.2078462421  1259.75509153  1299.39474058  2.50732756924  0.130095431533  0.0604814945241  0.12499477716  0.0585233365146  1.00787668083  0.540745674484  0.412857945055  1.46016792999  1.30997344917  0.92381730701  0.221881266514  0.103356149535  -9999.0  -9999.0  -9999.0  -9999.0  -9999.0  -9999.0  -9999.0
-9999.0  -9999.0  -9999.0  -9999.0  -9999.0  -9999.0  -9999.0  -9999.0  -9999.0  -9999.0  -9999.0  -9999.0  -9999.0  -9999.0  -9999.0  -9999.0  -9999.0  -9999.0  -9999.0  -9999.0  -9999.0  -9999.0  0.631742212891  2.01966806996  3.58230907188  0.920915472914  1.90225464458  2.93860073031  13.9282215565  14.6068967509  15.1419753267  0.486410792952  11.5143310921  13.0077921212  13.4658070232  0.340173454326  57.2990056104  58.0701394735  0.354126130405  0.321735423348  0.623917530505  0.240258723496  20.8250666163  21.238988112  21.4797435298  0.915604777323  1.12185866412  0.172930187795  0.302821983472  0.131322889068  0.912671729784  0.140759472454  0.106291371334  0.114895220958  0.126294643361  0.258813412096  0.342261363018  99.9239017191  100.105806584  1399.71208682  1399.79876039  1399.86929379  0.0878026355529  2.02311522697  1.86007747703  0.745859009248  0.700013965868  0.0892093007028  1.73157572477  0.122869041496  0.105697050991  0.0840176282741  0.402642429991  0.183923534383  -9999.0  -9999.0  -9999.0  -9999.0  -9999.0  -9999.0
-9999.0  -9999.0  -9999.0  -9999.0  -9999.0  -9999.0  -9999.0  -9999.0  -9999.0  -9999.0  -9999.0  -9999.0  -9999.0  -9999.0  -9999.0  -9999.0  -9999.0  -9999.0  -9999.0  -9999.0  -9999.0  -9999.0  -9999.0  0.728951852828  0.821359876235  1.02558552242  9.04943565764  10.0637609936  13.0190639981  0.751751078722  9.41121502394  10.6018111846  0.51010451306  1.05156331927  0.397037124859  56.2111368107  0.421055858706  1.09459029737  1.35445515188  1.59859723514  19.3286567355  20.1571479278  20.4290561569  0.274092392601  0.498680370471  0.695951743116  0.106706385758  0.0941532131934  50.2878412678  50.3845541928  50.4637068516  51.3394811482  51.4495733351  51.5995793136  51.6908219814  84.2008288801  84.2976172333  99.8680370366  0.11485534082  0.137855160107  0.231871042546  1400.14495009  1400.46879438  1402.60291554  1402.64400736  0.0942932868873  0.0534971283849  1.93269821549  1.87325802302  0.0782870580221  0.222729641506  1.78770013707  1.16606218413  1.02617948944  0.275168289746  -9999.0  -9999.0  -9999.0  -9999.0  -9999.0
-9999.0  -9999.0  -9999.0  -9999.0  -9999.0  -9999.0  -9999.0  -9999.0  -9999.0  -9999.0  -9999.0  -9999.0  -9999.0  -9999.0  -9999.0  -9999.0  -9999.0  -9999.0  -9999.0  -9999.0  -9999.0  -9999.0  -9999.0  0.675529292097  1.77225742656  3.79620234244  8.09457753569  1.08971100345  2.05594684226  7.41090518951  8.12078256045  0.61814149358  13.7195662976  14.2325395528  54.9557165682  55.3837182234  0.365630937344  0.694375132322  3.03361424508  16.733472305  17.5667439669  0.610149227245  0.28588387366  0.21129505541  44.717116095  45.0768222169  45.3645390618  45.6518104177  50.2004886262  0.308371096028  51.2431130344  0.181717792105  0.112854176247  0.201899450744  32.3115153973  32.4498054854  15.0657948598  15.454696457  0.262361796431  0.127302845396  0.154950489695  0.133343151592  0.194440765289  0.0695317311585  1483.96615627  1484.10344731  2.31407604602  2.03362366401  0.0583407488257  2.67501901701  2.50994514699  2.13653779634  0.193452675486  0.250975941453  0.29436216496  -9999.0  -9999.0  -9999.0  -9999.0  -9999.0
-9999.0  -9999.0  -9999.0  -9999.0  -9999.0  -9999.0  -9999.0  -9999.0  -9999.0  -9999.0  -9999.0  -9999.0  -9999.0  -9999.0  -9999.0  -9999.0  -9999.0  -9999.0  -9999.0  -9999.0  -9999.0  -9999.0  -9999.0  -9999.0  1.18959967958  2.30227363687  3.31266350314  5.45761015642  6.42545390626  10.5150330223  12.2175973146  12.7036282796  13.1867164599  39.8018339638  40.2870868978  0.34931508878  2.43857670593  2.81962066235  13.2505327274  13.5451503511  0.525673804917  0.201050057128  43.7716473564  44.1456883495  44.361972269  0.200557095131  4.0307673408  4.20168689262  4.4000110793  0.163159481045  0.118826310113  0.0844558082206  0.0690813519263  31.8847199636  32.02562582  0.0944109404647  14.9719247716  14.396938419  14.3085453082  0.0981940150895  0.117275217631  0.092523711598  0.169270941675  80.9143699277  81.2593770514  1486.48157362  0.164971310508  0.0733645313562  2.80695935798  0.0804536719288  0.486507996522  0.341307296847  0.176235471224  -9999.0  -9999.0  -9999.0  -9999.0  -9999.0  -9999.0  -9999.0
-9999.0  -9999.0  -9999.0  -9999.0  -9999.0  -9999.0  -9999.0  -9999.0  -9999.0  -9999.0  -9999.0  -9999.0  -9999.0  -9999.0  -9999.0  -9999.0  -9999.0  -9999.0  -9999.0  -9999.0  -9999.0  -9999.0  -9999.0  -9999.0  1.13215098419  3.44452746741  4.4498364225  6.4645761662  8.45734241561  9.54326420153  0.875025971922  10.2596991216  38.4489534448  39.2804344023  0.698199595722  1.27197730253  2.15903297237  12.547755566  12.9410329504  28.9151170628  29.5230600112  43.519577229  43.6439102489  0.209295961393  3.29499947268  3.67203847871  3.89759563151  0.167531686643  28.2089234392  28.363973601  28.8547549654  30.9662615781  31.6234275903  31.7292775474  0.136608098925  0.26678076018  0.375640272473  12.3969972328  14.1346058028  1.1040921237  1.00035833136  0.0741893093703  0.0932112156677  80.6644846816  0.276658953072  0.13345275224  1486.63784001  0.0323184764829  0.0338200174519  3.46056129768  0.59954199043  0.11402742069  0.104616400209  -9999.0  -9999.0  -9999.0  -9999.0  -9999.0  -9999.0  -9999.0
-9999.0  -9999.0  -9999.0  -9999.0  -9999.0  -9999.0  -9999.0  -9999.0  -9999.0  -9999.0  -9999.0  -9999.0  -9999.0  -9999.0  -9999.0  -9999.0  -9999.0  -9999.0  -9999.0  -9999.0  -9999.0  -9999.0  -9999.0  -9999.0  1.20683189622  1.14597011055  4.42584000642  5.42186642827  1.00411515294  8.32298116307  9.28167875984  0.951555658498  26.3583472061  0.919861421001  5.3510450522  11.485357956  12.1409176676  26.325111215  26.7632165339  28.5936021347  0.43663330833  13.7853703342  0.139917374688  0.313524377882  3.16562701013  0.225150714357  6.20901917087  27.9102461079  0.187102528217  0.379907034513  1.69166470948  0.215899272085  0.265777129401  0.199722451801  0.122767915212  11.0205854297  11.9172846219  12.2952422292  0.509344613183  0.346376348567  0.637080969094  0.12389244919  80.3430159187  80.4283911665  0.157612535734  0.0794275855575  0.0330670011002  1486.87843334  1490.98156199  4.03655190761  0.528676282412  0.46511235853  0.249824692204  -9999.0  -9999.0  -9999.0  -9999.0  -9999.0  -9999.0  -9999.0
-9999.0  -9999.0  -9999.0  -9999.0  -9999.0  -9999.0  -9999.0  -9999.0  -9999.0  -9999.0  -9999.0  -9999.0  -9999.0  -9999.0  -9999.0  -9999.0  -9999.0  -9999.0  -9999.0  -9999.0  -9999.0  -9999.0  -9999.0  -9999.0  -9999.0  1.1280153668  1.16637937365  1.13134241914  6.31371021463  7.35036576964  11.8902190352  25.4778122449  0.917865429178  2.72699836058  3.62897888573  5.39194214973  1.50257631713  25.6603775724  0.680871895843  1.33498029279  12.9375145443  0.517641390552  2.03382954024  2.40670468804  0.234658906829  0.214276080987  6.08633887337  21.543126974  0.260261525732  0.907430289833  1.53146595959  0.235889243274  0.168039401905  9.88140857213  10.4108360346  0.383819517698  0.779509303971  0.216308311686  0.360827557115  0.202841077078  0.15690564282  0.0898380466127  80.2738872067  0.270212806212  -9999.0  -9999.0  0.0867364501611  0.150108846883  1491.01051376  1491.03629354  1491.16889507  0.0742959239028  -9999.0  -9999.0  -9999.0  -9999.0  -9999.0  -9999.0  -9999.0  -9999.0
-9999.0  -9999.0  -9999.0  -9999.0  -9999.0  -9999.0  -9999.0  -9999.0  -9999.0  -9999.0  -9999.0  -9999.0  -9999.0  -9999.0  -9999.0  -9999.0  -9999.0  -9999.0  -9999.0  -9999.0  -9999.0  -9999.0  -9999.0  -9999.0  -9999.0  -9999.0  1.05264331459  3.21092519479  4.16804485646  11.01074174  3.90145602347  12.6672564569  7.92134181299  0.903206656397  2.75224111146  4.47836591573  0.749320992676  23.4448621705  8.97178358699  11.185734276  1.27097138595  1.27919485585  0.481379927697  0.292590141542  5.44222712009  5.66171790331  20.8416860688  21.0592299383  0.444101718647  0.686513790412  0.187288652397  7.90942106202  8.90565874402  9.78625905761  0.412445992595  0.189277753375  0.564778646299  0.202755817368  0.145950998603  0.100679237564  79.4331422133  79.6720748133  79.8420716461  0.186125350944  -9999.0  -9999.0  -9999.0  -9999.0  -9999.0  0.0255711617125  1491.18168179  1491.19892708  -9999.0  -9999.0  -9999.0  -9999.0  -9999.0  -9999.0  -9999.0  -9999.0
-9999.0  -9999.0  -9999.0  -9999.0  -9999.0  -9999.0  -9999.0  -9999.0  -9999.0  -9999.0  -9999.0  -9999.0  -9999.0  -9999.0  -9999.0  -9999.0  -9999.0  -9999.0  -9999.0  -9999.0  -9999.0  -9999.0  -9999.0  -9999.0  -9999.0  -9999.0  1.25557587927  1.15864120148  10.1297940116  0.947874577474  3.0408362091  5.09566802434  7.02630274965  0.974512992941  0.936407570398  0.880148513065  21.8371916256  22.6902946798  8.28925018491  1.55618854844  0.726716291647  0.73208428679  4.66321724841  5.23796179843  18.7072191376  19.5772605162  20.3400202701  0.30555814725  0.233522511622  7.42818992218  7.58228381932  7.77487840385  0.878917129377  0.474149272399  0.229774819589  0.217409769714  0.148554324289  1.26289187741  1.3470381035  79.3201724546  79.3845130266  0.170736252632  0.0877420993123  0.0930248189224  -9999.0  -9999.0  -9999.0  -9999.0  -9999.0  -9999.0  -9999.0  -9999.0  -9999.0  -9999.0  -9999.0  -9999.0  -9999.0  -9999.0  -9999.0  -9999.0
-9999.0  -9999.0  -9999.0  -9999.0  -9999.0  -9999.0  -9999.0  -9999.0  -9999.0  -9999.0  -9999.0  -9999.0  -9999.0  -9999.0  -9999.0  -9999.0  -9999.0  -9999.0  -9999.0  -9999.0  -9999.0  -9999.0  -9999.0  -9999.0  -9999.0  -9999.0  -9999.0  2.42859550406  8.00539908726  4.46797306777  1.05839662716  4.12577185473  0.966540237179  3.08874444525  3.92985419615  19.3445887357  21.0729769306  6.7617640637  7.53209649773  0.795921853187  3.34258712854  4.04434195531  11.6389357682  17.7466576571  18.3301690959  0.558630205888  0.420539373819  5.80593754268  6.56125776767  7.28121142255  0.250123467935  0.452269021723  0.691034119786  0.233181994515  0.516371296575  0.827399855052  0.960072213441  1.17274646366  0.119461186588  77.7842341908  0.291367761643  0.103063507747  -9999.0  -9999.0  -9999.0  -9999.0  -9999.0  -9999.0  -9999.0  -9999.0  -9999.0  -9999.0  -9999.0  -9999.0  -9999.0  -9999.0  -9999.0  -9999.0  -9999.0  -9999.0
-9999.0  -9999.0  -9999.0  -9999.0  -9999.0  -9999.0  -9999.0  -9999.0  -9999.0  -9999.0  -9999.0  -9999.0  -9999.0  -9999.0  -9999.0  -9999.0  -9999.0  -9999.0  -9999.0  -9999.0  -9999.0  -9999.0  -9999.0  -9999.0  -9999.0  -9999.0  -9999.0  1.25637702454  1.16885745717  2.16849494578  1.06722298712  2.07376990955  2.12258391981  11.9427193032  12.7556017164  1.87981021092  0.92823204195  5.94762785723  1.77873924526  2.65095036952  9.545111107  10.3071060765  11.0431141299  5.53004342705  2.10477169164  3.36728568745  4.4457014079  5.57144643502  0.543168614658  0.386255367908  42.6118678024  42.9031234253  43.1222992778  0.193425787548  0.350316603564  0.198004530432  0.132220734628  73.799989992  74.8586898221  2.36159187309  2.07015028472  0.187253741299  -9999.0  -9999.0  -9999.0  -9999.0  -9999.0  -9999.0  -9999.0  -9999.0  -9999.0  -9999.0  -9999.0  -9999.0  -9999.0  -9999.0  -9999.0  -9999.0  -9999.0  -9999.0
-9999.0  -9999.0  -9999.0  -9999.0  -9999.0  -9999.0  -9999.0  -9999.0  -9999.0  -9999.0  -9999.0  -9999.0  -9999.0  -9999.0  -9999.0  -9999.0  -9999.0  -9999.0  -9999.0  -9999.0  -9999.0  -9999.0  -9999.0  -9999.0  -9999.0  -9999.0  -9999.0  -9999.0  -9999.0  0.972395344144  0.995499527076  1.11518702352  4.46217775585  10.9535660419  5.45846645347  1.00256605409  4.07612446325  5.03852971914  0.883408550709  7.99767279482  8.78497082842  2.53666635189  4.0463847359  0.754435122898  1.40582283035  0.675414311019  0.550297797728  0.524940445154  41.5942002736  42.0272937291  42.3583930738  1.73419216141  45.208262008  45.4952541513  45.7358065857  45.9682175601  46.3541582964  73.6998803895  74.0542853436  0.657849397417  1.87106794532  0.494744901297  -9999.0  -9999.0  -9999.0  -9999.0  -9999.0  -9999.0  -9999.0  -9999.0  -9999.0  -9999.0  -9999.0  -9999.0  -9999.0  -9999.0  -9999.0  -9999.0  -9999.0  -9999.0
-9999.0  -9999.0  -9999.0  -9999.0  -9999.0  -9999.0  -9999.0  -9999.0  -9999.0  -9999.0  -9999.0  -9999.0  -9999.0  -9999.0  -9999.0  -9999.0  -9999.0  -9999.0  -9999.0  -9999.0  -9999.0  -9999.0  -9999.0  -9999.0  -9999.0  -9999.0  -9999.0  -9999.0  -9999.0  -9999.0  -9999.0  1.14575510382  2.32110261844  2.28946641591  2.21399039045  2.14780837774  3.17545495735  5.2828360182  6.18708907218  7.1616140405  0.859853901498  1.73872449723  0.779503842886  0.719879991192  24.2860904181  29.9813611159  31.28494735  31.9366980631  41.1804891517  0.526473236581  0.961326533914  1.47092478716  8.52273851758  8.81850865257  9.06169614342  20.1400428845  24.7804724276  27.099263978  0.362651928613  0.368569255518  1.14747266527  0.290051652496  -9999.0  -9999.0  -9999.0  -9999.0  -9999.0  -9999.0  -9999.0  -9999.0  -9999.0  -9999.0  -9999.0  -9999.0  -9999.0  -9999.0  -9999.0  -9999.0  -9999.0  -9999.0
-9999.0  -9999.0  -9999.0  -9999.0  -9999.0  -9999.0  -9999.0  -9999.0  -9999.0  -9999.0  -9999.0  -9999.0  -9999.0  -9999.0  -9999.0  -9999.0  -9999.0  -9999.0  -9999.0  -9999.0  -9999.0  -9999.0  -9999.0  -9999.0  -9999.0  -9999.0  -9999.0  -9999.0  -9999.0  -9999.0  -9999.0  -9999.0  1.18446038261  1.17311666193  1.12499334907  1.08157419782  2.18185475729  4.28584210256  4.03936187428  4.92717744182  5.73100351215  13.1650400135  13.9255389978  22.9836999276  23.7193207849  5.10660083196  0.690943076034  8.04172539195  8.63608175712  3.40506555565  6.57754772647  7.69999992947  8.18522083808  0.407520509722  10.8761704034  21.0302718606  24.6006777848  0.357560004679  1.68570676463  0.295458575879  0.875433451391  -9999.0  -9999.0  -9999.0  -9999.0  -9999.0  -9999.0  -9999.0  -9999.0  -9999.0  -9999.0  -9999.0  -9999.0  -9999.0  -9999.0  -9999.0  -9999.0  -9999.0  -9999.0  -9999.0
-9999.0  -9999.0  -9999.0  -9999.0  -9999.0  -9999.0  -9999.0  -9999.0  -9999.0  -9999.0  -9999.0  -9999.0  -9999.0  -9999.0  -9999.0  -9999.0  -9999.0  -9999.0  -9999.0  -9999.0  -9999.0  -9999.0  -9999.0  -9999.0  -9999.0  -9999.0  -9999.0  -9999.0  -9999.0  -9999.0  -9999.0  -9999.0  -9999.0  -9999.0  -9999.0  1.16177718327  1.08505838495  1.05283365611  3.08369768149  2.91691567448  5.69949437039  6.63889618218  0.833032139207  8.26243841575  3.50173537611  4.37860605258  5.05098919534  7.43209498691  2.13149707451  0.691443517227  2.73541436941  0.655914602473  5.93449561823  7.05334596862  10.1368127995  0.492335466991  2.08545869103  0.772448912323  1.01581557358  0.313887180312  0.597413396406  -9999.0  -9999.0  -9999.0  -9999.0  -9999.0  -9999.0  -9999.0  -9999.0  -9999.0  -9999.0  -9999.0  -9999.0  -9999.0  -9999.0  -9999.0  -9999.0  -9999.0  -9999.0  -9999.0
-9999.0  -9999.0  -9999.0  -9999.0  -9999.0  -9999.0  -9999.0  -9999.0  -9999.0  -9999.0  -9999.0  -9999.0  -9999.0  -9999.0  -9999.0  -9999.0  -9999.0  -9999.0  -9999.0  -9999.0  -9999.0  -9999.0  -9999.0  -9999.0  -9999.0  -9999.0  -9999.0  -9999.0  -9999.0  -9999.0  -9999.0  -9999.0  -9999.0  -9999.0  -9999.0  -9999.0  -9999.0  1.04858512406  0.97068779071  1.95814770067  1.89402599994  4.82643704906  6.57621593612  1.78560218012  2.63198628488  2.60040099349  4.2910992561  1.62079521604  1.48884607215  1.48144743394  0.638892424912  3.5040334023  5.39691543842  0.600721909916  2.54857666435  0.979154087773  0.638309379988  0.342883440922  0.330898111826  0.353841574327  -9999.0  -9999.0  -9999.0  -9999.0  -9999.0  -9999.0  -9999.0  -9999.0  -9999.0  -9999.0  -9999.0  -9999.0  -9999.0  -9999.0  -9999.0  -9999.0  -9999.0  -9999.0  -9999.0  -9999.0
-9999.0  -9999.0  -9999.0  -9999.0  -9999.0  -9999.0  -9999.0  -9999.0  -9999.0  -9999.0  -9999.0  -9999.0  -9999.0  -9999.0  -9999.0  -9999.0  -9999.0  -9999.0  -9999.0  -9999.0  -9999.0  -9999.0  -9999.0  -9999.0  -9999.0  -9999.0  -9999.0  -9999.0  -9999.0  -9999.0  -9999.0  -9999.0  -9999.0  -9999.0  -9999.0  -9999.0  -9999.0  -9999.0  -9999.0  0.992926854405  2.01695961459  3.94631209544  0.912430487653  0.911064479982  0.866278379136  1.77771289257  0.87963591444  0.833940711679  0.783021639528  0.779080708884  1.46955450533  2.91265840287  1.34776662322  1.38758393433  2.00075838316  0.504987731091  0.308395250695  -9999.0  -9999.0  -9999.0  -9999.0  -9999.0  -9999.0  -9999.0  -9999.0  -9999.0  -9999.0  -9999.0  -9999.0  -9999.0  -9999.0  -9999.0  -9999.0  -9999.0  -9999.0  -9999.0  -9999.0  -9999.0  -9999.0  -9999.0
-9999.0  -9999.0  -9999.0  -9999.0  -9999.0  -9999.0  -9999.0  -9999.0  -9999.0  -9999.0  -9999.0  -9999.0  -9999.0  -9999.0  -9999.0  -9999.0  -9999.0  -9999.0  -9999.0  -9999.0  -9999.0  -9999.0  -9999.0  -9999.0  -9999.0  -9999.0  -9999.0  -9999.0  -9999.0  -9999.0  -9999.0  -9999.0  -9999.0  -9999.0  -9999.0  -9999.0  -9999.0  -9999.0  -9999.0  -9999.0  1.00997525593  0.954928109967  -9999.0  -9999.0  -9999.0  -9999.0  -9999.0  -9999.0  -9999.0  -9999.0  0.743197085871  0.715234659125  0.643662556569  0.669005674589  -9999.0  -9999.0  -9999.0  -9999.0  -9999.0  -9999.0  -9999.0  -9999.0  -9999.0  -9999.0  -9999.0  -9999.0  -9999.0  -9999.0  -9999.0  -9999.0  -9999.0  -9999.0  -9999.0  -9999.0  -9999.0  -9999.0  -9999.0  -9999.0  -9999.0  -9999.0
-9999.0  -9999.0  -9999.0  -9999.0  -9999.0  -9999.0  -9999.0  -9999.0  -9999.0  -9999.0  -9999.0  -9999.0  -9999.0  -9999.0  -9999.0  -9999.0  -9999.0  -9999.0  -9999.0  -9999.0  -9999.0  -9999.0  -9999.0  -9999.0  -9999.0  -9999.0  -9999.0  -9999.0  -9999.0  -9999.0  -9999.0  -9999.0  -9999.0  -9999.0  -9999.0  -9999.0  -9999.0  -9999.0  -9999.0  -9999.0  -9999.0  -9999.0  -9999.0  -9999.0  -9999.0  -9999.0  -9999.0  -9999.0  -9999.0  -9999.0  -9999.0  -9999.0  -9999.0  -9999.0  -9999.0  -9999.0  -9999.0  -9999.0  -9999.0  -9999.0  -9999.0  -9999.0  -9999.0  -9999.0  -9999.0  -9999.0  -9999.0  -9999.0  -9999.0  -9999.0  -9999.0  -9999.0  -9999.0  -9999.0  -9999.0  -9999.0  -9999.0  -9999.0  -9999.0  -9999.0
-9999.0  -9999.0  -9999.0  -9999.0  -9999.0  -9999.0  -9999.0  -9999.0  -9999.0  -9999.0  -9999.0  -9999.0  -9999.0  -9999.0  -9999.0  -9999.0  -9999.0  -9999.0  -9999.0  -9999.0  -9999.0  -9999.0  -9999.0  -9999.0  -9999.0  -9999.0  -9999.0  -9999.0  -9999.0  -9999.0  -9999.0  -9999.0  -9999.0  -9999.0  -9999.0  -9999.0  -9999.0  -9999.0  -9999.0  -9999.0  -9999.0  -9999.0  -9999.0  -9999.0  -9999.0  -9999.0  -9999.0  -9999.0  -9999.0  -9999.0  -9999.0  -9999.0  -9999.0  -9999.0  -9999.0  -9999.0  -9999.0  -9999.0  -9999.0  -9999.0  -9999.0  -9999.0  -9999.0  -9999.0  -9999.0  -9999.0  -9999.0  -9999.0  -9999.0  -9999.0  -9999.0  -9999.0  -9999.0  -9999.0  -9999.0  -9999.0  -9999.0  -9999.0  -9999.0  -9999.0
-9999.0  -9999.0  -9999.0  -9999.0  -9999.0  -9999.0  -9999.0  -9999.0  -9999.0  -9999.0  -9999.0  -9999.0  -9999.0  -9999.0  -9999.0  -9999.0  -9999.0  -9999.0  -9999.0  -9999.0  -9999.0  -9999.0  -9999.0  -9999.0  -9999.0  -9999.0  -9999.0  -9999.0  -9999.0  -9999.0  -9999.0  -9999.0  -9999.0  -9999.0  -9999.0  -9999.0  -9999.0  -9999.0  -9999.0  -9999.0  -9999.0  -9999.0  -9999.0  -9999.0  -9999.0  -9999.0  -9999.0  -9999.0  -9999.0  -9999.0  -9999.0  -9999.0  -9999.0  -9999.0  -9999.0  -9999.0  -9999.0  -9999.0  -9999.0  -9999.0  -9999.0  -9999.0  -9999.0  -9999.0  -9999.0  -9999.0  -9999.0  -9999.0  -9999.0  -9999.0  -9999.0  -9999.0  -9999.0  -9999.0  -9999.0  -9999.0  -9999.0  -9999.0  -9999.0  -9999.0
-9999.0  -9999.0  -9999.0  -9999.0  -9999.0  -9999.0  -9999.0  -9999.0  -9999.0  -9999.0  -9999.0  -9999.0  -9999.0  -9999.0  -9999.0  -9999.0  -9999.0  -9999.0  -9999.0  -9999.0  -9999.0  -9999.0  -9999.0  -9999.0  -9999.0  -9999.0  -9999.0  -9999.0  -9999.0  -9999.0  -9999.0  -9999.0  -9999.0  -9999.0  -9999.0  -9999.0  -9999.0  -9999.0  -9999.0  -9999.0  -9999.0  -9999.0  -9999.0  -9999.0  -9999.0  -9999.0  -9999.0  -9999.0  -9999.0  -9999.0  -9999.0  -9999.0  -9999.0  -9999.0  -9999.0  -9999.0  -9999.0  -9999.0  -9999.0  -9999.0  -9999.0  -9999.0  -9999.0  -9999.0  -9999.0  -9999.0  -9999.0  -9999.0  -9999.0  -9999.0  -9999.0  -9999.0  -9999.0  -9999.0  -9999.0  -9999.0  -9999.0  -9999.0  -9999.0  -9999.0
-9999.0  -9999.0  -9999.0  -9999.0  -9999.0  -9999.0  -9999.0  -9999.0  -9999.0  -9999.0  -9999.0  -9999.0  -9999.0  -9999.0  -9999.0  -9999.0  -9999.0  -9999.0  -9999.0  -9999.0  -9999.0  -9999.0  -9999.0  -9999.0  -9999.0  -9999.0  -9999.0  -9999.0  -9999.0  -9999.0  -9999.0  -9999.0  -9999.0  -9999.0  -9999.0  -9999.0  -9999.0  -9999.0  -9999.0  -9999.0  -9999.0  -9999.0  -9999.0  -9999.0  -9999.0  -9999.0  -9999.0  -9999.0  -9999.0  -9999.0  -9999.0  -9999.0  -9999.0  -9999.0  -9999.0  -9999.0  -9999.0  -9999.0  -9999.0  -9999.0  -9999.0  -9999.0  -9999.0  -9999.0  -9999.0  -9999.0  -9999.0  -9999.0  -9999.0  -9999.0  -9999.0  -9999.0  -9999.0  -9999.0  -9999.0  -9999.0  -9999.0  -9999.0  -9999.0  -9999.0
-9999.0  -9999.0  -9999.0  -9999.0  -9999.0  -9999.0  -9999.0  -9999.0  -9999.0  -9999.0  -9999.0  -9999.0  -9999.0  -9999.0  -9999.0  -9999.0  -9999.0  -9999.0  -9999.0  -9999.0  -9999.0  -9999.0  -9999.0  -9999.0  -9999.0  -9999.0  -9999.0  -9999.0  -9999.0  -9999.0  -9999.0  -9999.0  -9999.0  -9999.0  -9999.0  -9999.0  -9999.0  -9999.0  -9999.0  -9999.0  -9999.0  -9999.0  -9999.0  -9999.0  -9999.0  -9999.0  -9999.0  -9999.0  -9999.0  -9999.0  -9999.0  -9999.0  -9999.0  -9999.0  -9999.0  -9999.0  -9999.0  -9999.0  -9999.0  -9999.0  -9999.0  -9999.0  -9999.0  -9999.0  -9999.0  -9999.0  -9999.0  -9999.0  -9999.0  -9999.0  -9999.0  -9999.0  -9999.0  -9999.0  -9999.0  -9999.0  -9999.0  -9999.0  -9999.0  -9999.0
