ncols                  80
nrows                 72
xllcorner      4374000.0
yllcorner      5656000.0
cellsize            500
NODATA_value       -9999
-9999.0  -9999.0  -9999.0  -9999.0  -9999.0  -9999.0  -9999.0  -9999.0  -9999.0  -9999.0  -9999.0  -9999.0  0.740002833029  0.77189104737  -9999.0  -9999.0  -9999.0  -9999.0  -9999.0  -9999.0  -9999.0  -9999.0  -9999.0  -9999.0  -9999.0  -9999.0  -9999.0  -9999.0  -9999.0  -9999.0  -9999.0  -9999.0  -9999.0  -9999.0  -9999.0  -9999.0  -9999.0  -9999.0  -9999.0  -9999.0  -9999.0  -9999.0  -9999.0  -9999.0  -9999.0  -9999.0  -9999.0  -9999.0  -9999.0  -9999.0  -9999.0  -9999.0  -9999.0  -9999.0  -9999.0  -9999.0  -9999.0  -9999.0  -9999.0  -9999.0  -9999.0  -9999.0  -9999.0  -9999.0  -9999.0  -9999.0  -9999.0  -9999.0  -9999.0  -9999.0  -9999.0  -9999.0  -9999.0  -9999.0  -9999.0  -9999.0  -9999.0  -9999.0  -9999.0  -9999.0
-9999.0  -9999.0  -9999.0  -9999.0  -9999.0  -9999.0  -9999.0  -9999.0  -9999.0  -9999.0  -9999.0  -9999.0  1.4986327101  3.65082754647  0.663778460605  -9999.0  0.595564140764  -9999.0  -9999.0  -9999.0  -9999.0  -9999.0  -9999.0  -9999.0  -9999.0  -9999.0  -9999.0  -9999.0  -9999.0  -9999.0  -9999.0  -9999.0  -9999.0  -9999.0  -9999.0  -9999.0  -9999.0  -9999.0  -9999.0  -9999.0  -9999.0  -9999.0  -9999.0  -9999.0  -9999.0  -9999.0  -9999.0  -9999.0  -9999.0  -9999.0  -9999.0  -9999.0  -9999.0  -9999.0  -9999.0  -9999.0  -9999.0  -9999.0  -9999.0  -9999.0  -9999.0  -9999.0  -9999.0  -9999.0  -9999.0  -9999.0  -9999.0  -9999.0  -9999.0  -9999.0  -9999.0  -9999.0  -9999.0  -9999.0  -9999.0  -9999.0  -9999.0  -9999.0  -9999.0  -9999.0
-9999.0  -9999.0  -9999.0  -9999.0  -9999.0  -9999.0  -9999.0  -9999.0  -9999.0  -9999.0  0.689015929814  0.644628398884  0.692126702761  0.691714937977  4.90168439259  5.5047251692  1.63565412756  0.52004360649  -9999.0  -9999.0  -9999.0  -9999.0  -9999.0  -9999.0  -9999.0  -9999.0  -9999.0  -9999.0  -9999.0  -9999.0  -9999.0  -9999.0  -9999.0  -9999.0  -9999.0  -9999.0  -9999.0  -9999.0  -9999.0  -9999.0  -9999.0  -9999.0  -9999.0  -9999.0  -9999.0  -9999.0  -9999.0  -9999.0  -9999.0  -9999.0  -9999.0  -9999.0  -9999.0  -9999.0  -9999.0  -9999.0  -9999.0  -9999.0  -9999.0  -9999.0  -9999.0  -9999.0  -9999.0  -9999.0  -9999.0  -9999.0  -9999.0  -9999.0  -9999.0  -9999.0  -9999.0  -9999.0  -9999.0  -9999.0  -9999.0  -9999.0  -9999.0  -9999.0  -9999.0  -9999.0
-9999.0  -9999.0  -9999.0  -9999.0  -9999.0  -9999.0  -9999.0  -9999.0  -9999.0  0.644624265914  1.33728606085  2.65457756938  1.31545405766  0.631981747718  1.2407280981  6.0685313363  8.87977985424  0.584039859545  -9999.0  0.655710838622  -9999.0  -9999.0  -9999.0  -9999.0  1.12860562896  0.578417764574  -9999.0  -9999.0  -9999.0  -9999.0  -9999.0  -9999.0  -9999.0  -9999.0  -9999.0  -9999.0  -9999.0  -9999.0  -9999.0  -9999.0  -9999.0  -9999.0  -9999.0  -9999.0  -9999.0  -9999.0  -9999.0  -9999.0  -9999.0  -9999.0  -9999.0  -9999.0  -9999.0  -9999.0  -9999.0  -9999.0  -9999.0  -9999.0  -9999.0  -9999.0  -9999.0  -9999.0  -9999.0  -9999.0  -9999.0  -9999.0  -9999.0  -9999.0  -9999.0  -9999.0  -9999.0  -9999.0  -9999.0  -9999.0  -9999.0  -9999.0  -9999.0  -9999.0  -9999.0  -9999.0
-9999.0  -9999.0  -9999.0  -9999.0  -9999.0  -9999.0  -9999.0  -9999.0  0.784112681653  2.13707663582  2.74504151257  3.3635503343  4.5748208481  0.57175949864  2.34674062169  2.88169279764  12.8297101258  0.50678325397  0.457470574964  1.18650341114  1.70331720837  0.55257316002  -9999.0  2.89346427299  2.38073149233  0.642126463048  -9999.0  -9999.0  -9999.0  -9999.0  -9999.0  -9999.0  -9999.0  -9999.0  -9999.0  -9999.0  -9999.0  -9999.0  -9999.0  -9999.0  -9999.0  -9999.0  -9999.0  -9999.0  -9999.0  -9999.0  -9999.0  -9999.0  -9999.0  -9999.0  -9999.0  -9999.0  -9999.0  -9999.0  -9999.0  -9999.0  -9999.0  -9999.0  -9999.0  -9999.0  -9999.0  -9999.0  -9999.0  -9999.0  -9999.0  -9999.0  -9999.0  -9999.0  -9999.0  -9999.0  -9999.0  -9999.0  -9999.0  -9999.0  -9999.0  -9999.0  -9999.0  -9999.0  -9999.0  -9999.0
-9999.0  -9999.0  -9999.0  -9999.0  -9999.0  -9999.0  0.773223490449  0.662860989726  0.634551861991  0.655835808113  0.670641371285  4.73288938391  9.95442904253  10.5799703032  11.0676009278  0.481842317434  13.8132624699  14.2847665519  0.979593467715  0.528819110648  2.20636296453  3.81365062396  0.53126649537  4.54929448694  0.555652974841  0.560276973126  0.578105428919  -9999.0  -9999.0  -9999.0  -9999.0  -9999.0  -9999.0  -9999.0  -9999.0  -9999.0  -9999.0  -9999.0  -9999.0  -9999.0  -9999.0  -9999.0  -9999.0  -9999.0  -9999.0  -9999.0  -9999.0  -9999.0  -9999.0  -9999.0  -9999.0  -9999.0  -9999.0  -9999.0  -9999.0  -9999.0  -9999.0  -9999.0  -9999.0  -9999.0  -9999.0  -9999.0  -9999.0  -9999.0  -9999.0  -9999.0  -9999.0  -9999.0  -9999.0  -9999.0  -9999.0  -9999.0  -9999.0  -9999.0  -9999.0  -9999.0  -9999.0  -9999.0  -9999.0  -9999.0
-9999.0  -9999.0  -9999.0  -9999.0  -9999.0  -9999.0  1.54900733084  2.25162682847  4.99547170003  6.86089723398  0.546291554738  0.593563195627  0.55806484752  1.59819093801  13.1242860781  0.414638614139  14.7165894862  16.5533017323  1.42844461354  0.957319696085  4.26497193167  0.51552470505  5.05234461487  0.973583625169  0.490997262308  1.0266291648  1.15348504464  0.594170538164  0.62835733823  0.598357800015  0.67466920765  1.34476072301  -9999.0  -9999.0  -9999.0  -9999.0  -9999.0  -9999.0  -9999.0  -9999.0  -9999.0  -9999.0  -9999.0  -9999.0  -9999.0  -9999.0  -9999.0  -9999.0  -9999.0  -9999.0  -9999.0  -9999.0  -9999.0  -9999.0  -9999.0  -9999.0  -9999.0  -9999.0  -9999.0  -9999.0  -9999.0  -9999.0  -9999.0  -9999.0  -9999.0  -9999.0  -9999.0  -9999.0  -9999.0  -9999.0  -9999.0  -9999.0  -9999.0  -9999.0  -9999.0  -9999.0  -9999.0  -9999.0  -9999.0  -9999.0
-9999.0  -9999.0  -9999.0  -9999.0  -9999.0  0.878139882569  1.6745542931  0.791004826882  1.4945579285  7.58571363229  8.80582587623  10.0242253329  33.3259380645  0.533143200223  13.6353926134  51.3794901115  51.7510235897  68.9500214237  0.408965520434  1.3852063378  4.71859125591  0.44536451917  10.70459215  5.17056393855  3.19966957188  2.69871237466  0.560449472149  1.76831831013  1.80449685297  1.19634326464  0.574134996989  1.94476436835  0.562058131696  0.543393109087  -9999.0  -9999.0  -9999.0  -9999.0  -9999.0  -9999.0  -9999.0  -9999.0  -9999.0  -9999.0  -9999.0  -9999.0  -9999.0  -9999.0  -9999.0  -9999.0  -9999.0  -9999.0  -9999.0  -9999.0  -9999.0  -9999.0  -9999.0  -9999.0  -9999.0  -9999.0  -9999.0  -9999.0  -9999.0  -9999.0  -9999.0  -9999.0  -9999.0  -9999.0  -9999.0  -9999.0  -9999.0  -9999.0  -9999.0  -9999.0  -9999.0  -9999.0  -9999.0  -9999.0  -9999.0  -9999.0
-9999.0  -9999.0  -9999.0  -9999.0  -9999.0  0.872386144902  2.51847714827  5.00886934071  5.74255005226  11.2592716943  11.9266814209  14.0652204493  22.7879331819  35.1079118681  36.3017557326  36.8455737027  0.902080444763  70.5880113799  71.4250929734  73.7632334912  91.0218189488  12.1169586473  11.222718486  3.70220428493  0.493956270087  3.24694212203  2.25355340522  0.450727519494  2.31322893643  0.509334280258  1.07069317886  3.01298987708  3.55442717051  1.06656271419  0.513497563022  0.501152928472  -9999.0  -9999.0  -9999.0  -9999.0  0.530766781434  0.476805089815  -9999.0  -9999.0  -9999.0  -9999.0  -9999.0  -9999.0  -9999.0  -9999.0  -9999.0  -9999.0  -9999.0  -9999.0  -9999.0  -9999.0  -9999.0  -9999.0  -9999.0  -9999.0  -9999.0  -9999.0  -9999.0  -9999.0  -9999.0  -9999.0  -9999.0  -9999.0  -9999.0  -9999.0  -9999.0  -9999.0  -9999.0  -9999.0  -9999.0  -9999.0  -9999.0  -9999.0  -9999.0  -9999.0
-9999.0  -9999.0  -9999.0  -9999.0  -9999.0  0.834570063908  0.782051029304  3.26961955321  4.02719110983  4.81735594305  0.733055421407  1.44277135757  8.24203004914  1.43402035239  0.663853494007  0.556195509154  0.475194303029  0.557868657779  0.516438256581  0.556078367595  91.4969356582  92.8471586739  0.444866460776  1.41021171969  0.979913767633  3.69265846989  0.917983201981  0.429703631652  2.82925717909  1.00510831667  2.44672049958  6.13399404806  5.65712060536  1.56908014359  1.49998940605  0.534514516098  0.526400029654  -9999.0  -9999.0  0.52533264163  1.11904228047  2.6060448731  0.511308784027  -9999.0  -9999.0  -9999.0  -9999.0  -9999.0  -9999.0  -9999.0  -9999.0  -9999.0  -9999.0  -9999.0  -9999.0  -9999.0  -9999.0  -9999.0  -9999.0  -9999.0  -9999.0  -9999.0  -9999.0  -9999.0  -9999.0  -9999.0  -9999.0  -9999.0  -9999.0  -9999.0  -9999.0  -9999.0  -9999.0  -9999.0  -9999.0  -9999.0  -9999.0  -9999.0  -9999.0  -9999.0
-9999.0  -9999.0  -9999.0  -9999.0  -9999.0  -9999.0  0.866623150342  0.862145636786  1.61055526523  2.38492822149  5.39619199317  6.86782887331  7.60746078251  0.734795786145  0.540788436301  7.65118551017  9.29839543054  9.78568981664  11.9556473112  12.4200080631  0.472540757324  93.3279071235  95.6344669772  1.8366349244  0.360999436761  4.08646468181  9.0497360414  3.66651595701  0.859405321337  0.439874259107  9.49425169984  6.60958343582  0.438694825178  0.429199775883  1.94876818105  1.55344022285  0.476873408057  0.436210786225  0.509998201751  1.01792962314  0.479070294359  3.1731129672  3.61880411762  0.396004622148  -9999.0  -9999.0  -9999.0  -9999.0  0.481129417142  0.439014908647  0.145239784176  -9999.0  -9999.0  -9999.0  -9999.0  -9999.0  -9999.0  -9999.0  -9999.0  -9999.0  -9999.0  -9999.0  -9999.0  -9999.0  -9999.0  -9999.0  -9999.0  -9999.0  -9999.0  -9999.0  -9999.0  -9999.0  -9999.0  -9999.0  -9999.0  -9999.0  -9999.0  -9999.0  -9999.0  -9999.0
-9999.0  -9999.0  -9999.0  -9999.0  -9999.0  -9999.0  -9999.0  0.81300976414  0.720119220827  1.5355895644  2.32215110577  0.739474256704  0.618640797542  4.08143838936  5.32025685777  6.60556687618  0.589740204714  1.14602120881  0.580310151694  12.9263262059  29.1592600794  29.6675799766  126.255786462  0.447364711103  1.00999841973  0.307874655431  9.43582256497  0.416222960397  1.30874999236  0.421364966788  9.92214907122  10.3529476671  0.88342618552  0.862106633  4.98065565306  2.53006201054  0.91541540121  0.477255115056  1.01142668195  1.51009872249  2.42627797762  0.42663465677  4.41073584914  4.80791168504  0.356023239939  0.390302936143  0.404433155891  0.357850179112  0.33618677089  1.27450842952  0.487655060643  0.309175921126  -9999.0  -9999.0  -9999.0  -9999.0  -9999.0  -9999.0  -9999.0  -9999.0  -9999.0  -9999.0  -9999.0  -9999.0  -9999.0  -9999.0  -9999.0  -9999.0  -9999.0  -9999.0  -9999.0  -9999.0  -9999.0  -9999.0  -9999.0  -9999.0  -9999.0  -9999.0  -9999.0  -9999.0
-9999.0  -9999.0  -9999.0  -9999.0  -9999.0  -9999.0  -9999.0  -9999.0  1.49927034867  2.14280690369  0.726457585017  1.50010448856  2.1814063583  3.52214739924  0.699282225837  0.661296012344  0.539924763866  0.544428208163  0.471289852877  15.1756676004  0.611471048824  1.17132530376  127.994704929  129.099141026  0.439025553687  1.89201916392  11.7150039306  0.81996689316  1.66473510651  0.742489379935  1.09108010122  11.9686542782  1.25836077636  7.02724920834  5.80963273746  0.426655607437  2.31319972701  0.94674395032  1.45489282631  0.431305597868  2.82754153606  3.63606586705  3.98020982026  4.30132913116  6.14309162842  0.677113884787  0.714935254001  0.637378284675  0.589435102382  1.55386161319  0.275928625949  1.08455142699  1.32351969276  -9999.0  -9999.0  -9999.0  -9999.0  -9999.0  -9999.0  -9999.0  -9999.0  -9999.0  -9999.0  -9999.0  -9999.0  -9999.0  -9999.0  -9999.0  -9999.0  -9999.0  -9999.0  -9999.0  -9999.0  -9999.0  -9999.0  -9999.0  -9999.0  -9999.0  -9999.0  -9999.0
-9999.0  -9999.0  -9999.0  -9999.0  -9999.0  -9999.0  -9999.0  -9999.0  0.806342595316  3.72597635218  4.42213023832  0.69428633531  1.35248367706  0.655024618955  0.584699918902  0.573339001489  7.34932692407  9.76903644995  12.1124199265  14.6151778961  0.603452158348  0.580844374926  0.566435937157  131.65616474  132.880627688  133.327853339  15.5083684449  3.30634061874  2.85738225495  0.324495784136  1.41248785232  13.7250632757  0.34095234676  7.37725412827  0.421641694501  3.02160716515  2.79660901626  0.456538435852  1.89858032628  0.868372429415  1.29175774636  0.369902241054  0.312958384473  4.61705304651  4.90020824364  6.4253725565  1.02234495322  0.925037791491  0.858573918535  1.85549648558  2.41959438171  0.281599376628  1.58221123122  0.297022614291  0.545465171748  0.26239817775  -9999.0  -9999.0  -9999.0  -9999.0  -9999.0  -9999.0  -9999.0  -9999.0  -9999.0  -9999.0  -9999.0  -9999.0  -9999.0  -9999.0  -9999.0  -9999.0  -9999.0  -9999.0  -9999.0  -9999.0  -9999.0  -9999.0  -9999.0  -9999.0
-9999.0  -9999.0  -9999.0  -9999.0  -9999.0  -9999.0  -9999.0  -9999.0  -9999.0  0.840113304839  5.18414215713  5.8545762221  2.01377348206  3.31150544458  4.49112944782  5.09187281405  0.639577541548  1.88558552995  1.28275694117  0.680605425077  0.652109635616  0.560170444699  1.11809936138  1.8753132787  0.633169495857  149.957709048  150.394897892  0.41975667182  0.299665750676  0.672880530194  1.00628929422  14.721137887  0.665877507318  7.66869804317  4.57744790451  3.81766057223  0.41974075819  0.856093223176  2.2772664067  0.379576423899  1.65347927825  0.714225872162  0.51567368546  0.243693239099  5.65894454785  12.3066990551  1.21853096266  1.12525779193  1.081910187  0.221863733303  2.63863181014  0.210060943344  2.07197131289  0.243426266974  0.793539147817  1.23976174577  0.145915999401  0.148918493478  0.162324260798  0.160354136952  0.125878635622  -9999.0  -9999.0  0.0716621979741  0.0540319214907  -9999.0  -9999.0  -9999.0  -9999.0  -9999.0  -9999.0  -9999.0  -9999.0  -9999.0  -9999.0  -9999.0  -9999.0  -9999.0  -9999.0  -9999.0
-9999.0  -9999.0  -9999.0  -9999.0  -9999.0  -9999.0  -9999.0  -9999.0  -9999.0  -9999.0  0.675052011204  7.2083299929  0.650433753019  1.28158888199  1.84272760032  2.94620259928  0.574745333321  1.2212549823  0.606922510572  0.542663181044  0.513036665523  1.01122307332  0.444480139228  0.512636229406  1.00156401146  0.559045317817  150.893745955  151.755214374  152.959926162  1.36762905191  0.351483751856  0.700795205355  15.0988203191  13.9820282122  5.36765148953  0.38715685003  1.6663009467  1.25582617162  2.65748274996  0.755689749886  3.10048526973  1.06844978703  0.794511552026  0.21236387773  0.263824321802  12.6302037519  12.8992246579  15.4584128844  1.78946832599  0.463900067408  2.88510649648  3.33453058922  5.60683908471  0.472779639481  0.21378396342  1.41914766858  1.70726197767  0.142794501229  0.267233534629  0.441532075988  0.246191055414  0.120835344455  0.116578549291  0.142983709366  0.112657668621  0.0539362622281  -9999.0  -9999.0  -9999.0  -9999.0  -9999.0  -9999.0  -9999.0  -9999.0  -9999.0  -9999.0  -9999.0  -9999.0  -9999.0  -9999.0
-9999.0  -9999.0  -9999.0  -9999.0  -9999.0  -9999.0  -9999.0  -9999.0  -9999.0  -9999.0  -9999.0  0.37545141379  7.98779929306  0.587338812399  1.13670232795  5.17858986958  0.571893738759  0.558954980003  0.465188070237  1.0523083883  0.551309647771  2.09241441198  2.97682667642  3.36609549547  1.37470072445  1.74077220239  0.42856591032  0.534175067037  0.527159579947  155.139591606  156.146925937  15.4049335729  14.6000893559  14.2947765187  0.635800407041  0.300796124672  2.01279428186  5.36915726774  3.0108653116  1.1007103528  4.53178750337  1.72164861056  1.41656432124  0.397022298408  0.173860826575  0.148220143303  0.162969479661  16.4037785553  18.9528659932  0.219970802223  0.191268551244  0.215094031472  5.82060634077  6.49062230559  0.373527893308  0.150419290805  1.80081178514  0.244455905854  0.613100689803  1.16794876905  1.52027203882  1.74567758774  0.438285822887  0.234468925569  0.184893134187  0.122785915642  0.0830515262707  -9999.0  -9999.0  -9999.0  -9999.0  -9999.0  -9999.0  -9999.0  -9999.0  -9999.0  -9999.0  -9999.0  -9999.0  -9999.0
-9999.0  -9999.0  -9999.0  -9999.0  -9999.0  -9999.0  -9999.0  -9999.0  -9999.0  -9999.0  -9999.0  0.338619759966  8.79982870095  10.7511518692  0.561597551922  6.27940273368  0.507282988106  0.464538280563  0.977756416397  2.56183104989  0.521001887466  0.566865167833  0.434633840729  4.22036204157  4.62209286725  6.80536372424  7.61651630453  8.0409711081  8.45536474842  8.87222645201  165.467083841  181.62567104  196.912227448  197.238842681  0.308627055754  0.312288401151  6.06777016943  5.72152227189  0.344515357262  0.343410844798  4.87444451644  6.94127909734  0.258693423112  3.62557947291  3.40453773582  0.936346783657  0.418858842259  0.714171209511  0.326575978176  19.4486369164  0.255298371459  0.638006503938  0.809159133247  7.95546891053  8.49312625311  8.79122262305  10.7215179135  0.120731907262  0.0993644790105  0.0913413705755  0.092299938171  1.94932391518  2.4816254933  0.105774278698  0.455785729661  0.192894402575  0.156221620837  0.0457748663822  0.0432205497053  -9999.0  -9999.0  -9999.0  -9999.0  -9999.0  -9999.0  -9999.0  -9999.0  -9999.0  -9999.0  -9999.0
-9999.0  -9999.0  -9999.0  -9999.0  -9999.0  -9999.0  -9999.0  -9999.0  -9999.0  -9999.0  -9999.0  0.742945898085  1.40093068575  11.3811136752  12.4174143653  0.513559985891  7.33884245646  0.403758676047  1.27570966698  3.00447180781  0.991992981928  0.466666378801  0.959012402522  0.358790196168  0.693539779048  0.355950081282  0.326431729734  0.272242581875  0.248405467715  0.238203076967  0.252058851074  0.33437228863  0.396047390736  0.486289879372  198.370970659  7.20498309231  6.63504699305  0.26152886777  0.97336527362  0.262034834441  0.232326464453  7.23996076873  11.8012250296  3.98202675144  3.037129959  0.579658112571  0.240525626538  0.208082093938  0.442937307101  20.1457734392  20.6123623046  0.247851177242  0.253806661367  0.230320608445  0.182523585067  0.360765055319  11.1994485985  11.4341408122  11.6419259524  0.196272388607  0.108818973626  0.088953208936  2.57312607585  2.74865647656  0.512808919541  0.0669574023114  0.21715416351  0.0858328141633  0.078866531435  -9999.0  -9999.0  -9999.0  -9999.0  -9999.0  -9999.0  -9999.0  -9999.0  -9999.0  -9999.0  -9999.0
-9999.0  -9999.0  -9999.0  -9999.0  -9999.0  -9999.0  -9999.0  -9999.0  -9999.0  -9999.0  -9999.0  -9999.0  0.577810361087  8.6696182046  21.6715410845  23.4287305576  31.2522485342  31.7854283317  6.72306453199  4.94553159555  1.47064473002  0.454352124495  1.85630000121  2.27127469585  3.33596035682  0.743965006924  0.676523911858  0.634902115079  1.23407187971  0.577759651548  0.57551895736  0.28433628159  0.228923228771  0.239501750442  198.721063255  206.082594918  206.407029753  0.271084523974  2.66854728062  1.15391535494  0.340634000217  12.9018441048  0.805270575419  0.423937994899  1.78249934206  0.355692028067  0.26673813816  0.510664578858  0.709673521878  0.942417705236  20.9829223233  0.172467925537  0.142304443155  0.14204781264  0.104259856257  0.126277865232  0.29824146817  0.355741172496  12.2087399241  12.9054807876  0.417091145618  0.204367970361  0.124124068637  0.111296516682  3.48510900568  4.663919186  1.03057093821  0.514369576173  0.326535052141  -9999.0  -9999.0  -9999.0  -9999.0  -9999.0  -9999.0  -9999.0  -9999.0  -9999.0  -9999.0  -9999.0
-9999.0  -9999.0  -9999.0  -9999.0  -9999.0  -9999.0  -9999.0  -9999.0  -9999.0  -9999.0  -9999.0  0.669099166411  6.66535339982  8.04484529586  1.24068726236  0.388534637125  0.858292156396  33.1144006964  33.5682584745  40.8151747717  0.395522971469  0.842511346555  0.354897852268  0.363289310804  3.70099557151  4.80791637883  5.80738301288  0.315009377968  1.55527919878  2.44452477513  1.44706454688  0.583755522623  0.465101156217  0.438399040336  0.442595755311  0.232452732715  206.668763533  206.861014301  209.922230548  0.5197252028  0.277275493131  13.2230059948  0.852743659051  0.441112931334  0.498882602406  0.49515913497  0.405562110832  0.709046607224  1.93151785477  3.12642762456  24.285257725  0.118481637022  0.356929873126  0.243068374703  0.192515268052  0.0944336161936  0.105891172072  0.150681977034  0.068566902551  13.0183011237  0.0469936893539  0.177302296156  0.0703472283915  0.065914947569  0.0617011999421  4.74332803548  0.207137219546  0.0908499513664  0.147830094868  0.0605183369996  -9999.0  -9999.0  -9999.0  -9999.0  -9999.0  -9999.0  -9999.0  -9999.0  -9999.0  -9999.0
-9999.0  -9999.0  -9999.0  -9999.0  -9999.0  -9999.0  -9999.0  -9999.0  -9999.0  -9999.0  -9999.0  0.692288733167  4.76087967433  0.717338736089  0.59377239188  3.30969710867  3.8317267106  4.3376363627  4.79309625309  55.8225016933  56.2391781628  57.0250463612  63.3138958712  64.4661321952  65.1415778586  65.526139194  72.2078504838  73.1047834416  73.4616444918  76.3018198669  78.1253320982  78.4225132512  79.4425277942  0.710346721908  0.651593641047  0.167038496041  0.148023909649  207.085163698  210.874405047  0.768281547779  15.3635564729  15.1110113298  1.55280359424  0.356041760954  0.360142024878  0.338406491692  0.340113965004  0.690005034382  0.972852408392  0.27751731361  24.4505575189  24.6323214498  25.3782807033  25.5154191102  25.8321169077  26.0389665691  0.0787298840922  0.0920969685795  0.0787700476524  13.1152239969  13.2324702892  13.4877364967  13.7180843782  0.114549031107  5.06646549512  4.94102840777  0.0977295963525  2.27653503125  2.2236143435  0.199887169186  0.129790660066  -9999.0  -9999.0  -9999.0  -9999.0  -9999.0  -9999.0  -9999.0  -9999.0  -9999.0
-9999.0  -9999.0  -9999.0  -9999.0  -9999.0  -9999.0  -9999.0  -9999.0  -9999.0  -9999.0  -9999.0  2.50042597999  3.30099065181  1.48539452078  2.17302105351  0.674443135788  7.65411933097  8.20705128923  9.30585689749  9.75759393257  3.57657459059  61.3161286489  61.7487792773  0.404508550687  0.295992973731  0.285002258133  0.606887392134  0.290349254118  0.233219294591  0.208259184916  0.207502157446  78.7146377866  79.7426883084  80.7776870202  81.6841128357  82.2482617303  0.252801902975  0.0652165737252  226.843155749  15.8020867528  15.6392052913  0.300862205774  0.263939690351  0.238498589586  0.598025502812  0.577037659526  0.244809728761  0.247662248912  0.214858231759  0.485987902472  0.622905279334  0.10834808436  0.191127088775  0.0670580271018  0.0502978178976  26.092565425  26.2410176828  26.4257781924  26.6092200462  26.7029293234  26.8450972513  26.8965359072  0.051078797658  13.8204037222  0.0638626523241  7.54614909978  2.41330537097  0.16518071399  1.96761504694  1.67699412968  0.145287738239  -9999.0  -9999.0  -9999.0  -9999.0  -9999.0  -9999.0  -9999.0  -9999.0  -9999.0
-9999.0  -9999.0  -9999.0  -9999.0  -9999.0  -9999.0  -9999.0  -9999.0  -9999.0  -9999.0  -9999.0  -9999.0  1.70670791134  0.785219238861  0.696715286746  6.53814260011  7.12958470878  0.584052220747  2.24969160911  2.76184675623  3.19419919719  0.511428264768  0.374236575839  9.4812600156  9.79548991619  10.0939713935  26.2800066313  26.5218479936  26.9728615314  29.2291290598  30.4852778383  30.6644650722  0.179767513144  0.19456319016  0.167874047352  82.5560442807  0.121032866216  229.156051903  228.982716945  1.98600604497  1.75875674094  1.08557227994  0.263645591332  0.469592148491  0.836527636472  0.819254337414  0.471949268282  0.231391941559  0.441517312133  0.430526548704  0.798856856131  0.107536816028  0.286036478118  0.481099107278  0.596819408471  0.664985040741  0.0595979514918  0.0602922237471  0.057023866733  0.0584997941941  0.0745465086037  26.9931473214  27.096004346  40.9515764  40.971654985  8.06934774334  0.476180815475  0.342318417315  0.143570230542  1.41638546987  1.30012903282  -9999.0  -9999.0  -9999.0  -9999.0  -9999.0  -9999.0  -9999.0  -9999.0  -9999.0
-9999.0  -9999.0  -9999.0  -9999.0  -9999.0  -9999.0  -9999.0  -9999.0  -9999.0  -9999.0  -9999.0  -9999.0  0.888868365898  2.36503335556  3.07450073941  5.19353444587  0.582453604502  1.19585200021  1.75148309171  7.06007335309  7.49962970252  7.86822954251  8.27596294306  8.7696127875  13.7982934361  15.1798995013  15.9463863349  0.315891885138  1.75146607141  2.06734998174  29.9158316736  30.9301081459  31.4021682067  31.8857844174  32.2457385923  114.955374741  0.165462622354  229.842599622  0.34868818172  0.173960973611  1.49553743286  1.28359369257  0.16393235089  0.664281569859  1.03077213305  1.00118056095  0.632379779903  1.02512966741  1.6037189755  0.592100516157  1.53486056577  0.104504443736  0.186318896981  0.0401328810268  0.0297780365033  0.766881449159  0.793337809823  0.0940680690276  0.0938221456539  0.144153571053  0.0476689316333  0.0441908746702  0.0359763158575  53.4407062888  53.4254108841  12.3853913276  0.108912260078  0.779619816513  0.644858252697  0.446792886898  1.21068294604  0.863105350543  -9999.0  -9999.0  -9999.0  -9999.0  -9999.0  -9999.0  -9999.0  -9999.0
-9999.0  -9999.0  -9999.0  -9999.0  -9999.0  -9999.0  -9999.0  -9999.0  -9999.0  -9999.0  -9999.0  -9999.0  0.790974341588  1.56588234434  0.73671791551  1.44415053395  0.582294406786  4.83014659554  5.95808144894  6.53860828189  0.518067541331  0.990760199729  10.649367747  12.9935129662  13.3890230295  0.93563726291  0.855275267337  1.22353903783  0.269123581477  0.2363858193  0.436736225596  0.173083602074  17.5757166307  17.730977876  17.8567456781  115.132841705  231.068666135  229.988441832  0.264661155106  0.133330364031  0.113068831023  0.372619987192  0.284452796157  0.814541308398  1.190629639  2.38782847891  0.191843667769  0.189049687499  1.75328674675  1.91399769081  3.71475115065  3.80823875327  4.04024207697  4.11439770543  0.062318113216  0.098785475248  0.824974941688  55.4406650873  54.5079521852  54.3248770297  54.0781445597  0.0348581409954  53.7762178542  0.0795257197337  0.0438067518873  4.16855913886  1.19755418572  1.13190230456  0.203819449032  0.238114475902  0.212751773833  0.738593805481  -9999.0  -9999.0  -9999.0  -9999.0  -9999.0  -9999.0  -9999.0  -9999.0
-9999.0  -9999.0  -9999.0  -9999.0  -9999.0  -9999.0  -9999.0  -9999.0  -9999.0  -9999.0  -9999.0  -9999.0  -9999.0  0.736744883148  1.50511293976  2.290638202  3.56134582866  0.683327478055  0.596722911559  4.64305570625  5.16966374319  9.70596898088  10.2917108071  1.55292014187  0.49417496718  0.437941488471  0.411074450634  16.3028369947  16.5676988621  16.8362307617  17.0547620913  17.4228017435  2.19727718076  2.35417541829  20.3337570326  366.589933868  0.886842687585  0.761542076266  0.399242357744  0.0969677304056  0.0813848159723  0.594295059288  0.654340142962  0.957779300172  0.0677175932254  2.46990335102  0.297445174313  0.289104922164  0.0546893660711  0.0354968438358  0.0317309566014  0.0303649156822  0.0342099638932  4.16346981073  63.9919207212  59.6935928328  59.593099417  55.481664351  0.0570726577936  0.0511294565913  0.0805296972036  53.8533566197  0.171350411019  0.0750929086317  0.086940492002  0.0880340774689  2.82929618441  2.6494853892  0.341939039243  0.179540232447  0.256820193629  0.257001160272  -9999.0  -9999.0  -9999.0  -9999.0  -9999.0  -9999.0  -9999.0  -9999.0
-9999.0  -9999.0  -9999.0  -9999.0  -9999.0  -9999.0  -9999.0  -9999.0  -9999.0  -9999.0  -9999.0  -9999.0  -9999.0  -9999.0  0.700157747761  1.45511156176  2.15790559266  2.85953844602  3.45739218456  4.08403282427  1.77892711934  2.98161155945  0.551780792185  0.495336975706  14.1303124403  15.0721238156  15.4922943566  15.9663499556  0.337004379744  0.592494110655  1.55001589182  1.81994523522  2.03095858396  0.200911923984  0.167923463099  366.996859148  0.133045539853  0.229705252289  0.108538416043  0.340276642323  0.159636351522  0.0862475022586  1.70336487544  1.78379904789  0.0417324117009  2.52242092518  2.85857670451  0.331392910293  65.8626463331  65.7823528018  65.7119477458  65.5776239933  65.5285714635  64.1954077074  64.1615500257  0.0791067241318  4.08866394209  3.90855045122  3.67470412693  3.62308169635  1.86236232694  1.81096944507  1.68929389269  0.580277734692  0.533164538434  0.363881586171  0.100406306123  2.545234086  2.19955327188  0.153409785258  0.286305585745  0.121526877073  -9999.0  -9999.0  -9999.0  -9999.0  -9999.0  -9999.0  -9999.0  -9999.0
-9999.0  -9999.0  -9999.0  -9999.0  -9999.0  -9999.0  -9999.0  -9999.0  -9999.0  -9999.0  -9999.0  -9999.0  -9999.0  -9999.0  0.199086940761  0.44681676202  0.718261806249  7.00774898782  7.61821253626  0.631769203392  0.604181363855  0.596090558777  12.0378307955  13.176938212  0.543175117515  0.540152750152  0.374311420832  1.59095935368  1.98123614642  1.00983046368  1.27376597591  9.81227570767  10.046216135  10.5458656031  16.2279374172  383.302494561  0.131136777023  0.0812197990372  0.490036851845  0.414747148244  0.0664161149325  0.229659889643  0.299297249661  1.8666413669  1.92785991377  4.90000122819  2.88653271598  0.365080268331  66.9935518247  0.492392305492  65.6509989889  65.6185088809  1.27942294584  0.062631529306  0.122314053857  0.0615999813773  0.114197905939  0.198474702921  0.0973156319832  1.71627412788  1.43459883853  0.0939731724228  1.07871907922  0.182790308289  0.112651746446  0.278506965728  0.133557912839  0.272167427018  1.72081940249  1.44244684288  0.106358291241  0.185368532802  0.10058452909  -9999.0  -9999.0  -9999.0  -9999.0  -9999.0  -9999.0  -9999.0
-9999.0  -9999.0  -9999.0  -9999.0  -9999.0  -9999.0  -9999.0  -9999.0  -9999.0  -9999.0  -9999.0  -9999.0  -9999.0  -9999.0  1.06486551717  1.72787254508  3.53306873032  6.30744894036  8.3174078857  9.75509273823  10.3435534258  10.9554595618  11.5416781071  0.546744099936  0.462153222282  0.891846155681  0.793591951459  0.43433611398  8.64741291138  9.01726341053  9.34569133645  9.65872248857  4.96428963193  5.15728708953  5.45081234038  383.367042058  0.244763682646  0.235442427041  0.77584584517  0.0643477240212  0.164886454113  0.094850157959  0.0612239198921  0.36994300538  0.0423609596851  0.0466220876009  72.1685077238  67.2472312384  67.207753238  0.241428994614  0.463060243116  0.282897276496  0.0555381408793  1.14400291326  0.2918988505  0.246838991924  0.192724941548  0.141305201761  0.0863310588109  0.213275785714  1.35794295042  1.12615277362  0.910350900149  0.822160692226  0.758521521754  0.711676702153  0.0705882228386  0.120643465799  0.116021854341  1.06844091006  0.824401376197  0.487521164836  0.0781111769365  -9999.0  -9999.0  -9999.0  -9999.0  -9999.0  -9999.0  -9999.0
-9999.0  -9999.0  -9999.0  -9999.0  -9999.0  -9999.0  -9999.0  -9999.0  -9999.0  -9999.0  -9999.0  -9999.0  -9999.0  -9999.0  0.754100206211  0.712922553869  1.40034736899  2.11386715491  0.742707365841  0.761212408095  1.392883405  1.9959875579  3.11366674011  3.65734345519  4.10705433822  5.47459390844  5.86657901355  6.33133107765  0.378689464633  3.93456186881  4.23216177931  4.51884839519  0.234235101983  0.140681696317  0.196287187868  388.740863899  388.794465052  389.170720203  0.940073844745  0.12247917645  0.221542313648  0.0541934446692  0.103110911364  0.417279274921  0.494253647396  0.0796235504665  72.3855949433  0.0823766648149  0.130146495691  0.144122410925  0.108398829557  0.186123758606  0.0716404266556  0.801422279233  0.629007187881  0.465955919447  0.243864509743  0.17481355125  0.10082617305  0.122852004949  0.140517985345  0.142442240177  0.83261402517  0.615039902478  0.405141122665  0.208178704233  0.657550498927  0.485170122372  0.107430653527  0.132837400296  0.12379741284  0.236839436709  0.117996842128  -9999.0  -9999.0  -9999.0  -9999.0  -9999.0  -9999.0  -9999.0
-9999.0  -9999.0  -9999.0  -9999.0  -9999.0  -9999.0  -9999.0  -9999.0  -9999.0  -9999.0  -9999.0  -9999.0  -9999.0  -9999.0  -9999.0  0.679460111759  1.33862239543  0.637370504329  1.31517752405  8.13082325641  8.70525810747  9.26455051698  0.553111091381  0.549190611966  0.996159630239  1.45749108274  2.20086950728  2.5988957176  2.84848783223  3.19959747836  0.255380387178  0.226373723033  4.8208613141  4.96517209653  5.0313229547  5.11157066594  4.08108759759  393.559934433  394.939788621  394.954458386  395.179461289  395.377509124  395.488457752  0.0346003069278  0.526905401442  72.4089020364  0.0726647482144  0.037916954774  0.057976262043  0.0610624293854  0.0968017718714  0.0780525580913  0.0502248669674  0.0986531407821  0.0873857135775  0.164179781959  0.0754130827036  0.0470258627162  0.198410610586  0.148446733871  0.0835358557845  0.0809844267753  0.0963555953692  0.105250259187  0.109924197929  0.104807446755  0.113836013303  0.252598189615  0.0731821993095  0.20976206338  0.0903561199664  0.0825033121955  -9999.0  -9999.0  -9999.0  -9999.0  -9999.0  -9999.0  -9999.0  -9999.0
-9999.0  -9999.0  -9999.0  -9999.0  -9999.0  -9999.0  -9999.0  -9999.0  -9999.0  -9999.0  -9999.0  -9999.0  -9999.0  -9999.0  -9999.0  -9999.0  1.98796132542  2.65668529682  4.67988258618  6.132058703  0.755171881166  10.6855828658  11.2144144119  11.693034218  0.463187266434  0.897510024401  0.364297235642  2.96777712308  3.18404636348  3.51575766605  3.80547488685  4.50109142246  4.65269950259  0.088751040881  3.74711857917  3.91396974826  4.00811394136  4.33213710927  0.395971888676  0.242946261872  0.138557563768  0.125662253726  395.59313172  395.624880684  396.450533046  72.4286494092  0.223906848245  0.128593236113  0.088121815192  0.0210229682094  0.26610222737  0.138832792572  0.0396888317002  0.242894639655  0.213456460934  0.0287681987772  0.365185010209  0.339022281853  0.253692601089  0.0463092333122  0.146060911955  0.115740840481  0.0389331519091  0.100616898897  0.0612992929534  0.0904604387427  0.0842588099755  0.0524984705018  0.126789043685  1.01805330628  0.618041528719  0.40291438254  0.186408690412  -9999.0  -9999.0  -9999.0  -9999.0  -9999.0  -9999.0  -9999.0
-9999.0  -9999.0  -9999.0  -9999.0  -9999.0  -9999.0  -9999.0  -9999.0  -9999.0  -9999.0  -9999.0  -9999.0  -9999.0  -9999.0  -9999.0  -9999.0  0.694348134649  3.33673974894  4.04745664702  0.770753864896  0.593572286389  1.24702227004  1.81002032405  14.0071320668  0.455796488209  1.8429505948  2.23357351256  2.62222342238  0.215748834437  0.513370436232  0.690891115049  3.03820676877  3.38270719902  3.48776631104  0.0943065823294  0.0725479564024  0.0802763269001  0.150430333293  0.0583365773716  0.0569497430824  0.0915207682713  0.0682319884065  0.0921361089872  0.295031560051  396.49493695  469.039240033  0.273127928999  0.0479476533232  0.0227609461801  0.836180900524  0.787096212575  0.475887594837  0.428417465816  0.316711961665  0.0925147153731  0.055902067166  0.391237380756  0.152861602896  0.122751071961  0.0357721273808  0.174957878746  0.318598165612  0.270463110509  0.159671121016  0.0587345206374  0.236692471664  0.165298416018  0.100535400892  1.25493086679  1.21814471431  0.113128447611  0.0975428636285  0.0844892328002  0.0734892836628  -9999.0  -9999.0  -9999.0  -9999.0  -9999.0  -9999.0
-9999.0  -9999.0  -9999.0  -9999.0  -9999.0  -9999.0  -9999.0  -9999.0  -9999.0  -9999.0  -9999.0  -9999.0  -9999.0  -9999.0  -9999.0  0.600975187854  1.9242061428  0.629966008042  0.719487279707  0.670402693442  1.2807782616  1.87812476162  2.42335134478  17.0006649038  17.4166049839  0.436110431478  0.816715781244  1.20418310489  1.4744354753  1.76695070106  2.6710897927  2.92475929077  0.209921519106  0.139842082167  0.0923132660417  0.107719700648  0.0901980174759  0.103217186569  0.078213327622  0.0988247758027  0.341577784231  0.167766958324  0.0829263295066  0.0796774739827  0.0573742639139  0.100728160594  472.28358092  2.97619708343  1.0269643621  0.126341008068  0.0585345851699  0.0319568796135  0.100999760177  0.0641179846245  0.0310380320177  0.0304467565628  0.455517308083  0.643804971916  0.689858070536  0.0205136033011  0.560633200843  0.365659951464  0.0398351282937  0.0285088580577  0.0561359071412  0.490365496592  0.211462038779  0.134696974525  1.29594001974  0.0490270360958  0.0612750358561  0.332056016142  0.165593409116  0.298467911196  0.145795453306  -9999.0  -9999.0  -9999.0  -9999.0  -9999.0
-9999.0  -9999.0  -9999.0  -9999.0  -9999.0  -9999.0  -9999.0  -9999.0  -9999.0  -9999.0  -9999.0  -9999.0  -9999.0  -9999.0  0.638975466561  1.2212150289  4.36157349472  0.601721990676  1.42578283524  2.0612489315  2.62895677948  0.612806414123  1.11257033972  1.6968595437  19.6276509472  0.395329259712  0.734359384733  1.08441631094  0.316378075486  0.620623880082  0.807077434429  1.00695933106  32.1877521126  32.4732579481  32.7031870557  34.0147294116  34.302880839  35.1174205794  0.129810154796  0.301690904804  0.406924136772  37.2290132759  37.3596725882  0.0688247225452  0.100155997797  0.129919514035  472.306425352  2.8920903254  1.68406533224  1.60554397054  1.06098781211  0.810649539736  0.132557728353  0.0349944399737  0.0551703724822  0.0254147341747  0.0255318259946  0.0567296336537  0.726624999788  1.34426980047  0.596645224339  0.105365007261  0.0730955060688  0.033749418759  0.669104776105  0.577057613817  0.0425526167585  1.52095438929  1.34611571716  0.0922495777953  0.616772507387  0.398432029022  0.462973083361  0.394606539671  0.0815417033252  -9999.0  -9999.0  -9999.0  -9999.0  -9999.0
-9999.0  -9999.0  -9999.0  -9999.0  -9999.0  -9999.0  -9999.0  -9999.0  -9999.0  -9999.0  -9999.0  -9999.0  -9999.0  -9999.0  0.645398504821  1.95786147727  6.96028205759  10.2807678387  0.54140315691  13.4104395684  16.6279821589  0.539975436465  1.01722861708  1.56720282565  24.1091886129  24.5442106727  0.308415102954  1.71379313394  1.98909870572  2.22775885279  30.046808489  30.6785337418  31.0532564014  0.178652297179  0.952829473629  1.13562571653  0.458871044816  0.646134501629  35.9667768556  36.5247029951  36.6534240436  36.7710616164  37.4561526971  0.0473024778877  0.0373403870282  0.196174468264  472.330521233  0.101913131378  0.158674443334  0.483524422459  0.196842790311  0.727242314769  0.52482097014  0.318891517041  0.215374626063  0.0817342926641  0.0283455442557  0.0798681111891  0.0201259583563  1.36942498049  0.150262614926  0.125865629948  0.0179080001564  0.0522856013153  0.69408730915  0.0209053828463  0.0177312633117  1.54212047666  0.0261395869001  0.699212007822  0.667096892849  0.622003989741  0.580123583208  0.055069073174  0.216132119859  0.0655624703319  -9999.0  -9999.0  -9999.0  -9999.0
-9999.0  -9999.0  -9999.0  -9999.0  -9999.0  -9999.0  -9999.0  -9999.0  -9999.0  -9999.0  -9999.0  -9999.0  -9999.0  -9999.0  -9999.0  -9999.0  1.35989270432  2.72870768167  12.1652316155  12.8317394388  17.2170369273  17.823632044  0.533434662658  1.06807871562  2.42706905149  25.040037348  25.7501793712  26.017790859  0.204696542153  26.9702030016  27.6270913315  0.423030525484  0.181888152936  0.323712513786  0.637297163382  0.158089393389  0.303695358809  0.602015750894  0.747762650976  0.149429461805  0.0813198785803  0.155439222955  38.0217262802  38.1595019175  38.1858125716  38.4858619789  472.341185468  0.0636806726016  0.0849874280368  0.120738314537  0.111948811689  0.117419604312  0.0907988209386  0.161839132435  0.0345951330808  0.0730813416492  0.0367209518638  0.0340394819068  0.146610323673  1.57468407905  1.7641900054  1.79595927271  1.88916751269  0.0206870891357  0.715030995984  0.0788887552845  0.0364624877949  1.56648197698  1.61648958364  0.724318659316  0.766781954074  0.661930622893  0.402912347636  0.352825257242  0.296737163186  -9999.0  -9999.0  -9999.0  -9999.0  -9999.0
-9999.0  -9999.0  -9999.0  -9999.0  -9999.0  -9999.0  -9999.0  -9999.0  -9999.0  -9999.0  -9999.0  -9999.0  -9999.0  -9999.0  -9999.0  -9999.0  0.708436641583  0.693109932982  0.676839991598  1.32311608044  0.58043125764  18.982222055  19.523113331  0.476216401863  0.923202338389  0.439233217879  0.349794930081  0.334516742793  26.5683757362  0.223356290366  0.469538949924  0.210888023436  0.170575653791  0.156466526405  0.108088632204  0.115441908595  0.35516427575  0.494763796298  0.0819974298385  0.0673590195666  0.151828361847  0.270102128014  0.327415518538  0.0747598279941  38.253511758  38.5142969815  472.335605202  0.300129076819  0.173460044449  0.0502348225639  0.147512061234  0.0368923095146  0.0256965082296  0.191005448724  0.160998586986  0.0948203522115  0.014366615445  0.0123659173882  0.0402745434666  0.025190334141  0.0183279930708  0.0241505583965  0.0273040953053  2.80411319215  0.812795593851  0.0176403479184  0.0269453881836  0.0123872692235  3.68651258216  2.05477973502  2.03641583704  0.682304962856  0.473230269519  0.0380984316184  -9999.0  -9999.0  -9999.0  -9999.0  -9999.0  -9999.0
-9999.0  -9999.0  -9999.0  -9999.0  -9999.0  -9999.0  -9999.0  -9999.0  -9999.0  -9999.0  -9999.0  -9999.0  -9999.0  -9999.0  -9999.0  -9999.0  -9999.0  -9999.0  0.684958970131  1.94930208124  2.49534308964  3.06202060586  20.0768692813  20.6294022572  21.1508988868  21.6605417417  21.9802248914  22.6514407634  22.8421575405  23.0498894975  23.1946947042  0.133910439979  0.120368386679  0.139105788938  0.488611939359  0.13740661655  0.125875326337  0.0851029736565  0.242437955518  0.106108523797  0.0692653129592  0.0612690995781  0.0447352757267  0.0891317028115  0.127652746108  38.7740493498  511.400699667  0.058225757228  0.103203815139  0.0354858069785  0.186903444297  0.0801194789528  0.051693650911  0.468178644134  0.257880632587  0.0596779240493  0.0267746407022  0.0649639965794  0.0130449883697  0.0408371283771  0.0275990589954  0.0634171571959  0.02290814849  0.0340230384324  2.82776114742  2.89017545722  4.56349511102  4.54906409457  4.52658093083  0.0280982725443  0.555941765053  0.521849535138  0.0257387851957  -9999.0  -9999.0  -9999.0  -9999.0  -9999.0  -9999.0  -9999.0
-9999.0  -9999.0  -9999.0  -9999.0  -9999.0  -9999.0  -9999.0  -9999.0  -9999.0  -9999.0  -9999.0  -9999.0  -9999.0  -9999.0  -9999.0  -9999.0  -9999.0  -9999.0  -9999.0  0.574972384714  4.54071561908  8.83482229665  9.41324732383  0.670076735537  1.14914268961  1.58430726614  1.90306391634  4.23453884164  4.37845756132  0.138088469492  0.135294478441  23.4701787667  23.7009770566  23.8025373852  0.564031158973  0.0701803158161  0.199078708467  0.28711887063  0.84842553877  1.04020769999  1.16861468742  0.111525878166  0.148259986771  0.0488565743132  0.0958986707561  0.0499233133347  511.439935948  0.0455265840068  0.193384916479  0.075343429798  0.275001295705  0.563990581924  0.638590442262  1.13278891051  0.212796294134  0.178888876435  0.101705757428  0.0937000210459  0.0200063065596  0.0477281007243  0.0754872697507  0.0697876723992  0.00713074899623  7.66031744657  7.62445042092  7.60934415264  4.65430916257  0.0495930855171  0.763521539276  0.535364161595  0.353451837358  0.220592940415  0.0349148467788  -9999.0  -9999.0  -9999.0  -9999.0  -9999.0  -9999.0  -9999.0
-9999.0  -9999.0  -9999.0  -9999.0  -9999.0  -9999.0  -9999.0  -9999.0  -9999.0  -9999.0  -9999.0  -9999.0  -9999.0  -9999.0  -9999.0  -9999.0  -9999.0  -9999.0  0.638018325086  2.03131701158  3.97797629845  5.19537811814  13.1529318038  13.7705225166  0.931596645741  1.37689615301  1.71971124013  2.04595741514  4.54537979511  4.83254953664  8.25670862492  8.49233197377  8.60152246027  23.9167473846  24.7693839125  0.192851302954  0.142066197203  0.132531884056  0.247188637042  0.106986709159  1.36640628781  1.42526574329  0.192799655353  0.232457898192  0.037047256107  119.552699714  119.648078637  631.094699339  631.308092726  0.0528893692027  0.392063587055  0.0765116187001  0.054397907143  1.21388711623  1.44965961454  0.150630342808  0.113667320703  0.018786462307  0.0101709313982  0.0573546894279  7.78867107289  7.70787761572  7.7015455255  7.68249089816  0.0301030112824  0.0369367146986  0.0491650062406  0.0563216382791  0.185765349678  0.123804950484  0.108836837371  0.164797210749  0.0494875924219  -9999.0  -9999.0  -9999.0  -9999.0  -9999.0  -9999.0  -9999.0
-9999.0  -9999.0  -9999.0  -9999.0  -9999.0  -9999.0  -9999.0  -9999.0  -9999.0  -9999.0  -9999.0  -9999.0  -9999.0  -9999.0  -9999.0  -9999.0  -9999.0  -9999.0  -9999.0  0.726670942177  0.707016224271  1.33919277613  3.17365936246  14.3517889911  0.482481904493  0.474250909926  0.80696973652  1.15322515752  2.76921814085  2.9988415722  0.19196953261  0.175118992813  8.7724509502  8.90298696119  33.7637333591  33.8416533926  0.0554746413811  0.0448891192871  0.0331665192271  0.0336501862733  0.0375281956851  118.554554266  118.930175761  119.202110795  119.275760863  119.523326417  0.0584241446425  0.203524117978  0.234696701803  631.58158102  631.558783458  631.562352897  631.538747396  631.515889071  1.47393165184  0.00815336467467  0.0360908564909  0.0293655465723  0.00670533136813  0.0639966908773  7.81607852405  0.0200107279405  0.0113862687706  0.144101004163  0.133909841648  0.116106742099  0.0984084500115  0.0604760130902  0.0761407796285  0.0693419190494  0.0563178467859  0.0623733487335  -9999.0  -9999.0  -9999.0  -9999.0  -9999.0  -9999.0  -9999.0  -9999.0
-9999.0  -9999.0  -9999.0  -9999.0  -9999.0  -9999.0  -9999.0  -9999.0  -9999.0  -9999.0  -9999.0  -9999.0  -9999.0  -9999.0  -9999.0  -9999.0  -9999.0  -9999.0  -9999.0  -9999.0  0.650410057398  0.679665078392  1.25885335113  16.8151359416  17.3628326191  0.457603750807  0.788284125082  1.14886190698  1.42681766552  0.235241022132  0.407055208662  33.8110771364  33.934155123  34.0445016065  35.0213041697  68.9572331313  115.976638539  116.122572209  116.246552536  116.360055353  116.897177991  117.079443622  0.33475269818  0.139233000701  0.0925124768254  0.167831861563  0.0997711950554  0.165347021901  0.0481314325288  1.25349528366  1.42315991304  1.56020139181  1.56914859487  631.478880799  632.92407314  632.943272116  0.0463808346628  0.00642561555537  0.0833467758866  0.0717938932708  7.83227307431  0.00912308718533  0.293939471296  0.13650999393  0.123020871866  0.0884474807933  0.045009132064  0.078270380803  0.0414088652504  -9999.0  -9999.0  -9999.0  -9999.0  -9999.0  -9999.0  -9999.0  -9999.0  -9999.0  -9999.0  -9999.0
-9999.0  -9999.0  -9999.0  -9999.0  -9999.0  -9999.0  -9999.0  -9999.0  -9999.0  -9999.0  -9999.0  -9999.0  -9999.0  -9999.0  -9999.0  -9999.0  -9999.0  -9999.0  -9999.0  -9999.0  -9999.0  0.664833899252  1.27079559733  1.88004603563  17.8557448791  0.440488739622  23.7378807058  24.1100542143  24.3338276949  24.522324459  33.0343624583  33.2367747477  0.149907366038  0.743521589708  0.896332002795  0.155909965954  46.8775260069  46.6118434532  0.0619747479045  0.158726173694  0.449233767742  0.105718869057  0.113455251475  0.0701886513474  0.0528583253234  0.0352841999132  0.0447723649048  1.10324040391  1.15058165341  1.21531737013  0.139061431943  0.109613800376  1.62789914097  1.64655192416  1.65214989903  632.904743354  632.866315653  0.0999417147945  0.0886552000188  8.14545258209  8.14145851829  0.302632021599  0.0182753298528  0.00962765582343  0.236381297753  0.209156462824  0.171094701041  0.113067106513  0.0525803614942  0.0228328292698  -9999.0  -9999.0  -9999.0  -9999.0  -9999.0  -9999.0  -9999.0  -9999.0  -9999.0  -9999.0
-9999.0  -9999.0  -9999.0  -9999.0  -9999.0  -9999.0  -9999.0  -9999.0  -9999.0  -9999.0  -9999.0  -9999.0  -9999.0  -9999.0  -9999.0  -9999.0  -9999.0  -9999.0  -9999.0  -9999.0  -9999.0  0.609165303055  0.567909167297  2.94244399272  21.9396029901  22.9440069115  23.4222898285  0.367522308245  7.94575619732  8.20150339308  8.33725978657  0.188089031244  0.35949624528  0.509503484544  11.2369257529  11.3407574133  11.4225404307  46.4760925678  28.352373948  0.0919846965391  0.100391407634  0.0933291436993  0.0613784834535  0.693526139852  0.824538938514  0.932178161512  0.994205040482  1.05235151727  8.94397892546  8.97735689099  9.01176119427  9.09136248614  9.46085270955  9.46898171559  11.1289131419  0.00608512300535  632.826603861  632.789607467  0.106843375499  8.14848811132  0.0122406108434  0.00640278304675  0.0267279144084  0.341252977813  0.333452238369  0.0688520780504  0.0353722706905  0.117095073884  0.0870867393543  0.0224526571075  0.0179161686655  0.0174095401899  -9999.0  -9999.0  -9999.0  -9999.0  -9999.0  -9999.0  -9999.0  -9999.0
-9999.0  -9999.0  -9999.0  -9999.0  -9999.0  -9999.0  -9999.0  -9999.0  -9999.0  -9999.0  -9999.0  -9999.0  -9999.0  -9999.0  -9999.0  -9999.0  -9999.0  -9999.0  -9999.0  -9999.0  -9999.0  -9999.0  1.18737696141  1.80745475298  0.603981625369  0.45902798529  6.70638122829  7.09472050819  7.3455143898  2.31021454929  2.50989980803  2.71194117726  2.86178523153  10.9895041693  11.1516673188  6.415708166  17.9490894112  18.0482150642  28.2892676908  0.192434567794  0.0990615995841  0.055008779611  0.487959431508  0.573545200355  0.0376687271468  0.0338069853462  8.77221069731  8.86985243507  8.91456914384  0.0437057989851  0.0604699387611  9.42129010356  0.0284800712999  0.0851286038925  0.0912478163352  11.2307807331  11.2356203736  11.3322657127  644.187999747  8.16463778115  0.400145705851  0.394483481819  0.38519659209  0.348256937699  0.00978966583289  0.170370649431  0.150762091921  0.043456280757  0.0172702605172  0.0363784444899  0.0899603969596  0.0546671344317  -9999.0  -9999.0  -9999.0  -9999.0  -9999.0  -9999.0  -9999.0  -9999.0
-9999.0  -9999.0  -9999.0  -9999.0  -9999.0  -9999.0  -9999.0  -9999.0  -9999.0  -9999.0  -9999.0  -9999.0  -9999.0  -9999.0  -9999.0  -9999.0  -9999.0  -9999.0  -9999.0  -9999.0  -9999.0  -9999.0  0.592306510315  1.17214574673  4.81895782661  5.42162308656  5.88234796852  1.79386818766  2.09558470504  0.242801424171  7.58319797414  7.78972850057  7.97333974319  0.164214358114  6.12356962373  6.29441443842  0.110918787311  27.7755065159  0.233497156323  0.117887322644  0.274360074072  0.373908420778  0.0615414440545  0.0432743650093  8.23841798763  8.68890176773  8.75011182685  0.0664238580737  0.116875939926  0.141468268199  0.15925370982  0.311322493081  0.0298261889852  0.071541095287  0.0116219736524  0.0225317158362  11.320776985  11.3271586768  644.150457173  652.702543683  0.427373015475  0.0181081098471  0.00936604572449  0.0154912941999  0.00748033516741  0.181975388939  0.0888789574498  0.0697875419272  0.289429558431  0.264051579511  0.193400299706  0.0511561525297  0.0185166377958  -9999.0  -9999.0  -9999.0  -9999.0  -9999.0  -9999.0  -9999.0
-9999.0  -9999.0  -9999.0  -9999.0  -9999.0  -9999.0  -9999.0  -9999.0  -9999.0  -9999.0  -9999.0  -9999.0  -9999.0  -9999.0  -9999.0  -9999.0  -9999.0  -9999.0  -9999.0  -9999.0  -9999.0  -9999.0  0.587018891498  1.82110069164  3.09381860065  0.611570812075  1.02508711941  1.44434418433  6.64045812782  6.92253020741  7.14129795853  0.187368439485  5.04313402117  5.66522730474  5.83406186289  0.111178461382  27.2986957811  27.5692351025  0.122472809039  0.105983258844  0.209117776897  0.0742028310003  7.92123834255  8.04341574496  8.12296972441  0.299535855786  0.36633934406  0.0527196209761  0.0880538627745  0.0358320229135  0.243440168083  0.0375533230973  0.0190552531267  0.02022131972  0.0212255492879  0.0438088267649  0.0554881769333  38.3337916344  38.3625308909  691.050539  691.01010315  690.96789383  0.0124882582599  0.333398536906  0.313057697683  0.118172751338  0.112272069479  0.0132442960285  0.336701865751  0.0224983279056  0.0186561732368  0.013885079493  0.0788101690649  0.0393980174931  -9999.0  -9999.0  -9999.0  -9999.0  -9999.0  -9999.0
-9999.0  -9999.0  -9999.0  -9999.0  -9999.0  -9999.0  -9999.0  -9999.0  -9999.0  -9999.0  -9999.0  -9999.0  -9999.0  -9999.0  -9999.0  -9999.0  -9999.0  -9999.0  -9999.0  -9999.0  -9999.0  -9999.0  -9999.0  0.623012498492  0.654409449997  0.587472619522  4.77921918129  5.1732842411  6.30756343062  0.284661379364  4.18341103055  4.69978699966  0.207432188819  0.444373882958  0.159316491675  26.9242137341  0.164727235366  0.376923863627  0.452461861532  0.520440558035  7.43728457276  7.71144977877  7.8041732251  0.0946503351541  0.167400536526  0.228301725216  0.0276918377117  0.0241158223485  21.5240111168  21.546821526  21.5631426546  21.812470202  21.8364084248  21.8667453522  21.879491324  33.8356554691  33.8504323126  38.3294911544  0.0234690682699  0.0280564422337  0.0459744162473  690.966965229  690.961968735  691.256723691  691.209444061  0.0114960940394  0.00696940151667  0.368016979604  0.360712227167  0.0125166757309  0.0356197152119  0.399193121328  0.284691893177  0.257782258408  0.0721025248485  -9999.0  -9999.0  -9999.0  -9999.0  -9999.0
-9999.0  -9999.0  -9999.0  -9999.0  -9999.0  -9999.0  -9999.0  -9999.0  -9999.0  -9999.0  -9999.0  -9999.0  -9999.0  -9999.0  -9999.0  -9999.0  -9999.0  -9999.0  -9999.0  -9999.0  -9999.0  -9999.0  -9999.0  0.539200936887  1.12277524054  2.34445127102  4.39562276033  0.450086656939  0.811662598282  3.41126714434  3.67709204937  0.27164633787  6.29435156335  6.50152392404  26.4088987246  26.5859584014  0.131064773166  0.236508289024  1.06343628323  6.55023735764  6.8761446448  0.212424866844  0.100437276342  0.0696444711678  19.5996205939  19.7147707887  19.7989394651  19.8861680826  21.5042127624  0.0923915279734  21.7908721653  0.0552019495072  0.0279741086136  0.0480146931811  11.9161605889  11.9493416326  4.36863610824  4.45854643312  0.0611944825931  0.0295626689977  0.0357909719298  0.0222808714584  0.0298829116688  0.00878514284301  719.111391332  719.074693117  0.423118741355  0.381585690672  0.0083447482304  0.556081949557  0.531568447373  0.468144311006  0.0421087099439  0.0610467353493  0.0784117385614  -9999.0  -9999.0  -9999.0  -9999.0  -9999.0
-9999.0  -9999.0  -9999.0  -9999.0  -9999.0  -9999.0  -9999.0  -9999.0  -9999.0  -9999.0  -9999.0  -9999.0  -9999.0  -9999.0  -9999.0  -9999.0  -9999.0  -9999.0  -9999.0  -9999.0  -9999.0  -9999.0  -9999.0  -9999.0  0.582745673844  1.12654761975  1.57193860263  2.6682311331  3.03326384014  5.05601894905  5.68572089878  5.85652760123  6.07890567172  19.5288789947  19.7279650567  0.128035335165  0.826289525814  0.981832197456  5.28550637451  5.41508148181  0.199890821858  0.0671543082709  19.2730508994  19.4180600793  19.4881393044  0.067066008851  1.45874594445  1.51207768542  1.57475727618  0.0490406671871  0.0308549334931  0.0199620335951  0.0142170811067  11.8175313193  11.8513487766  0.0207927739919  4.34968465657  4.2206403767  4.20272213207  0.0212353044585  0.0267679659007  0.0167438375811  0.0286457336895  27.9035656287  27.9484581753  719.452369667  0.0245962426277  0.0108053427032  0.573950256464  0.0116245688688  0.0927031347924  0.0661156717383  0.0369515989392  -9999.0  -9999.0  -9999.0  -9999.0  -9999.0  -9999.0  -9999.0
-9999.0  -9999.0  -9999.0  -9999.0  -9999.0  -9999.0  -9999.0  -9999.0  -9999.0  -9999.0  -9999.0  -9999.0  -9999.0  -9999.0  -9999.0  -9999.0  -9999.0  -9999.0  -9999.0  -9999.0  -9999.0  -9999.0  -9999.0  -9999.0  0.509468968914  1.65609651594  2.24410671712  3.34185568087  4.22896836482  4.68854023237  0.338519288308  5.06874360998  19.0249549606  19.3173878169  0.233220074576  0.41909290698  0.727395108372  5.0014191226  5.16193818377  13.3421471931  13.55095261  19.1892266244  19.2389174685  0.0913274939176  1.19753917974  1.34230985101  1.42054608365  0.0539032222371  10.7719545692  10.8173315834  10.9656484676  11.6142974758  11.7633762909  11.7840508879  0.0294081337378  0.0614388367437  0.0861497504822  3.78413751359  4.16716088668  0.239549375766  0.21718689967  0.0126905071629  0.0159390176467  27.8665513897  0.0386471231366  0.017003147326  719.417614221  0.00410860103058  0.00389924396169  0.690860549078  0.109736438841  0.0191272645178  0.0155778188952  -9999.0  -9999.0  -9999.0  -9999.0  -9999.0  -9999.0  -9999.0
-9999.0  -9999.0  -9999.0  -9999.0  -9999.0  -9999.0  -9999.0  -9999.0  -9999.0  -9999.0  -9999.0  -9999.0  -9999.0  -9999.0  -9999.0  -9999.0  -9999.0  -9999.0  -9999.0  -9999.0  -9999.0  -9999.0  -9999.0  -9999.0  0.595972980035  0.564269796561  2.22271548586  2.85902709813  0.47473517285  4.28954506782  4.68460228146  0.359406167108  13.2787088773  0.342823420251  2.20251275963  4.64130224927  4.86225603379  12.4456032104  12.5847052873  13.2181011993  0.151035254896  5.57208054138  0.0518381614342  0.115364024548  1.15483912753  0.092939281365  2.36737062236  10.681869205  0.0606634133322  0.120695023056  0.543698082147  0.0567699413506  0.0630882890541  0.0471796271585  0.0260397813514  3.43721730482  3.66615377299  3.76193516945  0.116028164517  0.085648785055  0.14833289998  0.0211980383027  27.8201152713  27.8312599479  0.0224672010634  0.0100505085936  0.00329522728272  719.392079381  720.125226243  0.779850898053  0.0846414797297  0.0764740359422  0.0414636675213  -9999.0  -9999.0  -9999.0  -9999.0  -9999.0  -9999.0  -9999.0
-9999.0  -9999.0  -9999.0  -9999.0  -9999.0  -9999.0  -9999.0  -9999.0  -9999.0  -9999.0  -9999.0  -9999.0  -9999.0  -9999.0  -9999.0  -9999.0  -9999.0  -9999.0  -9999.0  -9999.0  -9999.0  -9999.0  -9999.0  -9999.0  -9999.0  0.538161849369  0.586043949738  0.546124780383  3.39634301182  3.87591177029  5.94924678351  12.9647992687  0.399168521206  1.21987843989  1.57453010326  2.18427818538  0.521857248066  12.219903324  0.234066274538  0.475865487115  5.27534514822  0.183090016893  0.742103619032  0.852260600239  0.101537813683  0.0884076696644  2.33309956945  8.2630520237  0.099132141733  0.319497453876  0.497783312116  0.0619937981447  0.0432524278288  3.1393592913  3.28414167209  0.106905685564  0.20569983918  0.0589205030614  0.0835332435312  0.0520454414315  0.036238839403  0.0152166971204  27.8118822907  0.0442744064119  -9999.0  -9999.0  0.0112414251184  0.0188334560346  720.073707953  720.021913567  719.981077496  0.0072257153735  -9999.0  -9999.0  -9999.0  -9999.0  -9999.0  -9999.0  -9999.0  -9999.0
-9999.0  -9999.0  -9999.0  -9999.0  -9999.0  -9999.0  -9999.0  -9999.0  -9999.0  -9999.0  -9999.0  -9999.0  -9999.0  -9999.0  -9999.0  -9999.0  -9999.0  -9999.0  -9999.0  -9999.0  -9999.0  -9999.0  -9999.0  -9999.0  -9999.0  -9999.0  0.548641262998  1.84286758262  2.37520730425  5.58057749769  2.12396362533  6.60585740273  3.9855571767  0.405014118839  1.17957855376  1.85015488668  0.266346183333  11.4557384479  3.80843530265  4.63252990452  0.473323201132  0.477887869112  0.185045108627  0.0835639051587  2.07329456532  2.16442356458  7.99355571936  8.07724357405  0.156967741136  0.247148229862  0.0594604697005  2.55024186989  2.85035382361  3.11656808731  0.117161476032  0.0524891229756  0.14739168946  0.0539283793583  0.0328258191367  0.0179001381167  27.6667426552  27.7158137408  27.7434607591  0.0310805751769  -9999.0  -9999.0  -9999.0  -9999.0  -9999.0  0.0026675075269  719.927339047  719.874568281  -9999.0  -9999.0  -9999.0  -9999.0  -9999.0  -9999.0  -9999.0  -9999.0
-9999.0  -9999.0  -9999.0  -9999.0  -9999.0  -9999.0  -9999.0  -9999.0  -9999.0  -9999.0  -9999.0  -9999.0  -9999.0  -9999.0  -9999.0  -9999.0  -9999.0  -9999.0  -9999.0  -9999.0  -9999.0  -9999.0  -9999.0  -9999.0  -9999.0  -9999.0  0.644575245379  0.554720050601  5.01264868269  0.62412236101  1.63976367396  2.62215644065  3.57621523561  0.461157120626  0.399965613878  0.345346917868  10.8367625744  11.1760751155  3.57845205917  0.613915922172  0.278072744694  0.275820810904  1.80661539725  1.98988627242  7.29503253295  7.57325710264  7.81176215771  0.1088161493  0.0823158803688  2.4085720563  2.45267126122  2.51196562564  0.270348338776  0.147723559006  0.0675185774468  0.0625448087851  0.0356430206196  0.296535773927  0.311985478601  27.6477914723  27.6606685875  0.0389994612671  0.0162943063002  0.0159784615662  -9999.0  -9999.0  -9999.0  -9999.0  -9999.0  -9999.0  -9999.0  -9999.0  -9999.0  -9999.0  -9999.0  -9999.0  -9999.0  -9999.0  -9999.0  -9999.0
-9999.0  -9999.0  -9999.0  -9999.0  -9999.0  -9999.0  -9999.0  -9999.0  -9999.0  -9999.0  -9999.0  -9999.0  -9999.0  -9999.0  -9999.0  -9999.0  -9999.0  -9999.0  -9999.0  -9999.0  -9999.0  -9999.0  -9999.0  -9999.0  -9999.0  -9999.0  -9999.0  1.19872175828  3.88262682063  2.15086650975  0.508360962648  2.07623271796  0.484600533744  1.49105840619  1.80401683079  9.65654837969  10.497490567  2.99964088267  3.29910972716  0.310699719367  1.3541473341  1.60072010576  4.82135785231  6.98900497684  7.17323477411  0.186153249216  0.133539871115  1.88791880393  2.13453052418  2.36463774818  0.0812864489205  0.143480936708  0.215733741609  0.071354745312  0.121349060746  0.190363997166  0.22040130419  0.277733625662  0.022585649916  27.2996163129  0.0638022122573  0.0237030106704  -9999.0  -9999.0  -9999.0  -9999.0  -9999.0  -9999.0  -9999.0  -9999.0  -9999.0  -9999.0  -9999.0  -9999.0  -9999.0  -9999.0  -9999.0  -9999.0  -9999.0  -9999.0
-9999.0  -9999.0  -9999.0  -9999.0  -9999.0  -9999.0  -9999.0  -9999.0  -9999.0  -9999.0  -9999.0  -9999.0  -9999.0  -9999.0  -9999.0  -9999.0  -9999.0  -9999.0  -9999.0  -9999.0  -9999.0  -9999.0  -9999.0  -9999.0  -9999.0  -9999.0  -9999.0  0.640977545488  0.555573164842  1.04879198923  0.547363711646  1.03149603244  1.06470256739  5.89001596951  6.40163429473  1.00590309925  0.389700228602  2.69543366162  0.73689741387  1.10451267074  4.10837772715  4.37356036294  4.63227388023  1.9884621214  0.680024934668  1.08320287828  1.42603569233  1.82633694687  0.189051349223  0.126921189537  16.6664887577  16.7485649159  16.806195835  0.046796548386  0.0787034111088  0.043367697805  0.0245750412066  26.2829990052  26.5538533986  0.634471617343  0.552139456639  0.0445994869339  -9999.0  -9999.0  -9999.0  -9999.0  -9999.0  -9999.0  -9999.0  -9999.0  -9999.0  -9999.0  -9999.0  -9999.0  -9999.0  -9999.0  -9999.0  -9999.0  -9999.0  -9999.0
-9999.0  -9999.0  -9999.0  -9999.0  -9999.0  -9999.0  -9999.0  -9999.0  -9999.0  -9999.0  -9999.0  -9999.0  -9999.0  -9999.0  -9999.0  -9999.0  -9999.0  -9999.0  -9999.0  -9999.0  -9999.0  -9999.0  -9999.0  -9999.0  -9999.0  -9999.0  -9999.0  -9999.0  -9999.0  0.451939352243  0.451869357286  0.581057444863  2.23975448641  5.46567542648  2.73873051294  0.454077635296  1.88771807893  2.31573168323  0.356978780901  3.54827278396  3.83926301787  0.952852810295  1.467248574  0.270532461903  0.446187029255  0.21203186788  0.175232294169  0.181973806408  16.3525039986  16.4881060049  16.593411122  0.543092129001  17.4510488816  17.5289148839  17.5856547413  17.6418713599  17.7335208659  26.2671985634  26.3514249567  0.170970104836  0.507128474831  0.131412495434  -9999.0  -9999.0  -9999.0  -9999.0  -9999.0  -9999.0  -9999.0  -9999.0  -9999.0  -9999.0  -9999.0  -9999.0  -9999.0  -9999.0  -9999.0  -9999.0  -9999.0  -9999.0
-9999.0  -9999.0  -9999.0  -9999.0  -9999.0  -9999.0  -9999.0  -9999.0  -9999.0  -9999.0  -9999.0  -9999.0  -9999.0  -9999.0  -9999.0  -9999.0  -9999.0  -9999.0  -9999.0  -9999.0  -9999.0  -9999.0  -9999.0  -9999.0  -9999.0  -9999.0  -9999.0  -9999.0  -9999.0  -9999.0  -9999.0  0.613914928957  1.16590215481  1.14622921293  1.10153565559  1.03880435682  1.52116599182  2.43822164277  2.79942568808  3.23122438298  0.324734849872  0.66437633053  0.264641655178  0.220366452666  10.5232095425  12.5847633881  12.9796049144  13.1768379764  16.2268168516  0.162996559701  0.292731002907  0.460172305594  2.71450887548  2.7974495619  2.86289599104  6.41169975339  7.80191263832  8.46649270311  0.102493801296  0.0955385639768  0.318845060538  0.0811741919481  -9999.0  -9999.0  -9999.0  -9999.0  -9999.0  -9999.0  -9999.0  -9999.0  -9999.0  -9999.0  -9999.0  -9999.0  -9999.0  -9999.0  -9999.0  -9999.0  -9999.0  -9999.0
-9999.0  -9999.0  -9999.0  -9999.0  -9999.0  -9999.0  -9999.0  -9999.0  -9999.0  -9999.0  -9999.0  -9999.0  -9999.0  -9999.0  -9999.0  -9999.0  -9999.0  -9999.0  -9999.0  -9999.0  -9999.0  -9999.0  -9999.0  -9999.0  -9999.0  -9999.0  -9999.0  -9999.0  -9999.0  -9999.0  -9999.0  -9999.0  0.587493226299  0.590595871145  0.556503796358  0.528724222616  1.03441985111  2.00808281712  1.91547947625  2.28927122632  2.56604773994  5.84409365418  6.10018006927  10.1198290224  10.3675417912  1.89675542306  0.227889164689  2.66827739534  2.86083269805  1.10643587768  2.12555588626  2.47448302348  2.61919998325  0.119093428992  3.49659573748  6.68712738237  7.75659772743  0.105950692522  0.487303819941  0.076515454083  0.247305324144  -9999.0  -9999.0  -9999.0  -9999.0  -9999.0  -9999.0  -9999.0  -9999.0  -9999.0  -9999.0  -9999.0  -9999.0  -9999.0  -9999.0  -9999.0  -9999.0  -9999.0  -9999.0  -9999.0
-9999.0  -9999.0  -9999.0  -9999.0  -9999.0  -9999.0  -9999.0  -9999.0  -9999.0  -9999.0  -9999.0  -9999.0  -9999.0  -9999.0  -9999.0  -9999.0  -9999.0  -9999.0  -9999.0  -9999.0  -9999.0  -9999.0  -9999.0  -9999.0  -9999.0  -9999.0  -9999.0  -9999.0  -9999.0  -9999.0  -9999.0  -9999.0  -9999.0  -9999.0  -9999.0  0.571721338355  0.503142582997  0.523155547111  1.49829074773  1.3683539621  2.58534704985  3.00613000421  0.327412964539  3.74643925675  1.35213595496  1.65431868301  1.69434859571  2.46852024748  0.69099329735  0.226495233398  0.890296738989  0.210170524422  1.90019827401  2.27175738707  3.28043515264  0.152191876443  0.62817173549  0.23020779862  0.303532271391  0.0929276018796  0.17141868983  -9999.0  -9999.0  -9999.0  -9999.0  -9999.0  -9999.0  -9999.0  -9999.0  -9999.0  -9999.0  -9999.0  -9999.0  -9999.0  -9999.0  -9999.0  -9999.0  -9999.0  -9999.0  -9999.0
-9999.0  -9999.0  -9999.0  -9999.0  -9999.0  -9999.0  -9999.0  -9999.0  -9999.0  -9999.0  -9999.0  -9999.0  -9999.0  -9999.0  -9999.0  -9999.0  -9999.0  -9999.0  -9999.0  -9999.0  -9999.0  -9999.0  -9999.0  -9999.0  -9999.0  -9999.0  -9999.0  -9999.0  -9999.0  -9999.0  -9999.0  -9999.0  -9999.0  -9999.0  -9999.0  -9999.0  -9999.0  0.501554801721  0.444340476002  0.920593808493  0.837913659324  2.28282682936  3.04939405058  0.763726879609  1.05301845516  0.896313785995  1.45576104896  0.526377787128  0.489190709745  0.496534846895  0.203017133813  1.1431130726  1.73212013527  0.205255260636  0.834158869976  0.294087104818  0.192727693698  0.106673371825  0.100300583863  0.11032558266  -9999.0  -9999.0  -9999.0  -9999.0  -9999.0  -9999.0  -9999.0  -9999.0  -9999.0  -9999.0  -9999.0  -9999.0  -9999.0  -9999.0  -9999.0  -9999.0  -9999.0  -9999.0  -9999.0  -9999.0
-9999.0  -9999.0  -9999.0  -9999.0  -9999.0  -9999.0  -9999.0  -9999.0  -9999.0  -9999.0  -9999.0  -9999.0  -9999.0  -9999.0  -9999.0  -9999.0  -9999.0  -9999.0  -9999.0  -9999.0  -9999.0  -9999.0  -9999.0  -9999.0  -9999.0  -9999.0  -9999.0  -9999.0  -9999.0  -9999.0  -9999.0  -9999.0  -9999.0  -9999.0  -9999.0  -9999.0  -9999.0  -9999.0  -9999.0  0.444190832639  0.967969565097  1.89342181893  0.411231181748  0.399222094203  0.293207464702  0.624427698407  0.289683418801  0.270303229443  0.258083320074  0.263979030536  0.487237685245  0.960364565982  0.426067847166  0.449735709788  0.65357191113  0.151476082402  0.0903971599564  -9999.0  -9999.0  -9999.0  -9999.0  -9999.0  -9999.0  -9999.0  -9999.0  -9999.0  -9999.0  -9999.0  -9999.0  -9999.0  -9999.0  -9999.0  -9999.0  -9999.0  -9999.0  -9999.0  -9999.0  -9999.0  -9999.0  -9999.0
-9999.0  -9999.0  -9999.0  -9999.0  -9999.0  -9999.0  -9999.0  -9999.0  -9999.0  -9999.0  -9999.0  -9999.0  -9999.0  -9999.0  -9999.0  -9999.0  -9999.0  -9999.0  -9999.0  -9999.0  -9999.0  -9999.0  -9999.0  -9999.0  -9999.0  -9999.0  -9999.0  -9999.0  -9999.0  -9999.0  -9999.0  -9999.0  -9999.0  -9999.0  -9999.0  -9999.0  -9999.0  -9999.0  -9999.0  -9999.0  0.497356597209  0.441485217879  -9999.0  -9999.0  -9999.0  -9999.0  -9999.0  -9999.0  -9999.0  -9999.0  0.247880858704  0.232588008345  0.196562023744  0.213402451241  -9999.0  -9999.0  -9999.0  -9999.0  -9999.0  -9999.0  -9999.0  -9999.0  -9999.0  -9999.0  -9999.0  -9999.0  -9999.0  -9999.0  -9999.0  -9999.0  -9999.0  -9999.0  -9999.0  -9999.0  -9999.0  -9999.0  -9999.0  -9999.0  -9999.0  -9999.0
-9999.0  -9999.0  -9999.0  -9999.0  -9999.0  -9999.0  -9999.0  -9999.0  -9999.0  -9999.0  -9999.0  -9999.0  -9999.0  -9999.0  -9999.0  -9999.0  -9999.0  -9999.0  -9999.0  -9999.0  -9999.0  -9999.0  -9999.0  -9999.0  -9999.0  -9999.0  -9999.0  -9999.0  -9999.0  -9999.0  -9999.0  -9999.0  -9999.0  -9999.0  -9999.0  -9999.0  -9999.0  -9999.0  -9999.0  -9999.0  -9999.0  -9999.0  -9999.0  -9999.0  -9999.0  -9999.0  -9999.0  -9999.0  -9999.0  -9999.0  -9999.0  -9999.0  -9999.0  -9999.0  -9999.0  -9999.0  -9999.0  -9999.0  -9999.0  -9999.0  -9999.0  -9999.0  -9999.0  -9999.0  -9999.0  -9999.0  -9999.0  -9999.0  -9999.0  -9999.0  -9999.0  -9999.0  -9999.0  -9999.0  -9999.0  -9999.0  -9999.0  -9999.0  -9999.0  -9999.0
-9999.0  -9999.0  -9999.0  -9999.0  -9999.0  -9999.0  -9999.0  -9999.0  -9999.0  -9999.0  -9999.0  -9999.0  -9999.0  -9999.0  -9999.0  -9999.0  -9999.0  -9999.0  -9999.0  -9999.0  -9999.0  -9999.0  -9999.0  -9999.0  -9999.0  -9999.0  -9999.0  -9999.0  -9999.0  -9999.0  -9999.0  -9999.0  -9999.0  -9999.0  -9999.0  -9999.0  -9999.0  -9999.0  -9999.0  -9999.0  -9999.0  -9999.0  -9999.0  -9999.0  -9999.0  -9999.0  -9999.0  -9999.0  -9999.0  -9999.0  -9999.0  -9999.0  -9999.0  -9999.0  -9999.0  -9999.0  -9999.0  -9999.0  -9999.0  -9999.0  -9999.0  -9999.0  -9999.0  -9999.0  -9999.0  -9999.0  -9999.0  -9999.0  -9999.0  -9999.0  -9999.0  -9999.0  -9999.0  -9999.0  -9999.0  -9999.0  -9999.0  -9999.0  -9999.0  -9999.0
-9999.0  -9999.0  -9999.0  -9999.0  -9999.0  -9999.0  -9999.0  -9999.0  -9999.0  -9999.0  -9999.0  -9999.0  -9999.0  -9999.0  -9999.0  -9999.0  -9999.0  -9999.0  -9999.0  -9999.0  -9999.0  -9999.0  -9999.0  -9999.0  -9999.0  -9999.0  -9999.0  -9999.0  -9999.0  -9999.0  -9999.0  -9999.0  -9999.0  -9999.0  -9999.0  -9999.0  -9999.0  -9999.0  -9999.0  -9999.0  -9999.0  -9999.0  -9999.0  -9999.0  -9999.0  -9999.0  -9999.0  -9999.0  -9999.0  -9999.0  -9999.0  -9999.0  -9999.0  -9999.0  -9999.0  -9999.0  -9999.0  -9999.0  -9999.0  -9999.0  -9999.0  -9999.0  -9999.0  -9999.0  -9999.0  -9999.0  -9999.0  -9999.0  -9999.0  -9999.0  -9999.0  -9999.0  -9999.0  -9999.0  -9999.0  -9999.0  -9999.0  -9999.0  -9999.0  -9999.0
-9999.0  -9999.0  -9999.0  -9999.0  -9999.0  -9999.0  -9999.0  -9999.0  -9999.0  -9999.0  -9999.0  -9999.0  -9999.0  -9999.0  -9999.0  -9999.0  -9999.0  -9999.0  -9999.0  -9999.0  -9999.0  -9999.0  -9999.0  -9999.0  -9999.0  -9999.0  -9999.0  -9999.0  -9999.0  -9999.0  -9999.0  -9999.0  -9999.0  -9999.0  -9999.0  -9999.0  -9999.0  -9999.0  -9999.0  -9999.0  -9999.0  -9999.0  -9999.0  -9999.0  -9999.0  -9999.0  -9999.0  -9999.0  -9999.0  -9999.0  -9999.0  -9999.0  -9999.0  -9999.0  -9999.0  -9999.0  -9999.0  -9999.0  -9999.0  -9999.0  -9999.0  -9999.0  -9999.0  -9999.0  -9999.0  -9999.0  -9999.0  -9999.0  -9999.0  -9999.0  -9999.0  -9999.0  -9999.0  -9999.0  -9999.0  -9999.0  -9999.0  -9999.0  -9999.0  -9999.0
-9999.0  -9999.0  -9999.0  -9999.0  -9999.0  -9999.0  -9999.0  -9999.0  -9999.0  -9999.0  -9999.0  -9999.0  -9999.0  -9999.0  -9999.0  -9999.0  -9999.0  -9999.0  -9999.0  -9999.0  -9999.0  -9999.0  -9999.0  -9999.0  -9999.0  -9999.0  -9999.0  -9999.0  -9999.0  -9999.0  -9999.0  -9999.0  -9999.0  -9999.0  -9999.0  -9999.0  -9999.0  -9999.0  -9999.0  -9999.0  -9999.0  -9999.0  -9999.0  -9999.0  -9999.0  -9999.0  -9999.0  -9999.0  -9999.0  -9999.0  -9999.0  -9999.0  -9999.0  -9999.0  -9999.0  -9999.0  -9999.0  -9999.0  -9999.0  -9999.0  -9999.0  -9999.0  -9999.0  -9999.0  -9999.0  -9999.0  -9999.0  -9999.0  -9999.0  -9999.0  -9999.0  -9999.0  -9999.0  -9999.0  -9999.0  -9999.0  -9999.0  -9999.0  -9999.0  -9999.0
-9999.0  -9999.0  -9999.0  -9999.0  -9999.0  -9999.0  -9999.0  -9999.0  -9999.0  -9999.0  -9999.0  -9999.0  -9999.0  -9999.0  -9999.0  -9999.0  -9999.0  -9999.0  -9999.0  -9999.0  -9999.0  -9999.0  -9999.0  -9999.0  -9999.0  -9999.0  -9999.0  -9999.0  -9999.0  -9999.0  -9999.0  -9999.0  -9999.0  -9999.0  -9999.0  -9999.0  -9999.0  -9999.0  -9999.0  -9999.0  -9999.0  -9999.0  -9999.0  -9999.0  -9999.0  -9999.0  -9999.0  -9999.0  -9999.0  -9999.0  -9999.0  -9999.0  -9999.0  -9999.0  -9999.0  -9999.0  -9999.0  -9999.0  -9999.0  -9999.0  -9999.0  -9999.0  -9999.0  -9999.0  -9999.0  -9999.0  -9999.0  -9999.0  -9999.0  -9999.0  -9999.0  -9999.0  -9999.0  -9999.0  -9999.0  -9999.0  -9999.0  -9999.0  -9999.0  -9999.0
