ncols                  80
nrows                 72
xllcorner      4374000.0
yllcorner      5656000.0
cellsize            500
NODATA_value       -9999
-9999.0  -9999.0  -9999.0  -9999.0  -9999.0  -9999.0  -9999.0  -9999.0  -9999.0  -9999.0  -9999.0  -9999.0  1.1474636257  0.758577672782  -9999.0  -9999.0  -9999.0  -9999.0  -9999.0  -9999.0  -9999.0  -9999.0  -9999.0  -9999.0  -9999.0  -9999.0  -9999.0  -9999.0  -9999.0  -9999.0  -9999.0  -9999.0  -9999.0  -9999.0  -9999.0  -9999.0  -9999.0  -9999.0  -9999.0  -9999.0  -9999.0  -9999.0  -9999.0  -9999.0  -9999.0  -9999.0  -9999.0  -9999.0  -9999.0  -9999.0  -9999.0  -9999.0  -9999.0  -9999.0  -9999.0  -9999.0  -9999.0  -9999.0  -9999.0  -9999.0  -9999.0  -9999.0  -9999.0  -9999.0  -9999.0  -9999.0  -9999.0  -9999.0  -9999.0  -9999.0  -9999.0  -9999.0  -9999.0  -9999.0  -9999.0  -9999.0  -9999.0  -9999.0  -9999.0  -9999.0
-9999.0  -9999.0  -9999.0  -9999.0  -9999.0  -9999.0  -9999.0  -9999.0  -9999.0  -9999.0  -9999.0  -9999.0  2.34536162694  4.62447692767  0.6279638389  -9999.0  0.495344179403  -9999.0  -9999.0  -9999.0  -9999.0  -9999.0  -9999.0  -9999.0  -9999.0  -9999.0  -9999.0  -9999.0  -9999.0  -9999.0  -9999.0  -9999.0  -9999.0  -9999.0  -9999.0  -9999.0  -9999.0  -9999.0  -9999.0  -9999.0  -9999.0  -9999.0  -9999.0  -9999.0  -9999.0  -9999.0  -9999.0  -9999.0  -9999.0  -9999.0  -9999.0  -9999.0  -9999.0  -9999.0  -9999.0  -9999.0  -9999.0  -9999.0  -9999.0  -9999.0  -9999.0  -9999.0  -9999.0  -9999.0  -9999.0  -9999.0  -9999.0  -9999.0  -9999.0  -9999.0  -9999.0  -9999.0  -9999.0  -9999.0  -9999.0  -9999.0  -9999.0  -9999.0  -9999.0  -9999.0
-9999.0  -9999.0  -9999.0  -9999.0  -9999.0  -9999.0  -9999.0  -9999.0  -9999.0  -9999.0  1.15461008662  1.11809713318  1.1627411486  1.14002661304  6.80319418215  7.51852689854  1.39816718033  0.452605993743  -9999.0  -9999.0  -9999.0  -9999.0  -9999.0  -9999.0  -9999.0  -9999.0  -9999.0  -9999.0  -9999.0  -9999.0  -9999.0  -9999.0  -9999.0  -9999.0  -9999.0  -9999.0  -9999.0  -9999.0  -9999.0  -9999.0  -9999.0  -9999.0  -9999.0  -9999.0  -9999.0  -9999.0  -9999.0  -9999.0  -9999.0  -9999.0  -9999.0  -9999.0  -9999.0  -9999.0  -9999.0  -9999.0  -9999.0  -9999.0  -9999.0  -9999.0  -9999.0  -9999.0  -9999.0  -9999.0  -9999.0  -9999.0  -9999.0  -9999.0  -9999.0  -9999.0  -9999.0  -9999.0  -9999.0  -9999.0  -9999.0  -9999.0  -9999.0  -9999.0  -9999.0  -9999.0
-9999.0  -9999.0  -9999.0  -9999.0  -9999.0  -9999.0  -9999.0  -9999.0  -9999.0  1.11845646424  2.27717451719  4.52224917981  2.2652758819  1.11023313448  2.1864023105  8.57892235659  11.0483277087  0.496479416185  -9999.0  1.13868616965  -9999.0  -9999.0  -9999.0  -9999.0  0.97337733692  0.499919465567  -9999.0  -9999.0  -9999.0  -9999.0  -9999.0  -9999.0  -9999.0  -9999.0  -9999.0  -9999.0  -9999.0  -9999.0  -9999.0  -9999.0  -9999.0  -9999.0  -9999.0  -9999.0  -9999.0  -9999.0  -9999.0  -9999.0  -9999.0  -9999.0  -9999.0  -9999.0  -9999.0  -9999.0  -9999.0  -9999.0  -9999.0  -9999.0  -9999.0  -9999.0  -9999.0  -9999.0  -9999.0  -9999.0  -9999.0  -9999.0  -9999.0  -9999.0  -9999.0  -9999.0  -9999.0  -9999.0  -9999.0  -9999.0  -9999.0  -9999.0  -9999.0  -9999.0  -9999.0  -9999.0
-9999.0  -9999.0  -9999.0  -9999.0  -9999.0  -9999.0  -9999.0  -9999.0  1.19869410614  3.46604195367  4.5510533509  5.64822000015  7.85887433876  1.05334130218  4.26434364963  5.29617972579  17.8187623229  0.840511509277  0.994001062095  2.17827876527  3.18821618232  1.03710968427  -9999.0  2.54268280883  2.09044499013  0.581729058786  -9999.0  -9999.0  -9999.0  -9999.0  -9999.0  -9999.0  -9999.0  -9999.0  -9999.0  -9999.0  -9999.0  -9999.0  -9999.0  -9999.0  -9999.0  -9999.0  -9999.0  -9999.0  -9999.0  -9999.0  -9999.0  -9999.0  -9999.0  -9999.0  -9999.0  -9999.0  -9999.0  -9999.0  -9999.0  -9999.0  -9999.0  -9999.0  -9999.0  -9999.0  -9999.0  -9999.0  -9999.0  -9999.0  -9999.0  -9999.0  -9999.0  -9999.0  -9999.0  -9999.0  -9999.0  -9999.0  -9999.0  -9999.0  -9999.0  -9999.0  -9999.0  -9999.0  -9999.0  -9999.0
-9999.0  -9999.0  -9999.0  -9999.0  -9999.0  -9999.0  1.19866611828  1.12460502364  1.10595778968  1.11712035042  1.12590352309  7.91321316603  16.8697068496  17.958570075  18.9699772352  1.00881006084  19.7588569618  20.7410645469  2.0395009035  1.02545382954  4.18421324058  7.23715111263  0.961814336798  5.36393212391  1.06131145259  0.985733347812  1.09136544145  -9999.0  -9999.0  -9999.0  -9999.0  -9999.0  -9999.0  -9999.0  -9999.0  -9999.0  -9999.0  -9999.0  -9999.0  -9999.0  -9999.0  -9999.0  -9999.0  -9999.0  -9999.0  -9999.0  -9999.0  -9999.0  -9999.0  -9999.0  -9999.0  -9999.0  -9999.0  -9999.0  -9999.0  -9999.0  -9999.0  -9999.0  -9999.0  -9999.0  -9999.0  -9999.0  -9999.0  -9999.0  -9999.0  -9999.0  -9999.0  -9999.0  -9999.0  -9999.0  -9999.0  -9999.0  -9999.0  -9999.0  -9999.0  -9999.0  -9999.0  -9999.0  -9999.0  -9999.0
-9999.0  -9999.0  -9999.0  -9999.0  -9999.0  -9999.0  2.40067488977  3.55731076593  8.09088672299  11.3750865959  1.04559364005  1.07730160051  1.03648974432  3.05125847508  22.9828152375  0.945663322368  21.7037450875  25.6107397666  3.05880267077  1.96713655363  8.18861393939  0.998178360342  6.36303425316  2.0012334789  1.00590393945  1.96468615547  2.15707439111  1.08890631579  1.109800604  1.09647158767  1.11887856823  2.24308703489  -9999.0  -9999.0  -9999.0  -9999.0  -9999.0  -9999.0  -9999.0  -9999.0  -9999.0  -9999.0  -9999.0  -9999.0  -9999.0  -9999.0  -9999.0  -9999.0  -9999.0  -9999.0  -9999.0  -9999.0  -9999.0  -9999.0  -9999.0  -9999.0  -9999.0  -9999.0  -9999.0  -9999.0  -9999.0  -9999.0  -9999.0  -9999.0  -9999.0  -9999.0  -9999.0  -9999.0  -9999.0  -9999.0  -9999.0  -9999.0  -9999.0  -9999.0  -9999.0  -9999.0  -9999.0  -9999.0  -9999.0  -9999.0
-9999.0  -9999.0  -9999.0  -9999.0  -9999.0  1.24844478578  2.45247825109  1.19454711511  2.33748043702  12.5262838335  14.6903106589  16.8526068712  53.253833204  1.01323897798  23.9819898981  84.9618552404  85.7103997786  112.62349616  0.835597554919  2.91614480081  9.14517229654  0.952106533494  17.4949456795  10.1512346348  6.17702206753  5.15756610577  1.05703386192  3.24720038305  3.27041714042  2.1820931732  1.06397199258  3.328637079  1.05226615784  1.04519499189  -9999.0  -9999.0  -9999.0  -9999.0  -9999.0  -9999.0  -9999.0  -9999.0  -9999.0  -9999.0  -9999.0  -9999.0  -9999.0  -9999.0  -9999.0  -9999.0  -9999.0  -9999.0  -9999.0  -9999.0  -9999.0  -9999.0  -9999.0  -9999.0  -9999.0  -9999.0  -9999.0  -9999.0  -9999.0  -9999.0  -9999.0  -9999.0  -9999.0  -9999.0  -9999.0  -9999.0  -9999.0  -9999.0  -9999.0  -9999.0  -9999.0  -9999.0  -9999.0  -9999.0  -9999.0  -9999.0
-9999.0  -9999.0  -9999.0  -9999.0  -9999.0  1.259856152  3.70709498434  7.37150319493  8.53248515252  16.9567193417  18.0742059195  21.5121399621  35.3924503869  56.1711637337  58.1829868107  59.1130741938  1.77932810187  115.825864965  117.525738496  122.303532361  152.774394824  20.3796399833  18.4846300739  7.1619596837  0.980625917218  6.22336830074  4.22639508793  0.954026620142  4.26557809309  0.97314019569  2.05548761838  5.39547982481  6.40971257407  2.05378702661  0.993343443155  0.995925689575  -9999.0  -9999.0  -9999.0  -9999.0  0.4989409416  0.426358069122  -9999.0  -9999.0  -9999.0  -9999.0  -9999.0  -9999.0  -9999.0  -9999.0  -9999.0  -9999.0  -9999.0  -9999.0  -9999.0  -9999.0  -9999.0  -9999.0  -9999.0  -9999.0  -9999.0  -9999.0  -9999.0  -9999.0  -9999.0  -9999.0  -9999.0  -9999.0  -9999.0  -9999.0  -9999.0  -9999.0  -9999.0  -9999.0  -9999.0  -9999.0  -9999.0  -9999.0  -9999.0  -9999.0
-9999.0  -9999.0  -9999.0  -9999.0  -9999.0  1.24058093359  1.20454788894  4.91925434778  6.08892047873  7.28108940502  1.15935294686  2.30622237295  13.0700648187  2.32753604965  1.10033612128  1.03804851766  0.950819576124  1.06645281583  1.05534901603  1.01328790784  153.746945639  156.581901216  0.94576305498  2.89497516193  1.95657834815  7.1798878443  1.92512513446  0.937839086812  5.26819052578  1.92322830467  4.66376438957  11.3045010021  10.453766774  3.03968638397  2.94609660306  1.00699379986  0.995462355821  -9999.0  -9999.0  0.996782312121  1.17011510742  2.47968971249  0.442212094613  -9999.0  -9999.0  -9999.0  -9999.0  -9999.0  -9999.0  -9999.0  -9999.0  -9999.0  -9999.0  -9999.0  -9999.0  -9999.0  -9999.0  -9999.0  -9999.0  -9999.0  -9999.0  -9999.0  -9999.0  -9999.0  -9999.0  -9999.0  -9999.0  -9999.0  -9999.0  -9999.0  -9999.0  -9999.0  -9999.0  -9999.0  -9999.0  -9999.0  -9999.0  -9999.0  -9999.0  -9999.0
-9999.0  -9999.0  -9999.0  -9999.0  -9999.0  -9999.0  1.26762177565  1.25910190968  2.4726945307  3.68768886432  8.44456108315  10.8015817222  11.9902744097  1.23695297438  1.0336906077  13.3630716095  16.4366966934  17.4264173358  21.4988910884  22.4702320032  0.960377819408  157.540276212  162.328976525  3.84343663095  0.904924510623  8.10496343592  18.0065649371  7.09769852813  1.84048282395  0.930007428372  17.7778850878  12.2399335014  0.907592272541  0.915735333914  3.86893215224  2.9504007933  0.940189131438  0.902301803181  0.960831244536  1.94523195032  0.930781963685  3.00075912973  3.88225816974  0.822712442707  -9999.0  -9999.0  -9999.0  -9999.0  0.869333263248  0.830796491408  0.262229632925  -9999.0  -9999.0  -9999.0  -9999.0  -9999.0  -9999.0  -9999.0  -9999.0  -9999.0  -9999.0  -9999.0  -9999.0  -9999.0  -9999.0  -9999.0  -9999.0  -9999.0  -9999.0  -9999.0  -9999.0  -9999.0  -9999.0  -9999.0  -9999.0  -9999.0  -9999.0  -9999.0  -9999.0  -9999.0
-9999.0  -9999.0  -9999.0  -9999.0  -9999.0  -9999.0  -9999.0  1.2561686083  1.18244520568  2.40454343225  3.60366887642  1.18643528455  1.15180166287  6.95009718264  9.11428581695  11.3131455322  1.04309232648  2.09013412922  1.02358452251  23.4504803066  50.8942197246  51.4035505814  215.373032959  0.946664804826  2.68536925497  0.875350630154  18.9087492252  0.906478528135  2.77899466802  0.917919913257  18.6805319302  19.5809526559  1.82158737623  1.82612395582  9.67044579723  4.84786439106  1.85199662434  0.943432156741  1.9206423324  2.89602982168  4.7183142744  0.880872890417  5.40727540318  6.01684586886  0.527086234392  0.565618243259  0.590748539513  0.528640546372  0.492627738142  2.3482104005  0.96031043611  0.602302006225  -9999.0  -9999.0  -9999.0  -9999.0  -9999.0  -9999.0  -9999.0  -9999.0  -9999.0  -9999.0  -9999.0  -9999.0  -9999.0  -9999.0  -9999.0  -9999.0  -9999.0  -9999.0  -9999.0  -9999.0  -9999.0  -9999.0  -9999.0  -9999.0  -9999.0  -9999.0  -9999.0  -9999.0
-9999.0  -9999.0  -9999.0  -9999.0  -9999.0  -9999.0  -9999.0  -9999.0  2.44237249883  3.60301224198  1.18880868299  2.3945447594  3.53774301342  5.86368094665  1.15133254489  1.13068655078  1.02966940337  1.04038385245  0.980155980176  25.4669764725  1.03761783534  2.05036048811  217.9639786  219.591669424  0.730549202604  4.17412152844  23.9452367709  1.7930294811  3.6220234122  1.70983733583  2.54254221785  23.0604396208  2.65759572425  14.0667770315  11.4185601822  0.892562155112  4.59696622827  1.8504586629  2.81481114661  0.891921273156  5.56702031873  7.14522579583  7.64698185719  8.11940063078  7.96103902397  0.982003487661  1.03479196308  0.935318658766  0.861769880703  2.85965472591  0.584047735809  2.1574311613  2.68584836001  -9999.0  -9999.0  -9999.0  -9999.0  -9999.0  -9999.0  -9999.0  -9999.0  -9999.0  -9999.0  -9999.0  -9999.0  -9999.0  -9999.0  -9999.0  -9999.0  -9999.0  -9999.0  -9999.0  -9999.0  -9999.0  -9999.0  -9999.0  -9999.0  -9999.0  -9999.0  -9999.0
-9999.0  -9999.0  -9999.0  -9999.0  -9999.0  -9999.0  -9999.0  -9999.0  1.23607472499  6.05208660911  7.22460937836  1.17462080389  2.31310454866  1.1383028658  1.09201182178  1.07847467159  13.1839842855  17.4953454163  21.3094718635  24.9281959977  0.899618208904  1.02370680523  1.03653358942  223.594940802  225.078988297  225.71772063  31.9347438374  7.18411517251  6.2661225879  0.793090079718  3.31416816627  27.1851775346  0.780806711352  14.8781760182  0.876319230679  5.97115727497  5.51459389144  0.899021064351  3.70570971323  1.77971570341  2.64511369812  0.714969815904  0.468704946476  8.58504832259  8.99761974115  8.37240884832  1.47503893693  1.35159657575  1.26852981936  3.49004079756  4.67367207676  0.591132632447  3.26603637034  0.663872930329  1.24225078089  0.593250224409  -9999.0  -9999.0  -9999.0  -9999.0  -9999.0  -9999.0  -9999.0  -9999.0  -9999.0  -9999.0  -9999.0  -9999.0  -9999.0  -9999.0  -9999.0  -9999.0  -9999.0  -9999.0  -9999.0  -9999.0  -9999.0  -9999.0  -9999.0  -9999.0
-9999.0  -9999.0  -9999.0  -9999.0  -9999.0  -9999.0  -9999.0  -9999.0  -9999.0  1.23799240662  8.41965447371  9.58344538844  3.45873674543  5.72855350359  7.90015314249  8.98061573876  1.08968416103  3.28343003891  2.18662751343  1.10142014356  1.09600854367  1.03736966661  2.06386613649  3.42316479912  0.97354822322  259.287449895  259.973743946  0.654584806063  0.63441382048  1.62239502915  2.42081721972  29.5310396116  1.55541898188  15.5857232564  9.19623156947  7.55854317816  0.855312110756  1.74231083059  4.52491856105  0.818242341702  3.43415740051  1.47800126622  0.871012495419  0.453920853706  10.3015733626  18.9957953896  1.76022858961  1.6484975232  1.71950558217  0.482711525699  5.14650377393  0.460635555305  4.34041123676  0.568999286216  1.80493608387  2.72625028308  0.246627425683  0.257030918705  0.349029323592  0.39823166918  0.214412853093  -9999.0  -9999.0  0.145011869463  0.135804940896  -9999.0  -9999.0  -9999.0  -9999.0  -9999.0  -9999.0  -9999.0  -9999.0  -9999.0  -9999.0  -9999.0  -9999.0  -9999.0  -9999.0  -9999.0
-9999.0  -9999.0  -9999.0  -9999.0  -9999.0  -9999.0  -9999.0  -9999.0  -9999.0  -9999.0  1.15461595745  11.9041293304  1.14307435095  2.27494463563  3.33451568489  5.44921064461  1.07481651915  2.19071585068  1.09108709297  1.05011947418  1.01291086922  2.00815701727  0.925512818736  0.977074785234  1.77365870343  0.93666282375  260.658221976  261.913497335  263.908404871  3.11658565189  0.815237358487  1.62695858309  30.3528703637  28.6331409716  10.8644591126  0.830499751289  3.43267181716  2.58497098647  5.34552303964  1.63592786363  6.48407177961  2.24910869656  1.4661515015  0.432154282778  0.483504641184  19.4560412745  19.8452988109  23.5935805724  3.25145333333  1.01596632861  5.6560804935  6.61689280331  11.3937824193  1.09287692287  0.523944816806  3.03328057496  3.52297318868  0.243413518838  0.468257282332  0.95905446833  0.42297958782  0.209157023777  0.204573738137  0.317007229935  0.293551713232  0.140339755239  -9999.0  -9999.0  -9999.0  -9999.0  -9999.0  -9999.0  -9999.0  -9999.0  -9999.0  -9999.0  -9999.0  -9999.0  -9999.0  -9999.0
-9999.0  -9999.0  -9999.0  -9999.0  -9999.0  -9999.0  -9999.0  -9999.0  -9999.0  -9999.0  -9999.0  0.651320574064  13.3564383473  1.13482077801  2.18330919796  9.73377141467  1.07055089576  1.06570884573  0.999733561079  2.08219757312  1.02615165751  4.05156541646  5.92248001431  6.79942322929  2.57380766848  3.15218026045  0.625335028551  0.841971178066  0.700095440719  268.357991841  270.698139367  31.0574233007  30.0126304509  29.3347424508  1.42395537004  0.687936242702  4.20411805838  11.0896248066  6.11501954885  2.39917672272  9.59304581662  3.69249767045  3.02202350555  0.916963994547  0.357364833001  0.31551612055  0.306205873651  25.209792254  29.7953182959  0.499056177938  0.419850192331  0.512192847685  11.8989251522  13.4788733331  0.958299696051  0.423735001639  3.77271762388  0.473372306186  1.16399659077  2.35162419721  2.97476956613  3.37065128314  0.857833489786  0.487284130735  0.466476488467  0.314194790469  0.157461638811  -9999.0  -9999.0  -9999.0  -9999.0  -9999.0  -9999.0  -9999.0  -9999.0  -9999.0  -9999.0  -9999.0  -9999.0  -9999.0
-9999.0  -9999.0  -9999.0  -9999.0  -9999.0  -9999.0  -9999.0  -9999.0  -9999.0  -9999.0  -9999.0  0.608336667027  14.8288055623  18.212561227  1.05714432192  11.8418943703  1.01814932057  0.997068423617  2.01635474434  5.12398457292  1.01195722335  1.03824585016  0.931384888678  8.63497432418  9.51401025186  13.5959248991  15.0443924526  15.8408012055  16.4467040365  17.0927982128  288.352265556  320.57382733  351.590018213  351.930111576  0.545523184391  0.711571625502  12.6363981908  11.8664759074  0.760773025656  0.759728174366  10.365923432  14.7687252946  0.614095983562  7.15556733524  6.5312045967  1.82176553346  0.754650279408  1.24529589177  0.454331648956  30.5104103181  0.354265621201  1.27616038679  1.54736657664  16.1936247554  17.6194716898  18.4934780885  22.6823047258  0.390405754699  0.308054446199  0.260643116612  0.222739535608  3.81228913712  4.84502412091  0.18426359107  1.13410035005  0.487968096591  0.276224980891  0.104326076613  0.0967041948905  -9999.0  -9999.0  -9999.0  -9999.0  -9999.0  -9999.0  -9999.0  -9999.0  -9999.0  -9999.0  -9999.0
-9999.0  -9999.0  -9999.0  -9999.0  -9999.0  -9999.0  -9999.0  -9999.0  -9999.0  -9999.0  -9999.0  1.19485378905  2.31023852785  19.3141566855  21.3575633196  1.02232132647  13.5204338978  0.910332981204  2.82863466218  6.07473725119  1.97572694129  0.961874171458  1.93820331645  0.835402085717  1.65182485183  0.847555861881  0.824393139739  0.804363954107  0.768611952092  0.719066252383  0.605131255578  0.665705863842  0.717801990735  0.676650911557  353.498913681  14.4233985892  13.3206410044  0.335594893664  2.14426668625  0.534377998284  0.507732383454  15.4137501347  24.5032026274  7.83537344146  5.67090816956  1.09543726327  0.42026282982  0.384316004402  0.751616111559  31.6270623056  32.2545684386  0.327442027445  0.3333043876  0.370635351765  0.459425848504  0.881620204694  24.0252750376  24.8041219942  25.4943808989  0.647165474537  0.367594687097  0.288342103057  5.06134197352  5.41596603865  1.28306507472  0.146330705179  0.394893666404  0.195057023626  0.183789496867  -9999.0  -9999.0  -9999.0  -9999.0  -9999.0  -9999.0  -9999.0  -9999.0  -9999.0  -9999.0  -9999.0
-9999.0  -9999.0  -9999.0  -9999.0  -9999.0  -9999.0  -9999.0  -9999.0  -9999.0  -9999.0  -9999.0  -9999.0  1.09118918132  14.0434530705  36.4560987572  39.6301135387  54.0648390782  54.7249025945  13.4300490533  9.99214179541  2.94918447134  0.955356513009  3.81923256999  4.72915699016  7.23703166395  1.71711206178  1.65563038298  1.64398392781  3.22704650124  1.52552507809  1.3911126116  0.78207486773  0.689039502608  0.574933532473  353.950189548  368.817440927  369.262753934  0.310233983083  5.24672053116  2.44503384129  0.707076143398  26.5821710402  1.45437578784  0.747636068212  3.14915787798  0.738439615713  0.491587714488  0.883180091079  1.19926212948  1.54384705873  32.7950282586  0.246214815643  0.214942927848  0.213445821118  0.182384187929  0.259039450155  0.695232421608  0.921218498646  26.9635070284  29.4910034459  1.48913704592  0.703006999553  0.390964862569  0.24484227349  7.13096815824  9.21527591784  1.78400492155  0.867317418408  0.515858687652  -9999.0  -9999.0  -9999.0  -9999.0  -9999.0  -9999.0  -9999.0  -9999.0  -9999.0  -9999.0  -9999.0
-9999.0  -9999.0  -9999.0  -9999.0  -9999.0  -9999.0  -9999.0  -9999.0  -9999.0  -9999.0  -9999.0  1.15033121877  10.6650763014  12.9485413324  2.14103433463  0.680748474185  1.59317764556  57.2890581459  58.0237172405  72.0898990541  0.889837820213  1.84025050439  0.840706203844  0.849214443877  8.06336027169  10.6055965964  13.0529974105  0.777629854385  3.99638836901  6.2819914762  3.61764431552  1.50910198725  1.36607735575  1.23510733801  1.05098707638  0.399982010896  369.512131258  369.702446061  375.333499869  1.096088556  0.596986834849  26.9162442679  1.57372976006  0.794837855003  0.832525976091  0.826823281481  0.743670737179  1.25538734357  3.4433800535  5.34052735601  38.3936927198  0.18304989604  0.555991764947  0.376623001185  0.331010472426  0.159588837107  0.20593219818  0.274398025404  0.202964923737  29.8234379166  0.151384971369  0.559072096848  0.325393688091  0.21831804407  0.143265603701  9.36624176143  0.362271004442  0.169711028124  0.203007187922  0.0914563961115  -9999.0  -9999.0  -9999.0  -9999.0  -9999.0  -9999.0  -9999.0  -9999.0  -9999.0  -9999.0
-9999.0  -9999.0  -9999.0  -9999.0  -9999.0  -9999.0  -9999.0  -9999.0  -9999.0  -9999.0  -9999.0  1.16788127436  7.28689488465  1.15846846201  1.06268352119  5.38199007854  6.34552987434  7.32639548795  8.26824257062  97.7225630688  98.5637180424  100.326540097  112.738535098  115.220184399  116.642667859  117.480499952  132.330987688  134.467271964  135.247066254  142.358587118  146.761542846  147.490700639  150.283629267  1.91603225142  1.70234203314  0.406241024651  0.245383504436  369.942176242  376.956292774  1.45177783628  30.6367955946  30.1367262959  2.91376046092  0.706599712332  0.706571739674  0.674821014192  0.666487237934  1.32968939574  1.83556824767  0.450896627054  38.6356002162  38.8856652915  40.033489774  40.2364293057  40.7558128977  41.0915849609  0.140347090212  0.194370876592  0.186961634669  30.0345679923  30.3600962649  31.1026606848  31.9569204026  0.384291047391  10.0655851161  9.70299874032  0.16622738764  3.23131017653  3.12042588298  0.246150869636  0.147800139852  -9999.0  -9999.0  -9999.0  -9999.0  -9999.0  -9999.0  -9999.0  -9999.0  -9999.0
-9999.0  -9999.0  -9999.0  -9999.0  -9999.0  -9999.0  -9999.0  -9999.0  -9999.0  -9999.0  -9999.0  3.71736462694  4.9275367651  2.34754131203  3.46412940483  1.10634181665  12.4793420954  13.4797230282  15.4613042635  16.4187660373  6.66537069182  108.360889162  109.173803412  0.769094453353  0.585089663994  0.579280362141  1.22374955914  0.70053408631  0.627110437737  0.642574397229  0.627713247175  148.24060487  151.007471831  153.518915574  155.730010723  156.855622635  0.443410712236  0.131612257884  408.507828961  31.3852191177  31.1519641998  0.623870251524  0.558814287212  0.472216420521  1.18083998032  1.1518571365  0.532718625905  0.551181391344  0.504732489257  0.954165647288  1.23240475575  0.179802579724  0.338780819971  0.155943098367  0.157181969103  41.2458630915  41.5579833767  41.9524190329  42.3495943621  42.5547084426  42.9109791937  43.0655763893  0.144808651858  32.4179836211  0.272451207767  13.6905131223  3.45213494866  0.2346095666  2.78580304586  2.41505813452  0.166446587333  -9999.0  -9999.0  -9999.0  -9999.0  -9999.0  -9999.0  -9999.0  -9999.0  -9999.0
-9999.0  -9999.0  -9999.0  -9999.0  -9999.0  -9999.0  -9999.0  -9999.0  -9999.0  -9999.0  -9999.0  -9999.0  2.50837113719  1.19626405538  1.12816242029  10.4801249314  11.4949132145  1.02519076506  4.01013254948  4.97528308019  5.89338905087  0.968121878437  0.702344969305  16.5027422317  17.0680861654  17.6310277344  44.1817798006  44.6902780497  45.7842988227  50.0412741896  53.0092215  53.5320552685  0.601879636089  0.621395681865  0.532987473961  157.172857321  0.160810144525  413.099987278  412.885730962  4.21050676598  3.90819827616  2.34441185033  0.584225541609  0.969750949118  1.66709788633  1.63880543231  1.0224451469  0.531218614446  1.02467990518  1.02771953555  1.68665159859  0.307411077506  0.658513592572  1.05578123369  1.37531595976  1.55502431314  0.169332068737  0.170331821025  0.164879306077  0.166844683427  0.181212099304  43.2738238136  43.5756812024  76.2111409388  76.3650096533  14.9778615826  1.04103825074  0.642588008363  0.202832647203  2.11010582675  1.97029438434  -9999.0  -9999.0  -9999.0  -9999.0  -9999.0  -9999.0  -9999.0  -9999.0  -9999.0
-9999.0  -9999.0  -9999.0  -9999.0  -9999.0  -9999.0  -9999.0  -9999.0  -9999.0  -9999.0  -9999.0  -9999.0  1.28071255148  3.66760966695  4.81230234286  8.25911397411  1.02310311938  2.06817847819  3.05687446163  11.8672323019  12.7961152808  13.6868379296  14.489130666  15.2126128005  22.6668701488  24.796001483  26.0596173053  0.588947756757  3.25908797629  3.82272885225  51.3679741153  54.0186774292  55.2907173583  56.6137926936  57.5413665165  214.869716732  0.114326927046  413.869994471  0.524090304694  0.283315664231  3.33869274291  2.86179069723  0.478855990014  1.45223140456  2.14807077018  2.09069373796  1.42526192411  2.35344910569  3.74266641897  1.45148281606  3.52911006089  0.353362656752  0.581878392426  0.100453192438  0.0738865155194  1.81413359713  1.89575693596  0.278969811462  0.294749478737  0.445949470981  0.147500619896  0.14376032332  0.107897490189  102.186575752  102.058289617  25.3837371784  0.347486503827  1.5615467892  1.20028360693  0.756033031818  1.8594741059  1.39191756968  -9999.0  -9999.0  -9999.0  -9999.0  -9999.0  -9999.0  -9999.0  -9999.0
-9999.0  -9999.0  -9999.0  -9999.0  -9999.0  -9999.0  -9999.0  -9999.0  -9999.0  -9999.0  -9999.0  -9999.0  1.22927454988  2.44832129699  1.15678259329  2.31793144923  1.0531590588  7.87507544753  9.87206617325  10.8933241616  0.948001464747  1.88469746025  17.0879790408  21.3021126233  22.0514098378  1.4176968391  1.49836463496  2.26360675314  0.503773121516  0.464907153412  0.865708482581  0.348960857258  23.6966508231  24.1403094822  24.3467404762  215.170938862  416.084828232  414.118618671  0.4210680093  0.215148413113  0.194579700409  1.02873560093  0.833241911693  1.92525753259  2.61205836597  5.17918135759  0.470333626645  0.467312580622  4.17756421587  4.63051165556  8.91073011381  9.11868485011  9.79537528147  9.97632172391  0.15603595514  0.237132466389  1.94994997627  106.837358349  104.558838618  104.070811118  103.410486671  0.0972550973162  102.786662971  0.176533009589  0.15839515561  9.82910125935  2.55092930389  2.38908294193  0.450381624596  0.486885153724  0.326251262685  1.24596791127  -9999.0  -9999.0  -9999.0  -9999.0  -9999.0  -9999.0  -9999.0  -9999.0
-9999.0  -9999.0  -9999.0  -9999.0  -9999.0  -9999.0  -9999.0  -9999.0  -9999.0  -9999.0  -9999.0  -9999.0  -9999.0  1.19547370742  2.37872408215  3.56369225148  5.72611918121  1.10015357857  1.01490064136  6.47814706383  7.42304610785  15.2800888384  16.2220722339  2.6651685984  0.848519847573  0.703214258004  0.641121816299  21.2059917128  21.6715382772  22.1595412975  22.563725066  23.2920602123  4.42267240638  4.63839042301  29.1826443189  660.611002247  1.53683527293  1.12572066367  0.613747262339  0.166792193123  0.154587195672  1.38016180902  1.48617769434  2.254260636  0.180434974182  5.43931850695  0.830056488176  0.819409758604  0.17802621896  0.101148695358  0.0777991286163  0.0617662582086  0.0773612910006  10.0612453549  124.627825843  114.110621606  113.825874859  106.897135214  0.0994276500798  0.0697513456798  0.122388781944  102.889130042  0.225572740304  0.109932863387  0.0991548089174  0.0979188232537  6.95093109818  6.7413421777  0.827610440149  0.424056208026  0.508437592414  0.508261969947  -9999.0  -9999.0  -9999.0  -9999.0  -9999.0  -9999.0  -9999.0  -9999.0
-9999.0  -9999.0  -9999.0  -9999.0  -9999.0  -9999.0  -9999.0  -9999.0  -9999.0  -9999.0  -9999.0  -9999.0  -9999.0  -9999.0  1.15023161783  1.99888752593  2.72360720169  3.44359008478  4.45440889193  5.48511904568  2.9900817975  4.99496828873  0.946929335423  0.916198659877  17.459724396  19.1578698436  19.9297678248  20.6992141599  0.523976284769  0.96633106209  2.71115483056  3.41112857662  3.99233491277  0.288737628718  0.121906644012  661.313657622  0.347736727355  0.334948976606  0.187619995047  0.718846947411  0.327781477319  0.147716097319  3.86067014122  3.93747887843  0.0729350874049  5.51410665559  6.44135398841  0.948918417704  128.293397023  128.033523289  127.845927418  127.53514782  127.419018249  125.402045334  125.309743546  0.233894792158  6.8888468039  6.50046076647  6.1421853106  6.0467530036  3.2228137333  3.12693306253  2.91437844205  0.594410308978  0.514950089776  0.330115558925  0.102112632969  6.45269349625  5.77075210153  0.393386308041  0.649410080859  0.275438203057  -9999.0  -9999.0  -9999.0  -9999.0  -9999.0  -9999.0  -9999.0  -9999.0
-9999.0  -9999.0  -9999.0  -9999.0  -9999.0  -9999.0  -9999.0  -9999.0  -9999.0  -9999.0  -9999.0  -9999.0  -9999.0  -9999.0  0.187867142831  0.424300060016  0.724823802457  6.4656684568  7.50042307701  1.04440719203  0.994710008461  1.00551598352  13.8523111968  15.7524543156  0.902472354659  0.91128546416  0.752390422194  3.1679599733  3.93506314198  1.70537877072  2.28354300013  17.9928841709  18.6102838095  19.3367941535  30.2625046695  691.766414668  0.332765885253  0.134477066848  1.11005165383  0.93066232768  0.103367824916  0.362168505586  0.463737107943  4.03318925706  4.10529498252  10.7380050173  6.49234746868  1.08232751575  130.408322804  0.597609112735  127.689263765  127.615554318  1.89678711548  0.0776421663451  0.528932261197  0.350630311913  0.178074216977  0.279700402222  0.139387467588  2.7346950244  2.31700383541  0.139188111977  2.25068891302  0.210715175846  0.111945567317  0.240895571608  0.11396023302  0.485986239176  4.47496604294  3.67502142868  0.277640146862  0.304100312461  0.139581031146  -9999.0  -9999.0  -9999.0  -9999.0  -9999.0  -9999.0  -9999.0
-9999.0  -9999.0  -9999.0  -9999.0  -9999.0  -9999.0  -9999.0  -9999.0  -9999.0  -9999.0  -9999.0  -9999.0  -9999.0  -9999.0  0.919165953642  1.52312286959  3.21357137385  5.55641842445  8.12038098126  9.98868120414  10.9886947708  11.9935966922  12.9539905481  0.936061585924  0.836074609029  1.65812278752  1.56266328015  0.832266253196  15.5361071698  16.2883242136  16.9673619703  17.614858417  9.96808871213  10.4684685725  10.7985753762  691.936897498  0.566345535905  0.466789562763  1.76213359634  0.223114804813  0.188480200048  0.0924900818711  0.0962992710855  0.548671197551  0.0622640437375  0.0642323930402  141.481553485  130.693737329  130.630081074  0.246571680154  0.522377560736  0.34944797229  0.0882633082675  1.76384973611  0.519046764709  0.424221714585  0.324539946231  0.227742657669  0.128726709926  0.305139367454  2.19441340895  1.85837480254  1.53692834658  1.92569705008  1.81968359488  1.7442243827  0.0848355744138  0.235010811411  0.329512707418  2.705790922  2.00777734921  1.0235408256  0.112286892618  -9999.0  -9999.0  -9999.0  -9999.0  -9999.0  -9999.0  -9999.0
-9999.0  -9999.0  -9999.0  -9999.0  -9999.0  -9999.0  -9999.0  -9999.0  -9999.0  -9999.0  -9999.0  -9999.0  -9999.0  -9999.0  0.634283420611  0.601291522162  1.18476342688  1.78080579972  0.987653186018  1.14133233244  2.17072111158  3.18718219897  5.10914732914  6.05436103172  6.8437272851  9.31927426218  10.042037851  10.8766908457  0.750574539608  7.46735784713  8.11868459207  8.792537208  0.595852700755  0.383280669402  0.648732696194  703.267504373  703.426892937  704.317047313  2.41679370058  0.474163254228  0.34473013919  0.0936559978339  0.168246339519  0.620895240301  0.742780523357  0.115293209799  141.7408148  0.070205512984  0.125232408159  0.145841837145  0.0921788465411  0.196027809034  0.0801538635586  1.14568357724  0.940509134789  0.717107819797  0.376753774132  0.264354647529  0.147664715566  0.172578704155  0.199245800012  0.201893995233  1.41190061637  1.09647518681  0.790688003849  0.482974153166  1.66527405076  1.29520443885  0.239483477348  0.360075419358  0.357193517902  0.527248515302  0.220547408724  -9999.0  -9999.0  -9999.0  -9999.0  -9999.0  -9999.0  -9999.0
-9999.0  -9999.0  -9999.0  -9999.0  -9999.0  -9999.0  -9999.0  -9999.0  -9999.0  -9999.0  -9999.0  -9999.0  -9999.0  -9999.0  -9999.0  0.581171977173  1.13622344785  0.53972853476  1.14115301077  7.06465195338  7.92440441751  8.89657501671  0.952168631906  0.952249787219  1.75361405053  2.5955744673  3.98536869865  4.76265677446  5.2734663602  6.00181767067  0.595572479211  0.59567738874  9.64679323039  10.0515447818  10.2902910924  10.5044599394  8.17961772266  713.329929959  716.925920086  717.118850778  717.630542907  718.283856498  718.49923195  0.0548141916433  0.799011548193  141.788047373  0.109423116907  0.0559354286563  0.052196745634  0.0522059701625  0.0996040960887  0.118790971537  0.0682053173223  0.105493602741  0.109248495292  0.241113371559  0.11799835027  0.093489998628  0.346751104777  0.24666475308  0.13345221394  0.130923991989  0.143640005813  0.153174199393  0.172065839631  0.337478827448  0.369671341124  0.592831288718  0.178511095685  0.520484988919  0.173383617888  0.193577612698  -9999.0  -9999.0  -9999.0  -9999.0  -9999.0  -9999.0  -9999.0  -9999.0
-9999.0  -9999.0  -9999.0  -9999.0  -9999.0  -9999.0  -9999.0  -9999.0  -9999.0  -9999.0  -9999.0  -9999.0  -9999.0  -9999.0  -9999.0  -9999.0  1.68016774555  2.24061640473  3.90537443095  5.25380726477  0.735984248983  10.6793934334  11.5895434798  12.4344423091  0.794169168673  1.56228272219  0.64449942378  5.14393561961  5.58880248071  6.29325657045  7.05633023963  8.77894108474  9.13085101178  0.217881230798  7.4061143243  7.81212323299  7.9858464984  8.8419565166  1.00960697629  0.609115186351  0.357278402931  0.303725922527  718.749184835  718.809963625  720.021285012  141.827837897  0.303041208821  0.156390251606  0.101550072254  0.0413632897789  0.342410953757  0.191675692521  0.0601651443526  0.347416383701  0.295293944784  0.0575930813035  0.694840726389  0.624084441975  0.447605277579  0.0929415846046  0.291261422002  0.213302902941  0.0857218858045  0.309934464038  0.223815023108  0.356635020581  0.339449365433  0.166143022495  0.327403549309  1.9619977473  0.962850670611  0.608572785791  0.225949132708  -9999.0  -9999.0  -9999.0  -9999.0  -9999.0  -9999.0  -9999.0
-9999.0  -9999.0  -9999.0  -9999.0  -9999.0  -9999.0  -9999.0  -9999.0  -9999.0  -9999.0  -9999.0  -9999.0  -9999.0  -9999.0  -9999.0  -9999.0  0.56302804863  2.79512189964  3.37938993222  0.788946364148  0.997049363686  2.0319342135  2.98631535506  16.3026547935  0.799337877849  3.19177388269  3.8727235656  4.53479932703  0.495615121632  1.13660880614  1.53449740002  5.85281320954  6.61094165876  6.78815345021  0.204961580883  0.216399887554  0.269501955389  0.483108330876  0.228269942206  0.242578934746  0.252947315576  0.247353294377  0.214317043746  0.372430494646  720.085295234  862.070052278  0.367904315971  0.146625628589  0.0398869538997  1.11420547284  1.02511690757  0.624383111945  0.566284050298  0.432144019935  0.101928799713  0.0771924576884  0.765498436423  0.338798803315  0.263873195357  0.0831428071891  0.364701793966  0.727274550459  0.643237751508  0.428238406277  0.226996160639  0.940065849731  0.674604018204  0.283424959213  2.36506585545  2.26842240261  0.168603297058  0.157292803648  0.138278676108  0.129043915781  -9999.0  -9999.0  -9999.0  -9999.0  -9999.0  -9999.0
-9999.0  -9999.0  -9999.0  -9999.0  -9999.0  -9999.0  -9999.0  -9999.0  -9999.0  -9999.0  -9999.0  -9999.0  -9999.0  -9999.0  -9999.0  0.496381754057  1.5492066635  0.498015387675  0.936110097724  1.05345184258  2.02518138056  3.00434898217  3.76466602415  20.5718458615  21.3058131133  0.755682643088  1.41329903954  2.08551809577  2.60229192393  3.2124357323  5.28881479432  5.62967547514  0.525871567125  0.330407742058  0.221767305431  0.104759858119  0.245176367082  0.268616638173  0.355871830706  0.453423200002  0.749476904245  0.314198262568  0.0509469120893  0.0486129368937  0.0553381296848  0.105764223705  865.568825269  3.00276566532  1.28063516826  0.0749309290839  0.0336811439372  0.0320160027962  0.131776721106  0.0970658743534  0.0530521920418  0.052589875644  0.885969940392  1.31322520075  1.44546676835  0.0609639129445  1.24442360628  0.820541227218  0.103305179007  0.0892972840027  0.165568310435  1.80587400134  0.778754214936  0.361202343635  2.44339986862  0.0812172932493  0.0911284721241  0.534921558798  0.268815358664  0.442566475962  0.180989417625  -9999.0  -9999.0  -9999.0  -9999.0  -9999.0
-9999.0  -9999.0  -9999.0  -9999.0  -9999.0  -9999.0  -9999.0  -9999.0  -9999.0  -9999.0  -9999.0  -9999.0  -9999.0  -9999.0  0.545112116615  1.00794878596  3.50631627177  0.446211104723  1.61046407653  2.64232736004  3.594232185  0.978656158182  1.83144052856  2.46960853556  24.2282377005  0.710394619345  1.32060641321  1.96440522073  0.635347602854  1.26833633454  1.77941995095  2.13561205552  43.0446055491  43.6143083091  44.1199617275  45.6635428972  46.187934184  47.2606415621  0.494970908018  1.16019628891  0.938134814837  50.658990988  50.7633295339  0.0456596430848  0.0902057674846  0.132870482484  865.600560084  2.70593587711  1.33736194759  1.29659655818  0.947708008805  0.796006683124  0.174480181902  0.0384601706819  0.0874280298728  0.0483209963062  0.0556635169674  0.146577105891  1.54480546088  2.94434644351  1.32890338539  0.290932945604  0.198719951432  0.0943379020668  2.24467604074  1.99580686152  0.0939997101129  3.00270822389  2.52567632734  0.157396080183  0.966060426916  0.626786757512  0.65343789073  0.563161188191  0.117626607981  -9999.0  -9999.0  -9999.0  -9999.0  -9999.0
-9999.0  -9999.0  -9999.0  -9999.0  -9999.0  -9999.0  -9999.0  -9999.0  -9999.0  -9999.0  -9999.0  -9999.0  -9999.0  -9999.0  0.544794181295  1.63966043195  5.66517501709  8.27206594643  0.370729244064  10.5747395169  14.6534301062  0.897724188677  1.71643223983  2.40201437106  30.8366196764  31.2896959556  0.411345116668  2.79669985954  3.22244496371  3.74322243279  39.1847120483  40.1640637676  40.5667943041  0.186303081561  1.09961129617  1.31468958722  0.421257575915  0.572819903367  48.0798590911  49.4574688212  49.5630840283  49.6604976149  50.8733811454  0.0540760111683  0.0480361672446  0.219603661116  865.634532451  0.0480370106882  0.106828449191  0.314717804314  0.12016968957  0.733197987955  0.530201643276  0.30971768325  0.231890816346  0.101177039227  0.0504118555698  0.217072142269  0.0718331955847  3.02695176358  0.438504883712  0.36231642645  0.0659823264522  0.161544884215  2.31914882592  0.0687436965051  0.119485379063  3.09423430506  0.0653897244755  1.10329823379  1.04175010791  0.883402963309  0.814578019282  0.0781039830488  0.30167886717  0.0976156098584  -9999.0  -9999.0  -9999.0  -9999.0
-9999.0  -9999.0  -9999.0  -9999.0  -9999.0  -9999.0  -9999.0  -9999.0  -9999.0  -9999.0  -9999.0  -9999.0  -9999.0  -9999.0  -9999.0  -9999.0  1.08508786052  2.16060794228  9.66562964529  10.1636463034  15.076097942  15.5585563661  0.869105524159  1.73886594189  3.83198531571  31.6104474161  32.4236845773  32.7247217066  0.226867830896  33.9074555632  34.9452409316  0.584503049746  0.184105424045  0.366844974131  0.690248585012  0.160107038577  0.298155159264  0.613945783329  0.733821718169  0.128743465131  0.0842443877105  0.160158091355  51.6204146611  51.923247063  51.9653906312  52.2984562817  865.665850606  0.0320753693291  0.0798358080777  0.0885859331614  0.088056767419  0.0900873269447  0.0802902156107  0.152016006346  0.0266372041496  0.0759020028251  0.048443736034  0.0555966945021  0.345977822437  3.64872272961  4.20564507456  4.29311110555  4.59506112475  0.0703533596726  2.38817662143  0.356757022519  0.218360703238  3.16508820724  3.29854825369  1.16350973496  1.23300602606  0.987107092522  0.548877336123  0.474478597827  0.395693731137  -9999.0  -9999.0  -9999.0  -9999.0  -9999.0
-9999.0  -9999.0  -9999.0  -9999.0  -9999.0  -9999.0  -9999.0  -9999.0  -9999.0  -9999.0  -9999.0  -9999.0  -9999.0  -9999.0  -9999.0  -9999.0  0.557446190077  0.540540623633  0.508270664563  0.974273783236  0.395244347857  16.3557155062  16.7759769208  0.713291385685  1.44450009656  0.546624159873  0.385356152007  0.366984153725  33.4050249418  0.350122444529  0.712873855815  0.302336211074  0.208233884948  0.164117343553  0.119181522044  0.124452472539  0.3780268377  0.520009043077  0.0944213780585  0.0790778901223  0.170393023302  0.28541722495  0.459251702173  0.200669741475  52.0348833794  52.3392820207  865.686277939  0.272927192485  0.209957107574  0.0576876214615  0.137974072655  0.0507498398693  0.041862727089  0.196704762033  0.144260851421  0.0975254866358  0.0255563909125  0.0284519541086  0.0863558772336  0.0498036917673  0.0561132858337  0.0741865207922  0.075869835226  7.69922729053  2.8068722989  0.0598782453611  0.102931331175  0.0495291878013  6.82968935395  3.4775533588  3.4202734556  1.11032213884  0.689119651674  0.061161005253  -9999.0  -9999.0  -9999.0  -9999.0  -9999.0  -9999.0
-9999.0  -9999.0  -9999.0  -9999.0  -9999.0  -9999.0  -9999.0  -9999.0  -9999.0  -9999.0  -9999.0  -9999.0  -9999.0  -9999.0  -9999.0  -9999.0  -9999.0  -9999.0  0.529513386644  1.43845932652  1.81316177132  2.20027776346  17.163072666  17.5829453282  17.9814741369  18.4308098064  18.7845966434  19.5286146767  19.8453527327  20.1783843897  20.4243551099  0.189465109054  0.173707160126  0.173012135732  0.549141853964  0.140674564132  0.131187019738  0.101976717546  0.289617793042  0.105241626405  0.0810399778932  0.0755182088252  0.0657472378148  0.13123702956  0.189839653833  52.714282868  918.697753252  0.0291213460977  0.0575161290488  0.0501257490497  0.193639566188  0.114619387199  0.0841024696296  0.463224040139  0.245280669779  0.0782949810359  0.056444758911  0.145593620516  0.0317354036373  0.123088455819  0.091111521521  0.203700209903  0.0700207055168  0.0842283577276  7.76851905983  7.99253149864  8.5526287269  8.50234548934  8.4367571516  0.0701401096653  1.01604807724  0.940506133693  0.128969668729  -9999.0  -9999.0  -9999.0  -9999.0  -9999.0  -9999.0  -9999.0
-9999.0  -9999.0  -9999.0  -9999.0  -9999.0  -9999.0  -9999.0  -9999.0  -9999.0  -9999.0  -9999.0  -9999.0  -9999.0  -9999.0  -9999.0  -9999.0  -9999.0  -9999.0  -9999.0  0.415811755952  3.41327240824  6.51352063068  6.88890364382  0.654849805414  1.35382594773  2.08413271259  2.59506837455  6.33310304741  6.54331806209  0.199880155485  0.191835309527  20.8827013896  21.2328412833  21.3832490915  0.644804427066  0.0717600201513  0.177015425073  0.264614405182  0.836657648734  1.03277935601  1.1851341372  0.140619760946  0.19693831176  0.0658196565519  0.131079857245  0.0673699850448  918.807642929  0.0217809302639  0.102314914025  0.0751866180429  0.298383703316  0.535033158641  0.635754269369  1.1160545148  0.334704442134  0.31436676119  0.245745035877  0.222594785416  0.0527837666141  0.144021143232  0.250294417089  0.231629743505  0.0311776615833  16.9590272459  16.8742626073  16.8265477655  8.7133695306  0.0962054018502  1.44154150377  1.03514583283  0.677006786555  0.420917542662  0.0739300798837  -9999.0  -9999.0  -9999.0  -9999.0  -9999.0  -9999.0  -9999.0
-9999.0  -9999.0  -9999.0  -9999.0  -9999.0  -9999.0  -9999.0  -9999.0  -9999.0  -9999.0  -9999.0  -9999.0  -9999.0  -9999.0  -9999.0  -9999.0  -9999.0  -9999.0  0.479526534223  1.54983443792  3.01062269245  3.90799010694  9.62137009828  10.145827086  1.52507996849  2.26613622319  2.89438483071  3.38436408088  6.81349071494  7.24267592236  13.3592759448  13.8853964531  14.1627955267  21.5069373312  22.4013768672  0.169441652391  0.113752286369  0.105862406941  0.198088705062  0.0902492959973  1.36713774595  1.43829177403  0.259966625323  0.400434166948  0.123264629907  140.614399702  140.756682283  1059.61177279  1059.73740477  0.0262748046128  0.353611611507  0.0384553620758  0.0334597742912  1.20037174229  1.5648332875  0.296043385067  0.274252612679  0.0497613946341  0.0257187340471  0.169022641771  17.376470724  17.1064216221  17.0795056943  17.0082123836  0.0527658378226  0.0619706897702  0.0745467285449  0.100162280682  0.319955609441  0.214353100039  0.191697124715  0.285300536134  0.0874777694233  -9999.0  -9999.0  -9999.0  -9999.0  -9999.0  -9999.0  -9999.0
-9999.0  -9999.0  -9999.0  -9999.0  -9999.0  -9999.0  -9999.0  -9999.0  -9999.0  -9999.0  -9999.0  -9999.0  -9999.0  -9999.0  -9999.0  -9999.0  -9999.0  -9999.0  -9999.0  0.561554311263  0.540092228893  1.00054084645  2.33547534079  10.5775211905  0.783490587129  0.774631152909  1.33106324685  1.95936908736  4.88375717275  5.29912279591  0.370789210396  0.319908581494  14.3740679562  14.4794300036  37.0333409802  37.1747240237  0.0554265863316  0.0497852607229  0.0424035678634  0.0427173917325  0.0526905058158  138.95258766  139.394238847  139.922269263  140.204869265  140.494065562  0.0758012242234  0.28067758402  0.324747336235  1060.151111  1060.16268332  1060.19210677  1060.28664313  1060.4339017  1.65207191801  0.0228947034863  0.0966339140846  0.0759756156586  0.0199508070692  0.18889054939  17.4612432961  0.0626478312989  0.0375823347411  0.291962154766  0.256215183236  0.208702453007  0.16138707119  0.0953975762194  0.123127259255  0.116620000318  0.0987460184325  0.104411503377  -9999.0  -9999.0  -9999.0  -9999.0  -9999.0  -9999.0  -9999.0  -9999.0
-9999.0  -9999.0  -9999.0  -9999.0  -9999.0  -9999.0  -9999.0  -9999.0  -9999.0  -9999.0  -9999.0  -9999.0  -9999.0  -9999.0  -9999.0  -9999.0  -9999.0  -9999.0  -9999.0  -9999.0  0.479455171843  0.509980928675  0.924347276552  12.3674964282  12.7929111504  0.756185468801  1.31433837736  1.96117380647  2.56085378325  0.54364493776  0.941923392488  30.369533598  30.5137255522  30.7828398709  32.2506061118  69.6020869776  136.212238617  136.359117789  136.487548787  136.614328494  137.239143594  137.445745047  0.373873577679  0.16209948393  0.0990415338816  0.18565635344  0.140688945939  0.221741498082  0.0675724613053  1.64756973284  1.76711562801  1.86801207636  1.89259495745  1060.45147802  1062.16796381  1062.33353081  0.12156477615  0.0197566342159  0.246559897006  0.210260801799  17.506050938  0.0231339956665  0.560589947774  0.228411504126  0.187749713321  0.13703589451  0.0754217851828  0.157700796845  0.0808115210836  -9999.0  -9999.0  -9999.0  -9999.0  -9999.0  -9999.0  -9999.0  -9999.0  -9999.0  -9999.0  -9999.0
-9999.0  -9999.0  -9999.0  -9999.0  -9999.0  -9999.0  -9999.0  -9999.0  -9999.0  -9999.0  -9999.0  -9999.0  -9999.0  -9999.0  -9999.0  -9999.0  -9999.0  -9999.0  -9999.0  -9999.0  -9999.0  0.488237822692  0.923541681833  1.36381035688  13.1553867434  0.457299384961  17.9460756077  18.6016094385  19.1597968491  19.6142690306  28.6153896954  29.0597013614  0.14161936409  1.04097620622  1.24702055179  0.133108238844  66.4737077051  66.2260429147  0.0756002841266  0.174833554765  0.496820332726  0.114204846843  0.122709221472  0.0827792728378  0.072703804306  0.0583844830835  0.0675039438384  1.44370125377  1.51339672768  1.59664429482  0.0851421103284  0.0762000868533  1.9231585808  1.94992462933  1.96929620511  1062.35123542  1062.36829753  0.300805574674  0.263785588887  18.1268662483  18.1097015392  0.582784235664  0.0631317469409  0.0340251099879  0.420658932909  0.372773548732  0.31053292556  0.23186987147  0.126797575541  0.0593318249571  -9999.0  -9999.0  -9999.0  -9999.0  -9999.0  -9999.0  -9999.0  -9999.0  -9999.0  -9999.0
-9999.0  -9999.0  -9999.0  -9999.0  -9999.0  -9999.0  -9999.0  -9999.0  -9999.0  -9999.0  -9999.0  -9999.0  -9999.0  -9999.0  -9999.0  -9999.0  -9999.0  -9999.0  -9999.0  -9999.0  -9999.0  0.434627951677  0.398050343182  2.08338618783  16.0630127536  16.9373731268  17.38805008  0.505594204428  7.59058414655  8.14992921029  8.42384012368  0.399416289388  0.573840548733  0.69708935071  14.5914518067  14.701994416  14.795390008  66.0659948748  41.7159010815  0.0932035398135  0.109454569532  0.104969189888  0.0857133238464  0.903280803913  1.06706640008  1.21234269216  1.29322047188  1.37122139929  14.2818623062  14.3405329617  14.5031382159  14.8575622194  15.6826041711  15.7078617121  17.701053224  0.0199689551778  1062.38349347  1062.40234623  0.320398428075  18.1424620663  0.0362301866532  0.0188129014562  0.0882963490608  0.622813253801  0.59196331352  0.117411974151  0.0596444448529  0.262180963  0.199219360665  0.0588371962934  0.0500207249561  0.049345658682  -9999.0  -9999.0  -9999.0  -9999.0  -9999.0  -9999.0  -9999.0  -9999.0
-9999.0  -9999.0  -9999.0  -9999.0  -9999.0  -9999.0  -9999.0  -9999.0  -9999.0  -9999.0  -9999.0  -9999.0  -9999.0  -9999.0  -9999.0  -9999.0  -9999.0  -9999.0  -9999.0  -9999.0  -9999.0  -9999.0  0.840922433767  1.28728177148  0.428844843791  0.773489097913  5.82255670197  6.33536888926  6.67162612122  2.85427281405  3.23515614818  3.61315114926  3.7969725001  14.3441278649  14.5087097602  9.25133142224  24.1629710166  24.2686070237  41.6444034587  0.218705100745  0.115819659549  0.0825011428915  0.629761114839  0.738635238798  0.0641071992419  0.0588383208434  14.0292153895  14.1664628563  14.229175031  0.114798273549  0.226666453563  15.5931748636  0.0388980617468  0.16654250712  0.186815424934  17.9273783176  17.9466613011  18.1627925215  1080.90031096  18.1960711435  0.804015109732  0.78675848589  0.763679871375  0.651188030502  0.0349059629367  0.359134307231  0.317869105835  0.0968625321255  0.0486415635727  0.103418170696  0.218975338955  0.120137923204  -9999.0  -9999.0  -9999.0  -9999.0  -9999.0  -9999.0  -9999.0  -9999.0
-9999.0  -9999.0  -9999.0  -9999.0  -9999.0  -9999.0  -9999.0  -9999.0  -9999.0  -9999.0  -9999.0  -9999.0  -9999.0  -9999.0  -9999.0  -9999.0  -9999.0  -9999.0  -9999.0  -9999.0  -9999.0  -9999.0  0.419067895551  0.825872500966  3.4210459152  3.88724332811  4.43336867571  2.11994204146  2.48747390098  0.379776416846  9.78504823143  10.1116721112  10.3955429955  0.191579500325  8.949220295  9.12213949859  0.118904168436  41.0830995513  0.247420487885  0.12578457671  0.342785596179  0.459020590999  0.0901288667583  0.075305128132  13.2678947585  13.9073586953  13.9853212115  0.0862109890981  0.196296187096  0.248588542905  0.302062874123  0.578904852652  0.0635010313687  0.136399325907  0.0271692971483  0.0536038072501  18.12160628  18.1430977545  1080.91900659  1100.01240572  0.879756563137  0.0550197282757  0.0349223612568  0.0547404852868  0.0300351171586  0.398757318492  0.192799759453  0.145221279689  0.607859422973  0.559309571355  0.386339122841  0.0832371811911  0.0491052538194  -9999.0  -9999.0  -9999.0  -9999.0  -9999.0  -9999.0  -9999.0
-9999.0  -9999.0  -9999.0  -9999.0  -9999.0  -9999.0  -9999.0  -9999.0  -9999.0  -9999.0  -9999.0  -9999.0  -9999.0  -9999.0  -9999.0  -9999.0  -9999.0  -9999.0  -9999.0  -9999.0  -9999.0  -9999.0  0.410668048814  1.27429736033  2.20563231498  0.546638673213  1.2084155146  1.70966437296  8.28498552128  8.73066265326  9.08636224846  0.321868256748  7.49838574425  8.40971565593  8.62541547043  0.164497012009  40.5570969715  40.8592687524  0.140478280788  0.126598488717  0.252547485526  0.102473538243  12.7649611095  12.948974882  13.0605125351  0.42055465502  0.510365357959  0.0787949513355  0.141345612937  0.063027728113  0.437724021555  0.0633633923083  0.0362271691667  0.0365686444371  0.0355907575375  0.0720842633003  0.0988784073623  71.7148747513  71.7809221568  1171.8581271  1171.87311071  1171.89983501  0.0465121669669  0.807593607411  0.737167356108  0.287157922679  0.261644922234  0.033457859453  0.711770842516  0.0550175297746  0.0496746284807  0.0429474021007  0.170362650289  0.0700113093468  -9999.0  -9999.0  -9999.0  -9999.0  -9999.0  -9999.0
-9999.0  -9999.0  -9999.0  -9999.0  -9999.0  -9999.0  -9999.0  -9999.0  -9999.0  -9999.0  -9999.0  -9999.0  -9999.0  -9999.0  -9999.0  -9999.0  -9999.0  -9999.0  -9999.0  -9999.0  -9999.0  -9999.0  -9999.0  0.42873317547  0.485544368734  0.66569190514  6.04006907305  6.51131728684  7.88661355713  0.428984653589  6.07267636052  6.89723162142  0.333584163949  0.666631420509  0.212892336049  40.0442471914  0.216595998089  0.5088409787  0.617783899682  0.727057121807  12.1050989931  12.4676534079  12.5835213187  0.119588059204  0.224792429084  0.320210634172  0.0589944785673  0.0520234855237  37.2585649716  37.309875865  37.3524167075  37.7739929828  37.8237392302  37.8711293476  37.9017336337  63.2345760565  63.2705648912  71.6928576755  0.043465254418  0.0458760461504  0.0763531279708  1171.98796826  1172.09980526  1172.93831664  1172.94791683  0.0465584894737  0.0275620709523  0.797702583755  0.768448550488  0.0411645997916  0.094573124961  0.68771072583  0.421106959236  0.363082256631  0.0960112184077  -9999.0  -9999.0  -9999.0  -9999.0  -9999.0
-9999.0  -9999.0  -9999.0  -9999.0  -9999.0  -9999.0  -9999.0  -9999.0  -9999.0  -9999.0  -9999.0  -9999.0  -9999.0  -9999.0  -9999.0  -9999.0  -9999.0  -9999.0  -9999.0  -9999.0  -9999.0  -9999.0  -9999.0  0.339147823387  1.01261444948  2.27368822383  5.42283047417  0.573841699639  0.996650747341  4.86384914574  5.28515957401  0.439798019644  9.46383978949  9.81564115136  39.3454163192  39.5959323963  0.19402870143  0.356131285877  1.64168684595  10.8204866157  11.2903932583  0.253034852744  0.108626028688  0.0918911048006  33.0642060824  33.2621060216  33.417362777  33.5648042943  37.2107346378  0.154386584038  37.7251482523  0.0799343395624  0.0538353977548  0.10310330753  25.248414437  25.3069664669  8.2284606814  8.37748927876  0.0975381164264  0.0476576183316  0.053024736746  0.0363964765317  0.0552035055694  0.0208296905668  1221.51234416  1221.56850195  1.07364322867  0.850733893709  0.0305258654331  1.01993506214  0.946131085696  0.807464419452  0.0727641847576  0.089098637762  0.101980964873  -9999.0  -9999.0  -9999.0  -9999.0  -9999.0
-9999.0  -9999.0  -9999.0  -9999.0  -9999.0  -9999.0  -9999.0  -9999.0  -9999.0  -9999.0  -9999.0  -9999.0  -9999.0  -9999.0  -9999.0  -9999.0  -9999.0  -9999.0  -9999.0  -9999.0  -9999.0  -9999.0  -9999.0  -9999.0  0.916384220935  1.78458432065  2.51985593538  3.94228258474  4.38700333906  7.25806764094  8.13101999086  8.62507685897  9.07486202624  28.9343313281  29.2676168396  0.204750372714  1.24681222716  1.46181804436  8.65323772406  8.87122081209  0.28614044491  0.109373412879  32.3292613913  32.7574821754  32.8869459335  0.106693931735  3.38311202101  3.47569792807  3.57289892328  0.0826457962501  0.0620340985967  0.04755128215  0.0546130352412  25.0398878877  25.1042033701  0.044635441672  8.18641152739  7.91747250623  7.87786726057  0.039497807594  0.0501872138124  0.0822366223235  0.107250188644  48.4456856673  48.5512750028  1222.65277547  0.121300282607  0.0229243023426  1.08219462259  0.0371354827197  0.160014027401  0.117149804168  0.0681030766424  -9999.0  -9999.0  -9999.0  -9999.0  -9999.0  -9999.0  -9999.0
-9999.0  -9999.0  -9999.0  -9999.0  -9999.0  -9999.0  -9999.0  -9999.0  -9999.0  -9999.0  -9999.0  -9999.0  -9999.0  -9999.0  -9999.0  -9999.0  -9999.0  -9999.0  -9999.0  -9999.0  -9999.0  -9999.0  -9999.0  -9999.0  0.8653164211  2.62677584518  3.25451921618  4.8125805927  6.22251305761  6.8162556995  0.457038813787  7.12416233271  28.1487489062  28.5736394318  0.360907957591  0.629775751707  1.07851516909  8.25721270219  8.48250854094  20.9160224755  21.2260612464  31.9986382256  32.2395954236  0.287116311995  2.86495819014  3.18024530383  3.30448568751  0.0981999274054  22.4638528579  22.5509632596  22.8539919916  24.1985018473  24.7275482909  24.8733522793  0.0709290110837  0.130558723612  0.178685243392  6.90932144969  7.8051578751  0.59130005945  0.547492428972  0.0963097011329  0.0728039367949  48.3160194739  0.0868551624975  0.0322746137127  1222.68838886  0.0128358485675  0.0142285042713  1.30671492565  0.197175980785  0.0348980100204  0.0420480011331  -9999.0  -9999.0  -9999.0  -9999.0  -9999.0  -9999.0  -9999.0
-9999.0  -9999.0  -9999.0  -9999.0  -9999.0  -9999.0  -9999.0  -9999.0  -9999.0  -9999.0  -9999.0  -9999.0  -9999.0  -9999.0  -9999.0  -9999.0  -9999.0  -9999.0  -9999.0  -9999.0  -9999.0  -9999.0  -9999.0  -9999.0  0.947273312293  0.918270481424  3.37671975182  3.98746927135  0.717222779206  6.01362010701  6.63135729147  0.506670082589  20.1036641901  0.466410662378  3.65006071155  7.86332049796  8.06387283475  19.7912972596  19.9736333992  20.7380707657  0.197550174058  10.6489409225  0.220759976835  0.40747439673  2.74107234372  0.181968968097  5.24232833776  22.2875269241  0.133333499151  0.237601361695  1.11871240971  0.110809972198  0.242291123335  0.109279157546  0.0696771704806  6.12950369551  6.65713607545  6.86337816351  0.254215143788  0.137598642324  0.252102494712  0.119216560703  48.0353915021  48.1309113027  0.056886678791  0.0179966739127  0.00859272719218  1222.74042718  1224.26203917  1.50108574188  0.175744521211  0.146459304896  0.0826881313083  -9999.0  -9999.0  -9999.0  -9999.0  -9999.0  -9999.0  -9999.0
-9999.0  -9999.0  -9999.0  -9999.0  -9999.0  -9999.0  -9999.0  -9999.0  -9999.0  -9999.0  -9999.0  -9999.0  -9999.0  -9999.0  -9999.0  -9999.0  -9999.0  -9999.0  -9999.0  -9999.0  -9999.0  -9999.0  -9999.0  -9999.0  -9999.0  0.899788606528  0.935445445494  0.905658555496  4.46990959399  5.29737722825  9.22435520433  19.6791509069  0.734196892706  2.27751642763  2.87905435929  3.97916138121  0.837119082013  19.5926306311  0.282589846486  0.574080216054  10.1969087449  0.252325291792  1.34031286449  1.75430504666  0.385649902957  0.191083058745  5.13769381293  16.9146356065  0.186619867962  0.659681196319  1.03584054644  0.127808376341  0.1093638114  5.41784932913  5.75868343078  0.235735510319  0.456960985086  0.121610120892  0.192428961061  0.0819198273915  0.0642809147705  0.103826969018  47.9517897093  0.301193345133  -9999.0  -9999.0  0.0151118497686  0.0277839767563  1224.26427903  1224.2687711  1224.31542723  0.0268486593682  -9999.0  -9999.0  -9999.0  -9999.0  -9999.0  -9999.0  -9999.0  -9999.0
-9999.0  -9999.0  -9999.0  -9999.0  -9999.0  -9999.0  -9999.0  -9999.0  -9999.0  -9999.0  -9999.0  -9999.0  -9999.0  -9999.0  -9999.0  -9999.0  -9999.0  -9999.0  -9999.0  -9999.0  -9999.0  -9999.0  -9999.0  -9999.0  -9999.0  -9999.0  0.700750852368  2.23290739977  2.81963896367  8.61277400071  2.75403442897  9.79126908996  6.55411871213  0.766494246576  2.23600279735  3.55758091308  0.548318298434  18.4995946151  7.3995065453  9.09240142566  0.893327373805  0.871981348454  0.239384119567  0.235129915578  4.58123190086  4.77557165652  16.3742796774  16.5493674481  0.331944316784  0.508454864004  0.135626669404  4.2285817833  4.80116509299  5.33282457232  0.252590546598  0.116829972759  0.335930292213  0.116550109961  0.0905744227595  0.0636128369678  46.8509152363  47.2083751229  47.4584710172  0.204725678292  -9999.0  -9999.0  -9999.0  -9999.0  -9999.0  0.0090507210556  1224.31565022  1224.32063411  -9999.0  -9999.0  -9999.0  -9999.0  -9999.0  -9999.0  -9999.0  -9999.0
-9999.0  -9999.0  -9999.0  -9999.0  -9999.0  -9999.0  -9999.0  -9999.0  -9999.0  -9999.0  -9999.0  -9999.0  -9999.0  -9999.0  -9999.0  -9999.0  -9999.0  -9999.0  -9999.0  -9999.0  -9999.0  -9999.0  -9999.0  -9999.0  -9999.0  -9999.0  0.997018879562  0.926304397707  8.09592226169  0.574076319731  2.2539436846  4.17801378863  5.86787500254  0.828092182038  0.749777060516  0.689456319816  17.2463405925  17.9265318313  6.89487973085  1.29417456932  0.642553167472  0.621476557199  4.03218009218  4.38976321968  15.1324702032  15.6238884304  15.9937649051  0.217414328386  0.172529732615  3.87167592524  3.98605896963  4.11681461496  0.477508015816  0.272648311806  0.138613314546  0.133501908549  0.0988133000344  0.698868528184  0.76665893206  46.6257038031  46.7672128134  0.241824530992  0.129820689707  0.103508429107  -9999.0  -9999.0  -9999.0  -9999.0  -9999.0  -9999.0  -9999.0  -9999.0  -9999.0  -9999.0  -9999.0  -9999.0  -9999.0  -9999.0  -9999.0  -9999.0
-9999.0  -9999.0  -9999.0  -9999.0  -9999.0  -9999.0  -9999.0  -9999.0  -9999.0  -9999.0  -9999.0  -9999.0  -9999.0  -9999.0  -9999.0  -9999.0  -9999.0  -9999.0  -9999.0  -9999.0  -9999.0  -9999.0  -9999.0  -9999.0  -9999.0  -9999.0  -9999.0  1.93229759968  6.56285027348  3.73067540644  0.890163865384  3.53628337053  0.846552304058  2.59040432925  3.24147039082  15.5008172302  16.7603394144  5.67534473164  6.29415698522  0.658143332867  2.90011734824  3.47279159905  9.67487994151  14.5225944721  14.9297501864  0.310592268964  0.172794368472  3.09380376547  3.39990535757  3.74711959938  0.127766835299  0.236234550688  0.350005543637  0.121895811202  0.262549257815  0.423907572485  0.50549527735  0.623791362247  0.0780765406521  45.6380186465  0.174499357687  0.115249806079  -9999.0  -9999.0  -9999.0  -9999.0  -9999.0  -9999.0  -9999.0  -9999.0  -9999.0  -9999.0  -9999.0  -9999.0  -9999.0  -9999.0  -9999.0  -9999.0  -9999.0  -9999.0
-9999.0  -9999.0  -9999.0  -9999.0  -9999.0  -9999.0  -9999.0  -9999.0  -9999.0  -9999.0  -9999.0  -9999.0  -9999.0  -9999.0  -9999.0  -9999.0  -9999.0  -9999.0  -9999.0  -9999.0  -9999.0  -9999.0  -9999.0  -9999.0  -9999.0  -9999.0  -9999.0  1.00153014331  0.937636003498  1.88090203034  0.929556116976  1.77002036923  1.81212904462  9.9491050652  10.4328759186  1.37221932281  0.770973724791  5.03984381491  1.51004249312  2.27903760475  8.02221690823  8.60952439283  9.2009840424  4.37971858282  1.57229320837  2.14807349089  2.52604424024  2.9753785727  0.203142222773  0.197187703841  31.458413199  31.591082096  31.6950217501  0.0920047548829  0.163270170448  0.0809718495454  0.0609535225378  43.8655923961  44.1813010927  1.11074714428  1.01079520069  0.104427321373  -9999.0  -9999.0  -9999.0  -9999.0  -9999.0  -9999.0  -9999.0  -9999.0  -9999.0  -9999.0  -9999.0  -9999.0  -9999.0  -9999.0  -9999.0  -9999.0  -9999.0  -9999.0
-9999.0  -9999.0  -9999.0  -9999.0  -9999.0  -9999.0  -9999.0  -9999.0  -9999.0  -9999.0  -9999.0  -9999.0  -9999.0  -9999.0  -9999.0  -9999.0  -9999.0  -9999.0  -9999.0  -9999.0  -9999.0  -9999.0  -9999.0  -9999.0  -9999.0  -9999.0  -9999.0  -9999.0  -9999.0  0.915115124208  0.82276186749  0.960814764638  3.80000922899  9.13704383861  4.46734696749  0.831886968045  3.46940641634  4.28084499066  0.736600229447  6.77674817268  7.40951786297  2.03544710605  3.20816412978  0.607729949536  1.04063762539  0.369741142135  0.198822384983  0.200361894089  31.0596543401  31.2251777479  31.3330991671  0.598442468292  32.46139788  32.5429378304  32.6148404914  32.6832114773  32.8150555075  43.8136336853  43.938215444  0.18672638444  0.906433494571  0.254159056957  -9999.0  -9999.0  -9999.0  -9999.0  -9999.0  -9999.0  -9999.0  -9999.0  -9999.0  -9999.0  -9999.0  -9999.0  -9999.0  -9999.0  -9999.0  -9999.0  -9999.0  -9999.0
-9999.0  -9999.0  -9999.0  -9999.0  -9999.0  -9999.0  -9999.0  -9999.0  -9999.0  -9999.0  -9999.0  -9999.0  -9999.0  -9999.0  -9999.0  -9999.0  -9999.0  -9999.0  -9999.0  -9999.0  -9999.0  -9999.0  -9999.0  -9999.0  -9999.0  -9999.0  -9999.0  -9999.0  -9999.0  -9999.0  -9999.0  0.985690659567  1.94877635711  1.91788957537  1.88863125182  1.8385865443  2.72439970657  4.48683360987  5.24353840244  6.086846839  0.701733980398  1.4217243844  0.607413604305  0.513418856784  21.4009245232  25.3174500921  26.0702945437  26.3601034221  30.9280508587  0.185230716773  0.326452022601  0.512322665422  3.48000980942  3.620714224  3.70927499136  8.02454131057  10.0025348145  10.9236762962  0.0946748979974  0.104508070412  0.549876043708  0.143676882434  -9999.0  -9999.0  -9999.0  -9999.0  -9999.0  -9999.0  -9999.0  -9999.0  -9999.0  -9999.0  -9999.0  -9999.0  -9999.0  -9999.0  -9999.0  -9999.0  -9999.0  -9999.0
-9999.0  -9999.0  -9999.0  -9999.0  -9999.0  -9999.0  -9999.0  -9999.0  -9999.0  -9999.0  -9999.0  -9999.0  -9999.0  -9999.0  -9999.0  -9999.0  -9999.0  -9999.0  -9999.0  -9999.0  -9999.0  -9999.0  -9999.0  -9999.0  -9999.0  -9999.0  -9999.0  -9999.0  -9999.0  -9999.0  -9999.0  -9999.0  0.976947164617  0.975422192876  0.951965074262  0.926230188104  1.84841938498  3.64686808729  3.60363279701  4.40947247535  5.0852647238  11.7388326734  12.3495137769  20.7552711682  21.1310918846  3.63338829853  0.337813999487  4.10183585763  4.345548516  1.4313276895  2.73536151788  3.17109092776  3.34330793332  0.151417969107  4.24293789695  8.37494233711  9.94198693356  0.120053927963  0.748427788194  0.124996282355  0.435860386207  -9999.0  -9999.0  -9999.0  -9999.0  -9999.0  -9999.0  -9999.0  -9999.0  -9999.0  -9999.0  -9999.0  -9999.0  -9999.0  -9999.0  -9999.0  -9999.0  -9999.0  -9999.0  -9999.0
-9999.0  -9999.0  -9999.0  -9999.0  -9999.0  -9999.0  -9999.0  -9999.0  -9999.0  -9999.0  -9999.0  -9999.0  -9999.0  -9999.0  -9999.0  -9999.0  -9999.0  -9999.0  -9999.0  -9999.0  -9999.0  -9999.0  -9999.0  -9999.0  -9999.0  -9999.0  -9999.0  -9999.0  -9999.0  -9999.0  -9999.0  -9999.0  -9999.0  -9999.0  -9999.0  0.97825401666  0.917710663178  0.934208384497  2.76138292226  2.65582891978  5.17167803412  6.01881404067  0.747412171518  7.77048056556  2.78058887205  3.25482873082  2.71229059093  3.84678618991  0.897339252366  0.292984144387  1.13854191125  0.262711341116  2.29121798184  2.74571732472  3.95996635622  0.196804644257  0.952042234127  0.365279716646  0.510197349421  0.16129222988  0.301608567696  -9999.0  -9999.0  -9999.0  -9999.0  -9999.0  -9999.0  -9999.0  -9999.0  -9999.0  -9999.0  -9999.0  -9999.0  -9999.0  -9999.0  -9999.0  -9999.0  -9999.0  -9999.0  -9999.0
-9999.0  -9999.0  -9999.0  -9999.0  -9999.0  -9999.0  -9999.0  -9999.0  -9999.0  -9999.0  -9999.0  -9999.0  -9999.0  -9999.0  -9999.0  -9999.0  -9999.0  -9999.0  -9999.0  -9999.0  -9999.0  -9999.0  -9999.0  -9999.0  -9999.0  -9999.0  -9999.0  -9999.0  -9999.0  -9999.0  -9999.0  -9999.0  -9999.0  -9999.0  -9999.0  -9999.0  -9999.0  0.931570658712  0.87897817068  1.77845514409  1.71554231175  4.61821558296  6.23153070645  1.6156290345  2.21336658935  1.47315174836  2.33910028011  0.775231768579  0.640018153651  0.651006258003  0.251587773293  1.39770137886  2.08725262348  0.249099315303  1.00781416218  0.426529553853  0.344411103302  0.183019556892  0.169216510213  0.18066057473  -9999.0  -9999.0  -9999.0  -9999.0  -9999.0  -9999.0  -9999.0  -9999.0  -9999.0  -9999.0  -9999.0  -9999.0  -9999.0  -9999.0  -9999.0  -9999.0  -9999.0  -9999.0  -9999.0  -9999.0
-9999.0  -9999.0  -9999.0  -9999.0  -9999.0  -9999.0  -9999.0  -9999.0  -9999.0  -9999.0  -9999.0  -9999.0  -9999.0  -9999.0  -9999.0  -9999.0  -9999.0  -9999.0  -9999.0  -9999.0  -9999.0  -9999.0  -9999.0  -9999.0  -9999.0  -9999.0  -9999.0  -9999.0  -9999.0  -9999.0  -9999.0  -9999.0  -9999.0  -9999.0  -9999.0  -9999.0  -9999.0  -9999.0  -9999.0  0.885468858749  1.96286526207  3.7805686418  0.83536274141  0.82767348941  0.529854978766  1.04082293198  0.447301348658  0.395103045515  0.337809209759  0.34624019015  0.60285154061  1.18185646556  0.505359183151  0.553158745377  0.794932290433  0.226684767639  0.167704152656  -9999.0  -9999.0  -9999.0  -9999.0  -9999.0  -9999.0  -9999.0  -9999.0  -9999.0  -9999.0  -9999.0  -9999.0  -9999.0  -9999.0  -9999.0  -9999.0  -9999.0  -9999.0  -9999.0  -9999.0  -9999.0  -9999.0  -9999.0
-9999.0  -9999.0  -9999.0  -9999.0  -9999.0  -9999.0  -9999.0  -9999.0  -9999.0  -9999.0  -9999.0  -9999.0  -9999.0  -9999.0  -9999.0  -9999.0  -9999.0  -9999.0  -9999.0  -9999.0  -9999.0  -9999.0  -9999.0  -9999.0  -9999.0  -9999.0  -9999.0  -9999.0  -9999.0  -9999.0  -9999.0  -9999.0  -9999.0  -9999.0  -9999.0  -9999.0  -9999.0  -9999.0  -9999.0  -9999.0  0.919227626693  0.880407255062  -9999.0  -9999.0  -9999.0  -9999.0  -9999.0  -9999.0  -9999.0  -9999.0  0.308314254032  0.282357634098  0.218710747493  0.254228692649  -9999.0  -9999.0  -9999.0  -9999.0  -9999.0  -9999.0  -9999.0  -9999.0  -9999.0  -9999.0  -9999.0  -9999.0  -9999.0  -9999.0  -9999.0  -9999.0  -9999.0  -9999.0  -9999.0  -9999.0  -9999.0  -9999.0  -9999.0  -9999.0  -9999.0  -9999.0
-9999.0  -9999.0  -9999.0  -9999.0  -9999.0  -9999.0  -9999.0  -9999.0  -9999.0  -9999.0  -9999.0  -9999.0  -9999.0  -9999.0  -9999.0  -9999.0  -9999.0  -9999.0  -9999.0  -9999.0  -9999.0  -9999.0  -9999.0  -9999.0  -9999.0  -9999.0  -9999.0  -9999.0  -9999.0  -9999.0  -9999.0  -9999.0  -9999.0  -9999.0  -9999.0  -9999.0  -9999.0  -9999.0  -9999.0  -9999.0  -9999.0  -9999.0  -9999.0  -9999.0  -9999.0  -9999.0  -9999.0  -9999.0  -9999.0  -9999.0  -9999.0  -9999.0  -9999.0  -9999.0  -9999.0  -9999.0  -9999.0  -9999.0  -9999.0  -9999.0  -9999.0  -9999.0  -9999.0  -9999.0  -9999.0  -9999.0  -9999.0  -9999.0  -9999.0  -9999.0  -9999.0  -9999.0  -9999.0  -9999.0  -9999.0  -9999.0  -9999.0  -9999.0  -9999.0  -9999.0
-9999.0  -9999.0  -9999.0  -9999.0  -9999.0  -9999.0  -9999.0  -9999.0  -9999.0  -9999.0  -9999.0  -9999.0  -9999.0  -9999.0  -9999.0  -9999.0  -9999.0  -9999.0  -9999.0  -9999.0  -9999.0  -9999.0  -9999.0  -9999.0  -9999.0  -9999.0  -9999.0  -9999.0  -9999.0  -9999.0  -9999.0  -9999.0  -9999.0  -9999.0  -9999.0  -9999.0  -9999.0  -9999.0  -9999.0  -9999.0  -9999.0  -9999.0  -9999.0  -9999.0  -9999.0  -9999.0  -9999.0  -9999.0  -9999.0  -9999.0  -9999.0  -9999.0  -9999.0  -9999.0  -9999.0  -9999.0  -9999.0  -9999.0  -9999.0  -9999.0  -9999.0  -9999.0  -9999.0  -9999.0  -9999.0  -9999.0  -9999.0  -9999.0  -9999.0  -9999.0  -9999.0  -9999.0  -9999.0  -9999.0  -9999.0  -9999.0  -9999.0  -9999.0  -9999.0  -9999.0
-9999.0  -9999.0  -9999.0  -9999.0  -9999.0  -9999.0  -9999.0  -9999.0  -9999.0  -9999.0  -9999.0  -9999.0  -9999.0  -9999.0  -9999.0  -9999.0  -9999.0  -9999.0  -9999.0  -9999.0  -9999.0  -9999.0  -9999.0  -9999.0  -9999.0  -9999.0  -9999.0  -9999.0  -9999.0  -9999.0  -9999.0  -9999.0  -9999.0  -9999.0  -9999.0  -9999.0  -9999.0  -9999.0  -9999.0  -9999.0  -9999.0  -9999.0  -9999.0  -9999.0  -9999.0  -9999.0  -9999.0  -9999.0  -9999.0  -9999.0  -9999.0  -9999.0  -9999.0  -9999.0  -9999.0  -9999.0  -9999.0  -9999.0  -9999.0  -9999.0  -9999.0  -9999.0  -9999.0  -9999.0  -9999.0  -9999.0  -9999.0  -9999.0  -9999.0  -9999.0  -9999.0  -9999.0  -9999.0  -9999.0  -9999.0  -9999.0  -9999.0  -9999.0  -9999.0  -9999.0
-9999.0  -9999.0  -9999.0  -9999.0  -9999.0  -9999.0  -9999.0  -9999.0  -9999.0  -9999.0  -9999.0  -9999.0  -9999.0  -9999.0  -9999.0  -9999.0  -9999.0  -9999.0  -9999.0  -9999.0  -9999.0  -9999.0  -9999.0  -9999.0  -9999.0  -9999.0  -9999.0  -9999.0  -9999.0  -9999.0  -9999.0  -9999.0  -9999.0  -9999.0  -9999.0  -9999.0  -9999.0  -9999.0  -9999.0  -9999.0  -9999.0  -9999.0  -9999.0  -9999.0  -9999.0  -9999.0  -9999.0  -9999.0  -9999.0  -9999.0  -9999.0  -9999.0  -9999.0  -9999.0  -9999.0  -9999.0  -9999.0  -9999.0  -9999.0  -9999.0  -9999.0  -9999.0  -9999.0  -9999.0  -9999.0  -9999.0  -9999.0  -9999.0  -9999.0  -9999.0  -9999.0  -9999.0  -9999.0  -9999.0  -9999.0  -9999.0  -9999.0  -9999.0  -9999.0  -9999.0
-9999.0  -9999.0  -9999.0  -9999.0  -9999.0  -9999.0  -9999.0  -9999.0  -9999.0  -9999.0  -9999.0  -9999.0  -9999.0  -9999.0  -9999.0  -9999.0  -9999.0  -9999.0  -9999.0  -9999.0  -9999.0  -9999.0  -9999.0  -9999.0  -9999.0  -9999.0  -9999.0  -9999.0  -9999.0  -9999.0  -9999.0  -9999.0  -9999.0  -9999.0  -9999.0  -9999.0  -9999.0  -9999.0  -9999.0  -9999.0  -9999.0  -9999.0  -9999.0  -9999.0  -9999.0  -9999.0  -9999.0  -9999.0  -9999.0  -9999.0  -9999.0  -9999.0  -9999.0  -9999.0  -9999.0  -9999.0  -9999.0  -9999.0  -9999.0  -9999.0  -9999.0  -9999.0  -9999.0  -9999.0  -9999.0  -9999.0  -9999.0  -9999.0  -9999.0  -9999.0  -9999.0  -9999.0  -9999.0  -9999.0  -9999.0  -9999.0  -9999.0  -9999.0  -9999.0  -9999.0
-9999.0  -9999.0  -9999.0  -9999.0  -9999.0  -9999.0  -9999.0  -9999.0  -9999.0  -9999.0  -9999.0  -9999.0  -9999.0  -9999.0  -9999.0  -9999.0  -9999.0  -9999.0  -9999.0  -9999.0  -9999.0  -9999.0  -9999.0  -9999.0  -9999.0  -9999.0  -9999.0  -9999.0  -9999.0  -9999.0  -9999.0  -9999.0  -9999.0  -9999.0  -9999.0  -9999.0  -9999.0  -9999.0  -9999.0  -9999.0  -9999.0  -9999.0  -9999.0  -9999.0  -9999.0  -9999.0  -9999.0  -9999.0  -9999.0  -9999.0  -9999.0  -9999.0  -9999.0  -9999.0  -9999.0  -9999.0  -9999.0  -9999.0  -9999.0  -9999.0  -9999.0  -9999.0  -9999.0  -9999.0  -9999.0  -9999.0  -9999.0  -9999.0  -9999.0  -9999.0  -9999.0  -9999.0  -9999.0  -9999.0  -9999.0  -9999.0  -9999.0  -9999.0  -9999.0  -9999.0
