ncols                  80
nrows                 72
xllcorner      4374000.0
yllcorner      5656000.0
cellsize            500
NODATA_value       -9999
-9999.0  -9999.0  -9999.0  -9999.0  -9999.0  -9999.0  -9999.0  -9999.0  -9999.0  -9999.0  -9999.0  -9999.0  0.532493239831  0.760783616697  -9999.0  -9999.0  -9999.0  -9999.0  -9999.0  -9999.0  -9999.0  -9999.0  -9999.0  -9999.0  -9999.0  -9999.0  -9999.0  -9999.0  -9999.0  -9999.0  -9999.0  -9999.0  -9999.0  -9999.0  -9999.0  -9999.0  -9999.0  -9999.0  -9999.0  -9999.0  -9999.0  -9999.0  -9999.0  -9999.0  -9999.0  -9999.0  -9999.0  -9999.0  -9999.0  -9999.0  -9999.0  -9999.0  -9999.0  -9999.0  -9999.0  -9999.0  -9999.0  -9999.0  -9999.0  -9999.0  -9999.0  -9999.0  -9999.0  -9999.0  -9999.0  -9999.0  -9999.0  -9999.0  -9999.0  -9999.0  -9999.0  -9999.0  -9999.0  -9999.0  -9999.0  -9999.0  -9999.0  -9999.0  -9999.0  -9999.0
-9999.0  -9999.0  -9999.0  -9999.0  -9999.0  -9999.0  -9999.0  -9999.0  -9999.0  -9999.0  -9999.0  -9999.0  0.961764051736  2.91383824422  0.640441750626  -9999.0  0.640858616359  -9999.0  -9999.0  -9999.0  -9999.0  -9999.0  -9999.0  -9999.0  -9999.0  -9999.0  -9999.0  -9999.0  -9999.0  -9999.0  -9999.0  -9999.0  -9999.0  -9999.0  -9999.0  -9999.0  -9999.0  -9999.0  -9999.0  -9999.0  -9999.0  -9999.0  -9999.0  -9999.0  -9999.0  -9999.0  -9999.0  -9999.0  -9999.0  -9999.0  -9999.0  -9999.0  -9999.0  -9999.0  -9999.0  -9999.0  -9999.0  -9999.0  -9999.0  -9999.0  -9999.0  -9999.0  -9999.0  -9999.0  -9999.0  -9999.0  -9999.0  -9999.0  -9999.0  -9999.0  -9999.0  -9999.0  -9999.0  -9999.0  -9999.0  -9999.0  -9999.0  -9999.0  -9999.0  -9999.0
-9999.0  -9999.0  -9999.0  -9999.0  -9999.0  -9999.0  -9999.0  -9999.0  -9999.0  -9999.0  0.387466714413  0.369686584873  0.392500939693  0.386397197339  3.61820095082  4.17958771848  1.82071213068  0.590955035978  -9999.0  -9999.0  -9999.0  -9999.0  -9999.0  -9999.0  -9999.0  -9999.0  -9999.0  -9999.0  -9999.0  -9999.0  -9999.0  -9999.0  -9999.0  -9999.0  -9999.0  -9999.0  -9999.0  -9999.0  -9999.0  -9999.0  -9999.0  -9999.0  -9999.0  -9999.0  -9999.0  -9999.0  -9999.0  -9999.0  -9999.0  -9999.0  -9999.0  -9999.0  -9999.0  -9999.0  -9999.0  -9999.0  -9999.0  -9999.0  -9999.0  -9999.0  -9999.0  -9999.0  -9999.0  -9999.0  -9999.0  -9999.0  -9999.0  -9999.0  -9999.0  -9999.0  -9999.0  -9999.0  -9999.0  -9999.0  -9999.0  -9999.0  -9999.0  -9999.0  -9999.0  -9999.0
-9999.0  -9999.0  -9999.0  -9999.0  -9999.0  -9999.0  -9999.0  -9999.0  -9999.0  0.374353757637  0.759410269815  1.50319743619  0.745373487919  0.357616355312  0.694748437153  4.50935559724  7.57944611536  0.6245324245  -9999.0  0.35815959973  -9999.0  -9999.0  -9999.0  -9999.0  1.23984578895  0.636295896991  -9999.0  -9999.0  -9999.0  -9999.0  -9999.0  -9999.0  -9999.0  -9999.0  -9999.0  -9999.0  -9999.0  -9999.0  -9999.0  -9999.0  -9999.0  -9999.0  -9999.0  -9999.0  -9999.0  -9999.0  -9999.0  -9999.0  -9999.0  -9999.0  -9999.0  -9999.0  -9999.0  -9999.0  -9999.0  -9999.0  -9999.0  -9999.0  -9999.0  -9999.0  -9999.0  -9999.0  -9999.0  -9999.0  -9999.0  -9999.0  -9999.0  -9999.0  -9999.0  -9999.0  -9999.0  -9999.0  -9999.0  -9999.0  -9999.0  -9999.0  -9999.0  -9999.0  -9999.0  -9999.0
-9999.0  -9999.0  -9999.0  -9999.0  -9999.0  -9999.0  -9999.0  -9999.0  0.447218829508  1.22441787729  1.5771027011  1.93603062592  2.58751582607  0.325014726243  1.30829354515  1.61739124429  10.1674078641  0.395352880251  0.28807360348  0.659647111033  0.950645223482  0.305449194736  -9999.0  3.10506534192  2.53316812404  0.660131296627  -9999.0  -9999.0  -9999.0  -9999.0  -9999.0  -9999.0  -9999.0  -9999.0  -9999.0  -9999.0  -9999.0  -9999.0  -9999.0  -9999.0  -9999.0  -9999.0  -9999.0  -9999.0  -9999.0  -9999.0  -9999.0  -9999.0  -9999.0  -9999.0  -9999.0  -9999.0  -9999.0  -9999.0  -9999.0  -9999.0  -9999.0  -9999.0  -9999.0  -9999.0  -9999.0  -9999.0  -9999.0  -9999.0  -9999.0  -9999.0  -9999.0  -9999.0  -9999.0  -9999.0  -9999.0  -9999.0  -9999.0  -9999.0  -9999.0  -9999.0  -9999.0  -9999.0  -9999.0  -9999.0
-9999.0  -9999.0  -9999.0  -9999.0  -9999.0  -9999.0  0.443042651372  0.390662257643  0.36647627963  0.376092648727  0.383542313775  2.71665708159  5.66286912848  6.0127969468  6.23672022177  0.193104534053  10.7155053035  11.0069719237  0.586600735445  0.296986523914  1.23525308767  2.12944891135  0.37211600953  4.2750444655  0.311287066398  0.368238006875  0.323312715497  -9999.0  -9999.0  -9999.0  -9999.0  -9999.0  -9999.0  -9999.0  -9999.0  -9999.0  -9999.0  -9999.0  -9999.0  -9999.0  -9999.0  -9999.0  -9999.0  -9999.0  -9999.0  -9999.0  -9999.0  -9999.0  -9999.0  -9999.0  -9999.0  -9999.0  -9999.0  -9999.0  -9999.0  -9999.0  -9999.0  -9999.0  -9999.0  -9999.0  -9999.0  -9999.0  -9999.0  -9999.0  -9999.0  -9999.0  -9999.0  -9999.0  -9999.0  -9999.0  -9999.0  -9999.0  -9999.0  -9999.0  -9999.0  -9999.0  -9999.0  -9999.0  -9999.0  -9999.0
-9999.0  -9999.0  -9999.0  -9999.0  -9999.0  -9999.0  0.884337859552  1.29448328739  2.8856045529  3.96963431542  0.327303805845  0.341669402579  0.320605574913  0.937227414542  7.45030087021  0.222185882521  11.2846683127  12.386096386  0.859151267416  0.56146806794  2.39797187309  0.291375086409  4.55911733645  0.581326875471  0.292060661194  0.650240753199  0.636084797473  0.317476283024  0.324924924114  0.314723206885  0.340142415817  0.680552023492  -9999.0  -9999.0  -9999.0  -9999.0  -9999.0  -9999.0  -9999.0  -9999.0  -9999.0  -9999.0  -9999.0  -9999.0  -9999.0  -9999.0  -9999.0  -9999.0  -9999.0  -9999.0  -9999.0  -9999.0  -9999.0  -9999.0  -9999.0  -9999.0  -9999.0  -9999.0  -9999.0  -9999.0  -9999.0  -9999.0  -9999.0  -9999.0  -9999.0  -9999.0  -9999.0  -9999.0  -9999.0  -9999.0  -9999.0  -9999.0  -9999.0  -9999.0  -9999.0  -9999.0  -9999.0  -9999.0  -9999.0  -9999.0
-9999.0  -9999.0  -9999.0  -9999.0  -9999.0  0.506766161112  0.958405228626  0.445575505846  0.852740043942  4.3866372791  5.09870502807  5.80045448417  19.1085676049  0.311246183997  7.75656036764  29.3643826871  29.5847796275  42.3833994076  0.245869869636  0.827800415431  2.66835917257  0.267954931271  7.86834466424  3.0335787886  1.88788708157  1.59189030359  0.309020181069  0.939686695594  0.940046047796  0.625936793699  0.30201290689  0.99397372421  0.297727496061  0.292829310009  -9999.0  -9999.0  -9999.0  -9999.0  -9999.0  -9999.0  -9999.0  -9999.0  -9999.0  -9999.0  -9999.0  -9999.0  -9999.0  -9999.0  -9999.0  -9999.0  -9999.0  -9999.0  -9999.0  -9999.0  -9999.0  -9999.0  -9999.0  -9999.0  -9999.0  -9999.0  -9999.0  -9999.0  -9999.0  -9999.0  -9999.0  -9999.0  -9999.0  -9999.0  -9999.0  -9999.0  -9999.0  -9999.0  -9999.0  -9999.0  -9999.0  -9999.0  -9999.0  -9999.0  -9999.0  -9999.0
-9999.0  -9999.0  -9999.0  -9999.0  -9999.0  0.507234735519  1.44855985492  2.87195522784  3.2870513392  6.47970737512  6.85568339755  8.05432087845  12.9968545343  20.144123234  20.7978349795  21.1027357423  0.521576404395  43.3424965907  43.8342361163  45.1987956478  56.8302899201  8.69391479768  8.15697761629  2.17266719201  0.278345196186  1.79528334545  1.22487271255  0.273637523777  1.2194539059  0.270544880321  0.56350967096  1.56525218672  1.85172226695  0.575118026363  0.281139431317  0.27696334118  -9999.0  -9999.0  -9999.0  -9999.0  0.584665053315  0.533171885011  -9999.0  -9999.0  -9999.0  -9999.0  -9999.0  -9999.0  -9999.0  -9999.0  -9999.0  -9999.0  -9999.0  -9999.0  -9999.0  -9999.0  -9999.0  -9999.0  -9999.0  -9999.0  -9999.0  -9999.0  -9999.0  -9999.0  -9999.0  -9999.0  -9999.0  -9999.0  -9999.0  -9999.0  -9999.0  -9999.0  -9999.0  -9999.0  -9999.0  -9999.0  -9999.0  -9999.0  -9999.0  -9999.0
-9999.0  -9999.0  -9999.0  -9999.0  -9999.0  0.479891375101  0.445943074857  1.91948040541  2.34699294997  2.79531695072  0.410625003247  0.809004320964  4.67450382026  0.825724675205  0.360928381051  0.320724696291  0.280425049313  0.321441193384  0.2996926389  0.305753977695  57.1152783919  57.9215937974  0.26557726515  0.815257894288  0.553508871583  2.06800489355  0.553530487194  0.267782923721  1.50493598842  0.528363973841  1.28667611718  3.22368145934  2.98480719189  0.850916778109  0.830258569497  0.283957464966  0.281619171682  -9999.0  -9999.0  0.281342683269  1.11948285394  2.76566140017  0.560498427999  -9999.0  -9999.0  -9999.0  -9999.0  -9999.0  -9999.0  -9999.0  -9999.0  -9999.0  -9999.0  -9999.0  -9999.0  -9999.0  -9999.0  -9999.0  -9999.0  -9999.0  -9999.0  -9999.0  -9999.0  -9999.0  -9999.0  -9999.0  -9999.0  -9999.0  -9999.0  -9999.0  -9999.0  -9999.0  -9999.0  -9999.0  -9999.0  -9999.0  -9999.0  -9999.0  -9999.0  -9999.0
-9999.0  -9999.0  -9999.0  -9999.0  -9999.0  -9999.0  0.509411418075  0.521423495174  0.941947147244  1.3856731897  3.07292878239  3.90502661252  4.32136926196  0.452206001297  0.316454536651  4.37794868308  5.32510491854  5.61912633013  6.84971851483  7.12943481513  0.277350333825  58.2008437461  59.4628936967  0.989351349474  0.0881197994396  2.26591799624  5.1126226191  2.03884897043  0.515034051659  0.257577669931  5.01585042747  3.48812982478  0.257281991592  0.262003501044  1.09819915501  0.833800249759  0.266475059305  0.267593568561  0.273514034662  0.54873797847  0.264288602687  3.3689061735  3.62756261432  0.251609783588  -9999.0  -9999.0  -9999.0  -9999.0  0.281582246802  0.268361684633  0.078450327904  -9999.0  -9999.0  -9999.0  -9999.0  -9999.0  -9999.0  -9999.0  -9999.0  -9999.0  -9999.0  -9999.0  -9999.0  -9999.0  -9999.0  -9999.0  -9999.0  -9999.0  -9999.0  -9999.0  -9999.0  -9999.0  -9999.0  -9999.0  -9999.0  -9999.0  -9999.0  -9999.0  -9999.0  -9999.0
-9999.0  -9999.0  -9999.0  -9999.0  -9999.0  -9999.0  -9999.0  0.486363398977  0.383993986562  0.851062130022  1.29541232269  0.419445256999  0.36449468517  2.34075717144  3.04108714963  3.75720650643  0.329694260139  0.638106566068  0.314018785099  7.41747164499  17.4690877327  18.0403126915  78.2388187794  0.25908855081  0.26732131259  0.0794987227408  5.37467384875  0.258219169596  0.77767418445  0.254378843375  5.26851391786  5.52055470282  0.516660228909  0.514978740395  2.74174608118  1.37242658134  0.545771057215  0.275788729722  0.546279342785  0.817175491607  1.33167243324  0.252591384474  4.13526456064  4.39166487011  0.242724049108  0.253410529212  0.260166509449  0.245705930983  0.237181106724  0.790017832781  0.299178603834  0.189140550496  -9999.0  -9999.0  -9999.0  -9999.0  -9999.0  -9999.0  -9999.0  -9999.0  -9999.0  -9999.0  -9999.0  -9999.0  -9999.0  -9999.0  -9999.0  -9999.0  -9999.0  -9999.0  -9999.0  -9999.0  -9999.0  -9999.0  -9999.0  -9999.0  -9999.0  -9999.0  -9999.0  -9999.0
-9999.0  -9999.0  -9999.0  -9999.0  -9999.0  -9999.0  -9999.0  -9999.0  0.863989023739  1.20425866567  0.41111226862  0.846902777558  1.23457581849  2.01073673368  0.388029347567  0.366349129897  0.305747415732  0.309973091914  0.283553968621  9.46168138781  0.321765788698  0.624817781364  79.521270267  80.4749788534  0.344646997977  0.939702540009  6.57003775692  0.507085085135  1.01409496832  0.482474968533  0.720226991381  6.51587405323  0.757391099445  3.99114173004  3.2375467871  0.251326805663  1.33769756212  0.536726075868  0.801304183732  0.256519891433  1.59413183488  2.10175634369  2.34305940501  2.57705339384  5.33803025811  0.476008620983  0.490202829884  0.467170349794  0.450209371696  1.00907841735  0.214660861147  0.706001301569  0.90143006089  -9999.0  -9999.0  -9999.0  -9999.0  -9999.0  -9999.0  -9999.0  -9999.0  -9999.0  -9999.0  -9999.0  -9999.0  -9999.0  -9999.0  -9999.0  -9999.0  -9999.0  -9999.0  -9999.0  -9999.0  -9999.0  -9999.0  -9999.0  -9999.0  -9999.0  -9999.0  -9999.0
-9999.0  -9999.0  -9999.0  -9999.0  -9999.0  -9999.0  -9999.0  -9999.0  0.468982211786  2.12417865175  2.51984585092  0.395587061841  0.766229612491  0.369663537071  0.33363797627  0.326923113662  4.17279301302  5.53679699905  7.10253574706  8.85060687532  0.423458984262  0.310944403995  0.32718791846  82.4204674124  83.6915236767  84.1351914854  8.95801477878  2.04010120461  1.77172417261  0.238097822856  0.947398619239  7.69703274655  0.231714870614  4.22759262501  0.246861423814  1.73005619573  1.60293484624  0.25709483609  1.05465149644  0.508458013464  0.755947250078  0.249072897479  0.224225096968  2.80938566639  3.03205135479  5.56017873277  0.719317743295  0.690640732179  0.668324952648  1.23148936892  1.66254630144  0.214499852402  1.10241506049  0.20880635589  0.401749518516  0.196755900691  -9999.0  -9999.0  -9999.0  -9999.0  -9999.0  -9999.0  -9999.0  -9999.0  -9999.0  -9999.0  -9999.0  -9999.0  -9999.0  -9999.0  -9999.0  -9999.0  -9999.0  -9999.0  -9999.0  -9999.0  -9999.0  -9999.0  -9999.0  -9999.0
-9999.0  -9999.0  -9999.0  -9999.0  -9999.0  -9999.0  -9999.0  -9999.0  -9999.0  0.487412536747  2.94647893257  3.33039174111  1.13903329182  1.87895584886  2.5518738682  2.89265053964  0.349371994437  1.05405519813  0.693139025266  0.359026426163  0.348951529048  0.306704581304  0.611710023548  1.07187806228  0.500866735425  94.0856835191  94.4489639679  0.342415493326  0.24648141765  0.472467713847  0.705195342656  8.39022291081  0.461524799172  4.44903870552  2.65534152583  2.18608920174  0.247403468887  0.499544759075  1.2913643292  0.235700057337  0.986695475692  0.482275380196  0.330530798049  0.0809356726721  3.41960233192  9.18945110695  0.918601958011  0.891302905628  0.867387677931  0.196268874501  1.85694617451  0.191385916107  1.50208050964  0.192218203569  0.59463696362  0.975284177499  0.160097269245  0.162644242766  0.168665409867  0.164775171115  0.144703908682  -9999.0  -9999.0  0.0725561395114  0.0101190751823  -9999.0  -9999.0  -9999.0  -9999.0  -9999.0  -9999.0  -9999.0  -9999.0  -9999.0  -9999.0  -9999.0  -9999.0  -9999.0  -9999.0  -9999.0
-9999.0  -9999.0  -9999.0  -9999.0  -9999.0  -9999.0  -9999.0  -9999.0  -9999.0  -9999.0  0.39061323458  4.1183056852  0.369639592864  0.739009454112  1.06491644045  1.70777991378  0.328708410269  0.696051074427  0.336231402849  0.318839310522  0.30060225818  0.599032434318  0.27511951478  0.311124451085  0.684297888361  0.417362778356  94.9125323952  95.6784040119  96.6814816429  0.96701915096  0.229908489486  0.45821447194  8.62509752095  8.26045483652  3.14043956321  0.238957191009  0.985487859634  0.741594585288  1.52874586073  0.471985662485  1.9351105517  0.714131962509  0.515129084881  0.0259066869971  0.0866931533946  9.40186365645  9.6257847504  11.6436124803  1.4754420408  0.40255435606  2.06357345805  2.45599777442  4.14311058923  0.38159576279  0.18102019332  1.155488328  1.47435262482  0.158724057434  0.306360021633  0.477433220115  0.286455318151  0.142091455035  0.139951648789  0.120157914779  0.0207073244321  0.00921824375901  -9999.0  -9999.0  -9999.0  -9999.0  -9999.0  -9999.0  -9999.0  -9999.0  -9999.0  -9999.0  -9999.0  -9999.0  -9999.0  -9999.0
-9999.0  -9999.0  -9999.0  -9999.0  -9999.0  -9999.0  -9999.0  -9999.0  -9999.0  -9999.0  -9999.0  0.233585288978  4.56326600671  0.349192264687  0.670840121116  3.02814161625  0.339389764737  0.336704597617  0.301392850929  0.628060424807  0.306982960753  1.21236370665  1.77484193191  2.04326540907  0.95488381039  1.2736945356  0.363876817309  0.391096526302  0.427443069332  98.3969605636  99.1666854647  8.84575764722  8.69364249457  8.47951401821  0.446841389946  0.219591403414  1.2126302912  3.19846953388  1.7592013639  0.701120840401  2.86174943538  0.841319398515  0.624020043316  0.0486423256237  0.0211848293994  0.026343951164  0.0462378502848  11.9402271803  14.0127372141  0.196109166842  0.18664246547  0.1943937664  4.32877685388  4.880061478  0.322844890521  0.112459524124  1.52465165261  0.17350261797  0.497182462704  1.03178206993  1.41700618179  1.69087315336  0.503363675384  0.243033397609  0.058139202148  0.0195386767343  0.114486197056  -9999.0  -9999.0  -9999.0  -9999.0  -9999.0  -9999.0  -9999.0  -9999.0  -9999.0  -9999.0  -9999.0  -9999.0  -9999.0
-9999.0  -9999.0  -9999.0  -9999.0  -9999.0  -9999.0  -9999.0  -9999.0  -9999.0  -9999.0  -9999.0  0.213845131112  5.04382838232  6.15641941675  0.326591528745  3.67915319934  0.313139279541  0.300120452739  0.595548953637  1.5235100517  0.294317153072  0.309588779055  0.273325460388  2.59540287301  2.85703341522  4.41128403776  5.00420609581  5.24843878418  5.58510163143  5.90884714248  105.488782374  114.867408123  124.126657585  124.512568933  0.254066513121  0.223523390519  3.65376237632  3.42799502433  0.226336408968  0.224393867161  3.07701209568  4.1437917827  0.169179196935  1.31628224893  1.23882008627  0.1308129514  0.0825154105282  0.139898174493  0.19989816221  14.4217629065  0.201155272745  0.547536808282  0.726451847746  5.9433669082  6.28707604146  6.46607566148  8.00796090339  0.0152527104235  0.0122471221159  0.0112482629189  0.0111761749725  1.76290027005  2.38581180775  0.130357923977  0.135296909996  0.0384602918525  0.221855789406  0.0160079133099  0.00673552708594  -9999.0  -9999.0  -9999.0  -9999.0  -9999.0  -9999.0  -9999.0  -9999.0  -9999.0  -9999.0  -9999.0
-9999.0  -9999.0  -9999.0  -9999.0  -9999.0  -9999.0  -9999.0  -9999.0  -9999.0  -9999.0  -9999.0  0.413890463424  0.781428771452  6.51198578068  7.13179476052  0.31555511253  4.56360680893  0.273159223912  0.836479086132  1.7997043729  0.573181748329  0.277815227723  0.580589251897  0.260285175926  0.499829102251  0.239934727512  0.193171313619  0.105461396179  0.0756145889114  0.0590391686407  0.0540081267029  0.109357721813  0.196995365732  0.337080373847  125.484302072  4.75674711504  4.24013544861  0.279499532462  0.664677048551  0.170824480838  0.140808432978  4.35804293039  6.2910460883  1.54548565088  1.19362284358  0.0760911670803  0.030130500272  0.025394145907  0.178118866226  14.8150698611  15.238235122  0.215877825323  0.21439368497  0.0958949594106  0.022258372543  0.0395482913692  8.0616441139  8.09103633292  8.11843156794  0.0273254360243  0.0145243706845  0.0110201991302  2.40755149218  2.57058984487  0.168164615547  0.0832544161546  0.320318201699  0.0530279044183  0.012664735526  -9999.0  -9999.0  -9999.0  -9999.0  -9999.0  -9999.0  -9999.0  -9999.0  -9999.0  -9999.0  -9999.0
-9999.0  -9999.0  -9999.0  -9999.0  -9999.0  -9999.0  -9999.0  -9999.0  -9999.0  -9999.0  -9999.0  -9999.0  0.335702028651  4.79510899687  12.2530808822  13.2446865005  18.1655807735  18.7316393376  4.3189383079  2.93740498238  0.856408592283  0.274469498382  1.1239540583  1.39171144528  2.13493870688  0.48891975198  0.429785803606  0.34550749512  0.654853918617  0.289486916484  0.260074564191  0.112877769277  0.0277669073293  0.0444372672096  125.770836562  130.735442435  131.12379531  0.298072673509  1.99039447475  0.75320190618  0.224890280863  6.98155306166  0.479692160536  0.246018463274  0.926894293226  0.135468958155  0.138660364478  0.279795340432  0.457377998523  0.662281755433  15.6304328834  0.191030498592  0.177459061524  0.176706778197  0.0982120218673  0.0149632674553  0.0792716702578  0.0838796117097  8.22390118073  8.32353584031  0.0591564960445  0.0293928040269  0.0173708733218  0.0132885841025  2.87137136339  3.80964860406  0.740313805373  0.185169096457  0.0472963723923  -9999.0  -9999.0  -9999.0  -9999.0  -9999.0  -9999.0  -9999.0  -9999.0  -9999.0  -9999.0  -9999.0
-9999.0  -9999.0  -9999.0  -9999.0  -9999.0  -9999.0  -9999.0  -9999.0  -9999.0  -9999.0  -9999.0  0.379101339959  3.67954032012  4.44858875326  0.682137989818  0.224164210626  0.478865046832  19.5050737819  19.9344816576  24.7949074465  0.254689841854  0.52701177362  0.240221682496  0.243808706729  2.37762272069  3.10877731623  3.7686448681  0.226625814318  0.881500746281  1.39373769127  0.802921420082  0.329444176351  0.159840249792  0.0844361320452  0.113818835175  0.0808542936211  131.456277579  131.770311116  134.274548788  0.413064222074  0.209195952058  7.41516474542  0.50618658072  0.259833992302  0.272283607777  0.269413765468  0.250080096925  0.391146579315  1.28397646118  2.16055848124  17.9796101349  0.165989161134  0.49375760316  0.329700933054  0.24063564392  0.134168235403  0.0594050876088  0.0151336873173  0.00574842621931  8.33429080474  0.00684142083773  0.0219757481944  0.00833448111564  0.0103068544287  0.0722257398269  3.9236176636  0.116079793976  0.0116296325633  0.0219175110956  0.00983145516621  -9999.0  -9999.0  -9999.0  -9999.0  -9999.0  -9999.0  -9999.0  -9999.0  -9999.0  -9999.0
-9999.0  -9999.0  -9999.0  -9999.0  -9999.0  -9999.0  -9999.0  -9999.0  -9999.0  -9999.0  -9999.0  0.391474889975  2.59895806392  0.398622772614  0.331663573388  1.77510530689  2.06526870327  2.36141674322  2.63757009085  32.9047763788  33.1383057598  33.6294435337  37.140703225  37.7847639396  38.1100458611  38.3606830982  42.4335629999  42.8974290558  43.1259878899  44.7307253512  45.7735188272  45.9919373866  46.4524707378  0.291008809547  0.175693224505  0.0189077368502  0.0429432353611  132.015301785  135.202945954  0.651759290689  9.10106092243  8.85561465358  0.970441056848  0.234250063668  0.235463882249  0.230573552682  0.229274797881  0.461408030477  0.678315973759  0.222331291447  18.1675813035  18.3602808096  19.3592489212  19.5310455995  19.9343867035  20.2258496609  0.13189421425  0.0994829584859  0.027021312532  8.34655531054  8.36289220071  8.39511846049  8.42751061604  0.0174680537209  4.30660311168  4.17281235092  0.124428843164  1.156237602  1.12158936096  0.0271884251956  0.0165721477365  -9999.0  -9999.0  -9999.0  -9999.0  -9999.0  -9999.0  -9999.0  -9999.0  -9999.0
-9999.0  -9999.0  -9999.0  -9999.0  -9999.0  -9999.0  -9999.0  -9999.0  -9999.0  -9999.0  -9999.0  1.36157383487  1.78979718445  0.798710084909  1.16548656142  0.359454980749  4.10584602652  4.41673560581  5.03157716562  5.193911494  1.9451593232  35.923207078  36.1254999261  0.150146476236  0.0773250715931  0.0468992377049  0.136160043935  0.055877839219  0.0284927129192  0.0255005572118  0.0407321822353  46.0860804284  46.5763906638  47.1372898464  47.5577973534  47.7566113842  0.0589596115315  0.0395491108088  145.052131077  9.58316084743  9.35586373557  0.218135591586  0.217230670147  0.206154113873  0.443389862953  0.440517048724  0.204871917979  0.20557680988  0.194787113087  0.414369336785  0.593320878306  0.159344732233  0.294751506805  0.0892892062624  0.00943035350659  20.2479940442  20.4240066543  20.5997272935  20.7108435763  20.7699411846  20.7893565436  20.7975849341  0.00719787114876  8.53180426565  0.0768746046147  5.72671935745  1.3043535998  0.166757938069  1.08294312613  0.956609339531  0.0191749680225  -9999.0  -9999.0  -9999.0  -9999.0  -9999.0  -9999.0  -9999.0  -9999.0  -9999.0
-9999.0  -9999.0  -9999.0  -9999.0  -9999.0  -9999.0  -9999.0  -9999.0  -9999.0  -9999.0  -9999.0  -9999.0  0.924552479937  0.417231604785  0.365019591231  3.48604562871  3.81141163032  0.32503167227  1.26904421297  1.53961352869  1.73216973372  0.233678953604  0.188277113421  4.9179216017  5.0716679408  5.1952479408  14.5654995533  14.6195897448  14.6757840294  15.5263733466  15.6962030228  15.717840238  0.0223071947606  0.0241734550518  0.0386996035315  48.1783348992  0.117309298323  147.056562035  146.701111101  1.46292996956  1.2457619786  0.846138548932  0.210329671561  0.413335614939  0.654677718421  0.651416524547  0.404425480527  0.199267300671  0.39220757119  0.385475194575  0.769772258449  0.113913973319  0.395837513257  0.63944409637  0.65845357142  0.667863895954  0.00846304645785  0.00853575335842  0.00811740210957  0.00826216442542  0.00962414100474  20.813893891  20.8618710119  29.4008127669  29.4177579242  6.26548412781  0.465470917258  0.333944267662  0.0780788357422  0.922224016786  0.901848028959  -9999.0  -9999.0  -9999.0  -9999.0  -9999.0  -9999.0  -9999.0  -9999.0  -9999.0
-9999.0  -9999.0  -9999.0  -9999.0  -9999.0  -9999.0  -9999.0  -9999.0  -9999.0  -9999.0  -9999.0  -9999.0  0.48340459298  1.26897153479  1.63957151478  2.77680423366  0.327883329195  0.662329409847  0.976687063134  3.7726860318  3.95566581758  4.02630846868  4.22993746324  4.52997395093  8.11750015414  8.95143236378  9.28420063227  0.0587196334157  0.781257723195  0.826800016446  15.6108590928  15.7525170684  15.8127571721  15.8758896502  15.9354689019  64.3177569574  0.368064276182  147.812681784  0.0944916890548  0.0234037791933  1.03942793603  0.976965142085  0.0928912737791  0.590494195585  0.84323486387  0.840218142298  0.583045236586  0.95943151368  1.52047967818  0.559751856967  1.49534092803  0.0892310761805  0.125128087284  0.00862285080545  0.00737105100809  0.685018731211  0.691116033366  0.0147662392711  0.0140402787668  0.0213487861379  0.00704351998869  0.0125943412104  0.0529583729292  39.7396537467  39.7127226522  10.2389090811  0.118872995174  0.706159093377  0.552568331338  0.373467104811  0.888979877588  0.620477338604  -9999.0  -9999.0  -9999.0  -9999.0  -9999.0  -9999.0  -9999.0  -9999.0
-9999.0  -9999.0  -9999.0  -9999.0  -9999.0  -9999.0  -9999.0  -9999.0  -9999.0  -9999.0  -9999.0  -9999.0  0.429372579782  0.849494226797  0.379094718205  0.767467473238  0.329387934537  2.53224979642  3.14997435628  3.47895435727  0.291349753874  0.514886503983  6.32294736337  7.62217903268  7.84741360485  0.551931448854  0.561280412503  0.713622017201  0.03477023094  0.0290034177374  0.0525699438683  0.0460069864633  13.0700144112  13.1410278914  13.2222722573  64.6124587172  148.704434157  147.843517979  0.0337973189995  0.0164296629621  0.0146098171609  0.121445200918  0.108617361914  0.622651702408  0.950013800287  1.97539873886  0.183101032377  0.182991876639  1.63209765307  1.73961098469  3.48476043708  3.55417775595  3.68885227115  3.70581173504  0.0153664224248  0.0235212063903  0.756559954069  41.3074725143  40.4997284344  40.4637632246  40.3199158816  0.0335774430289  40.1046661182  0.0963978076604  0.0442767068723  3.84472895828  1.08161905487  1.04496359412  0.18061456755  0.191555260844  0.192414214178  0.595319122656  -9999.0  -9999.0  -9999.0  -9999.0  -9999.0  -9999.0  -9999.0  -9999.0
-9999.0  -9999.0  -9999.0  -9999.0  -9999.0  -9999.0  -9999.0  -9999.0  -9999.0  -9999.0  -9999.0  -9999.0  -9999.0  0.386948239153  0.77449553677  1.16844281022  1.85596205258  0.356681000487  0.317725705931  3.23985941744  3.52504261477  5.9225433735  6.21422431376  0.821980254269  0.28468279111  0.275234002705  0.267647615416  12.7799843671  12.8690164347  12.9110008518  12.9368351021  13.0141217416  1.04177315015  1.19225317464  14.5489134113  228.009906514  0.519675179258  0.344416580916  0.0816244144163  0.0294922818525  0.015165150448  0.15071804101  0.161637943025  0.645868390156  0.0111621540884  1.99640788039  0.23773442881  0.230947873676  0.0119559843167  0.00829129782479  0.00809717525603  0.0448341508335  0.00817647110885  3.71354808923  47.253965828  43.5062556438  43.332154981  41.3979662218  0.00968087242806  0.0745495654936  0.0221807896717  40.1707925101  0.111905160755  0.0454621232912  0.112563090073  0.0890446405773  2.65499450757  2.53709151379  0.345490052347  0.17637566474  0.203941432446  0.20284155619  -9999.0  -9999.0  -9999.0  -9999.0  -9999.0  -9999.0  -9999.0  -9999.0
-9999.0  -9999.0  -9999.0  -9999.0  -9999.0  -9999.0  -9999.0  -9999.0  -9999.0  -9999.0  -9999.0  -9999.0  -9999.0  -9999.0  0.365278927107  0.983761076731  1.62172605027  2.28261731582  2.6053197338  2.93868278141  0.956554214395  1.58185754732  0.292387043535  0.283753276296  11.4550113407  12.0141617757  12.2749498097  12.5596519609  0.194167584528  0.304407394126  0.833741520009  0.884459692723  0.940417733701  0.153701210264  0.264410212182  228.7231795  0.210461591627  0.201850548653  0.0961400085226  0.203707114104  0.0926739592277  0.0721034071385  0.854619181894  0.992885300144  0.0506352345544  2.07141229696  2.31867752691  0.239455652626  48.4027774848  48.3803121256  48.3606003498  48.2746744159  48.1773321924  47.4358050607  47.3497019426  0.0952160339225  1.83398959235  1.76746842495  1.73185761486  1.72251143412  1.44941518524  1.44023503457  1.41841132143  0.725505239791  0.696815004055  0.451524882164  0.0835490349417  2.41193513604  2.06035368059  0.166034884688  0.343182546251  0.164096332211  -9999.0  -9999.0  -9999.0  -9999.0  -9999.0  -9999.0  -9999.0  -9999.0
-9999.0  -9999.0  -9999.0  -9999.0  -9999.0  -9999.0  -9999.0  -9999.0  -9999.0  -9999.0  -9999.0  -9999.0  -9999.0  -9999.0  0.21166079423  0.470355445129  0.655714040702  7.03007165452  7.36146669779  0.335535443713  0.320733920387  0.312326908744  10.3062058136  10.8991986987  0.285289953952  0.298417686325  0.24926335355  1.01318294832  1.26203588251  0.564415958812  0.670197881924  5.75658985512  5.87771769976  6.2955192093  9.94733784947  238.845518738  0.235953846412  0.0878524491339  0.354631474443  0.277066035188  0.0800026988344  0.235300013777  0.316403673427  1.08351978219  1.17498247879  3.64415959106  2.35619685298  0.257372127249  49.5832977076  0.657742553317  48.336620159  48.3073513467  0.646202823417  0.10858378778  0.0134629374175  0.00684902626716  0.0158790033045  0.0276658644655  0.0135047974343  0.264383047339  0.223653362835  0.0129286390943  0.673432249494  0.138687338141  0.116231093172  0.323501360178  0.157733341791  0.300044449942  1.60172198227  1.38060930132  0.142834565415  0.296267667003  0.149573098711  -9999.0  -9999.0  -9999.0  -9999.0  -9999.0  -9999.0  -9999.0
-9999.0  -9999.0  -9999.0  -9999.0  -9999.0  -9999.0  -9999.0  -9999.0  -9999.0  -9999.0  -9999.0  -9999.0  -9999.0  -9999.0  1.08828447719  1.78740074087  3.59831610382  6.50940387968  8.07292329299  9.06678918621  9.39216955429  9.71752208276  10.0299143016  0.289064232414  0.266903437629  0.525104160162  0.507449455876  0.259668518585  5.01368564388  5.25749307612  5.48639503559  5.69353592295  2.86293651673  2.92141146727  3.27637763524  238.992149417  0.425864646555  0.263791981404  0.661627273809  0.0660868184882  0.26096247071  0.161085336905  0.0768507589949  0.439080663766  0.077458643442  0.0780933049375  53.6195089239  49.9061579566  49.8272089668  0.245787890358  0.63295169169  0.353645004727  0.0469860211334  0.363349495949  0.0554755372989  0.0440394386385  0.0324916930923  0.0225131189148  0.0124976138965  0.0297847600737  0.212245484989  0.180703661135  0.150499405486  0.509131298611  0.494674578704  0.482653939145  0.0810422972061  0.169398692698  0.0978354934188  0.973319162491  0.82672612213  0.586334914937  0.117768655969  -9999.0  -9999.0  -9999.0  -9999.0  -9999.0  -9999.0  -9999.0
-9999.0  -9999.0  -9999.0  -9999.0  -9999.0  -9999.0  -9999.0  -9999.0  -9999.0  -9999.0  -9999.0  -9999.0  -9999.0  -9999.0  0.764116669191  0.747033317637  1.47414124495  2.19929957904  0.47495198331  0.373124898618  0.694643496386  1.00926545294  1.60201992573  1.89964747466  2.18142469133  2.99265462036  3.24853943487  3.51623918552  0.24773061068  2.48851773742  2.65491122713  2.73744144591  0.0353465474701  0.0110455135338  0.031890465567  242.2047534  242.343747221  243.033883748  0.855775018653  0.135559620246  0.3614681863  0.0776185589125  0.146376394642  0.522329938651  0.666690282374  0.147201279893  54.0167106253  0.160100782678  0.151090108917  0.148275805029  0.180212614723  0.232444274372  0.10748010938  0.295680026642  0.1554856894  0.0854512607976  0.0382491967845  0.0266094509719  0.0145276325164  0.0169284231408  0.0188257792389  0.0190769397925  0.137072943187  0.106513186717  0.0768730747952  0.0418538332232  0.455243873293  0.353642908897  0.163538399446  0.138587372734  0.0576091610068  0.236271310971  0.141416833843  -9999.0  -9999.0  -9999.0  -9999.0  -9999.0  -9999.0  -9999.0
-9999.0  -9999.0  -9999.0  -9999.0  -9999.0  -9999.0  -9999.0  -9999.0  -9999.0  -9999.0  -9999.0  -9999.0  -9999.0  -9999.0  -9999.0  0.73065891336  1.43631632982  0.671119433963  1.35970117398  8.3075560557  8.73504027395  9.04464263252  0.293454070815  0.297767257931  0.580251815828  0.856462941881  1.36080442805  1.61495652011  1.76485247301  2.00002800084  0.183220782173  0.116959206914  2.85073313626  2.86782176087  2.9321470095  3.03377837995  2.92112642794  246.381145806  247.854124273  247.919619286  248.342080258  248.659243014  248.93007355  0.0935821657865  0.743803348495  54.1108207458  0.218325901106  0.110671064198  0.189687149133  0.176382866923  0.278865782538  0.143568905837  0.0771688459596  0.0920289120962  0.057653991057  0.0364685507825  0.0122177668008  0.00961964581396  0.0336290179037  0.0238076280542  0.0126479886356  0.0124086118157  0.0139273262334  0.0148463909409  0.0173095389796  0.0217716067464  0.0231051478508  0.184711443802  0.0358469541945  0.24183341919  0.133372355307  0.0962642026769  -9999.0  -9999.0  -9999.0  -9999.0  -9999.0  -9999.0  -9999.0  -9999.0
-9999.0  -9999.0  -9999.0  -9999.0  -9999.0  -9999.0  -9999.0  -9999.0  -9999.0  -9999.0  -9999.0  -9999.0  -9999.0  -9999.0  -9999.0  -9999.0  2.13593971716  2.84149876455  4.9338237936  6.28095903702  0.647921288094  10.0433531537  10.3328665033  10.6195954317  0.289079170177  0.566549004229  0.256777833641  1.88463429473  2.01873095225  2.22811129377  2.41700344177  2.80097071522  2.83086295561  0.0209168522656  2.45243830561  2.67621160997  2.81835215829  3.21089578784  0.498512586006  0.305452068056  0.160675142963  0.1517269168  249.186386377  249.338726829  250.719970502  54.2305374379  0.660083495307  0.334626564888  0.255387254391  0.0575464025529  0.569343918357  0.224001648054  0.0726526352529  0.346458516234  0.279808631768  0.0509660424047  0.070447489678  0.0629216406897  0.0443145405775  0.00980667353178  0.0289530310686  0.0209326855229  0.00902760488376  0.0202418569848  0.0111673657544  0.0140780452002  0.0146631792382  0.00938519796302  0.0455627853412  1.06960655359  0.722240409732  0.43460120515  0.180010959659  -9999.0  -9999.0  -9999.0  -9999.0  -9999.0  -9999.0  -9999.0
-9999.0  -9999.0  -9999.0  -9999.0  -9999.0  -9999.0  -9999.0  -9999.0  -9999.0  -9999.0  -9999.0  -9999.0  -9999.0  -9999.0  -9999.0  -9999.0  0.752385638115  3.55813885529  4.27401276703  0.648675178719  0.319870681526  0.64675982422  0.949833410646  11.8667699762  0.285320080534  1.14523872688  1.40862843102  1.66307937813  0.140637295738  0.336983821853  0.391856324507  1.9281094636  2.1020381393  2.21077749018  0.110289306357  0.0886201330298  0.0793517144289  0.144504788384  0.0527119888373  0.0573805843444  0.120129708633  0.0900448084049  0.117843517112  0.508965917922  250.868091807  305.508749385  0.797215841053  0.0992549667885  0.0723794787341  1.4863071372  1.36440742097  0.70888956533  0.615846652515  0.431876918185  0.0909000398377  0.0672994215605  0.0779626227377  0.0357610269732  0.0277317234398  0.00869841681386  0.0624710101101  0.128956577366  0.0518731148286  0.0308744185508  0.00998108855367  0.0460007525467  0.0360097792522  0.0311046953155  1.35026616968  1.33852172076  0.148520149022  0.141236296443  0.134049995769  0.126987197032  -9999.0  -9999.0  -9999.0  -9999.0  -9999.0  -9999.0
-9999.0  -9999.0  -9999.0  -9999.0  -9999.0  -9999.0  -9999.0  -9999.0  -9999.0  -9999.0  -9999.0  -9999.0  -9999.0  -9999.0  -9999.0  0.684538198387  2.13756481314  0.701954080064  0.499642309256  0.356232907128  0.676291583859  0.983338794036  1.38465224888  13.8768399717  14.1528948238  0.282574779198  0.545232692721  0.809971137375  0.986624053431  1.123864897  1.54124584346  1.82392295791  0.0258625243873  0.0711743065822  0.0902229058386  0.13841688553  0.122379043117  0.11801390387  0.0979841151168  0.1102418503  0.601886830425  0.307194873453  0.240936236349  0.243567711458  0.141974545115  0.26494392428  311.470085931  5.08442900243  2.05341912772  0.379170578195  0.191979321635  0.121096362589  0.296372793849  0.162842614053  0.0670342067278  0.0666730168119  0.183121679052  0.227104636396  0.241212033313  0.00681230503827  0.247442432527  0.162050052328  0.0083598491173  0.00837165702062  0.0550727344714  0.279620887015  0.138171630917  0.0928567896545  1.42853573111  0.0997350836126  0.111330173103  0.526138088933  0.265635368822  0.422846140995  0.164957754262  -9999.0  -9999.0  -9999.0  -9999.0  -9999.0
-9999.0  -9999.0  -9999.0  -9999.0  -9999.0  -9999.0  -9999.0  -9999.0  -9999.0  -9999.0  -9999.0  -9999.0  -9999.0  -9999.0  0.726298117492  1.38913657622  4.92888779358  0.706100980492  1.18859769667  1.53518219335  1.86177669752  0.334514668557  0.629122285154  1.17024317222  15.9144453643  0.271495559509  0.524017569277  0.774493066951  0.230458562601  0.43901872889  0.461189578301  0.662831605059  24.6181739918  24.8021571662  25.0062899606  25.9297494851  26.3013639931  27.0367457622  0.218168662698  0.455651858258  0.71993825613  29.6200080184  30.0042833593  0.22915461534  0.33672921848  0.446192040046  311.702121104  4.93192010381  2.38427364919  2.1621573072  1.94702554379  1.75616667932  0.391328464047  0.117587533272  0.165614431957  0.0627426190263  0.0576234867213  0.0672565710955  0.249051635106  0.520190342728  0.265004503963  0.0232092473226  0.0158292774942  0.0274159519091  0.538755837565  0.420243395969  0.0878581973791  1.72134792684  1.52940623266  0.194138227308  1.05851136913  0.640083468924  0.675400816874  0.558404465632  0.130923065396  -9999.0  -9999.0  -9999.0  -9999.0  -9999.0
-9999.0  -9999.0  -9999.0  -9999.0  -9999.0  -9999.0  -9999.0  -9999.0  -9999.0  -9999.0  -9999.0  -9999.0  -9999.0  -9999.0  0.721238651353  2.19684250981  7.84562028882  11.6505526701  0.66955694278  15.3242827329  17.852121499  0.313830633518  0.60410744977  1.06868111007  19.1625320319  19.6557279555  0.251980281406  1.27918483898  1.5123548274  1.64348553681  23.5882058156  23.7222175814  23.9138240872  0.112183243171  0.649227532359  0.768760390661  0.363894573946  0.521666625123  27.8008619213  28.5077136684  28.6463540946  28.7823296503  30.223886256  0.108450522465  0.100430731298  0.657039742528  311.929808929  0.248690171991  0.00651112412164  0.0184653187253  0.00766389654391  1.45513934806  1.43852419269  0.864297642229  0.553783689905  0.185388824917  0.0629689638963  0.0841635761914  0.00551018487628  0.526854787821  0.0351919669647  0.0288499985216  0.00515679333027  0.0340122927198  0.55235613386  0.00572857520505  0.00450017311538  1.73410314604  0.0381219426201  1.23714051029  1.15784144858  0.983028812002  0.891461089056  0.105533715749  0.368299897235  0.119381865142  -9999.0  -9999.0  -9999.0  -9999.0
-9999.0  -9999.0  -9999.0  -9999.0  -9999.0  -9999.0  -9999.0  -9999.0  -9999.0  -9999.0  -9999.0  -9999.0  -9999.0  -9999.0  -9999.0  -9999.0  1.53327684171  3.09820851579  13.8603800839  14.6246885247  18.5468828136  19.232917472  0.306665809608  0.612444736508  1.58228099185  20.2809502017  20.8689680497  21.1075328145  0.202025809809  21.7808814534  21.906283398  0.0945307414495  0.1132162842  0.2234422914  0.435576480132  0.104248410506  0.214337811335  0.501110590055  0.62987662123  0.115554290262  0.0936301693323  0.192733901871  30.8327978794  31.0178068112  31.1126540401  31.9868552936  312.130913242  0.222234443189  0.00346596390695  0.00427954885269  0.00412394342526  0.00433412975227  0.00339202364529  0.00599268905752  0.136849427219  0.229744322031  0.0888369029839  0.060043085283  0.154289867101  0.690777048779  0.733009860884  0.740663449171  0.786073934949  0.00569414246105  0.558143128114  0.0193732013233  0.00780018883322  1.74056823963  1.78505362882  1.2890104846  1.38117649903  1.07767697486  0.700586554237  0.599201741474  0.493056853154  -9999.0  -9999.0  -9999.0  -9999.0  -9999.0
-9999.0  -9999.0  -9999.0  -9999.0  -9999.0  -9999.0  -9999.0  -9999.0  -9999.0  -9999.0  -9999.0  -9999.0  -9999.0  -9999.0  -9999.0  -9999.0  0.80057740228  0.789878088084  0.775322467156  1.52611010591  0.690344858513  20.6051995907  21.2441114447  0.353925236843  0.635715239973  0.296517453491  0.261885235064  0.257883084982  21.4565318871  0.0283882320201  0.056906721125  0.0683378712194  0.117167428934  0.10812393668  0.0920181498991  0.0938925848628  0.279065483404  0.376350152711  0.081419806186  0.0777558317754  0.16007455265  0.252328244904  0.308090126932  0.0734950434842  31.209612644  32.0872585137  312.305875974  0.460427857605  0.00733601736157  0.00157440547293  0.00516732995764  0.00109922792031  0.000665310848326  0.00680602670838  0.579239261314  0.32421035482  0.0627788994404  0.0482444340566  0.0582913027301  0.0160041558376  0.00624151881995  0.00674941690225  0.00732383441898  1.39688491047  0.583147652606  0.00531704215005  0.00865487722827  0.00407290423165  5.32500787973  3.5349431817  3.5214336067  1.12548003127  0.875554160276  0.0864409949804  -9999.0  -9999.0  -9999.0  -9999.0  -9999.0  -9999.0
-9999.0  -9999.0  -9999.0  -9999.0  -9999.0  -9999.0  -9999.0  -9999.0  -9999.0  -9999.0  -9999.0  -9999.0  -9999.0  -9999.0  -9999.0  -9999.0  -9999.0  -9999.0  0.78134495546  2.25738583021  2.92414308135  3.60005430637  21.8983095614  22.5289620236  23.1482861775  23.7050068182  23.9589931834  24.4761682518  24.5105738718  24.5338169626  24.5749454974  0.112963159077  0.106006338804  0.108297722776  0.390213704219  0.0989986502545  0.0940390000732  0.0832304970811  0.242877949209  0.0900685710737  0.0770378806384  0.0738440924511  0.0667194610796  0.13327584734  0.192093203161  32.4791642265  345.402365422  0.229693941271  0.422075039394  0.000949656835319  0.00658649714902  0.00299708373332  0.00134267468542  1.03207734353  0.939740531737  0.233153031523  0.106010373257  0.149600256458  0.0453321885918  0.0661416896607  0.0204427329963  0.0186227578803  0.00649752424749  0.00852286109726  1.40360860221  1.42442340525  5.55063677941  5.5244293642  5.51785747605  0.00725556352482  0.935449749708  0.92709085034  0.0418775709928  -9999.0  -9999.0  -9999.0  -9999.0  -9999.0  -9999.0  -9999.0
-9999.0  -9999.0  -9999.0  -9999.0  -9999.0  -9999.0  -9999.0  -9999.0  -9999.0  -9999.0  -9999.0  -9999.0  -9999.0  -9999.0  -9999.0  -9999.0  -9999.0  -9999.0  -9999.0  0.690714518326  5.22106987475  10.2587802129  10.9519136663  0.610695925266  0.961975333857  1.24222758214  1.48994787835  3.05611379328  3.15827374435  0.105443466132  0.0973050897634  24.8052591553  25.0133619378  25.1115171788  0.474709444014  0.0833589125389  0.178679281044  0.263526562138  0.773322699119  0.943767791521  1.09096022601  0.139944970968  0.197535233257  0.0648954429908  0.127736341403  0.0642569509545  345.539648567  0.202134352718  0.811813079241  0.180609871967  0.234798702689  0.965997842298  1.05798944076  2.18655513662  0.678551331824  0.564150991533  0.287680700716  0.25661760834  0.0739652031258  0.0945354304582  0.048495076013  0.0242594270103  0.00357010761084  7.18394436452  7.13723339512  7.10854345936  5.59667354825  0.0113104827846  0.174167671873  0.123825580063  0.0817555703366  0.050616357987  0.00879087472918  -9999.0  -9999.0  -9999.0  -9999.0  -9999.0  -9999.0  -9999.0
-9999.0  -9999.0  -9999.0  -9999.0  -9999.0  -9999.0  -9999.0  -9999.0  -9999.0  -9999.0  -9999.0  -9999.0  -9999.0  -9999.0  -9999.0  -9999.0  -9999.0  -9999.0  0.737921983513  2.30951679542  4.5452683573  5.97096093269  15.2501539953  15.9143434911  0.57746749845  0.852853313154  1.09205554321  1.33289494445  3.20428712146  3.38746416151  5.31372130114  5.46127868627  5.56101734032  25.2139169642  25.964739254  0.182727295614  0.101653375454  0.0995306628226  0.191685586598  0.089443424416  1.26214705968  1.33224701238  0.260132881942  0.317393399921  0.0604679011727  104.097701924  104.227138066  449.887856909  450.955655694  0.206747336257  0.672964724023  0.23582807137  0.177304433516  2.42073451063  3.18141591649  0.457303296435  0.328118573264  0.0701652296062  0.037441146524  0.130713037382  7.31813930179  7.24157737011  7.22410849468  7.21422157617  0.0430513763893  0.016755756937  0.0118511322323  0.0124560673759  0.040283634631  0.0268500728322  0.0243366882766  0.0366705553351  0.011224138674  -9999.0  -9999.0  -9999.0  -9999.0  -9999.0  -9999.0  -9999.0
-9999.0  -9999.0  -9999.0  -9999.0  -9999.0  -9999.0  -9999.0  -9999.0  -9999.0  -9999.0  -9999.0  -9999.0  -9999.0  -9999.0  -9999.0  -9999.0  -9999.0  -9999.0  -9999.0  0.809391156522  0.786444102873  1.51518497375  3.62916474997  16.5767247731  0.294344913505  0.290609468086  0.531926849724  0.774017906773  1.65397390968  1.70983637469  0.0395451841459  0.0975920855292  5.67945881856  5.784664225  31.8385179767  31.9233299615  0.0764303324901  0.0720066225831  0.0625934411157  0.0629978830991  0.0600348811835  102.949198649  103.322203656  103.695607523  103.80610479  104.039425831  0.0673491288355  0.255413421457  0.335344686852  451.528712098  451.674957415  451.829502342  451.897559009  451.944630654  3.24656820098  0.0369132630172  0.13359778255  0.106461450139  0.0267333332026  0.157290020451  7.38301913044  0.0314116687659  0.0055702244973  0.0493994367949  0.0442330858711  0.0353335563759  0.0246723021663  0.0138638520808  0.0160343766706  0.0148730528643  0.0126774344497  0.0137072398702  -9999.0  -9999.0  -9999.0  -9999.0  -9999.0  -9999.0  -9999.0  -9999.0
-9999.0  -9999.0  -9999.0  -9999.0  -9999.0  -9999.0  -9999.0  -9999.0  -9999.0  -9999.0  -9999.0  -9999.0  -9999.0  -9999.0  -9999.0  -9999.0  -9999.0  -9999.0  -9999.0  -9999.0  0.744165491366  0.766743736665  1.44153593318  19.3936091429  20.0356677726  0.286230530191  0.528504923194  0.774089968756  0.837582534102  0.0456967243719  0.141980965037  36.0207255349  36.1314537899  36.2202985795  36.9127421213  68.9196079533  100.415784042  100.577187266  100.724743923  100.868651379  101.390237005  101.548728257  0.306182099049  0.144878410863  0.0803942362273  0.154861706649  0.126491511719  0.19682476825  0.0641565491872  1.34923976306  1.69572074443  2.03310087558  2.08597943321  452.01388612  455.334605112  455.633643677  0.192758839247  0.0421336760639  0.250231861736  0.191776618525  7.44899956797  0.0333790371003  0.309420895961  0.252717309885  0.245068683594  0.155175354901  0.0573406816884  0.0201023849134  0.010383575883  -9999.0  -9999.0  -9999.0  -9999.0  -9999.0  -9999.0  -9999.0  -9999.0  -9999.0  -9999.0  -9999.0
-9999.0  -9999.0  -9999.0  -9999.0  -9999.0  -9999.0  -9999.0  -9999.0  -9999.0  -9999.0  -9999.0  -9999.0  -9999.0  -9999.0  -9999.0  -9999.0  -9999.0  -9999.0  -9999.0  -9999.0  -9999.0  0.752085345115  1.44731034452  2.14413230911  20.6240160477  0.489872688464  27.2242554946  27.4768945258  27.5221242688  27.6173007342  35.6205224554  35.7544270685  0.112773029024  0.521716307869  0.624346570476  0.105125904013  31.3322445893  31.1396143635  0.0694999624697  0.154892263855  0.394401578669  0.0818166030325  0.0851227358427  0.0730050438355  0.0653548349658  0.0549243593588  0.060767775265  1.1400639769  1.20176359718  1.27174088923  0.234895283886  0.20804080605  2.23841298648  2.32925046825  2.36784775525  455.690117051  455.747764643  0.365344753777  0.288409770956  7.85873544594  7.82150200318  0.340913193485  0.0225152750621  0.00714070186747  0.303011097547  0.225975777161  0.139532267247  0.0313036979548  0.0153325188103  0.00693199948586  -9999.0  -9999.0  -9999.0  -9999.0  -9999.0  -9999.0  -9999.0  -9999.0  -9999.0  -9999.0
-9999.0  -9999.0  -9999.0  -9999.0  -9999.0  -9999.0  -9999.0  -9999.0  -9999.0  -9999.0  -9999.0  -9999.0  -9999.0  -9999.0  -9999.0  -9999.0  -9999.0  -9999.0  -9999.0  -9999.0  -9999.0  0.70348359923  0.663567835112  3.40169756129  25.3381754642  26.4680281265  26.9854197916  0.264075716801  7.87233983027  7.90519027364  7.93113552425  0.111963710138  0.233381816355  0.343810336991  7.61333766017  7.70238041563  7.78087441059  30.9914110713  19.7023684043  0.0846256718529  0.0817675295689  0.0783385798055  0.0678858462797  0.669646361848  0.810690030157  0.939151257259  1.00833740986  1.07587831263  5.98967659663  6.04349480534  6.09142150457  6.20396535453  6.85071631912  6.89650086913  9.31653410311  0.0403399551501  455.799864096  455.862489879  0.411085536875  7.89145726178  0.0552811129333  0.0248108429913  0.0473965199383  0.534796680033  0.530735844359  0.165551170464  0.0850872535613  0.0738496559146  0.0246484598092  0.00684420514127  0.0057118293565  0.00559155406131  -9999.0  -9999.0  -9999.0  -9999.0  -9999.0  -9999.0  -9999.0  -9999.0
-9999.0  -9999.0  -9999.0  -9999.0  -9999.0  -9999.0  -9999.0  -9999.0  -9999.0  -9999.0  -9999.0  -9999.0  -9999.0  -9999.0  -9999.0  -9999.0  -9999.0  -9999.0  -9999.0  -9999.0  -9999.0  -9999.0  1.37297030503  2.07702028475  0.686434778821  0.288114295486  7.09613482822  7.36658015215  7.52379256168  1.69906154803  1.72231401282  1.75803456152  1.85876619641  7.42066352293  7.5254818641  3.2533992068  11.1239361554  11.2102083672  19.631089368  0.165148121811  0.0816369434518  0.0665463776164  0.457341561529  0.53411880566  0.0556994269102  0.0529131364768  5.74003709904  5.86895283866  5.9378700691  0.0577235532801  0.0812769365061  6.72609856702  0.0798108617678  0.319766311521  0.357938236308  9.75136554539  9.7901716446  10.229798385  466.554758008  7.98202924811  0.682810147616  0.650858883792  0.619780165715  0.539747153324  0.0102370900141  0.204423984096  0.152068996043  0.0843386368311  0.0171940932985  0.0115306777037  0.0267747570236  0.0154506162509  -9999.0  -9999.0  -9999.0  -9999.0  -9999.0  -9999.0  -9999.0  -9999.0
-9999.0  -9999.0  -9999.0  -9999.0  -9999.0  -9999.0  -9999.0  -9999.0  -9999.0  -9999.0  -9999.0  -9999.0  -9999.0  -9999.0  -9999.0  -9999.0  -9999.0  -9999.0  -9999.0  -9999.0  -9999.0  -9999.0  0.683223119192  1.35390797746  5.4633898861  6.11968114822  6.55216299103  1.46605681489  1.67370663141  0.029325618788  5.40067638163  5.42446926167  5.45313787797  0.0677679960835  3.05208798545  3.15874597929  0.0877884749883  19.209599272  0.175491176552  0.0872934602016  0.241603725045  0.32342856072  0.068306807676  0.0596542999401  5.13212774409  5.61741975647  5.69272359552  0.0704005669312  0.165609877388  0.21331141392  0.257181510394  0.487282732376  0.118039969615  0.259129622055  0.0564413245537  0.111188165722  10.1443149845  10.1896899168  466.617293417  475.449098899  0.789907100303  0.0530428966574  0.0334298772509  0.0283582853971  0.00449230413693  0.208600177447  0.187745658939  0.15167208294  0.136805088325  0.0761725732569  0.0517662332991  0.012399752941  0.00594992315491  -9999.0  -9999.0  -9999.0  -9999.0  -9999.0  -9999.0  -9999.0
-9999.0  -9999.0  -9999.0  -9999.0  -9999.0  -9999.0  -9999.0  -9999.0  -9999.0  -9999.0  -9999.0  -9999.0  -9999.0  -9999.0  -9999.0  -9999.0  -9999.0  -9999.0  -9999.0  -9999.0  -9999.0  -9999.0  0.67730794802  2.08077881029  3.47408213472  0.626674124907  0.905668928909  1.19790107058  5.26674766645  5.32243085015  5.34850185094  0.0218571770046  2.76514744535  2.83919001304  2.88880703504  0.0248978034446  18.8431738724  19.0359881045  0.091633569175  0.0872283864696  0.170825502796  0.074279241833  4.75213191736  4.88824935359  4.96275764389  0.289761794479  0.36022681358  0.0641536314568  0.116947044055  0.0531669299951  0.370779047689  0.0539166707052  0.0637965818127  0.0691100402384  0.069454155875  0.140385149404  0.194895927792  29.9658809114  30.0590119772  505.624517721  505.684298716  505.740821671  0.0588643649047  0.502490574911  0.453852437777  0.229314648736  0.226476125411  0.0341858951895  0.194106236583  0.00669960928119  0.00591292560458  0.00470880589464  0.0230068260879  0.0104850409027  -9999.0  -9999.0  -9999.0  -9999.0  -9999.0  -9999.0
-9999.0  -9999.0  -9999.0  -9999.0  -9999.0  -9999.0  -9999.0  -9999.0  -9999.0  -9999.0  -9999.0  -9999.0  -9999.0  -9999.0  -9999.0  -9999.0  -9999.0  -9999.0  -9999.0  -9999.0  -9999.0  -9999.0  -9999.0  0.708839253956  0.707523612264  0.519289439237  3.89992239096  4.18828324085  5.01271415812  0.104428506673  2.65830818459  2.72500889444  0.0243223946368  0.0535020018186  0.018645109486  18.7210903097  0.0325721794737  0.169603865939  0.235642740902  0.297100248276  4.3608427963  4.53901519553  4.61849323319  0.0793251740195  0.151065404141  0.218165767588  0.0472395819303  0.0434435373822  16.2667836524  16.3106228267  16.3466964929  16.6815927481  16.7278302774  16.797463564  16.8562779107  26.1773162254  26.2230316534  29.9218051449  0.045141212542  0.0554241127036  0.104524491519  505.888572998  506.089654613  506.676648437  506.71385825  0.0141961473319  0.00350028798006  0.214593446858  0.207806105166  0.00424094588576  0.0290930657439  0.11338185465  0.070354650305  0.0623941337623  0.0170340928772  -9999.0  -9999.0  -9999.0  -9999.0  -9999.0
-9999.0  -9999.0  -9999.0  -9999.0  -9999.0  -9999.0  -9999.0  -9999.0  -9999.0  -9999.0  -9999.0  -9999.0  -9999.0  -9999.0  -9999.0  -9999.0  -9999.0  -9999.0  -9999.0  -9999.0  -9999.0  -9999.0  -9999.0  0.636824938976  1.14729994497  2.27325803224  3.62836732371  0.305707869423  0.573758616125  2.44344474782  2.52747118263  0.0366764927448  4.20574256559  4.23118823977  18.6576935315  18.6805384432  0.0315137447012  0.0714359345722  0.326947149388  3.97309436156  4.02399609516  0.137363458902  0.0887518041439  0.0761100199595  14.8133668319  14.9457124294  15.0583032791  15.170826782  16.2263161892  0.118109304582  16.6393027555  0.0637159091243  0.0455861935364  0.0829422263473  9.22824733401  9.27919837061  3.49039018147  3.65232656049  0.113478041147  0.0559992728026  0.0598562978599  0.0614070389794  0.101447161589  0.0437702272185  531.182000205  531.241320738  0.301130683928  0.220953190414  0.00324444037209  0.304376321025  0.273708961056  0.178761392073  0.0111738973004  0.0148510118503  0.0187217208299  -9999.0  -9999.0  -9999.0  -9999.0  -9999.0
-9999.0  -9999.0  -9999.0  -9999.0  -9999.0  -9999.0  -9999.0  -9999.0  -9999.0  -9999.0  -9999.0  -9999.0  -9999.0  -9999.0  -9999.0  -9999.0  -9999.0  -9999.0  -9999.0  -9999.0  -9999.0  -9999.0  -9999.0  -9999.0  0.344322523959  0.66486642931  0.953007724723  1.89947082435  2.17088063203  3.63377673711  4.08586047977  4.15528435736  4.17795030171  14.3776418723  14.4033924991  0.0161440327955  0.297723714469  0.317831063234  3.62569440474  3.63912078248  0.0325288699016  0.0131915391959  14.6132675662  14.6347368882  14.6781893465  0.0698662891327  0.866778482433  0.929706838693  0.996339619292  0.0604246895206  0.0486781958344  0.0376753998543  0.0377662229144  9.05870832021  9.11032744305  0.0380821716838  3.45369090426  3.23467284744  3.19751991917  0.0455697354588  0.0484817378175  0.0441582129172  0.0798960067416  24.2575524217  24.4151695776  531.600865238  0.0565395825002  0.0287228090989  0.316223178555  0.00683909738723  0.130701918203  0.0668424330664  0.0101522550271  -9999.0  -9999.0  -9999.0  -9999.0  -9999.0  -9999.0  -9999.0
-9999.0  -9999.0  -9999.0  -9999.0  -9999.0  -9999.0  -9999.0  -9999.0  -9999.0  -9999.0  -9999.0  -9999.0  -9999.0  -9999.0  -9999.0  -9999.0  -9999.0  -9999.0  -9999.0  -9999.0  -9999.0  -9999.0  -9999.0  -9999.0  0.326029380781  1.06691427699  1.61369413298  2.42840961813  3.06338692559  3.36860272311  0.235625938983  3.88233835404  14.1684326429  14.3512493979  0.133228008522  0.201914023993  0.284252630558  3.58448264862  3.61140630681  10.240629806  10.3689077041  14.5879779545  14.5962619034  0.0100746997039  0.708218013712  0.742460590513  0.812082404363  0.0641994168373  8.25659221853  8.31634943123  8.4392729541  8.82024135625  8.9734899679  9.0069150956  0.0503469978022  0.0993350735431  0.140624521894  2.60967122714  3.11664890931  0.388825782976  0.349091021285  0.0291467371834  0.0365519149895  24.12823703  0.114165865928  0.0863959526362  531.721632532  0.0172224504136  0.0119462312115  0.482629567728  0.163008413441  0.0466697006787  0.0112567205664  -9999.0  -9999.0  -9999.0  -9999.0  -9999.0  -9999.0  -9999.0
-9999.0  -9999.0  -9999.0  -9999.0  -9999.0  -9999.0  -9999.0  -9999.0  -9999.0  -9999.0  -9999.0  -9999.0  -9999.0  -9999.0  -9999.0  -9999.0  -9999.0  -9999.0  -9999.0  -9999.0  -9999.0  -9999.0  -9999.0  -9999.0  0.355230462481  0.335631450098  1.51740955699  2.12705927294  0.352942975795  3.3540018125  3.61928122096  0.260938291578  9.77680427006  0.255189346525  1.53629309825  3.3633074861  3.55790552977  9.64434961885  9.70990342507  10.2218691405  0.116740138682  4.20682615448  0.00644234221484  0.0192877236395  0.695094613523  0.0177724924001  1.69266802223  8.1382883383  0.016724427256  0.0762512359689  0.228105202018  0.0637748200836  0.0395957397444  0.0367098950717  0.0287497570322  2.48157194237  2.54151718901  2.57037740551  0.0738411637726  0.110456446291  0.206993606647  0.0367031590529  24.0216394653  24.0432715059  0.055340167026  0.0456165057773  0.0216267710018  531.874020248  532.585895917  0.666647496245  0.174313861347  0.170648137905  0.0755027124543  -9999.0  -9999.0  -9999.0  -9999.0  -9999.0  -9999.0  -9999.0
-9999.0  -9999.0  -9999.0  -9999.0  -9999.0  -9999.0  -9999.0  -9999.0  -9999.0  -9999.0  -9999.0  -9999.0  -9999.0  -9999.0  -9999.0  -9999.0  -9999.0  -9999.0  -9999.0  -9999.0  -9999.0  -9999.0  -9999.0  -9999.0  -9999.0  0.331696942882  0.350596632545  0.335896585427  2.77302236447  3.07615373614  4.18706983389  9.53069962983  0.267255788978  0.789175556557  1.04904100174  1.60382275128  0.462437967184  9.44107526356  0.208725887359  0.404708527836  4.04409311945  0.136314878179  0.599119731256  0.647946226082  0.0124021982269  0.0163227786966  1.67427330289  6.43032490527  0.0190481772048  0.0728969068399  0.169882996585  0.0414487988138  0.0132213144711  2.37497834672  2.40821930979  0.0236841320645  0.046547509518  0.0129215970458  0.035355590623  0.0616199478694  0.0507441115034  0.0237464057167  24.0016473232  0.0630367715091  -9999.0  -9999.0  0.0458011999916  0.0829777019912  532.617840493  532.647124057  532.708384169  0.0270051684765  -9999.0  -9999.0  -9999.0  -9999.0  -9999.0  -9999.0  -9999.0  -9999.0
-9999.0  -9999.0  -9999.0  -9999.0  -9999.0  -9999.0  -9999.0  -9999.0  -9999.0  -9999.0  -9999.0  -9999.0  -9999.0  -9999.0  -9999.0  -9999.0  -9999.0  -9999.0  -9999.0  -9999.0  -9999.0  -9999.0  -9999.0  -9999.0  -9999.0  -9999.0  0.479578152515  1.55211026708  2.07916578085  3.87295581983  1.84739341652  5.01799474745  2.63194301778  0.260273203296  0.819982402663  1.33602841886  0.227607205706  8.75715887063  2.79801944879  3.47997201876  0.401253505765  0.399296443164  0.164427157089  0.0434172118133  1.6256276517  1.64246599088  6.37828065543  6.39452188593  0.0317525012509  0.0491979493532  0.0125451033857  2.24297463816  2.31052685493  2.36872691743  0.0259543579699  0.0116696353352  0.033726603756  0.0120416431701  0.00821659318032  0.0152260529414  23.8775603802  23.8874478741  23.8945054346  0.0423294730574  -9999.0  -9999.0  -9999.0  -9999.0  -9999.0  0.0169875194756  532.727915165  532.74334639  -9999.0  -9999.0  -9999.0  -9999.0  -9999.0  -9999.0  -9999.0  -9999.0
-9999.0  -9999.0  -9999.0  -9999.0  -9999.0  -9999.0  -9999.0  -9999.0  -9999.0  -9999.0  -9999.0  -9999.0  -9999.0  -9999.0  -9999.0  -9999.0  -9999.0  -9999.0  -9999.0  -9999.0  -9999.0  -9999.0  -9999.0  -9999.0  -9999.0  -9999.0  0.388998610686  0.347253168484  3.27364235876  0.637091121369  1.32816236935  1.74241892937  2.31478557304  0.287433266415  0.282910829393  0.264759597716  8.27200994937  8.53182413423  2.58320211952  0.472880637867  0.223560061212  0.224113392518  1.44704334662  1.61392071646  5.91288318854  6.16380173227  6.33956636038  0.024201186511  0.0169342436467  2.20973953963  2.22049671032  2.23385657869  0.0599184731931  0.0319563931502  0.0148156452767  0.0139067919281  0.00894930019742  0.0818641584656  0.0863405671574  23.8650805661  23.8680199171  0.00557990137159  0.00259823378569  0.0211586293219  -9999.0  -9999.0  -9999.0  -9999.0  -9999.0  -9999.0  -9999.0  -9999.0  -9999.0  -9999.0  -9999.0  -9999.0  -9999.0  -9999.0  -9999.0  -9999.0
-9999.0  -9999.0  -9999.0  -9999.0  -9999.0  -9999.0  -9999.0  -9999.0  -9999.0  -9999.0  -9999.0  -9999.0  -9999.0  -9999.0  -9999.0  -9999.0  -9999.0  -9999.0  -9999.0  -9999.0  -9999.0  -9999.0  -9999.0  -9999.0  -9999.0  -9999.0  -9999.0  0.74907592647  2.36075069484  1.27676872787  0.319061120661  1.24993851104  0.285006513989  0.938359885937  1.1918797202  7.11502120696  7.89530056988  2.11820526824  2.35121766501  0.244647813292  1.03294590015  1.24968771379  3.69920838651  5.61963525633  5.81194159525  0.191255694462  0.121695015023  1.86711439198  2.09680374394  2.19914212145  0.0173790006167  0.0315884872333  0.047545193793  0.0156230012939  0.0347990296471  0.0550097156071  0.0633850124543  0.076467678308  0.00866385086503  23.7588197483  0.0161446067031  0.00353899353108  -9999.0  -9999.0  -9999.0  -9999.0  -9999.0  -9999.0  -9999.0  -9999.0  -9999.0  -9999.0  -9999.0  -9999.0  -9999.0  -9999.0  -9999.0  -9999.0  -9999.0  -9999.0
-9999.0  -9999.0  -9999.0  -9999.0  -9999.0  -9999.0  -9999.0  -9999.0  -9999.0  -9999.0  -9999.0  -9999.0  -9999.0  -9999.0  -9999.0  -9999.0  -9999.0  -9999.0  -9999.0  -9999.0  -9999.0  -9999.0  -9999.0  -9999.0  -9999.0  -9999.0  -9999.0  0.397796402264  0.358225836221  0.576224642549  0.328921627856  0.630412242313  0.654088337435  3.95835277372  4.52431297859  0.888688129383  0.285850700362  1.87097828631  0.552346064955  0.819320971393  3.03315316638  3.26962573261  3.50182805852  1.72930752986  0.660985003363  1.07738700021  1.44810291499  1.82714600496  0.180370865297  0.0443948359303  13.5883391247  13.6221498779  13.6414973833  0.0134430736477  0.0240722051378  0.012647868208  0.0121137772474  23.0875970357  23.4437573471  0.249423103083  0.139918571881  0.0108659185489  -9999.0  -9999.0  -9999.0  -9999.0  -9999.0  -9999.0  -9999.0  -9999.0  -9999.0  -9999.0  -9999.0  -9999.0  -9999.0  -9999.0  -9999.0  -9999.0  -9999.0  -9999.0
-9999.0  -9999.0  -9999.0  -9999.0  -9999.0  -9999.0  -9999.0  -9999.0  -9999.0  -9999.0  -9999.0  -9999.0  -9999.0  -9999.0  -9999.0  -9999.0  -9999.0  -9999.0  -9999.0  -9999.0  -9999.0  -9999.0  -9999.0  -9999.0  -9999.0  -9999.0  -9999.0  -9999.0  -9999.0  0.203559265931  0.294344351974  0.351063303945  1.42859191119  3.65872669852  1.91071634584  0.309343015266  1.29160253084  1.59120812842  0.274370147418  2.55089058189  2.79623342265  0.789789679603  1.26275627811  0.237803698189  0.443700502623  0.219883972776  0.191782257634  0.18169470876  13.3222772601  13.4431788685  13.5659872051  0.597855016681  14.3694202833  14.4938146133  14.5816565164  14.6769531136  14.7996677483  23.0633914555  23.1951967792  0.180227075497  0.123330447227  0.0312204346804  -9999.0  -9999.0  -9999.0  -9999.0  -9999.0  -9999.0  -9999.0  -9999.0  -9999.0  -9999.0  -9999.0  -9999.0  -9999.0  -9999.0  -9999.0  -9999.0  -9999.0  -9999.0
-9999.0  -9999.0  -9999.0  -9999.0  -9999.0  -9999.0  -9999.0  -9999.0  -9999.0  -9999.0  -9999.0  -9999.0  -9999.0  -9999.0  -9999.0  -9999.0  -9999.0  -9999.0  -9999.0  -9999.0  -9999.0  -9999.0  -9999.0  -9999.0  -9999.0  -9999.0  -9999.0  -9999.0  -9999.0  -9999.0  -9999.0  0.377097513041  0.749176880148  0.739866066081  0.719241663116  0.687571901898  1.01534913803  1.69766795239  1.97924889467  2.29251994026  0.267880743845  0.542635923919  0.243535238727  0.2253653768  7.9072555047  9.70095457985  10.1141812752  10.3191024067  13.1657048933  0.173439771906  0.324017641351  0.492465145896  2.69057141692  2.81447356775  2.92335337795  6.5467655162  7.66628944918  8.15409280505  0.132430405811  0.0903326064209  0.0785685708931  0.0192534745082  -9999.0  -9999.0  -9999.0  -9999.0  -9999.0  -9999.0  -9999.0  -9999.0  -9999.0  -9999.0  -9999.0  -9999.0  -9999.0  -9999.0  -9999.0  -9999.0  -9999.0  -9999.0
-9999.0  -9999.0  -9999.0  -9999.0  -9999.0  -9999.0  -9999.0  -9999.0  -9999.0  -9999.0  -9999.0  -9999.0  -9999.0  -9999.0  -9999.0  -9999.0  -9999.0  -9999.0  -9999.0  -9999.0  -9999.0  -9999.0  -9999.0  -9999.0  -9999.0  -9999.0  -9999.0  -9999.0  -9999.0  -9999.0  -9999.0  -9999.0  0.383102490388  0.381374397875  0.365337997355  0.347836034172  0.706714329287  1.38714779792  1.31544215126  1.59174903605  1.84177159136  4.23776692577  4.4768394561  7.46960368853  7.70979423864  1.59184480032  0.221672809442  2.47138086719  2.6564293602  1.05315134467  2.05332168444  2.40639247243  2.5605089763  0.142237830184  3.52192642353  6.82136253334  7.57210389793  0.128035954734  0.239475439396  0.0284556008647  0.0612557520133  -9999.0  -9999.0  -9999.0  -9999.0  -9999.0  -9999.0  -9999.0  -9999.0  -9999.0  -9999.0  -9999.0  -9999.0  -9999.0  -9999.0  -9999.0  -9999.0  -9999.0  -9999.0  -9999.0
-9999.0  -9999.0  -9999.0  -9999.0  -9999.0  -9999.0  -9999.0  -9999.0  -9999.0  -9999.0  -9999.0  -9999.0  -9999.0  -9999.0  -9999.0  -9999.0  -9999.0  -9999.0  -9999.0  -9999.0  -9999.0  -9999.0  -9999.0  -9999.0  -9999.0  -9999.0  -9999.0  -9999.0  -9999.0  -9999.0  -9999.0  -9999.0  -9999.0  -9999.0  -9999.0  0.384859701093  0.355814599456  0.347563812774  1.01131678909  0.944732264195  1.84393091288  2.14923377094  0.264313999439  2.74212787621  1.09424411249  1.35813985477  1.5396545947  2.2779287169  0.657935269792  0.211140131494  0.849455798538  0.19815596118  1.91679988656  2.27493936848  3.25613261759  0.137162684624  0.387512570916  0.109047729374  0.0841460374586  0.0233059868528  0.0431354813475  -9999.0  -9999.0  -9999.0  -9999.0  -9999.0  -9999.0  -9999.0  -9999.0  -9999.0  -9999.0  -9999.0  -9999.0  -9999.0  -9999.0  -9999.0  -9999.0  -9999.0  -9999.0  -9999.0
-9999.0  -9999.0  -9999.0  -9999.0  -9999.0  -9999.0  -9999.0  -9999.0  -9999.0  -9999.0  -9999.0  -9999.0  -9999.0  -9999.0  -9999.0  -9999.0  -9999.0  -9999.0  -9999.0  -9999.0  -9999.0  -9999.0  -9999.0  -9999.0  -9999.0  -9999.0  -9999.0  -9999.0  -9999.0  -9999.0  -9999.0  -9999.0  -9999.0  -9999.0  -9999.0  -9999.0  -9999.0  0.342136152493  0.311253095237  0.635158619768  0.618090660214  1.63365411666  2.20291394115  0.578429833128  0.831193671079  0.787503210237  1.30891302068  0.506905152592  0.459532910205  0.462866404004  0.198017487686  1.14700815807  1.74361317264  0.188551881408  0.810998090095  0.213079456673  0.0498824754811  0.0274359552977  0.0251914657174  0.0279397942358  -9999.0  -9999.0  -9999.0  -9999.0  -9999.0  -9999.0  -9999.0  -9999.0  -9999.0  -9999.0  -9999.0  -9999.0  -9999.0  -9999.0  -9999.0  -9999.0  -9999.0  -9999.0  -9999.0  -9999.0
-9999.0  -9999.0  -9999.0  -9999.0  -9999.0  -9999.0  -9999.0  -9999.0  -9999.0  -9999.0  -9999.0  -9999.0  -9999.0  -9999.0  -9999.0  -9999.0  -9999.0  -9999.0  -9999.0  -9999.0  -9999.0  -9999.0  -9999.0  -9999.0  -9999.0  -9999.0  -9999.0  -9999.0  -9999.0  -9999.0  -9999.0  -9999.0  -9999.0  -9999.0  -9999.0  -9999.0  -9999.0  -9999.0  -9999.0  0.324635947041  0.697860070665  1.34774691873  0.300822753721  0.297486010216  0.258338476925  0.537111397874  0.268434871573  0.265775687682  0.245876717605  0.249412539846  0.481265902638  0.95383179857  0.422031444164  0.444643187742  0.63801296035  0.101935419577  0.024177909366  -9999.0  -9999.0  -9999.0  -9999.0  -9999.0  -9999.0  -9999.0  -9999.0  -9999.0  -9999.0  -9999.0  -9999.0  -9999.0  -9999.0  -9999.0  -9999.0  -9999.0  -9999.0  -9999.0  -9999.0  -9999.0  -9999.0  -9999.0
-9999.0  -9999.0  -9999.0  -9999.0  -9999.0  -9999.0  -9999.0  -9999.0  -9999.0  -9999.0  -9999.0  -9999.0  -9999.0  -9999.0  -9999.0  -9999.0  -9999.0  -9999.0  -9999.0  -9999.0  -9999.0  -9999.0  -9999.0  -9999.0  -9999.0  -9999.0  -9999.0  -9999.0  -9999.0  -9999.0  -9999.0  -9999.0  -9999.0  -9999.0  -9999.0  -9999.0  -9999.0  -9999.0  -9999.0  -9999.0  0.343864785993  0.315939153885  -9999.0  -9999.0  -9999.0  -9999.0  -9999.0  -9999.0  -9999.0  -9999.0  0.243381840395  0.234192432259  0.204235116792  0.222962736221  -9999.0  -9999.0  -9999.0  -9999.0  -9999.0  -9999.0  -9999.0  -9999.0  -9999.0  -9999.0  -9999.0  -9999.0  -9999.0  -9999.0  -9999.0  -9999.0  -9999.0  -9999.0  -9999.0  -9999.0  -9999.0  -9999.0  -9999.0  -9999.0  -9999.0  -9999.0
-9999.0  -9999.0  -9999.0  -9999.0  -9999.0  -9999.0  -9999.0  -9999.0  -9999.0  -9999.0  -9999.0  -9999.0  -9999.0  -9999.0  -9999.0  -9999.0  -9999.0  -9999.0  -9999.0  -9999.0  -9999.0  -9999.0  -9999.0  -9999.0  -9999.0  -9999.0  -9999.0  -9999.0  -9999.0  -9999.0  -9999.0  -9999.0  -9999.0  -9999.0  -9999.0  -9999.0  -9999.0  -9999.0  -9999.0  -9999.0  -9999.0  -9999.0  -9999.0  -9999.0  -9999.0  -9999.0  -9999.0  -9999.0  -9999.0  -9999.0  -9999.0  -9999.0  -9999.0  -9999.0  -9999.0  -9999.0  -9999.0  -9999.0  -9999.0  -9999.0  -9999.0  -9999.0  -9999.0  -9999.0  -9999.0  -9999.0  -9999.0  -9999.0  -9999.0  -9999.0  -9999.0  -9999.0  -9999.0  -9999.0  -9999.0  -9999.0  -9999.0  -9999.0  -9999.0  -9999.0
-9999.0  -9999.0  -9999.0  -9999.0  -9999.0  -9999.0  -9999.0  -9999.0  -9999.0  -9999.0  -9999.0  -9999.0  -9999.0  -9999.0  -9999.0  -9999.0  -9999.0  -9999.0  -9999.0  -9999.0  -9999.0  -9999.0  -9999.0  -9999.0  -9999.0  -9999.0  -9999.0  -9999.0  -9999.0  -9999.0  -9999.0  -9999.0  -9999.0  -9999.0  -9999.0  -9999.0  -9999.0  -9999.0  -9999.0  -9999.0  -9999.0  -9999.0  -9999.0  -9999.0  -9999.0  -9999.0  -9999.0  -9999.0  -9999.0  -9999.0  -9999.0  -9999.0  -9999.0  -9999.0  -9999.0  -9999.0  -9999.0  -9999.0  -9999.0  -9999.0  -9999.0  -9999.0  -9999.0  -9999.0  -9999.0  -9999.0  -9999.0  -9999.0  -9999.0  -9999.0  -9999.0  -9999.0  -9999.0  -9999.0  -9999.0  -9999.0  -9999.0  -9999.0  -9999.0  -9999.0
-9999.0  -9999.0  -9999.0  -9999.0  -9999.0  -9999.0  -9999.0  -9999.0  -9999.0  -9999.0  -9999.0  -9999.0  -9999.0  -9999.0  -9999.0  -9999.0  -9999.0  -9999.0  -9999.0  -9999.0  -9999.0  -9999.0  -9999.0  -9999.0  -9999.0  -9999.0  -9999.0  -9999.0  -9999.0  -9999.0  -9999.0  -9999.0  -9999.0  -9999.0  -9999.0  -9999.0  -9999.0  -9999.0  -9999.0  -9999.0  -9999.0  -9999.0  -9999.0  -9999.0  -9999.0  -9999.0  -9999.0  -9999.0  -9999.0  -9999.0  -9999.0  -9999.0  -9999.0  -9999.0  -9999.0  -9999.0  -9999.0  -9999.0  -9999.0  -9999.0  -9999.0  -9999.0  -9999.0  -9999.0  -9999.0  -9999.0  -9999.0  -9999.0  -9999.0  -9999.0  -9999.0  -9999.0  -9999.0  -9999.0  -9999.0  -9999.0  -9999.0  -9999.0  -9999.0  -9999.0
-9999.0  -9999.0  -9999.0  -9999.0  -9999.0  -9999.0  -9999.0  -9999.0  -9999.0  -9999.0  -9999.0  -9999.0  -9999.0  -9999.0  -9999.0  -9999.0  -9999.0  -9999.0  -9999.0  -9999.0  -9999.0  -9999.0  -9999.0  -9999.0  -9999.0  -9999.0  -9999.0  -9999.0  -9999.0  -9999.0  -9999.0  -9999.0  -9999.0  -9999.0  -9999.0  -9999.0  -9999.0  -9999.0  -9999.0  -9999.0  -9999.0  -9999.0  -9999.0  -9999.0  -9999.0  -9999.0  -9999.0  -9999.0  -9999.0  -9999.0  -9999.0  -9999.0  -9999.0  -9999.0  -9999.0  -9999.0  -9999.0  -9999.0  -9999.0  -9999.0  -9999.0  -9999.0  -9999.0  -9999.0  -9999.0  -9999.0  -9999.0  -9999.0  -9999.0  -9999.0  -9999.0  -9999.0  -9999.0  -9999.0  -9999.0  -9999.0  -9999.0  -9999.0  -9999.0  -9999.0
-9999.0  -9999.0  -9999.0  -9999.0  -9999.0  -9999.0  -9999.0  -9999.0  -9999.0  -9999.0  -9999.0  -9999.0  -9999.0  -9999.0  -9999.0  -9999.0  -9999.0  -9999.0  -9999.0  -9999.0  -9999.0  -9999.0  -9999.0  -9999.0  -9999.0  -9999.0  -9999.0  -9999.0  -9999.0  -9999.0  -9999.0  -9999.0  -9999.0  -9999.0  -9999.0  -9999.0  -9999.0  -9999.0  -9999.0  -9999.0  -9999.0  -9999.0  -9999.0  -9999.0  -9999.0  -9999.0  -9999.0  -9999.0  -9999.0  -9999.0  -9999.0  -9999.0  -9999.0  -9999.0  -9999.0  -9999.0  -9999.0  -9999.0  -9999.0  -9999.0  -9999.0  -9999.0  -9999.0  -9999.0  -9999.0  -9999.0  -9999.0  -9999.0  -9999.0  -9999.0  -9999.0  -9999.0  -9999.0  -9999.0  -9999.0  -9999.0  -9999.0  -9999.0  -9999.0  -9999.0
-9999.0  -9999.0  -9999.0  -9999.0  -9999.0  -9999.0  -9999.0  -9999.0  -9999.0  -9999.0  -9999.0  -9999.0  -9999.0  -9999.0  -9999.0  -9999.0  -9999.0  -9999.0  -9999.0  -9999.0  -9999.0  -9999.0  -9999.0  -9999.0  -9999.0  -9999.0  -9999.0  -9999.0  -9999.0  -9999.0  -9999.0  -9999.0  -9999.0  -9999.0  -9999.0  -9999.0  -9999.0  -9999.0  -9999.0  -9999.0  -9999.0  -9999.0  -9999.0  -9999.0  -9999.0  -9999.0  -9999.0  -9999.0  -9999.0  -9999.0  -9999.0  -9999.0  -9999.0  -9999.0  -9999.0  -9999.0  -9999.0  -9999.0  -9999.0  -9999.0  -9999.0  -9999.0  -9999.0  -9999.0  -9999.0  -9999.0  -9999.0  -9999.0  -9999.0  -9999.0  -9999.0  -9999.0  -9999.0  -9999.0  -9999.0  -9999.0  -9999.0  -9999.0  -9999.0  -9999.0
