ncols                  80
nrows                 72
xllcorner      4374000.0
yllcorner      5656000.0
cellsize            500
NODATA_value       -9999
-9999.0  -9999.0  -9999.0  -9999.0  -9999.0  -9999.0  -9999.0  -9999.0  -9999.0  -9999.0  -9999.0  -9999.0  1.29235410868  0.962809442504  -9999.0  -9999.0  -9999.0  -9999.0  -9999.0  -9999.0  -9999.0  -9999.0  -9999.0  -9999.0  -9999.0  -9999.0  -9999.0  -9999.0  -9999.0  -9999.0  -9999.0  -9999.0  -9999.0  -9999.0  -9999.0  -9999.0  -9999.0  -9999.0  -9999.0  -9999.0  -9999.0  -9999.0  -9999.0  -9999.0  -9999.0  -9999.0  -9999.0  -9999.0  -9999.0  -9999.0  -9999.0  -9999.0  -9999.0  -9999.0  -9999.0  -9999.0  -9999.0  -9999.0  -9999.0  -9999.0  -9999.0  -9999.0  -9999.0  -9999.0  -9999.0  -9999.0  -9999.0  -9999.0  -9999.0  -9999.0  -9999.0  -9999.0  -9999.0  -9999.0  -9999.0  -9999.0  -9999.0  -9999.0  -9999.0  -9999.0
-9999.0  -9999.0  -9999.0  -9999.0  -9999.0  -9999.0  -9999.0  -9999.0  -9999.0  -9999.0  -9999.0  -9999.0  2.5759238466  5.36214895839  0.796118311184  -9999.0  0.635133656498  -9999.0  -9999.0  -9999.0  -9999.0  -9999.0  -9999.0  -9999.0  -9999.0  -9999.0  -9999.0  -9999.0  -9999.0  -9999.0  -9999.0  -9999.0  -9999.0  -9999.0  -9999.0  -9999.0  -9999.0  -9999.0  -9999.0  -9999.0  -9999.0  -9999.0  -9999.0  -9999.0  -9999.0  -9999.0  -9999.0  -9999.0  -9999.0  -9999.0  -9999.0  -9999.0  -9999.0  -9999.0  -9999.0  -9999.0  -9999.0  -9999.0  -9999.0  -9999.0  -9999.0  -9999.0  -9999.0  -9999.0  -9999.0  -9999.0  -9999.0  -9999.0  -9999.0  -9999.0  -9999.0  -9999.0  -9999.0  -9999.0  -9999.0  -9999.0  -9999.0  -9999.0  -9999.0  -9999.0
-9999.0  -9999.0  -9999.0  -9999.0  -9999.0  -9999.0  -9999.0  -9999.0  -9999.0  -9999.0  1.25652980175  1.21507154299  1.25688307436  1.22136135414  7.71290087972  8.579196838  1.81413399648  0.584400119336  -9999.0  -9999.0  -9999.0  -9999.0  -9999.0  -9999.0  -9999.0  -9999.0  -9999.0  -9999.0  -9999.0  -9999.0  -9999.0  -9999.0  -9999.0  -9999.0  -9999.0  -9999.0  -9999.0  -9999.0  -9999.0  -9999.0  -9999.0  -9999.0  -9999.0  -9999.0  -9999.0  -9999.0  -9999.0  -9999.0  -9999.0  -9999.0  -9999.0  -9999.0  -9999.0  -9999.0  -9999.0  -9999.0  -9999.0  -9999.0  -9999.0  -9999.0  -9999.0  -9999.0  -9999.0  -9999.0  -9999.0  -9999.0  -9999.0  -9999.0  -9999.0  -9999.0  -9999.0  -9999.0  -9999.0  -9999.0  -9999.0  -9999.0  -9999.0  -9999.0  -9999.0  -9999.0
-9999.0  -9999.0  -9999.0  -9999.0  -9999.0  -9999.0  -9999.0  -9999.0  -9999.0  1.21644094585  2.47677595546  4.91222514681  2.44536022719  1.1974539003  2.36654146855  9.73945432438  12.9593752713  0.663676686977  -9999.0  1.24158806722  -9999.0  -9999.0  -9999.0  -9999.0  1.25504539202  0.632189950259  -9999.0  -9999.0  -9999.0  -9999.0  -9999.0  -9999.0  -9999.0  -9999.0  -9999.0  -9999.0  -9999.0  -9999.0  -9999.0  -9999.0  -9999.0  -9999.0  -9999.0  -9999.0  -9999.0  -9999.0  -9999.0  -9999.0  -9999.0  -9999.0  -9999.0  -9999.0  -9999.0  -9999.0  -9999.0  -9999.0  -9999.0  -9999.0  -9999.0  -9999.0  -9999.0  -9999.0  -9999.0  -9999.0  -9999.0  -9999.0  -9999.0  -9999.0  -9999.0  -9999.0  -9999.0  -9999.0  -9999.0  -9999.0  -9999.0  -9999.0  -9999.0  -9999.0  -9999.0  -9999.0
-9999.0  -9999.0  -9999.0  -9999.0  -9999.0  -9999.0  -9999.0  -9999.0  1.29383415614  3.75299119233  4.93565763537  6.13187167936  8.52627738575  1.15063850824  4.62362177264  5.75053592048  20.4701405646  0.971282895536  1.08774619317  2.37766980134  3.48258800893  1.13665537125  -9999.0  3.33357313514  2.72492563682  0.765974699984  -9999.0  -9999.0  -9999.0  -9999.0  -9999.0  -9999.0  -9999.0  -9999.0  -9999.0  -9999.0  -9999.0  -9999.0  -9999.0  -9999.0  -9999.0  -9999.0  -9999.0  -9999.0  -9999.0  -9999.0  -9999.0  -9999.0  -9999.0  -9999.0  -9999.0  -9999.0  -9999.0  -9999.0  -9999.0  -9999.0  -9999.0  -9999.0  -9999.0  -9999.0  -9999.0  -9999.0  -9999.0  -9999.0  -9999.0  -9999.0  -9999.0  -9999.0  -9999.0  -9999.0  -9999.0  -9999.0  -9999.0  -9999.0  -9999.0  -9999.0  -9999.0  -9999.0  -9999.0  -9999.0
-9999.0  -9999.0  -9999.0  -9999.0  -9999.0  -9999.0  1.30449150716  1.2285099984  1.2022218286  1.21193555281  1.22326971655  8.58865854995  18.3099704862  19.4984975997  20.5584866102  1.02886934825  22.551810422  23.627345944  2.21224993949  1.11691271361  4.56986869645  7.91684240209  1.08751158764  6.51901252916  1.15894714805  1.11186003464  1.19981314511  -9999.0  -9999.0  -9999.0  -9999.0  -9999.0  -9999.0  -9999.0  -9999.0  -9999.0  -9999.0  -9999.0  -9999.0  -9999.0  -9999.0  -9999.0  -9999.0  -9999.0  -9999.0  -9999.0  -9999.0  -9999.0  -9999.0  -9999.0  -9999.0  -9999.0  -9999.0  -9999.0  -9999.0  -9999.0  -9999.0  -9999.0  -9999.0  -9999.0  -9999.0  -9999.0  -9999.0  -9999.0  -9999.0  -9999.0  -9999.0  -9999.0  -9999.0  -9999.0  -9999.0  -9999.0  -9999.0  -9999.0  -9999.0  -9999.0  -9999.0  -9999.0  -9999.0  -9999.0
-9999.0  -9999.0  -9999.0  -9999.0  -9999.0  -9999.0  2.593353289  3.84007731534  8.75304686369  12.3232849897  1.14565897205  1.17719934375  1.13565408239  3.34393785871  24.9544338118  1.00321451607  24.6861063485  28.8231350622  3.25248666827  2.14184625477  8.95659534037  1.09878475048  7.62067513733  2.2097243897  1.10668076139  2.19385817405  2.36683072559  1.19752464949  1.22585596832  1.21546806342  1.23606100715  2.48330197339  -9999.0  -9999.0  -9999.0  -9999.0  -9999.0  -9999.0  -9999.0  -9999.0  -9999.0  -9999.0  -9999.0  -9999.0  -9999.0  -9999.0  -9999.0  -9999.0  -9999.0  -9999.0  -9999.0  -9999.0  -9999.0  -9999.0  -9999.0  -9999.0  -9999.0  -9999.0  -9999.0  -9999.0  -9999.0  -9999.0  -9999.0  -9999.0  -9999.0  -9999.0  -9999.0  -9999.0  -9999.0  -9999.0  -9999.0  -9999.0  -9999.0  -9999.0  -9999.0  -9999.0  -9999.0  -9999.0  -9999.0  -9999.0
-9999.0  -9999.0  -9999.0  -9999.0  -9999.0  1.33539326022  2.62913590558  1.27994463485  2.51669100234  13.5657178543  15.926411446  18.2838650336  57.4284943923  1.10682671292  26.0547061966  91.9118027476  92.705184231  122.920145367  0.880377762451  3.17603292527  10.003618221  1.04109994712  19.904197208  11.204651925  6.81607183898  5.69916081783  1.15975170412  3.57646913197  3.61036630007  2.41270469871  1.18257637293  3.69297308846  1.18008134214  1.1751923693  -9999.0  -9999.0  -9999.0  -9999.0  -9999.0  -9999.0  -9999.0  -9999.0  -9999.0  -9999.0  -9999.0  -9999.0  -9999.0  -9999.0  -9999.0  -9999.0  -9999.0  -9999.0  -9999.0  -9999.0  -9999.0  -9999.0  -9999.0  -9999.0  -9999.0  -9999.0  -9999.0  -9999.0  -9999.0  -9999.0  -9999.0  -9999.0  -9999.0  -9999.0  -9999.0  -9999.0  -9999.0  -9999.0  -9999.0  -9999.0  -9999.0  -9999.0  -9999.0  -9999.0  -9999.0  -9999.0
-9999.0  -9999.0  -9999.0  -9999.0  -9999.0  1.34242164898  3.95268984734  7.8771104854  9.12704834402  18.1545399309  19.3694940622  23.1003384768  38.0307415791  60.6076004174  62.8149486539  63.8397277405  1.96905050756  126.424608307  128.230079266  133.426283813  167.562521509  23.081442451  20.9999713813  7.90772219576  1.08915725286  6.86531235449  4.66339129717  1.06658896635  4.71698084922  1.08302128444  2.2347127685  5.9751640382  7.1154599994  2.31278327438  1.12782843988  1.13401750688  -9999.0  -9999.0  -9999.0  -9999.0  0.655974153535  0.563553143296  -9999.0  -9999.0  -9999.0  -9999.0  -9999.0  -9999.0  -9999.0  -9999.0  -9999.0  -9999.0  -9999.0  -9999.0  -9999.0  -9999.0  -9999.0  -9999.0  -9999.0  -9999.0  -9999.0  -9999.0  -9999.0  -9999.0  -9999.0  -9999.0  -9999.0  -9999.0  -9999.0  -9999.0  -9999.0  -9999.0  -9999.0  -9999.0  -9999.0  -9999.0  -9999.0  -9999.0  -9999.0  -9999.0
-9999.0  -9999.0  -9999.0  -9999.0  -9999.0  1.32173325408  1.29069734965  5.25532552577  6.51182184158  7.79434423503  1.25733863622  2.50294061444  14.0532512131  2.54675540457  1.2053879778  1.14654903698  1.0525137469  1.14800560899  1.12075138429  1.11991178586  168.648754053  171.77766805  1.04182567018  3.20461425864  2.17220046947  7.93136088815  2.14051139525  1.04304522254  5.83395670291  2.12721510604  5.11947527138  12.6315487221  11.66823958  3.42694302873  3.36162752359  1.13927109977  1.13345786789  -9999.0  -9999.0  1.13883933631  1.50001518202  3.23274924231  0.585931594378  -9999.0  -9999.0  -9999.0  -9999.0  -9999.0  -9999.0  -9999.0  -9999.0  -9999.0  -9999.0  -9999.0  -9999.0  -9999.0  -9999.0  -9999.0  -9999.0  -9999.0  -9999.0  -9999.0  -9999.0  -9999.0  -9999.0  -9999.0  -9999.0  -9999.0  -9999.0  -9999.0  -9999.0  -9999.0  -9999.0  -9999.0  -9999.0  -9999.0  -9999.0  -9999.0  -9999.0  -9999.0
-9999.0  -9999.0  -9999.0  -9999.0  -9999.0  -9999.0  1.35399986482  1.34083059277  2.64301766758  3.94512686837  9.04038558385  11.5891904161  12.8708916334  1.356863043  1.14017375114  14.5577366857  17.9557297975  19.0552074376  23.555857634  24.6291494952  1.06484251088  172.843082305  178.106574227  4.21168901879  0.87166227725  8.9347652558  19.9384314658  7.88159752274  2.07577198851  1.04418245999  19.7902478357  13.6849133375  1.03121252434  1.03987142216  4.41384415333  3.34875624403  1.07637428483  1.05497268731  1.10166249436  2.22493960244  1.07236658009  3.92419302607  4.94766576561  0.979361624907  -9999.0  -9999.0  -9999.0  -9999.0  1.04621083807  1.01115580994  0.318825756382  -9999.0  -9999.0  -9999.0  -9999.0  -9999.0  -9999.0  -9999.0  -9999.0  -9999.0  -9999.0  -9999.0  -9999.0  -9999.0  -9999.0  -9999.0  -9999.0  -9999.0  -9999.0  -9999.0  -9999.0  -9999.0  -9999.0  -9999.0  -9999.0  -9999.0  -9999.0  -9999.0  -9999.0  -9999.0
-9999.0  -9999.0  -9999.0  -9999.0  -9999.0  -9999.0  -9999.0  1.34257428677  1.24569130167  2.55129378677  3.84519320995  1.28458876929  1.2308229615  7.49159784884  9.87701275916  12.2952250672  1.1508360894  2.30591328855  1.13029099503  25.7119590431  56.3130977446  56.970961893  236.967618347  1.0483721324  2.61507840337  0.840633128909  20.93979258  1.01729733426  3.13216605952  1.03299198447  20.8105518228  21.8279301228  2.06657632889  2.0684622706  11.0111177174  5.5149065051  2.13651574951  1.08651324406  2.20578288263  3.31594932679  5.41931258204  1.02192418142  6.8567190235  7.71850780254  0.788688201281  0.836309888301  0.854033171733  0.796422489991  0.757801918211  2.94596323091  1.21315652625  0.803213444384  -9999.0  -9999.0  -9999.0  -9999.0  -9999.0  -9999.0  -9999.0  -9999.0  -9999.0  -9999.0  -9999.0  -9999.0  -9999.0  -9999.0  -9999.0  -9999.0  -9999.0  -9999.0  -9999.0  -9999.0  -9999.0  -9999.0  -9999.0  -9999.0  -9999.0  -9999.0  -9999.0  -9999.0
-9999.0  -9999.0  -9999.0  -9999.0  -9999.0  -9999.0  -9999.0  -9999.0  2.59639833305  3.81727074248  1.28185635341  2.57892718608  3.82095031894  6.32743483333  1.26686622975  1.24164002519  1.13685338081  1.15073674423  1.08563938128  28.4167360303  1.14684299155  2.27057463866  239.959086558  242.06701386  1.11995749934  4.83608509891  26.7556796654  2.00769927033  4.08094053853  1.94431288451  2.87639670706  25.782928046  3.02157543018  16.0227101761  13.0125430305  1.01450955775  5.29648205821  2.13123068882  3.24015303544  1.03311482611  6.41043465036  8.34798413153  9.10757119917  9.83747054268  10.6981540174  1.50311565864  1.55647498996  1.45831626258  1.3750883938  3.70166312858  0.802475029312  2.83829805667  3.59871164802  -9999.0  -9999.0  -9999.0  -9999.0  -9999.0  -9999.0  -9999.0  -9999.0  -9999.0  -9999.0  -9999.0  -9999.0  -9999.0  -9999.0  -9999.0  -9999.0  -9999.0  -9999.0  -9999.0  -9999.0  -9999.0  -9999.0  -9999.0  -9999.0  -9999.0  -9999.0  -9999.0
-9999.0  -9999.0  -9999.0  -9999.0  -9999.0  -9999.0  -9999.0  -9999.0  1.32612202234  6.44239324295  7.70844349747  1.26931262921  2.5107382532  1.24191592746  1.20184705194  1.18565297196  14.4787202984  19.2528020228  23.5694400773  27.7195429691  1.04170482622  1.13433658721  1.17725939117  246.876128401  249.019504841  250.051053898  35.9808126225  8.0843917943  7.0581730884  0.916038644393  3.79046538168  30.5006293921  0.929676725103  16.959984031  1.00057637156  6.84917944944  6.35175308434  1.0351901104  4.26719348932  2.05719983565  3.05900369743  0.921433763611  0.724163150893  10.5603983055  11.2238578013  11.3600335177  2.25487850548  2.13075663986  2.03604937352  4.54075485978  6.15500328701  0.804716629138  4.38034382528  0.821404125806  1.57852351954  0.771358200492  -9999.0  -9999.0  -9999.0  -9999.0  -9999.0  -9999.0  -9999.0  -9999.0  -9999.0  -9999.0  -9999.0  -9999.0  -9999.0  -9999.0  -9999.0  -9999.0  -9999.0  -9999.0  -9999.0  -9999.0  -9999.0  -9999.0  -9999.0  -9999.0
-9999.0  -9999.0  -9999.0  -9999.0  -9999.0  -9999.0  -9999.0  -9999.0  -9999.0  1.32364951418  8.99368874038  10.2544139203  3.76075603332  6.24045349706  8.63831693388  9.83517195233  1.20645202615  3.63408037066  2.42041355343  1.21359763691  1.22082543739  1.1532951333  2.30554300595  3.89976931056  1.29162204313  288.324497601  289.449445117  1.05279225211  0.845301139033  1.84783308788  2.75956961097  33.226389091  1.82179617452  17.8130905646  10.5951596043  8.69777127029  0.995439573297  2.01751408626  5.22798492919  0.956573824616  3.99117499839  1.83607309452  1.32609801268  0.636966633409  13.1207857091  25.0388875742  2.7621904985  2.65147578141  2.71015147674  0.697442389419  6.8425092479  0.674689703767  5.87994729922  0.749594302164  2.32631475459  3.62084452297  0.418212481798  0.430534001685  0.53184604581  0.577979865543  0.369933683413  -9999.0  -9999.0  0.27643428423  0.225834178977  -9999.0  -9999.0  -9999.0  -9999.0  -9999.0  -9999.0  -9999.0  -9999.0  -9999.0  -9999.0  -9999.0  -9999.0  -9999.0  -9999.0  -9999.0
-9999.0  -9999.0  -9999.0  -9999.0  -9999.0  -9999.0  -9999.0  -9999.0  -9999.0  -9999.0  1.24611528073  12.7655593371  1.24960021719  2.49233758345  3.66927690417  6.01837147827  1.19118967246  2.43086523014  1.21319736773  1.17756142265  1.13787276148  2.25802821457  1.05415643944  1.15873597017  2.3611713828  1.27960781472  290.493557708  292.567661559  295.5931789  3.67514648186  0.928886808169  1.85096850131  34.1658406274  32.9695427117  12.5196507867  0.958208182781  3.98231490341  2.9980659777  6.19107332015  1.91624600071  7.6937203044  2.7599625487  2.13258706563  0.553689833263  0.66257561985  25.7441570192  26.3575925045  32.3212838375  4.87670901323  1.43287081678  7.57325129152  8.96284405045  15.5085423695  1.47446203253  0.700962704863  4.12014288967  4.95133746049  0.41323256896  0.794000807978  1.47424426028  0.730095536586  0.361182065117  0.351774745011  0.563410202523  0.465045107494  0.229644949091  -9999.0  -9999.0  -9999.0  -9999.0  -9999.0  -9999.0  -9999.0  -9999.0  -9999.0  -9999.0  -9999.0  -9999.0  -9999.0  -9999.0
-9999.0  -9999.0  -9999.0  -9999.0  -9999.0  -9999.0  -9999.0  -9999.0  -9999.0  -9999.0  -9999.0  0.686182487069  14.2790597275  1.21293455889  2.37459098983  10.7267130411  1.19524995132  1.19233634965  1.12267039801  2.33722393655  1.15148473535  4.55426828385  6.66684497168  7.67105246  3.3292663209  4.2789885154  1.07070551826  1.2526786775  1.11704392246  301.167121835  303.892173024  35.0125427012  34.6664956629  33.8227999865  1.75608059422  0.862479495094  4.89270402004  12.9108552336  7.1096630997  2.83131930699  11.4054520497  4.85203426181  4.00047788676  1.13194260141  0.46900199873  0.443288270344  0.494201609624  34.6107854259  41.4832009932  0.696442074687  0.642531912066  0.686592091895  16.1784893508  18.3114281087  1.29818228842  0.582448662121  5.32922010534  0.744967168283  1.86938529724  3.71436596884  4.78678039758  5.47495550621  1.50742967192  0.863393490763  0.749644508887  0.479325238988  0.270057871685  -9999.0  -9999.0  -9999.0  -9999.0  -9999.0  -9999.0  -9999.0  -9999.0  -9999.0  -9999.0  -9999.0  -9999.0  -9999.0
-9999.0  -9999.0  -9999.0  -9999.0  -9999.0  -9999.0  -9999.0  -9999.0  -9999.0  -9999.0  -9999.0  0.636998161775  15.8361828775  19.5172858584  1.16874227976  13.058398207  1.13653756537  1.11589166475  2.25241829477  5.72962697086  1.13438278468  1.16421418167  1.05009869861  9.75692717904  10.7720239537  16.1089921984  18.1691362528  19.2299699314  20.2596977567  21.4344909258  326.329602685  363.241080166  399.654153902  400.349259707  0.817041201882  0.867465493068  14.734076203  13.8295295046  0.90433613447  0.89734741945  12.2584569308  17.9918922323  0.795332443936  8.76929919975  8.02428149246  2.24191125965  1.05174472563  1.69901328571  0.686351545879  42.6551819018  0.587296216626  1.9105394392  2.39481515589  22.4597321589  24.2879471486  25.4552400862  31.2606123998  0.453139854897  0.386381739425  0.342467199458  0.31164272718  6.14686480914  7.96178963427  0.324662733038  1.79689713252  0.751193155378  0.509708966319  0.190243364051  0.165296676336  -9999.0  -9999.0  -9999.0  -9999.0  -9999.0  -9999.0  -9999.0  -9999.0  -9999.0  -9999.0  -9999.0
-9999.0  -9999.0  -9999.0  -9999.0  -9999.0  -9999.0  -9999.0  -9999.0  -9999.0  -9999.0  -9999.0  1.28889248156  2.50134634513  20.7171813605  22.971372418  1.13123414748  15.0222272643  1.01958221163  3.15660520494  6.78674103752  2.21257208494  1.07588386699  2.17540563819  0.964286033322  1.8994923556  0.957365896  0.924108954327  0.84710356166  0.805230939115  0.796001036439  0.813377433919  1.00082309286  1.10930368272  1.12828725012  403.101748745  17.7876411303  16.2149225732  0.711787545658  2.61992557828  0.691491822122  0.583512088647  18.822352238  30.1102042374  9.65063482932  6.96941872528  1.2812352013  0.547236583436  0.509546509008  1.09750656729  44.3492580933  45.4589349118  0.573539774148  0.583344113589  0.611868842026  0.559049398662  1.03281949362  32.7078546285  33.6090921294  34.4416844581  0.793926379653  0.44188112173  0.368028959087  8.29375833384  8.89971389431  2.04581622481  0.258994864756  0.734475276492  0.369913211796  0.318033766506  -9999.0  -9999.0  -9999.0  -9999.0  -9999.0  -9999.0  -9999.0  -9999.0  -9999.0  -9999.0  -9999.0
-9999.0  -9999.0  -9999.0  -9999.0  -9999.0  -9999.0  -9999.0  -9999.0  -9999.0  -9999.0  -9999.0  -9999.0  1.19672068803  15.244363434  39.3776446624  42.856558031  58.9155305898  59.7340178378  15.101135068  11.1656392952  3.30469608403  1.06751415813  4.28527553411  5.31002774049  8.17714968874  1.94395067159  1.87509144226  1.80888507678  3.55519338206  1.7266795471  1.72182267369  0.853139399195  0.687958005326  0.776645868294  404.003205415  422.388479367  423.137409445  0.71356638385  7.07421798478  3.00719989347  0.877951159431  32.75892886  1.83020694658  0.933813882375  3.86904489586  0.883677075453  0.728331080297  1.34479571733  1.87574149533  2.44233144773  46.4316968549  0.466404961733  0.418646522245  0.422226813688  0.367064380778  0.454345289845  1.10535002549  1.35763860015  36.4769693538  39.4255664363  1.74242599773  0.847886621971  0.477820346271  0.35237347579  11.6349177753  15.6035325415  3.43073928086  1.74986031915  1.07469471389  -9999.0  -9999.0  -9999.0  -9999.0  -9999.0  -9999.0  -9999.0  -9999.0  -9999.0  -9999.0  -9999.0
-9999.0  -9999.0  -9999.0  -9999.0  -9999.0  -9999.0  -9999.0  -9999.0  -9999.0  -9999.0  -9999.0  1.24889184251  11.5693412957  14.0520487634  2.35226596122  0.73516006371  1.69764637706  62.5101087228  63.3845757158  79.2792030998  0.989103917935  2.04968269453  0.943002139578  0.956200840494  9.11924935748  12.0038857349  14.7881200155  0.895872979417  4.45606577882  7.06881004362  4.28218161229  1.712016831  1.47471104879  1.45594434417  1.4248535724  0.763276224284  423.773637288  424.326789952  432.565398535  1.52903868925  0.801117529742  33.2959688047  1.94377789757  0.986433389239  1.02409981366  1.01610869814  0.947471942587  1.71640536515  4.88053330041  7.93225966052  54.8441800204  0.372012938635  1.11489820809  0.755942745398  0.671661108395  0.324415011766  0.383296315072  0.411116361733  0.31884594325  40.0068753684  0.232005888048  0.715125543433  0.333422921993  0.3044583547  0.257223012189  15.8829631356  0.653000389923  0.294508641481  0.488978038577  0.222969748724  -9999.0  -9999.0  -9999.0  -9999.0  -9999.0  -9999.0  -9999.0  -9999.0  -9999.0  -9999.0
-9999.0  -9999.0  -9999.0  -9999.0  -9999.0  -9999.0  -9999.0  -9999.0  -9999.0  -9999.0  -9999.0  1.26857138858  7.88141653299  1.2584254826  1.16830604651  5.85755216814  6.92578976636  8.01232849358  9.05740181247  107.359985521  108.266602727  110.1711317  124.026586579  126.868483036  128.568433762  129.531197798  146.47590139  148.854684706  149.756966833  157.781392068  162.995416606  163.861911979  166.993283519  2.27425483346  2.14343457729  0.620194337226  0.579862871302  424.944413678  435.3375575  2.21965806835  38.2457140644  37.5379226138  3.75106028518  0.919670936467  0.935832241606  0.917361861794  0.892335264643  1.78975244941  2.55806014779  0.720956734134  55.3017547561  55.7806579753  58.0687611125  58.4721986584  59.5210975915  60.2021141568  0.289510105702  0.339787691314  0.303465228345  40.3267001475  40.8253577297  41.8222056856  42.9678392045  0.554697968563  17.0495599851  16.5153819596  0.315634948939  6.80635882341  6.57158495539  0.571134901814  0.332473737488  -9999.0  -9999.0  -9999.0  -9999.0  -9999.0  -9999.0  -9999.0  -9999.0  -9999.0
-9999.0  -9999.0  -9999.0  -9999.0  -9999.0  -9999.0  -9999.0  -9999.0  -9999.0  -9999.0  -9999.0  4.01148614196  5.31753387475  2.53080111832  3.75011706414  1.20835332971  13.6360611825  14.7545649033  16.9688308814  17.9690793372  7.46607053144  119.148574697  120.060061473  0.908558358585  0.739597522574  0.687453893626  1.48743076059  0.766609955155  0.664487429782  0.647478516347  0.692597476391  164.699115058  167.837601922  170.865083297  173.682197767  175.930031341  1.04271124733  0.393855704421  475.396736537  39.5247220108  38.9807994162  0.821152301415  0.786365746728  0.746121578963  1.71054964629  1.69178863435  0.797819568737  0.800382095596  0.738499588229  1.45067919731  1.92152431172  0.350646155867  0.647405672071  0.281377444922  0.234658778567  60.4646032224  61.0630233095  61.7534726309  62.4270805099  62.7822467961  63.3400085521  63.5797627365  0.226191131463  43.6388061864  0.372234591411  24.5973941795  7.22307381718  0.469829047537  5.78061492739  4.93514286245  0.378323793567  -9999.0  -9999.0  -9999.0  -9999.0  -9999.0  -9999.0  -9999.0  -9999.0  -9999.0
-9999.0  -9999.0  -9999.0  -9999.0  -9999.0  -9999.0  -9999.0  -9999.0  -9999.0  -9999.0  -9999.0  -9999.0  2.70977327869  1.2886159784  1.23261856605  11.4079392361  12.5433794065  1.14382675636  4.52580767438  5.59365995966  6.59372083539  1.07135850301  0.882799715231  18.6568151122  19.4343988542  20.1947365169  51.8397946675  52.5087248881  53.7646395852  58.9926803095  62.6147213849  63.20736581  0.59771220918  0.618509632913  0.601311539949  176.792417021  0.435041766896  482.64202557  481.945085667  6.02564796662  5.37608167014  3.19647491239  0.811075642529  1.48329615932  2.47107706811  2.45463698437  1.56617082755  0.776447317473  1.50382584444  1.47783041563  2.58003040196  0.461752375775  1.11395956578  1.8198670977  2.31781900514  2.5914008841  0.256651957806  0.258353570279  0.250678152649  0.254033649539  0.282884856564  63.9146597649  64.4468730532  108.353138094  108.55662441  26.5564190786  1.63246542608  1.10095178235  0.439483377893  4.22934519732  3.88961689757  -9999.0  -9999.0  -9999.0  -9999.0  -9999.0  -9999.0  -9999.0  -9999.0  -9999.0
-9999.0  -9999.0  -9999.0  -9999.0  -9999.0  -9999.0  -9999.0  -9999.0  -9999.0  -9999.0  -9999.0  -9999.0  1.38207953503  3.9519261173  5.1971369655  8.98467891683  1.15932670933  2.33673845803  3.45921702363  13.2006868104  14.2056390769  15.0384234642  16.0039768474  16.9720537955  26.4233067752  29.2957382485  30.9579530546  0.738157976301  3.9737630847  4.66787627132  60.7721506746  63.8482038289  65.1730366988  66.5080410583  67.7541359492  245.002412288  0.33017815257  484.53713043  1.14729287583  0.543903389961  4.58897512974  3.91292897118  0.656600598877  2.17445136584  3.14969633909  3.11249084341  2.1959557409  3.60999157406  5.7004743565  2.1118797469  5.28271526081  0.525528301598  0.842028322504  0.207433830162  0.167531435968  3.0504928054  3.20656581032  0.440414590889  0.448220076613  0.685093812052  0.230332711565  0.232956540349  0.280967621351  154.20818073  154.033142251  45.0144921908  0.488603230465  2.61327703567  2.03478313539  1.32691792962  3.60262559194  2.55079959607  -9999.0  -9999.0  -9999.0  -9999.0  -9999.0  -9999.0  -9999.0  -9999.0
-9999.0  -9999.0  -9999.0  -9999.0  -9999.0  -9999.0  -9999.0  -9999.0  -9999.0  -9999.0  -9999.0  -9999.0  1.32899343738  2.64238093762  1.26260676361  2.5390985121  1.18213860368  8.69054382862  10.9537869177  12.1080805801  1.08323189365  2.11492125927  19.6929861914  24.6666400443  25.5491249259  1.95742560874  1.85162069948  2.70180004827  0.640839692096  0.606011870288  1.16092275109  0.53589022566  29.8341108983  30.4339869737  30.9334069548  245.558134625  488.680949579  485.122736887  0.87822576529  0.384649889694  0.344471985222  1.49328160828  1.14395835946  2.76912395605  3.80502246232  7.61155846456  0.690584485431  0.688987191222  6.33071881117  6.98192552987  13.4029701383  13.7974499588  14.8549768925  15.2465565856  0.345886569336  0.532818075295  3.35222360999  163.155817266  159.235239356  158.347325752  157.200903121  0.198327636309  155.855048959  0.387112176402  0.265951774668  17.7091008169  4.27135575904  3.9268707142  0.714051502835  0.756440605485  0.644908920078  2.168249872  -9999.0  -9999.0  -9999.0  -9999.0  -9999.0  -9999.0  -9999.0  -9999.0
-9999.0  -9999.0  -9999.0  -9999.0  -9999.0  -9999.0  -9999.0  -9999.0  -9999.0  -9999.0  -9999.0  -9999.0  -9999.0  1.29631190084  2.58407740882  3.86824934091  6.28984011743  1.23166175247  1.15703001988  7.59890230991  8.68347556829  17.7018558154  18.7908980801  3.11160732914  1.07364258145  0.990952763628  0.902850897593  26.1963846826  26.913140237  27.5843227317  28.1634963685  29.2695906418  5.97314816893  6.4927706186  37.8642187157  772.401995542  3.01407923799  2.4762957093  1.29660356711  0.339000004358  0.301808251718  2.18169687644  2.4404664799  3.39995373592  0.320050553538  8.02807079589  1.21939964824  1.20196709154  0.296634222948  0.203484517016  0.180858262309  0.166974073323  0.186070474713  15.5000991207  196.437472722  180.130465328  179.666383637  163.332012564  0.241351418101  0.195044640802  0.301362402811  156.172874463  0.646289433653  0.297509335168  0.295577242802  0.282308220819  12.832795631  12.2347877619  1.37357298268  0.702326086661  0.811576517937  0.806365133711  -9999.0  -9999.0  -9999.0  -9999.0  -9999.0  -9999.0  -9999.0  -9999.0
-9999.0  -9999.0  -9999.0  -9999.0  -9999.0  -9999.0  -9999.0  -9999.0  -9999.0  -9999.0  -9999.0  -9999.0  -9999.0  -9999.0  1.26525788998  2.28786986234  3.20525024227  4.13926299547  5.29240421056  6.46802168383  3.48190023453  5.78614589446  1.09314638249  1.07016196205  21.2541620094  23.3506380844  24.3436981171  25.3797634565  0.814461448413  1.52357648469  3.96470249326  4.71555506528  5.38886477645  0.59599033723  0.401246921986  773.751677891  0.526977499077  0.675844313218  0.323539539247  1.35250747411  0.652959838468  0.307246631964  6.15205809031  6.38298845698  0.204749707084  8.24418925383  9.66892136063  1.44783179272  205.360495554  204.871176358  204.451159336  203.620415607  203.299811198  197.772833068  197.533644198  0.331234851262  16.2154786026  15.3909864697  14.5394036506  14.3071052417  7.81619125345  7.58205612734  7.07402172132  1.98302696734  1.73156682323  1.13864351553  0.299771329284  11.7276560513  10.4266359255  0.654366149834  1.26212028937  0.569587350432  -9999.0  -9999.0  -9999.0  -9999.0  -9999.0  -9999.0  -9999.0  -9999.0
-9999.0  -9999.0  -9999.0  -9999.0  -9999.0  -9999.0  -9999.0  -9999.0  -9999.0  -9999.0  -9999.0  -9999.0  -9999.0  -9999.0  0.228926522412  0.527569603126  0.915369610182  8.09806942515  9.30392255813  1.20944296366  1.17163032317  1.16513942115  16.9381725746  19.1712470615  1.08549217869  1.10919558499  0.979131200398  3.98997356931  4.96754286756  2.51715883661  3.2437438174  22.380813704  23.1835439256  24.4683870695  39.1549109012  813.237650362  0.491401342861  0.281481367541  2.04981172074  1.7043629484  0.274602148002  0.861842135655  1.11024058119  6.65642607061  6.87930459596  17.17748239  9.88847575535  1.67962661912  209.995602383  1.94497059106  204.065774804  203.852923642  5.21437786333  0.316914641208  0.870705405853  0.457424486759  0.456988233054  0.661379707538  0.329990652487  6.27421543167  5.28390526529  0.329323556604  4.88732773438  0.672785654344  0.372247931275  0.833269706563  0.417265801409  0.995793122732  8.4035169015  7.171852958  0.546079676826  0.831530881533  0.417529795112  -9999.0  -9999.0  -9999.0  -9999.0  -9999.0  -9999.0  -9999.0
-9999.0  -9999.0  -9999.0  -9999.0  -9999.0  -9999.0  -9999.0  -9999.0  -9999.0  -9999.0  -9999.0  -9999.0  -9999.0  -9999.0  1.15350639304  1.89273839355  4.01566390053  6.99440972725  10.1415763022  12.3904919153  13.5572779371  14.7330385954  15.8696784967  1.1057573518  1.04551604256  2.06986827366  1.99136285015  1.02313899466  19.2440680007  20.2059815259  21.1055609597  21.9639139304  12.8673096416  13.6089521554  14.2549021116  813.522216092  0.836137261495  0.71165067759  3.00815059817  0.33583110998  0.472157004763  0.236661246969  0.23071944963  1.32452176312  0.184364615285  0.197979847745  228.215344517  210.882470456  210.681760744  0.743737163263  1.74168237167  1.15848839145  0.292149406957  4.72000693743  1.39086967945  1.1032990619  0.810824871515  0.559608974986  0.310979788222  0.711857731398  4.985669035  4.2270051926  3.49806326539  3.89720338346  3.61568667511  3.37441850348  0.30359698355  0.534644964174  0.619935117558  5.36240707061  4.15646600567  2.42067401456  0.34817159241  -9999.0  -9999.0  -9999.0  -9999.0  -9999.0  -9999.0  -9999.0
-9999.0  -9999.0  -9999.0  -9999.0  -9999.0  -9999.0  -9999.0  -9999.0  -9999.0  -9999.0  -9999.0  -9999.0  -9999.0  -9999.0  0.80192545697  0.74681153608  1.45610165147  2.22870736531  1.16291421389  1.28840601028  2.49005673167  3.6858471552  5.98271075531  7.11841959265  8.16680764117  11.3059233986  12.2975167414  13.3433430574  0.977343136206  9.69884213539  10.5772334073  11.4049224895  0.70686967693  0.401777665503  0.738551451349  828.24556893  828.518788032  829.859422756  3.96805997257  0.694363837943  0.816010558645  0.227887650321  0.412067688985  1.50949671197  1.85693044139  0.363646757104  229.092673337  0.261624902954  0.407170981827  0.454430540649  0.324305033823  0.644723091159  0.272872449077  3.02323447146  2.43142419207  1.8317396512  0.943437098507  0.653767399173  0.355074668439  0.394080191496  0.433258560055  0.436828144983  3.18755747665  2.43029839294  1.68674134227  0.923640494441  3.10570770706  2.28441950714  0.536680817487  0.657505812854  0.612865045891  1.17417951547  0.62830597173  -9999.0  -9999.0  -9999.0  -9999.0  -9999.0  -9999.0  -9999.0
-9999.0  -9999.0  -9999.0  -9999.0  -9999.0  -9999.0  -9999.0  -9999.0  -9999.0  -9999.0  -9999.0  -9999.0  -9999.0  -9999.0  -9999.0  0.709432093739  1.41022628222  0.706141339861  1.46861737884  9.22048014492  10.2888871784  11.4649376951  1.13950068275  1.14315772196  2.19451279197  3.26110173068  5.22805744217  6.23120440704  6.82859012063  7.76723752404  0.83343430369  0.797912512458  12.6566763335  13.0511089003  13.3821109706  13.6907523143  11.2854232567  842.453218726  848.331036957  848.637522966  849.731566491  850.965961397  851.597892457  0.185803221273  2.02016369524  229.277191908  0.436000362673  0.223438586482  0.209203557176  0.191489451302  0.342568722748  0.364632622536  0.210289353481  0.29699225692  0.302899704536  0.62544434339  0.301482093737  0.244218406237  0.876667864206  0.619156946499  0.330360903821  0.325395779241  0.355787737175  0.372245959955  0.407038350212  0.534684028903  0.579417239595  1.11971253368  0.380400915177  1.02978144725  0.412616087905  0.435647777111  -9999.0  -9999.0  -9999.0  -9999.0  -9999.0  -9999.0  -9999.0  -9999.0
-9999.0  -9999.0  -9999.0  -9999.0  -9999.0  -9999.0  -9999.0  -9999.0  -9999.0  -9999.0  -9999.0  -9999.0  -9999.0  -9999.0  -9999.0  -9999.0  2.09976139384  2.86900050273  5.11824201824  6.90163548839  0.979674066027  13.6852250189  14.8073930319  15.9106780757  1.08104702679  2.13818525442  0.979549764093  7.19125193546  7.74675655727  8.60121936089  9.4977808876  11.7197338891  12.0617622141  0.222748137418  10.1208991797  10.7265953837  10.9978377124  12.305842089  1.62207492534  1.02038248854  0.637457238989  0.621003316363  852.29408088  852.592855287  856.052672373  229.458623434  1.16511658609  0.574631691268  0.372534798472  0.131223533655  1.11152185999  0.602301770395  0.195166843476  1.0749455204  0.908116234357  0.179225009657  1.81868682876  1.62698499387  1.15283153592  0.255493661306  0.765952547985  0.552502765381  0.242132295201  0.649275107106  0.405923456698  0.527205269943  0.511488279455  0.32458534238  0.694667774013  4.44846532462  2.36627738889  1.49175454035  0.576578420013  -9999.0  -9999.0  -9999.0  -9999.0  -9999.0  -9999.0  -9999.0
-9999.0  -9999.0  -9999.0  -9999.0  -9999.0  -9999.0  -9999.0  -9999.0  -9999.0  -9999.0  -9999.0  -9999.0  -9999.0  -9999.0  -9999.0  -9999.0  0.784005152527  3.61752080942  4.4014192521  1.03915606898  1.20203622463  2.41781990857  3.56909374741  20.5897018038  1.07434931358  4.30754269326  5.304729095  6.28689933682  0.588263804128  1.38781114749  1.88610755694  8.07154677927  9.06695920754  9.30786476676  0.295966974871  0.316373584601  0.403669562343  0.742154871112  0.331731805144  0.353672472779  0.555599968837  0.497973687082  0.55029405002  1.22554786376  856.372475213  1086.61913184  1.43772019544  0.294813628891  0.125253191852  3.56296097641  3.27471953639  1.96838894167  1.77341388048  1.33967961462  0.299597205182  0.242098474991  2.01008679641  0.929530879109  0.724402007987  0.227695438131  0.984302516364  1.75966787723  1.49576582724  0.937996526425  0.388580458223  1.46632265636  1.0454937477  0.609949862799  5.49016296801  5.24846413597  0.436563174318  0.40795007865  0.382466097583  0.357452976451  -9999.0  -9999.0  -9999.0  -9999.0  -9999.0  -9999.0
-9999.0  -9999.0  -9999.0  -9999.0  -9999.0  -9999.0  -9999.0  -9999.0  -9999.0  -9999.0  -9999.0  -9999.0  -9999.0  -9999.0  -9999.0  0.655137783549  2.17263248326  0.726575842916  1.20768285583  1.27433725638  2.47283542667  3.64931715717  4.66957819529  26.0331654604  27.082869463  1.0694868554  2.07250891559  3.07980006352  3.81755579238  4.65996053293  7.20807342152  7.76914413976  0.668902721186  0.514167021378  0.457164466329  0.570784612362  0.583051063399  0.615000101632  0.532741230654  0.676133482266  1.86141547775  0.855031480441  0.265181871302  0.255417535933  0.268158199918  0.511077166379  1097.44131018  9.0352608608  4.16769700411  0.298647989836  0.133510013345  0.11582604985  0.458952833761  0.332085195324  0.178353952015  0.176614052089  2.3966268069  3.54816115468  3.91548527665  0.174449127389  3.1996416418  2.0319157896  0.239414379256  0.205996966178  0.405970480289  3.01168812679  1.3136627328  0.828163429785  5.72586246345  0.247675213141  0.289059668914  1.4914057578  0.761071285575  1.25728666295  0.520901209661  -9999.0  -9999.0  -9999.0  -9999.0  -9999.0
-9999.0  -9999.0  -9999.0  -9999.0  -9999.0  -9999.0  -9999.0  -9999.0  -9999.0  -9999.0  -9999.0  -9999.0  -9999.0  -9999.0  0.694389215811  1.32952494058  4.87591390326  0.704842613878  2.22065400659  3.4836767084  4.69700567452  1.22050071585  2.33275573642  3.25549751316  31.0788449593  1.03608354837  2.00396105619  2.98659922547  0.926780228145  1.84364694668  2.47614930211  3.05514244814  62.5956790026  63.6090464094  64.5129929763  68.3012560008  70.0432993504  73.210412762  0.840300469094  1.93913666763  2.3014597496  82.5375762213  83.0692688274  0.239839079188  0.450291252104  0.651292005719  1097.70411501  8.44114678539  3.89030157012  3.73267073625  3.01279391829  2.67341788956  0.607546871415  0.137302838637  0.294484840152  0.159913300386  0.156778466337  0.362647857171  4.1385510315  7.74797440163  3.43825797393  0.671024569906  0.45857137255  0.233875034259  4.20726804676  3.5779674165  0.309296199534  7.09642611799  5.97717498036  0.478739753807  2.85072204979  1.78897287587  1.94890985027  1.64036986081  0.373125391529  -9999.0  -9999.0  -9999.0  -9999.0  -9999.0
-9999.0  -9999.0  -9999.0  -9999.0  -9999.0  -9999.0  -9999.0  -9999.0  -9999.0  -9999.0  -9999.0  -9999.0  -9999.0  -9999.0  0.691733695665  2.1086783879  7.6741417159  11.2835319444  0.641908493317  14.9194746451  20.3869626195  1.16881828142  2.27629037121  3.26432506095  40.3829279956  41.1861495669  0.868111714031  4.73901238782  5.57778359014  6.36348969032  56.0934920194  57.9633270524  58.9628338615  0.469544318751  2.72490367709  3.22491072577  1.42451143394  2.04093400621  76.1340788376  78.9794129238  79.4687921967  79.9345720504  83.6541538649  0.285550188912  0.247259406397  1.09613320462  1097.94104049  0.218778207652  0.199437445651  0.586692005138  0.218921381001  2.43811805647  1.92449925625  1.13342984298  0.833352470137  0.362845895301  0.172800133978  0.546686170115  0.166126326571  7.93837418349  1.02367873454  0.839342635437  0.157848434679  0.397357773407  4.40495449307  0.172368842392  0.238645637575  7.37935465226  0.200008912904  3.30146902504  3.10722289349  2.75418401966  2.52241938718  0.277863702615  1.0278645813  0.33306326638  -9999.0  -9999.0  -9999.0  -9999.0
-9999.0  -9999.0  -9999.0  -9999.0  -9999.0  -9999.0  -9999.0  -9999.0  -9999.0  -9999.0  -9999.0  -9999.0  -9999.0  -9999.0  -9999.0  -9999.0  1.46811764513  2.95216174275  13.4137017495  14.1778841753  21.0632748238  21.8367857232  1.14892855577  2.29426135684  5.39666389061  41.8636611854  43.5836631576  44.3273001906  0.626345332825  47.111133433  49.0452181059  1.19919951156  0.475058407178  0.953194859107  1.84484808919  0.435302333393  0.877655457903  2.00139455911  2.48822939985  0.459399358439  0.328178537872  0.654628866929  86.1261572791  86.9609025864  87.1787071273  88.8350349192  1098.15920839  0.149722792088  0.148031648107  0.169241243597  0.167217117565  0.17106074517  0.153532160589  0.288224486346  0.103619453958  0.284006535595  0.176378574706  0.197718871943  0.967346792091  9.3577371136  10.6672316878  10.8803383199  11.6179010291  0.170248772807  4.57829474711  0.818907647547  0.471471174631  7.56907789994  7.95770017474  3.48726487774  3.72104030951  3.08853350211  1.92023777255  1.65609397606  1.37585867157  -9999.0  -9999.0  -9999.0  -9999.0  -9999.0
-9999.0  -9999.0  -9999.0  -9999.0  -9999.0  -9999.0  -9999.0  -9999.0  -9999.0  -9999.0  -9999.0  -9999.0  -9999.0  -9999.0  -9999.0  -9999.0  0.766621499754  0.752702960669  0.755852928178  1.55995247781  0.694085128786  23.2127329767  23.9270668648  1.04803774066  2.12087399229  1.0343536841  0.869872001858  0.84956281562  45.8933437805  0.643610576757  1.29981344413  0.638981000271  0.520585642319  0.457782876285  0.371887439473  0.383994390312  1.16036180506  1.57905883867  0.319524378477  0.289919826983  0.612811999627  0.996638182192  1.35404973793  0.410287288543  87.5052480639  89.0642743319  1098.3212707  0.753857764661  0.461004110654  0.110023820749  0.257115714268  0.0920117665242  0.0722002633979  0.367740450917  0.544829325442  0.364957323177  0.0894842325859  0.0978184562408  0.395970774027  0.264742397132  0.186666107382  0.189490485882  0.201281536772  17.9539008241  5.56360717289  0.159920509199  0.280326912808  0.134074171922  18.8301838693  10.7184286047  10.5428971655  3.33712373112  2.43527505062  0.226260990639  -9999.0  -9999.0  -9999.0  -9999.0  -9999.0  -9999.0
-9999.0  -9999.0  -9999.0  -9999.0  -9999.0  -9999.0  -9999.0  -9999.0  -9999.0  -9999.0  -9999.0  -9999.0  -9999.0  -9999.0  -9999.0  -9999.0  -9999.0  -9999.0  0.74510670333  2.25567276505  2.88704376136  3.55832458425  24.5773313678  25.2315145936  25.9114017191  26.7473020954  27.5809206205  29.2954591355  29.9236044454  30.5337891896  31.0800863935  0.476764228212  0.451395392495  0.461914021156  1.61639085688  0.41769385093  0.397633428904  0.328548281467  0.953565197466  0.365701796028  0.291214912378  0.272619529667  0.246475529552  0.491968152375  0.693050931696  90.4619993535  1189.72104786  0.136349848291  0.293144324484  0.0940323361321  0.357569209161  0.202191630314  0.145352530024  1.35499422298  0.909248506038  0.283358421054  0.195916833009  0.599780230058  0.111584907351  0.415692222322  0.302986055999  0.52807658562  0.183828355103  0.225946215114  18.1437369791  18.7507403793  24.2689893995  24.1180106611  23.9319702084  0.208851565541  3.21163835574  2.97654103907  0.234420941548  -9999.0  -9999.0  -9999.0  -9999.0  -9999.0  -9999.0  -9999.0
-9999.0  -9999.0  -9999.0  -9999.0  -9999.0  -9999.0  -9999.0  -9999.0  -9999.0  -9999.0  -9999.0  -9999.0  -9999.0  -9999.0  -9999.0  -9999.0  -9999.0  -9999.0  -9999.0  0.640389251315  4.97777865407  9.90728746676  10.6294514501  0.98936240853  2.0461400135  3.13216568254  4.0920229101  10.1821689752  10.7069936612  0.504725186902  0.498791524308  32.0731789058  32.9687236554  33.3898941362  1.94973880959  0.308117304016  0.721004434104  1.06284775344  3.13394059402  3.83338918491  4.39831982511  0.522802957628  0.730954667128  0.244875140939  0.480099118952  0.243284257844  1190.1958184  0.125254808036  0.526922628508  0.241055233964  0.718488969233  1.45876721687  1.66949146729  3.09032556755  1.287967251  1.21280554497  0.946858688746  0.86755435751  0.183724064964  0.487333952708  0.682918043038  0.618581654895  0.0986785493193  44.5452115814  44.2164347368  44.0493489884  24.8390554612  0.28742608196  4.60753751576  3.35895847507  2.26103840632  1.43052054998  0.24961594614  -9999.0  -9999.0  -9999.0  -9999.0  -9999.0  -9999.0  -9999.0
-9999.0  -9999.0  -9999.0  -9999.0  -9999.0  -9999.0  -9999.0  -9999.0  -9999.0  -9999.0  -9999.0  -9999.0  -9999.0  -9999.0  -9999.0  -9999.0  -9999.0  -9999.0  0.69837915434  2.21357797677  4.34930440688  5.69317234732  14.7628528247  15.6189155115  2.23159863713  3.31925784865  4.30063959008  5.25606556422  11.3024360208  12.3558131268  22.315379495  23.14074201  23.6218062458  33.80834989  36.8329414499  0.714717986504  0.441216844004  0.424718251776  0.812767496327  0.373340455785  5.114603194  5.38782279052  0.96336628209  1.28883456436  0.292692655113  254.179920592  254.681374912  1445.1851019  1445.92429266  0.123493827806  0.990356475626  0.159904058668  0.135082557532  3.39656158141  4.80076000324  1.13946551526  1.0508079134  0.176551727969  0.0933114229556  0.577305785346  45.8488382768  45.0949884957  44.9976620672  44.7502093098  0.230066633458  0.258890625541  0.291902409429  0.305995685926  0.979261569866  0.660626650216  0.624263554004  0.936203612284  0.29424559962  -9999.0  -9999.0  -9999.0  -9999.0  -9999.0  -9999.0  -9999.0
-9999.0  -9999.0  -9999.0  -9999.0  -9999.0  -9999.0  -9999.0  -9999.0  -9999.0  -9999.0  -9999.0  -9999.0  -9999.0  -9999.0  -9999.0  -9999.0  -9999.0  -9999.0  -9999.0  0.789118096483  0.770129424245  1.47086363533  3.49675692326  16.2880764299  1.13869049189  1.127104214  2.10907193578  3.10430728484  7.70827473905  8.45505625992  0.532761175064  0.531083074293  24.2031673526  24.6439787108  61.9249380426  62.3358675516  0.285750982499  0.258641237279  0.218140680842  0.220054638238  0.224688271752  248.834140975  250.516137541  252.159411345  252.787779778  253.865330501  0.273901367726  1.02365254865  1.2612005405  1447.62899046  1447.76329576  1448.06395183  1448.45141389  1448.76221392  5.08760434809  0.0916960000249  0.349491130376  0.275385882438  0.0721979077811  0.649152356796  46.176804886  0.240368432669  0.142662758995  1.1430913735  1.00948167051  0.814767560459  0.618759401132  0.338542069568  0.373722303576  0.358017651574  0.324318704856  0.340457840374  -9999.0  -9999.0  -9999.0  -9999.0  -9999.0  -9999.0  -9999.0  -9999.0
-9999.0  -9999.0  -9999.0  -9999.0  -9999.0  -9999.0  -9999.0  -9999.0  -9999.0  -9999.0  -9999.0  -9999.0  -9999.0  -9999.0  -9999.0  -9999.0  -9999.0  -9999.0  -9999.0  -9999.0  0.718294161646  0.745360535712  1.38711526531  19.0222332672  19.7754685214  1.11570465321  2.09526692976  3.10091102044  3.90576072509  0.735604429948  1.41332760789  48.7925766715  49.2913111429  49.7903711813  53.4171725558  116.216441974  238.317104035  238.96698053  239.554743904  240.123667008  242.436751901  243.166943735  1.36516342856  0.626980548019  0.353163386636  0.670563939391  0.512977291103  0.804349333676  0.247288054783  5.97206531578  6.39837691088  6.73776160785  6.8531919878  1448.95968135  1454.37993498  1455.11408694  0.473735936625  0.0876300324374  0.874839450808  0.734133188409  46.352873073  0.0906740807129  2.26011787825  0.958788836942  0.798611505168  0.563039850051  0.301048395587  0.544109228116  0.280837362154  -9999.0  -9999.0  -9999.0  -9999.0  -9999.0  -9999.0  -9999.0  -9999.0  -9999.0  -9999.0  -9999.0
-9999.0  -9999.0  -9999.0  -9999.0  -9999.0  -9999.0  -9999.0  -9999.0  -9999.0  -9999.0  -9999.0  -9999.0  -9999.0  -9999.0  -9999.0  -9999.0  -9999.0  -9999.0  -9999.0  -9999.0  -9999.0  0.73537624408  1.40956113079  2.08605873691  20.355506986  0.850245983658  28.3602435481  29.4015138514  30.1694981447  30.8919750458  46.0180697082  46.7259054128  0.532939977161  2.66176734599  3.21371846398  0.495353444118  121.448483516  120.539128427  0.307525562049  0.683040653342  1.80811074286  0.391725887763  0.405991684916  0.322429309234  0.275534540913  0.220116330619  0.2482248212  5.16863247591  5.42076609244  5.71979882816  0.240309899042  0.208494945143  6.97242456144  7.11466197621  7.20383299041  1455.26127612  1455.4081824  1.12412223534  0.957658665586  48.8756334815  48.7924000019  2.35065694571  0.256641200986  0.135954062393  1.58599297668  1.37809351017  1.13320084047  0.812695503049  0.46409778829  0.216315747983  -9999.0  -9999.0  -9999.0  -9999.0  -9999.0  -9999.0  -9999.0  -9999.0  -9999.0  -9999.0
-9999.0  -9999.0  -9999.0  -9999.0  -9999.0  -9999.0  -9999.0  -9999.0  -9999.0  -9999.0  -9999.0  -9999.0  -9999.0  -9999.0  -9999.0  -9999.0  -9999.0  -9999.0  -9999.0  -9999.0  -9999.0  0.681542748365  0.637740033341  3.29761489779  25.0141983701  26.5404163368  27.3744343974  1.03900961638  13.393968258  14.0949614402  14.4220091631  0.65877064521  1.23296536828  1.7274558704  28.4658807884  28.8682414694  29.2227009082  119.878557358  71.268543055  0.367838756052  0.380237079246  0.369029703051  0.300696010075  3.16070583508  3.7737977993  4.31844212009  4.61486794061  4.90152933167  34.2286812627  34.4402269229  34.7557868098  35.5352562535  38.5158527807  38.6335546933  45.9586092611  0.0927520130217  1455.54256525  1455.70219258  1.22305343132  48.949448123  0.150836603515  0.0733978453096  0.362147018014  2.39786940624  2.28108317102  0.468745928419  0.242403212352  0.980002196963  0.730468771817  0.214354586762  0.189585586428  0.186794285374  -9999.0  -9999.0  -9999.0  -9999.0  -9999.0  -9999.0  -9999.0  -9999.0
-9999.0  -9999.0  -9999.0  -9999.0  -9999.0  -9999.0  -9999.0  -9999.0  -9999.0  -9999.0  -9999.0  -9999.0  -9999.0  -9999.0  -9999.0  -9999.0  -9999.0  -9999.0  -9999.0  -9999.0  -9999.0  -9999.0  1.33132963428  2.02394536651  0.762288846903  1.15146082045  9.57957904802  10.6583435185  11.514865823  5.75806544373  6.46504853597  7.20164817819  7.7680181446  27.5753136813  28.0959613207  18.1750073594  47.8359889826  48.2523217075  70.9460554348  0.793334955446  0.398882085176  0.302363479975  2.19751155679  2.56625322375  0.237673317794  0.222959063836  33.2424375972  33.7724607774  34.0290966491  0.373049781851  0.556522988139  38.019586449  0.309485773264  0.945383829098  1.04355425134  47.1901259288  47.2876784161  48.5117784344  1505.57929956  49.1888304601  3.16759888228  3.08223072733  2.98332153964  2.51190383846  0.143531541655  1.38434964143  1.21754509548  0.404979829729  0.200728278548  0.383293038373  0.855173815932  0.47160767975  -9999.0  -9999.0  -9999.0  -9999.0  -9999.0  -9999.0  -9999.0  -9999.0
-9999.0  -9999.0  -9999.0  -9999.0  -9999.0  -9999.0  -9999.0  -9999.0  -9999.0  -9999.0  -9999.0  -9999.0  -9999.0  -9999.0  -9999.0  -9999.0  -9999.0  -9999.0  -9999.0  -9999.0  -9999.0  -9999.0  0.664484999499  1.31727781817  5.63117703598  6.41766089282  7.37629253102  4.15057859981  5.06206925153  0.713190460536  17.9659914436  18.637740361  19.2911091272  0.560783730883  17.1891406258  17.7224801319  0.425688129608  68.8857632902  0.873061095689  0.433709124476  1.1856811852  1.58567878604  0.315421962644  0.264721388177  30.5197294263  32.757015916  33.0658045805  0.317720527497  0.721544791294  0.919981419172  1.12332095602  2.21927458241  0.347683082692  0.780274202211  0.147855648789  0.290164214578  48.2981385454  48.4113209207  1505.75125515  1558.70481128  3.59977021592  0.279212662296  0.153604153563  0.226107402561  0.123770718973  1.53053467763  0.805563582556  0.609804504658  2.39589726958  2.1818334409  1.52029067866  0.331168043522  0.202874144752  -9999.0  -9999.0  -9999.0  -9999.0  -9999.0  -9999.0  -9999.0
-9999.0  -9999.0  -9999.0  -9999.0  -9999.0  -9999.0  -9999.0  -9999.0  -9999.0  -9999.0  -9999.0  -9999.0  -9999.0  -9999.0  -9999.0  -9999.0  -9999.0  -9999.0  -9999.0  -9999.0  -9999.0  -9999.0  0.66337553948  2.08598584128  3.64848388189  0.916877650404  2.04413736161  3.15170251602  15.0307229883  15.8789505247  16.589949196  0.672160532979  13.5837673481  15.5710278611  16.1695351266  0.499376107227  67.069260586  68.0508731333  0.464550342119  0.435309557064  0.857267496899  0.361944087301  28.774169634  29.4158727426  29.7829285967  1.41449088475  1.74467599443  0.292269340004  0.522386804868  0.231934193873  1.62454560592  0.234110959226  0.204046665718  0.218654309212  0.219015730627  0.445273118486  0.600035538344  147.156537597  147.458316335  1706.54337858  1706.85750812  1707.14254681  0.237779080041  3.24926494102  2.95145075713  1.20120428758  1.0949762319  0.145460256659  2.84512288642  0.224286269629  0.207902615497  0.177594203226  0.731745444196  0.304949798861  -9999.0  -9999.0  -9999.0  -9999.0  -9999.0  -9999.0
-9999.0  -9999.0  -9999.0  -9999.0  -9999.0  -9999.0  -9999.0  -9999.0  -9999.0  -9999.0  -9999.0  -9999.0  -9999.0  -9999.0  -9999.0  -9999.0  -9999.0  -9999.0  -9999.0  -9999.0  -9999.0  -9999.0  -9999.0  0.736065789518  0.814260368083  1.05448702787  9.74041430714  10.8122480752  14.0352383507  0.914537876191  10.7472348546  12.2831850322  0.697280897972  1.39411152889  0.55289631538  65.5335226397  0.58070657904  1.5514703552  1.93950964325  2.31630808487  26.4049008915  27.7388777537  28.1361524469  0.398380137268  0.747982279319  1.06894674645  0.207901847983  0.189628860629  68.3870903207  68.5760986325  68.7311475437  70.2730522339  70.4645272958  70.720588109  70.8968037806  120.150391402  120.316226684  147.032656093  0.168040853039  0.196090445227  0.349488404138  1707.62948194  1708.3510593  1711.8678315  1711.99625549  0.2089742404  0.125337287902  3.21368166817  3.08750614801  0.163780912726  0.414339287448  2.96068100471  1.81320310209  1.55902459736  0.406129821082  -9999.0  -9999.0  -9999.0  -9999.0  -9999.0
-9999.0  -9999.0  -9999.0  -9999.0  -9999.0  -9999.0  -9999.0  -9999.0  -9999.0  -9999.0  -9999.0  -9999.0  -9999.0  -9999.0  -9999.0  -9999.0  -9999.0  -9999.0  -9999.0  -9999.0  -9999.0  -9999.0  -9999.0  0.684976934109  1.82021923868  3.86470657893  8.63746664158  1.18754143844  2.24534025814  8.21033453341  9.11969805088  0.794930385542  15.9125398033  16.6326198333  63.791867896  64.3951644082  0.549283330549  1.05269205255  4.51322672537  22.2713105299  23.783375626  0.961958412622  0.443536476279  0.366697643848  57.9416394476  58.5942512756  59.121766397  59.6477506307  68.2119375685  0.552390164503  70.0927919904  0.299522501042  0.203431264932  0.373003563056  48.894950232  49.1224890474  25.9364240737  26.5309471397  0.391717063756  0.191263608881  0.218362423061  0.227637577759  0.351994633454  0.135759354851  1826.55078377  1826.94440717  4.09014973425  3.45727115381  0.135578602856  4.49059660276  4.17132092106  3.52807972201  0.32632791122  0.387316316277  0.43711983727  -9999.0  -9999.0  -9999.0  -9999.0  -9999.0
-9999.0  -9999.0  -9999.0  -9999.0  -9999.0  -9999.0  -9999.0  -9999.0  -9999.0  -9999.0  -9999.0  -9999.0  -9999.0  -9999.0  -9999.0  -9999.0  -9999.0  -9999.0  -9999.0  -9999.0  -9999.0  -9999.0  -9999.0  -9999.0  1.32501140255  2.56483353866  3.71587528454  6.04840377722  7.12083510792  11.7380467773  13.7723346903  14.4795086258  15.1709810476  45.8392786463  46.5406557697  0.537512754611  3.48339330433  4.05389757677  16.8205430758  17.3845322025  0.979629906933  0.422567921322  55.9855503639  56.8891036506  57.2907811891  0.349166057507  7.65925113906  7.9654616789  8.290635354  0.286110713397  0.220619404096  0.172083384645  0.182305052758  48.1348749248  48.3650181124  0.16974857665  25.773027523  24.7011974377  24.5473853257  0.156731313673  0.168133389579  0.236820293387  0.371838826101  113.64055499  114.378101614  1831.2830039  0.355572535818  0.128810469564  4.78050682347  0.164771376476  0.780741466327  0.558529054655  0.307050363203  -9999.0  -9999.0  -9999.0  -9999.0  -9999.0  -9999.0  -9999.0
-9999.0  -9999.0  -9999.0  -9999.0  -9999.0  -9999.0  -9999.0  -9999.0  -9999.0  -9999.0  -9999.0  -9999.0  -9999.0  -9999.0  -9999.0  -9999.0  -9999.0  -9999.0  -9999.0  -9999.0  -9999.0  -9999.0  -9999.0  -9999.0  1.29979327467  3.85522097972  4.89013792842  7.14113718113  9.44733975585  10.6674582764  1.05488293967  11.5560540708  44.0963084278  45.1097481114  0.915452188995  1.70522144297  3.00989915323  15.6351825568  16.2774743713  35.4044467795  36.4798495449  55.3355274255  55.6396101254  0.507924238844  6.15103820709  7.00654232462  7.39946011341  0.321252149596  40.6478814442  40.9408974908  41.9009854852  46.0788290708  47.5248698233  47.7857827179  0.302596561907  0.530848342976  0.723852878429  21.1499526938  24.2602903566  2.00708345807  1.82782297523  0.201780582715  0.24557611014  113.113785383  0.601864562799  0.317588809246  1831.73890961  0.0732131085989  0.0776452405469  5.88884523814  0.980380079451  0.190991951709  0.215884149937  -9999.0  -9999.0  -9999.0  -9999.0  -9999.0  -9999.0  -9999.0
-9999.0  -9999.0  -9999.0  -9999.0  -9999.0  -9999.0  -9999.0  -9999.0  -9999.0  -9999.0  -9999.0  -9999.0  -9999.0  -9999.0  -9999.0  -9999.0  -9999.0  -9999.0  -9999.0  -9999.0  -9999.0  -9999.0  -9999.0  -9999.0  1.34391344437  1.29041128408  4.92598583348  5.93025590983  1.13969096606  9.2813405495  10.4385535798  1.11574920965  30.3866996162  1.08390654406  6.54809274569  14.1841652098  15.0022874279  31.7000290716  32.3763935831  34.8411031002  0.658478368765  18.3913303509  0.414055930474  0.840284077185  5.80230313963  0.476784159993  9.54106683429  40.0644144364  0.393082644019  0.736620791242  3.34333506144  0.384239905738  0.59475170015  0.372852052194  0.237527503636  18.5838465968  20.2820567444  20.9653298844  0.895609348608  0.533866245314  1.0226592199  0.290319732484  112.327860355  112.513350437  0.347023724929  0.153499429942  0.0761719800975  1832.30618696  1839.49560606  6.98004345053  0.978056991514  0.818645566065  0.448666354081  -9999.0  -9999.0  -9999.0  -9999.0  -9999.0  -9999.0  -9999.0
-9999.0  -9999.0  -9999.0  -9999.0  -9999.0  -9999.0  -9999.0  -9999.0  -9999.0  -9999.0  -9999.0  -9999.0  -9999.0  -9999.0  -9999.0  -9999.0  -9999.0  -9999.0  -9999.0  -9999.0  -9999.0  -9999.0  -9999.0  -9999.0  -9999.0  1.27789539601  1.31566625009  1.29325721286  6.90481481773  8.12260758134  13.529297773  29.3426225966  1.13343714016  3.38719079055  4.51510701873  6.75872371994  1.94604314271  30.873956138  0.908926297948  1.75322258499  17.0753490959  0.746221057822  3.10998849419  3.95064933553  0.548812588119  0.485228766365  9.22820951528  30.1470161205  0.497249423418  1.83986059967  3.0596227787  0.451796376064  0.361981918395  16.3256152047  17.3884804345  0.738649975447  1.45798074629  0.38523237087  0.65132889724  0.304622514068  0.249911108919  0.202007339116  112.159263097  0.557521330179  -9999.0  -9999.0  0.168288819307  0.30316352903  1839.6210122  1839.74752481  1840.43149312  0.3303349161  -9999.0  -9999.0  -9999.0  -9999.0  -9999.0  -9999.0  -9999.0  -9999.0
-9999.0  -9999.0  -9999.0  -9999.0  -9999.0  -9999.0  -9999.0  -9999.0  -9999.0  -9999.0  -9999.0  -9999.0  -9999.0  -9999.0  -9999.0  -9999.0  -9999.0  -9999.0  -9999.0  -9999.0  -9999.0  -9999.0  -9999.0  -9999.0  -9999.0  -9999.0  1.12860739736  3.43669715813  4.44942769833  12.4709941134  4.32368230454  14.7233963701  9.50694131321  1.12785465577  3.45433397502  5.6629292689  1.00470425137  28.0361488541  11.5408854498  14.5879612813  1.78812921396  1.78172702258  0.723976543966  0.624829831679  7.79209325059  8.2833367449  28.7063637806  29.1743316315  0.918341853549  1.39624167689  0.396740998469  12.3212615619  14.3781279983  16.0693267427  0.786402864782  0.36630065877  1.07426894947  0.371179192925  0.296584289753  0.219623730122  110.140867139  110.824957046  111.224351824  0.373684180653  -9999.0  -9999.0  -9999.0  -9999.0  -9999.0  0.0704214566003  1840.5549623  1840.7454952  -9999.0  -9999.0  -9999.0  -9999.0  -9999.0  -9999.0  -9999.0  -9999.0
-9999.0  -9999.0  -9999.0  -9999.0  -9999.0  -9999.0  -9999.0  -9999.0  -9999.0  -9999.0  -9999.0  -9999.0  -9999.0  -9999.0  -9999.0  -9999.0  -9999.0  -9999.0  -9999.0  -9999.0  -9999.0  -9999.0  -9999.0  -9999.0  -9999.0  -9999.0  1.39461028046  1.3237756619  11.5625800486  0.967868402602  3.40646978604  6.04871126762  8.42675573788  1.20030850789  1.16954426217  1.12605819337  25.9134073062  27.0149994833  10.5732165043  2.10727199892  1.01611717431  1.02070418196  6.4106429651  7.29389017679  25.0217921277  26.4459689753  27.700576279  0.562674940737  0.475333817951  11.2121311678  11.5781805563  11.9919370627  1.76778687169  0.896999284561  0.426449826683  0.413591772449  0.32055958313  2.75732393504  3.00080129383  109.750408312  109.960286169  0.4983739827  0.198560585381  0.185630846732  -9999.0  -9999.0  -9999.0  -9999.0  -9999.0  -9999.0  -9999.0  -9999.0  -9999.0  -9999.0  -9999.0  -9999.0  -9999.0  -9999.0  -9999.0  -9999.0
-9999.0  -9999.0  -9999.0  -9999.0  -9999.0  -9999.0  -9999.0  -9999.0  -9999.0  -9999.0  -9999.0  -9999.0  -9999.0  -9999.0  -9999.0  -9999.0  -9999.0  -9999.0  -9999.0  -9999.0  -9999.0  -9999.0  -9999.0  -9999.0  -9999.0  -9999.0  -9999.0  2.73361098548  9.22998065804  5.21030110267  1.24949227214  4.9936015956  1.19264885787  3.74931052062  4.84389456893  22.9221834783  24.9944689928  8.48517096827  9.5353726957  1.06233414025  4.47628538668  5.4697000387  15.0946888509  23.4892573677  24.3876145165  0.842704167338  0.652039424999  8.38658131544  9.59607274261  10.840008684  0.485989168901  0.920326032922  1.37641988931  0.447082518713  1.12998306357  1.81947300323  2.12289962927  2.51862650312  0.281994976007  106.239112131  0.61864738663  0.313509568015  -9999.0  -9999.0  -9999.0  -9999.0  -9999.0  -9999.0  -9999.0  -9999.0  -9999.0  -9999.0  -9999.0  -9999.0  -9999.0  -9999.0  -9999.0  -9999.0  -9999.0  -9999.0
-9999.0  -9999.0  -9999.0  -9999.0  -9999.0  -9999.0  -9999.0  -9999.0  -9999.0  -9999.0  -9999.0  -9999.0  -9999.0  -9999.0  -9999.0  -9999.0  -9999.0  -9999.0  -9999.0  -9999.0  -9999.0  -9999.0  -9999.0  -9999.0  -9999.0  -9999.0  -9999.0  1.39539492639  1.35153254158  2.55351469699  1.27463987765  2.51990977218  2.54911071229  14.1784689688  15.0543805423  2.16422505164  1.18467978352  7.40988128972  2.32607354128  3.47734112182  12.1198373027  13.1559516407  14.1765174972  7.48303816076  2.98422700635  4.77031658632  6.30682750468  7.89308913167  0.756728486037  0.657520076476  55.9020598733  56.4421936451  56.8930124129  0.41555888543  0.771368647317  0.402270655861  0.31343934385  99.2165098549  100.923774297  4.01423252277  3.57034987666  0.362349415557  -9999.0  -9999.0  -9999.0  -9999.0  -9999.0  -9999.0  -9999.0  -9999.0  -9999.0  -9999.0  -9999.0  -9999.0  -9999.0  -9999.0  -9999.0  -9999.0  -9999.0  -9999.0
-9999.0  -9999.0  -9999.0  -9999.0  -9999.0  -9999.0  -9999.0  -9999.0  -9999.0  -9999.0  -9999.0  -9999.0  -9999.0  -9999.0  -9999.0  -9999.0  -9999.0  -9999.0  -9999.0  -9999.0  -9999.0  -9999.0  -9999.0  -9999.0  -9999.0  -9999.0  -9999.0  -9999.0  -9999.0  1.19043546795  1.24173435023  1.30819024682  5.27672345132  12.9578391801  6.43624819422  1.23067449414  5.03678540566  6.24578861462  1.15987541786  10.0160533096  11.0744104118  3.35668132388  5.43703125146  1.03836364114  1.99190282853  0.962230636337  0.778953655901  0.752952836597  54.2500811768  54.9099191539  55.3998542807  2.42530129415  59.8295619943  60.3051432569  60.7294922427  61.1411029599  61.8754473714  98.9554549882  99.6327516183  0.99548500943  3.19432118092  0.85984760157  -9999.0  -9999.0  -9999.0  -9999.0  -9999.0  -9999.0  -9999.0  -9999.0  -9999.0  -9999.0  -9999.0  -9999.0  -9999.0  -9999.0  -9999.0  -9999.0  -9999.0  -9999.0
-9999.0  -9999.0  -9999.0  -9999.0  -9999.0  -9999.0  -9999.0  -9999.0  -9999.0  -9999.0  -9999.0  -9999.0  -9999.0  -9999.0  -9999.0  -9999.0  -9999.0  -9999.0  -9999.0  -9999.0  -9999.0  -9999.0  -9999.0  -9999.0  -9999.0  -9999.0  -9999.0  -9999.0  -9999.0  -9999.0  -9999.0  1.32387123565  2.73011134924  2.69769274718  2.66107322125  2.60780612671  3.87583751888  6.49338647493  7.67008768925  8.89830814811  1.13779551444  2.29289214426  1.06587439931  1.01604486424  31.611653281  39.1114482184  40.924657565  41.8157100006  53.622752858  0.711841410774  1.32105338088  2.01471867241  11.0051310593  11.4940078964  11.9174859244  26.1710770263  33.0439610542  36.6613666606  0.522508235324  0.542779805653  1.92572601799  0.478258049619  -9999.0  -9999.0  -9999.0  -9999.0  -9999.0  -9999.0  -9999.0  -9999.0  -9999.0  -9999.0  -9999.0  -9999.0  -9999.0  -9999.0  -9999.0  -9999.0  -9999.0  -9999.0
-9999.0  -9999.0  -9999.0  -9999.0  -9999.0  -9999.0  -9999.0  -9999.0  -9999.0  -9999.0  -9999.0  -9999.0  -9999.0  -9999.0  -9999.0  -9999.0  -9999.0  -9999.0  -9999.0  -9999.0  -9999.0  -9999.0  -9999.0  -9999.0  -9999.0  -9999.0  -9999.0  -9999.0  -9999.0  -9999.0  -9999.0  -9999.0  1.39027615946  1.37500443899  1.34991290119  1.30913730062  2.65200691527  5.23830891994  5.04833198343  6.21392850841  7.30424834401  16.8808275712  17.9192410017  29.8206019818  30.7805670629  6.6480539119  0.90507678042  10.2271929214  11.005209083  4.31670868154  8.36748675779  9.8401676871  10.4888128763  0.585111371397  13.8720778814  27.4102901957  32.6945068603  0.522564130922  2.64771755164  0.494257922507  1.46247866888  -9999.0  -9999.0  -9999.0  -9999.0  -9999.0  -9999.0  -9999.0  -9999.0  -9999.0  -9999.0  -9999.0  -9999.0  -9999.0  -9999.0  -9999.0  -9999.0  -9999.0  -9999.0  -9999.0
-9999.0  -9999.0  -9999.0  -9999.0  -9999.0  -9999.0  -9999.0  -9999.0  -9999.0  -9999.0  -9999.0  -9999.0  -9999.0  -9999.0  -9999.0  -9999.0  -9999.0  -9999.0  -9999.0  -9999.0  -9999.0  -9999.0  -9999.0  -9999.0  -9999.0  -9999.0  -9999.0  -9999.0  -9999.0  -9999.0  -9999.0  -9999.0  -9999.0  -9999.0  -9999.0  1.38421482951  1.32688870544  1.29419772661  3.8330473164  3.70598979556  7.29910204574  8.49316322321  1.11582823454  10.8293313367  4.59311119029  5.69143889917  6.4098181956  9.42454268173  2.68098340516  0.867190939815  3.42777347775  0.82577551322  7.42622819797  8.89128750333  12.7788691991  0.669252812653  3.07145056794  1.17006959158  1.61996739224  0.515582263817  0.995013029444  -9999.0  -9999.0  -9999.0  -9999.0  -9999.0  -9999.0  -9999.0  -9999.0  -9999.0  -9999.0  -9999.0  -9999.0  -9999.0  -9999.0  -9999.0  -9999.0  -9999.0  -9999.0  -9999.0
-9999.0  -9999.0  -9999.0  -9999.0  -9999.0  -9999.0  -9999.0  -9999.0  -9999.0  -9999.0  -9999.0  -9999.0  -9999.0  -9999.0  -9999.0  -9999.0  -9999.0  -9999.0  -9999.0  -9999.0  -9999.0  -9999.0  -9999.0  -9999.0  -9999.0  -9999.0  -9999.0  -9999.0  -9999.0  -9999.0  -9999.0  -9999.0  -9999.0  -9999.0  -9999.0  -9999.0  -9999.0  1.29943140903  1.23841973999  2.48385894661  2.44027853371  6.25794046946  8.57434418369  2.34849763087  3.46179736163  3.3155790439  5.42690290197  2.05052593274  1.86193550535  1.83340828096  0.813064847862  4.32689037107  6.71669058526  0.769741687033  3.18963787225  1.37219894088  1.06098913455  0.549023719954  0.531291127454  0.553239414141  -9999.0  -9999.0  -9999.0  -9999.0  -9999.0  -9999.0  -9999.0  -9999.0  -9999.0  -9999.0  -9999.0  -9999.0  -9999.0  -9999.0  -9999.0  -9999.0  -9999.0  -9999.0  -9999.0  -9999.0
-9999.0  -9999.0  -9999.0  -9999.0  -9999.0  -9999.0  -9999.0  -9999.0  -9999.0  -9999.0  -9999.0  -9999.0  -9999.0  -9999.0  -9999.0  -9999.0  -9999.0  -9999.0  -9999.0  -9999.0  -9999.0  -9999.0  -9999.0  -9999.0  -9999.0  -9999.0  -9999.0  -9999.0  -9999.0  -9999.0  -9999.0  -9999.0  -9999.0  -9999.0  -9999.0  -9999.0  -9999.0  -9999.0  -9999.0  1.26173150383  2.58296311059  5.07723611317  1.18990828247  1.19494850873  1.12874175337  2.26433346636  1.08029247349  1.03467504365  0.96713396122  0.950422647111  1.79775031592  3.56560632027  1.67578858574  1.70677833728  2.48054427465  0.7091126539  0.524529200473  -9999.0  -9999.0  -9999.0  -9999.0  -9999.0  -9999.0  -9999.0  -9999.0  -9999.0  -9999.0  -9999.0  -9999.0  -9999.0  -9999.0  -9999.0  -9999.0  -9999.0  -9999.0  -9999.0  -9999.0  -9999.0  -9999.0  -9999.0
-9999.0  -9999.0  -9999.0  -9999.0  -9999.0  -9999.0  -9999.0  -9999.0  -9999.0  -9999.0  -9999.0  -9999.0  -9999.0  -9999.0  -9999.0  -9999.0  -9999.0  -9999.0  -9999.0  -9999.0  -9999.0  -9999.0  -9999.0  -9999.0  -9999.0  -9999.0  -9999.0  -9999.0  -9999.0  -9999.0  -9999.0  -9999.0  -9999.0  -9999.0  -9999.0  -9999.0  -9999.0  -9999.0  -9999.0  -9999.0  1.28473146052  1.2452667243  -9999.0  -9999.0  -9999.0  -9999.0  -9999.0  -9999.0  -9999.0  -9999.0  0.908236466201  0.876943987221  0.805162035018  0.820309015068  -9999.0  -9999.0  -9999.0  -9999.0  -9999.0  -9999.0  -9999.0  -9999.0  -9999.0  -9999.0  -9999.0  -9999.0  -9999.0  -9999.0  -9999.0  -9999.0  -9999.0  -9999.0  -9999.0  -9999.0  -9999.0  -9999.0  -9999.0  -9999.0  -9999.0  -9999.0
-9999.0  -9999.0  -9999.0  -9999.0  -9999.0  -9999.0  -9999.0  -9999.0  -9999.0  -9999.0  -9999.0  -9999.0  -9999.0  -9999.0  -9999.0  -9999.0  -9999.0  -9999.0  -9999.0  -9999.0  -9999.0  -9999.0  -9999.0  -9999.0  -9999.0  -9999.0  -9999.0  -9999.0  -9999.0  -9999.0  -9999.0  -9999.0  -9999.0  -9999.0  -9999.0  -9999.0  -9999.0  -9999.0  -9999.0  -9999.0  -9999.0  -9999.0  -9999.0  -9999.0  -9999.0  -9999.0  -9999.0  -9999.0  -9999.0  -9999.0  -9999.0  -9999.0  -9999.0  -9999.0  -9999.0  -9999.0  -9999.0  -9999.0  -9999.0  -9999.0  -9999.0  -9999.0  -9999.0  -9999.0  -9999.0  -9999.0  -9999.0  -9999.0  -9999.0  -9999.0  -9999.0  -9999.0  -9999.0  -9999.0  -9999.0  -9999.0  -9999.0  -9999.0  -9999.0  -9999.0
-9999.0  -9999.0  -9999.0  -9999.0  -9999.0  -9999.0  -9999.0  -9999.0  -9999.0  -9999.0  -9999.0  -9999.0  -9999.0  -9999.0  -9999.0  -9999.0  -9999.0  -9999.0  -9999.0  -9999.0  -9999.0  -9999.0  -9999.0  -9999.0  -9999.0  -9999.0  -9999.0  -9999.0  -9999.0  -9999.0  -9999.0  -9999.0  -9999.0  -9999.0  -9999.0  -9999.0  -9999.0  -9999.0  -9999.0  -9999.0  -9999.0  -9999.0  -9999.0  -9999.0  -9999.0  -9999.0  -9999.0  -9999.0  -9999.0  -9999.0  -9999.0  -9999.0  -9999.0  -9999.0  -9999.0  -9999.0  -9999.0  -9999.0  -9999.0  -9999.0  -9999.0  -9999.0  -9999.0  -9999.0  -9999.0  -9999.0  -9999.0  -9999.0  -9999.0  -9999.0  -9999.0  -9999.0  -9999.0  -9999.0  -9999.0  -9999.0  -9999.0  -9999.0  -9999.0  -9999.0
-9999.0  -9999.0  -9999.0  -9999.0  -9999.0  -9999.0  -9999.0  -9999.0  -9999.0  -9999.0  -9999.0  -9999.0  -9999.0  -9999.0  -9999.0  -9999.0  -9999.0  -9999.0  -9999.0  -9999.0  -9999.0  -9999.0  -9999.0  -9999.0  -9999.0  -9999.0  -9999.0  -9999.0  -9999.0  -9999.0  -9999.0  -9999.0  -9999.0  -9999.0  -9999.0  -9999.0  -9999.0  -9999.0  -9999.0  -9999.0  -9999.0  -9999.0  -9999.0  -9999.0  -9999.0  -9999.0  -9999.0  -9999.0  -9999.0  -9999.0  -9999.0  -9999.0  -9999.0  -9999.0  -9999.0  -9999.0  -9999.0  -9999.0  -9999.0  -9999.0  -9999.0  -9999.0  -9999.0  -9999.0  -9999.0  -9999.0  -9999.0  -9999.0  -9999.0  -9999.0  -9999.0  -9999.0  -9999.0  -9999.0  -9999.0  -9999.0  -9999.0  -9999.0  -9999.0  -9999.0
-9999.0  -9999.0  -9999.0  -9999.0  -9999.0  -9999.0  -9999.0  -9999.0  -9999.0  -9999.0  -9999.0  -9999.0  -9999.0  -9999.0  -9999.0  -9999.0  -9999.0  -9999.0  -9999.0  -9999.0  -9999.0  -9999.0  -9999.0  -9999.0  -9999.0  -9999.0  -9999.0  -9999.0  -9999.0  -9999.0  -9999.0  -9999.0  -9999.0  -9999.0  -9999.0  -9999.0  -9999.0  -9999.0  -9999.0  -9999.0  -9999.0  -9999.0  -9999.0  -9999.0  -9999.0  -9999.0  -9999.0  -9999.0  -9999.0  -9999.0  -9999.0  -9999.0  -9999.0  -9999.0  -9999.0  -9999.0  -9999.0  -9999.0  -9999.0  -9999.0  -9999.0  -9999.0  -9999.0  -9999.0  -9999.0  -9999.0  -9999.0  -9999.0  -9999.0  -9999.0  -9999.0  -9999.0  -9999.0  -9999.0  -9999.0  -9999.0  -9999.0  -9999.0  -9999.0  -9999.0
-9999.0  -9999.0  -9999.0  -9999.0  -9999.0  -9999.0  -9999.0  -9999.0  -9999.0  -9999.0  -9999.0  -9999.0  -9999.0  -9999.0  -9999.0  -9999.0  -9999.0  -9999.0  -9999.0  -9999.0  -9999.0  -9999.0  -9999.0  -9999.0  -9999.0  -9999.0  -9999.0  -9999.0  -9999.0  -9999.0  -9999.0  -9999.0  -9999.0  -9999.0  -9999.0  -9999.0  -9999.0  -9999.0  -9999.0  -9999.0  -9999.0  -9999.0  -9999.0  -9999.0  -9999.0  -9999.0  -9999.0  -9999.0  -9999.0  -9999.0  -9999.0  -9999.0  -9999.0  -9999.0  -9999.0  -9999.0  -9999.0  -9999.0  -9999.0  -9999.0  -9999.0  -9999.0  -9999.0  -9999.0  -9999.0  -9999.0  -9999.0  -9999.0  -9999.0  -9999.0  -9999.0  -9999.0  -9999.0  -9999.0  -9999.0  -9999.0  -9999.0  -9999.0  -9999.0  -9999.0
-9999.0  -9999.0  -9999.0  -9999.0  -9999.0  -9999.0  -9999.0  -9999.0  -9999.0  -9999.0  -9999.0  -9999.0  -9999.0  -9999.0  -9999.0  -9999.0  -9999.0  -9999.0  -9999.0  -9999.0  -9999.0  -9999.0  -9999.0  -9999.0  -9999.0  -9999.0  -9999.0  -9999.0  -9999.0  -9999.0  -9999.0  -9999.0  -9999.0  -9999.0  -9999.0  -9999.0  -9999.0  -9999.0  -9999.0  -9999.0  -9999.0  -9999.0  -9999.0  -9999.0  -9999.0  -9999.0  -9999.0  -9999.0  -9999.0  -9999.0  -9999.0  -9999.0  -9999.0  -9999.0  -9999.0  -9999.0  -9999.0  -9999.0  -9999.0  -9999.0  -9999.0  -9999.0  -9999.0  -9999.0  -9999.0  -9999.0  -9999.0  -9999.0  -9999.0  -9999.0  -9999.0  -9999.0  -9999.0  -9999.0  -9999.0  -9999.0  -9999.0  -9999.0  -9999.0  -9999.0
