ncols                  80
nrows                 72
xllcorner      4374000.0
yllcorner      5656000.0
cellsize            500
NODATA_value       -9999
-9999.0  -9999.0  -9999.0  -9999.0  -9999.0  -9999.0  -9999.0  -9999.0  -9999.0  -9999.0  -9999.0  -9999.0  1.12486503373  0.961672292246  -9999.0  -9999.0  -9999.0  -9999.0  -9999.0  -9999.0  -9999.0  -9999.0  -9999.0  -9999.0  -9999.0  -9999.0  -9999.0  -9999.0  -9999.0  -9999.0  -9999.0  -9999.0  -9999.0  -9999.0  -9999.0  -9999.0  -9999.0  -9999.0  -9999.0  -9999.0  -9999.0  -9999.0  -9999.0  -9999.0  -9999.0  -9999.0  -9999.0  -9999.0  -9999.0  -9999.0  -9999.0  -9999.0  -9999.0  -9999.0  -9999.0  -9999.0  -9999.0  -9999.0  -9999.0  -9999.0  -9999.0  -9999.0  -9999.0  -9999.0  -9999.0  -9999.0  -9999.0  -9999.0  -9999.0  -9999.0  -9999.0  -9999.0  -9999.0  -9999.0  -9999.0  -9999.0  -9999.0  -9999.0  -9999.0  -9999.0
-9999.0  -9999.0  -9999.0  -9999.0  -9999.0  -9999.0  -9999.0  -9999.0  -9999.0  -9999.0  -9999.0  -9999.0  2.3197008693  5.16534733918  0.844940870856  -9999.0  0.689849301138  -9999.0  -9999.0  -9999.0  -9999.0  -9999.0  -9999.0  -9999.0  -9999.0  -9999.0  -9999.0  -9999.0  -9999.0  -9999.0  -9999.0  -9999.0  -9999.0  -9999.0  -9999.0  -9999.0  -9999.0  -9999.0  -9999.0  -9999.0  -9999.0  -9999.0  -9999.0  -9999.0  -9999.0  -9999.0  -9999.0  -9999.0  -9999.0  -9999.0  -9999.0  -9999.0  -9999.0  -9999.0  -9999.0  -9999.0  -9999.0  -9999.0  -9999.0  -9999.0  -9999.0  -9999.0  -9999.0  -9999.0  -9999.0  -9999.0  -9999.0  -9999.0  -9999.0  -9999.0  -9999.0  -9999.0  -9999.0  -9999.0  -9999.0  -9999.0  -9999.0  -9999.0  -9999.0  -9999.0
-9999.0  -9999.0  -9999.0  -9999.0  -9999.0  -9999.0  -9999.0  -9999.0  -9999.0  -9999.0  1.12018027541  1.09897165062  1.15632757002  1.13682809135  7.32126728123  8.2398419114  1.96258068905  0.631034836494  -9999.0  -9999.0  -9999.0  -9999.0  -9999.0  -9999.0  -9999.0  -9999.0  -9999.0  -9999.0  -9999.0  -9999.0  -9999.0  -9999.0  -9999.0  -9999.0  -9999.0  -9999.0  -9999.0  -9999.0  -9999.0  -9999.0  -9999.0  -9999.0  -9999.0  -9999.0  -9999.0  -9999.0  -9999.0  -9999.0  -9999.0  -9999.0  -9999.0  -9999.0  -9999.0  -9999.0  -9999.0  -9999.0  -9999.0  -9999.0  -9999.0  -9999.0  -9999.0  -9999.0  -9999.0  -9999.0  -9999.0  -9999.0  -9999.0  -9999.0  -9999.0  -9999.0  -9999.0  -9999.0  -9999.0  -9999.0  -9999.0  -9999.0  -9999.0  -9999.0  -9999.0  -9999.0
-9999.0  -9999.0  -9999.0  -9999.0  -9999.0  -9999.0  -9999.0  -9999.0  -9999.0  1.08573771037  2.20838319124  4.3953524892  2.22275519381  1.07905033595  2.1189098817  9.2679572599  12.777676856  0.732236109762  -9999.0  1.12577279586  -9999.0  -9999.0  -9999.0  -9999.0  1.37001583048  0.690964936335  -9999.0  -9999.0  -9999.0  -9999.0  -9999.0  -9999.0  -9999.0  -9999.0  -9999.0  -9999.0  -9999.0  -9999.0  -9999.0  -9999.0  -9999.0  -9999.0  -9999.0  -9999.0  -9999.0  -9999.0  -9999.0  -9999.0  -9999.0  -9999.0  -9999.0  -9999.0  -9999.0  -9999.0  -9999.0  -9999.0  -9999.0  -9999.0  -9999.0  -9999.0  -9999.0  -9999.0  -9999.0  -9999.0  -9999.0  -9999.0  -9999.0  -9999.0  -9999.0  -9999.0  -9999.0  -9999.0  -9999.0  -9999.0  -9999.0  -9999.0  -9999.0  -9999.0  -9999.0  -9999.0
-9999.0  -9999.0  -9999.0  -9999.0  -9999.0  -9999.0  -9999.0  -9999.0  1.25419649101  3.51360187745  4.59321125344  5.66918642211  7.66586239587  1.01004426916  4.10804808109  5.10227080581  19.7195852103  0.967962792624  0.964740128722  2.12157488544  3.10404588141  1.02995108233  -9999.0  3.67277089596  3.00330652864  0.853327153925  -9999.0  -9999.0  -9999.0  -9999.0  -9999.0  -9999.0  -9999.0  -9999.0  -9999.0  -9999.0  -9999.0  -9999.0  -9999.0  -9999.0  -9999.0  -9999.0  -9999.0  -9999.0  -9999.0  -9999.0  -9999.0  -9999.0  -9999.0  -9999.0  -9999.0  -9999.0  -9999.0  -9999.0  -9999.0  -9999.0  -9999.0  -9999.0  -9999.0  -9999.0  -9999.0  -9999.0  -9999.0  -9999.0  -9999.0  -9999.0  -9999.0  -9999.0  -9999.0  -9999.0  -9999.0  -9999.0  -9999.0  -9999.0  -9999.0  -9999.0  -9999.0  -9999.0  -9999.0  -9999.0
-9999.0  -9999.0  -9999.0  -9999.0  -9999.0  -9999.0  1.22325458021  1.12703102025  1.09839652497  1.11932693888  1.14953946973  7.97793792376  16.7402969131  17.8159507366  18.7198955297  0.87264362279  21.5803438573  22.5519966439  1.94855313764  0.982843222227  4.06520806794  7.11660097205  1.02246801771  6.75997859381  1.07692880261  1.06786355104  1.12938348041  -9999.0  -9999.0  -9999.0  -9999.0  -9999.0  -9999.0  -9999.0  -9999.0  -9999.0  -9999.0  -9999.0  -9999.0  -9999.0  -9999.0  -9999.0  -9999.0  -9999.0  -9999.0  -9999.0  -9999.0  -9999.0  -9999.0  -9999.0  -9999.0  -9999.0  -9999.0  -9999.0  -9999.0  -9999.0  -9999.0  -9999.0  -9999.0  -9999.0  -9999.0  -9999.0  -9999.0  -9999.0  -9999.0  -9999.0  -9999.0  -9999.0  -9999.0  -9999.0  -9999.0  -9999.0  -9999.0  -9999.0  -9999.0  -9999.0  -9999.0  -9999.0  -9999.0  -9999.0
-9999.0  -9999.0  -9999.0  -9999.0  -9999.0  -9999.0  2.45374754694  3.62801150277  8.23760498416  11.5101895362  1.03135376417  1.05024413618  1.02796576321  3.04917449997  22.7270214868  0.856167133099  23.487777768  27.1369974929  2.87388607856  1.89332706642  8.04792103747  1.01663667681  7.7474763706  2.03190965392  1.02538237699  2.05901228484  2.22685739369  1.09752385028  1.1068463826  1.07660662512  1.16159386797  2.32683227156  -9999.0  -9999.0  -9999.0  -9999.0  -9999.0  -9999.0  -9999.0  -9999.0  -9999.0  -9999.0  -9999.0  -9999.0  -9999.0  -9999.0  -9999.0  -9999.0  -9999.0  -9999.0  -9999.0  -9999.0  -9999.0  -9999.0  -9999.0  -9999.0  -9999.0  -9999.0  -9999.0  -9999.0  -9999.0  -9999.0  -9999.0  -9999.0  -9999.0  -9999.0  -9999.0  -9999.0  -9999.0  -9999.0  -9999.0  -9999.0  -9999.0  -9999.0  -9999.0  -9999.0  -9999.0  -9999.0  -9999.0  -9999.0
-9999.0  -9999.0  -9999.0  -9999.0  -9999.0  1.31960073028  2.56524085736  1.23059834153  2.4128164495  12.7192060302  14.9213410187  17.0823946616  55.199479997  1.01490658883  23.7504450543  86.9569943388  87.6540774293  116.048626448  0.79703472909  2.80812390281  8.98542468252  0.927342414573  19.088857957  10.3843466652  6.36948340905  5.34194207226  1.10182235181  3.24958590419  3.21366508939  2.1408814545  1.05016783331  3.41504804656  1.05423239709  1.03762125408  -9999.0  -9999.0  -9999.0  -9999.0  -9999.0  -9999.0  -9999.0  -9999.0  -9999.0  -9999.0  -9999.0  -9999.0  -9999.0  -9999.0  -9999.0  -9999.0  -9999.0  -9999.0  -9999.0  -9999.0  -9999.0  -9999.0  -9999.0  -9999.0  -9999.0  -9999.0  -9999.0  -9999.0  -9999.0  -9999.0  -9999.0  -9999.0  -9999.0  -9999.0  -9999.0  -9999.0  -9999.0  -9999.0  -9999.0  -9999.0  -9999.0  -9999.0  -9999.0  -9999.0  -9999.0  -9999.0
-9999.0  -9999.0  -9999.0  -9999.0  -9999.0  1.33943945891  3.90469354467  7.74285557387  8.94926301233  17.8345450448  18.9830166455  22.5814762867  37.1092205351  58.2550968355  60.3990235103  61.4163649458  1.88053942442  119.40192441  121.068387741  125.777517801  157.718994215  22.0054207462  20.1144893292  7.38012215354  0.987326134436  6.31173912702  4.27036406829  0.973474931891  4.20458074448  0.955323515838  1.97687590491  5.4447650582  6.47689481  2.05415087966  1.03138921215  1.00139880799  -9999.0  -9999.0  -9999.0  -9999.0  0.735018899525  0.620235899092  -9999.0  -9999.0  -9999.0  -9999.0  -9999.0  -9999.0  -9999.0  -9999.0  -9999.0  -9999.0  -9999.0  -9999.0  -9999.0  -9999.0  -9999.0  -9999.0  -9999.0  -9999.0  -9999.0  -9999.0  -9999.0  -9999.0  -9999.0  -9999.0  -9999.0  -9999.0  -9999.0  -9999.0  -9999.0  -9999.0  -9999.0  -9999.0  -9999.0  -9999.0  -9999.0  -9999.0  -9999.0  -9999.0
-9999.0  -9999.0  -9999.0  -9999.0  -9999.0  1.29972072021  1.24804530114  5.22101202214  6.44802354716  7.71279901053  1.22202774915  2.42033953237  13.7372222545  2.48601604359  1.17962972591  1.09613203972  1.01751775322  1.12960121182  1.06224726724  1.09373001727  158.730863206  161.610718184  0.935367545942  2.88191923424  1.96356869539  7.28186649148  1.9678900841  0.953830306167  5.22462781796  1.8679749075  4.46819582353  11.4073044969  10.5708441603  3.07717646788  3.05193743335  1.02839540929  1.02617535385  -9999.0  -9999.0  1.02002380779  1.64600664676  3.57078515759  0.658157507393  -9999.0  -9999.0  -9999.0  -9999.0  -9999.0  -9999.0  -9999.0  -9999.0  -9999.0  -9999.0  -9999.0  -9999.0  -9999.0  -9999.0  -9999.0  -9999.0  -9999.0  -9999.0  -9999.0  -9999.0  -9999.0  -9999.0  -9999.0  -9999.0  -9999.0  -9999.0  -9999.0  -9999.0  -9999.0  -9999.0  -9999.0  -9999.0  -9999.0  -9999.0  -9999.0  -9999.0  -9999.0
-9999.0  -9999.0  -9999.0  -9999.0  -9999.0  -9999.0  1.35850026743  1.37138711219  2.62783447295  3.8962019818  8.86719651786  11.3487446463  12.6077265549  1.31268047878  1.07061372763  14.0778316489  17.3618914302  18.3994285094  22.694418503  23.68250903  1.0007133377  162.620451772  167.387078144  3.78005271904  0.711184935594  8.14913715937  18.1612362416  7.13486185567  1.86564745579  0.925996087731  17.7354703335  12.3782532782  0.960779465903  0.95399909041  4.03350705963  3.04008365983  1.00713195871  0.998903521495  1.00985818733  2.00581434019  0.97834002058  4.35770277636  5.34081523032  0.957700413213  -9999.0  -9999.0  -9999.0  -9999.0  1.07886197228  1.0300524212  0.256162237905  -9999.0  -9999.0  -9999.0  -9999.0  -9999.0  -9999.0  -9999.0  -9999.0  -9999.0  -9999.0  -9999.0  -9999.0  -9999.0  -9999.0  -9999.0  -9999.0  -9999.0  -9999.0  -9999.0  -9999.0  -9999.0  -9999.0  -9999.0  -9999.0  -9999.0  -9999.0  -9999.0  -9999.0  -9999.0
-9999.0  -9999.0  -9999.0  -9999.0  -9999.0  -9999.0  -9999.0  1.34580145482  1.19246216321  2.49028280669  3.77846402791  1.24962552505  1.16790313685  7.27673272989  9.60563387065  11.9767329479  1.14084887875  2.19226933594  1.11142673512  24.7076210084  54.5786590639  55.3235363818  224.576022038  0.962773463857  2.07839159029  0.646663155327  19.0898337286  0.932027183023  2.80955909278  0.919559176564  18.6791652053  19.6189610712  1.92388713229  1.88546040183  10.0783093068  5.04779336935  2.02192657557  1.02297216371  2.01566075879  2.99506138063  4.92360467259  0.957581506361  7.28487617613  8.25895856321  0.912172053342  0.959035321162  0.994627547633  0.939803897005  0.907708162736  3.03999090666  1.08628101051  0.684421719953  -9999.0  -9999.0  -9999.0  -9999.0  -9999.0  -9999.0  -9999.0  -9999.0  -9999.0  -9999.0  -9999.0  -9999.0  -9999.0  -9999.0  -9999.0  -9999.0  -9999.0  -9999.0  -9999.0  -9999.0  -9999.0  -9999.0  -9999.0  -9999.0  -9999.0  -9999.0  -9999.0  -9999.0
-9999.0  -9999.0  -9999.0  -9999.0  -9999.0  -9999.0  -9999.0  -9999.0  2.52695232206  3.6648664983  1.24149175016  2.52472119337  3.74345792442  6.18136292949  1.24008904741  1.19092700423  1.05584422284  1.06833389174  0.995269112121  27.7794046466  1.12706228437  2.19898837498  227.673784309  230.202232171  1.27762838606  4.59265769807  24.6403636899  1.84089234553  3.68034087611  1.75190068865  2.62479204212  23.3363189245  2.8289244388  14.7189785934  11.9443392238  0.93537305947  4.97507253618  2.00055188963  2.96600036877  0.948574731521  5.91279729335  7.85330504509  8.76874663645  9.65323698513  11.8316988964  1.7985215694  1.85897198738  1.76585051519  1.69831060487  3.87813358736  0.818096142651  2.59632758709  3.33912400059  -9999.0  -9999.0  -9999.0  -9999.0  -9999.0  -9999.0  -9999.0  -9999.0  -9999.0  -9999.0  -9999.0  -9999.0  -9999.0  -9999.0  -9999.0  -9999.0  -9999.0  -9999.0  -9999.0  -9999.0  -9999.0  -9999.0  -9999.0  -9999.0  -9999.0  -9999.0  -9999.0
-9999.0  -9999.0  -9999.0  -9999.0  -9999.0  -9999.0  -9999.0  -9999.0  1.32005503335  6.27620532391  7.48668614304  1.21136713574  2.3889252105  1.17547094447  1.1040565834  1.08449932634  13.7572440852  18.4464814373  22.736866065  26.9972304488  1.07544957068  1.0950225837  1.25638883131  235.322615392  238.078185817  239.365095043  33.4000885268  7.46482939417  6.4400302991  0.859122064031  3.46812126708  27.6764166528  0.865687961688  15.6009520609  0.924397427191  6.37761091108  5.97029387804  0.961269772684  3.91054006279  1.88633793925  2.81464229065  0.957504816027  0.876385658841  10.5304649752  11.3699873489  12.6688218046  2.71924991256  2.60099137731  2.51600417762  4.72544377443  6.37116685247  0.818945866033  4.1049092822  0.788707376121  1.516652179  0.749368869236  -9999.0  -9999.0  -9999.0  -9999.0  -9999.0  -9999.0  -9999.0  -9999.0  -9999.0  -9999.0  -9999.0  -9999.0  -9999.0  -9999.0  -9999.0  -9999.0  -9999.0  -9999.0  -9999.0  -9999.0  -9999.0  -9999.0  -9999.0  -9999.0
-9999.0  -9999.0  -9999.0  -9999.0  -9999.0  -9999.0  -9999.0  -9999.0  -9999.0  1.34833314656  8.76285044884  9.96195840362  3.57986921834  5.95610789989  8.21528688955  9.37649000093  1.19814461406  3.61044909724  2.39442651445  1.22420166022  1.20146776078  1.08837493295  2.21437655766  3.87840900554  1.5367702213  275.546994277  276.871915095  1.23639261202  0.912557483526  1.71364288348  2.57648085292  30.2746577031  1.73123600875  16.4273130513  9.87984511996  8.10212609219  0.942346594064  1.87989317293  4.80769888696  0.894254722183  3.69467127308  1.85554844533  1.56632724703  0.694749014053  13.617747279  27.0637414871  3.45488749995  3.34401916061  3.28258520092  0.750866817826  7.1192112708  0.732535835771  5.63508279012  0.737780989436  2.26774140534  3.71344048824  0.616793655149  0.627042694827  0.65122757441  0.623350577164  0.570063917763  -9999.0  -9999.0  0.429818124577  0.259461224995  -9999.0  -9999.0  -9999.0  -9999.0  -9999.0  -9999.0  -9999.0  -9999.0  -9999.0  -9999.0  -9999.0  -9999.0  -9999.0  -9999.0  -9999.0
-9999.0  -9999.0  -9999.0  -9999.0  -9999.0  -9999.0  -9999.0  -9999.0  -9999.0  -9999.0  1.21562885111  12.406744657  1.18311311247  2.37481143221  3.49317087588  5.72508852368  1.1468445777  2.39824893765  1.17666701455  1.11592142678  1.06498684644  2.11735615498  0.984730908396  1.16369478923  2.53299182111  1.45800304232  278.207398905  280.72926462  284.252698362  3.5628583462  0.859651251966  1.7130927183  31.1698722342  30.7156072161  11.7194827135  0.907982504573  3.72455565581  2.79723483607  5.70770561993  1.78887672665  7.3447470407  2.75099643985  2.39816041052  0.544309565026  0.72960882512  27.9675696862  28.8213393023  36.3962219696  5.6221644869  1.54573073949  7.92452587643  9.43804188118  15.7838101428  1.47345053351  0.684758315403  4.40132459186  5.62760602487  0.609854737538  1.18106180254  1.82997020144  1.12589519165  0.557366978376  0.544157257832  0.823572600825  0.529516692048  0.256291518954  -9999.0  -9999.0  -9999.0  -9999.0  -9999.0  -9999.0  -9999.0  -9999.0  -9999.0  -9999.0  -9999.0  -9999.0  -9999.0  -9999.0
-9999.0  -9999.0  -9999.0  -9999.0  -9999.0  -9999.0  -9999.0  -9999.0  -9999.0  -9999.0  -9999.0  0.637329622855  13.778805451  1.15231404514  2.2617744644  10.241801742  1.17384094354  1.16588335088  1.04045653804  2.18001709956  1.06988300764  4.25667274899  6.24851579774  7.18876868701  3.5059950755  4.63921245151  1.30570677836  1.42532273859  1.32797207733  289.864466187  292.530907008  32.0239108747  32.4119099578  31.5713467784  1.72267947483  0.839691257272  4.59411618621  12.0546669686  6.59307338159  2.66589110733  10.9049029393  4.98535194218  4.12066041085  1.06513384496  0.479135047599  0.484836839367  0.564317876166  39.0337729374  47.1201464329  0.769949595886  0.717139511112  0.750712874192  16.5109508393  18.6676015523  1.28725662662  0.575426614457  6.06637327434  0.979566490895  2.53863061346  4.85393604849  6.49249069905  7.57713920028  2.33387860769  1.31276870185  0.88992291013  0.531013813283  0.455899189214  -9999.0  -9999.0  -9999.0  -9999.0  -9999.0  -9999.0  -9999.0  -9999.0  -9999.0  -9999.0  -9999.0  -9999.0  -9999.0
-9999.0  -9999.0  -9999.0  -9999.0  -9999.0  -9999.0  -9999.0  -9999.0  -9999.0  -9999.0  -9999.0  0.581760375244  15.2081011135  18.7816319349  1.11413133984  12.4663658094  1.08924486863  1.03422861362  2.05785528391  5.27620759433  1.0306910552  1.08350491678  0.976007739606  9.14902832954  10.0930011512  15.7298734412  18.0190115847  19.1295707437  20.3773222714  21.5711846283  315.378064737  349.626807468  384.244131149  385.258879914  0.97010506965  0.847996582778  13.7996692649  12.9347235514  0.867809771456  0.85950317462  11.7432300124  17.6428328573  0.791174015538  9.05224867826  8.37617949949  2.33396079977  1.16302854745  1.86534311545  0.898204269253  48.7677299783  0.833461428983  2.25007304388  2.96626042542  23.6845473258  25.4042993587  26.5020533397  32.9234543083  0.336972257222  0.320523258052  0.320685151383  0.332403218605  8.39566631047  11.2248567533  0.527115979479  2.10966181695  0.84412943404  0.87215175303  0.24424378958  0.199558456168  -9999.0  -9999.0  -9999.0  -9999.0  -9999.0  -9999.0  -9999.0  -9999.0  -9999.0  -9999.0  -9999.0
-9999.0  -9999.0  -9999.0  -9999.0  -9999.0  -9999.0  -9999.0  -9999.0  -9999.0  -9999.0  -9999.0  1.27902078517  2.47270325635  19.9489662784  22.0894322808  1.0925902713  14.5055456314  0.959555804543  2.93334107351  6.25467617839  2.0100841604  0.974785389068  2.02971617202  0.909061589491  1.75526624596  0.843789868097  0.788650156359  0.658625273376  0.634488269348  0.65716123588  0.729689977918  0.977041619927  1.20407716587  1.33537938674  388.657921405  17.8665818381  15.9609521552  1.02043585159  2.56211151783  0.624973052587  0.511251137257  18.5037239893  30.2037913502  10.0070196462  7.37033409685  1.31258207172  0.582693262417  0.539212348799  1.30584591379  50.9162222557  52.5458131912  0.835983944465  0.839901410245  0.723824268083  0.514867532794  0.889759008403  34.1208868162  34.8082444302  35.4693089491  0.652074129528  0.328219382886  0.310571245244  11.611872494  12.5041353273  2.43846722042  0.409740358585  1.26353169583  0.519321477825  0.384224362575  -9999.0  -9999.0  -9999.0  -9999.0  -9999.0  -9999.0  -9999.0  -9999.0  -9999.0  -9999.0  -9999.0
-9999.0  -9999.0  -9999.0  -9999.0  -9999.0  -9999.0  -9999.0  -9999.0  -9999.0  -9999.0  -9999.0  -9999.0  1.11598299937  15.1266794393  38.3331552669  41.7342131339  57.2770770294  58.214901423  14.0695080658  10.2477395688  3.00466981327  0.960286885507  3.94361879092  4.88752701091  7.5051819616  1.73178070589  1.62682007852  1.51381362117  2.99079036221  1.48344131576  1.53438387267  0.698522665072  0.525466430376  0.668199556531  389.728114462  408.093109285  409.203174928  1.08355957395  7.55522868971  2.87946040844  0.891361074389  33.0702707596  2.01057770839  1.03253693425  4.16526592592  0.913976607044  0.830266645941  1.59621109074  2.32812864844  3.12103039681  54.0233973891  0.716084742803  0.655148484308  0.656222866753  0.542999140111  0.38476261891  1.06000468181  1.1875312425  37.2596784456  39.5810867653  1.32588131543  0.662116265673  0.377290151395  0.385272322458  15.8723036399  21.7272352233  4.97734021059  2.33220970098  1.33138624363  -9999.0  -9999.0  -9999.0  -9999.0  -9999.0  -9999.0  -9999.0  -9999.0  -9999.0  -9999.0  -9999.0
-9999.0  -9999.0  -9999.0  -9999.0  -9999.0  -9999.0  -9999.0  -9999.0  -9999.0  -9999.0  -9999.0  1.21872434946  11.5092309747  13.9852594082  2.32775583973  0.682010038823  1.5696520616  60.8293407626  61.7816980015  76.7452569161  0.902061623046  1.85225566873  0.84812290189  0.863958630178  8.37078972637  10.9657852613  13.400828472  0.793509886738  3.7962352678  6.06675635056  3.78509026574  1.48343042699  1.19550582259  1.16769943269  1.320411866  0.8137014894  410.243487665  411.219457708  420.715275473  1.65151008014  0.840045028418  33.7675177773  2.01108567876  1.04085445529  1.10535218791  1.09767067609  1.0066712941  1.881500506  5.5247599963  9.50124655797  64.2588923217  0.612366063083  1.82243539295  1.22454569926  1.07608577612  0.546608865265  0.522114964559  0.45012725868  0.196244607099  39.9087156642  0.252375490518  0.492302846391  0.209416670174  0.292170494063  0.39591495382  22.1988395805  0.889050802306  0.344343380638  0.609149175341  0.280110899425  -9999.0  -9999.0  -9999.0  -9999.0  -9999.0  -9999.0  -9999.0  -9999.0  -9999.0  -9999.0
-9999.0  -9999.0  -9999.0  -9999.0  -9999.0  -9999.0  -9999.0  -9999.0  -9999.0  -9999.0  -9999.0  1.24864831047  7.97571519605  1.2668593849  1.13404909682  5.78851324273  6.84428733601  7.91324027208  8.90196220509  104.501244569  105.316700219  107.035252324  120.187539743  122.834877495  124.4087994  125.312636752  140.607308488  142.653631531  143.483197803  150.442888469  155.12681542  155.917916457  158.581434563  1.92128606944  1.89426076014  0.532378645134  0.695384746925  412.185868606  424.312134489  2.58415619382  39.0762343534  38.2973818476  3.87620195109  0.93674380273  0.952279190321  0.927657615697  0.933348992574  1.88460927455  2.79172989192  0.91409251771  64.977573899  65.7224336347  69.4489035163  70.1099312983  71.8192548073  72.9713368842  0.500287596612  0.497237796588  0.392044631236  40.2903572818  40.8614580048  41.6921213987  42.6788042002  0.547628473047  24.0364880523  23.2446092345  0.516279682334  8.08880759515  7.74989483447  0.681777637528  0.383133054415  -9999.0  -9999.0  -9999.0  -9999.0  -9999.0  -9999.0  -9999.0  -9999.0  -9999.0
-9999.0  -9999.0  -9999.0  -9999.0  -9999.0  -9999.0  -9999.0  -9999.0  -9999.0  -9999.0  -9999.0  4.09956770962  5.42149376964  2.53198008117  3.75257569447  1.20612504628  13.6135103982  14.7276651964  16.9472435219  17.8600574917  7.32220421473  115.774456708  116.608562591  0.888698413502  0.684542541501  0.604995692348  1.34235983904  0.651522394996  0.514042651767  0.461757135572  0.530205603821  156.636855739  159.356683393  162.070628878  164.680610267  167.136224052  1.21701231864  0.534409306922  466.025308762  40.7351338416  39.894111915  0.863061669437  0.846441453545  0.802100706784  1.75616179087  1.73798844781  0.810081601362  0.81408962879  0.765073326372  1.65645706553  2.33255648572  0.593285514158  1.10325552761  0.450036309068  0.285115220741  73.3296573942  74.2687113497  75.2678745858  76.1952574535  76.6822575778  77.3358616383  77.608960435  0.266174429833  43.3388332655  0.386145013729  33.2009756219  8.71768896605  0.709360549169  6.78703639656  5.68531379098  0.416552479923  -9999.0  -9999.0  -9999.0  -9999.0  -9999.0  -9999.0  -9999.0  -9999.0  -9999.0
-9999.0  -9999.0  -9999.0  -9999.0  -9999.0  -9999.0  -9999.0  -9999.0  -9999.0  -9999.0  -9999.0  -9999.0  2.76731131131  1.29807287348  1.20594399284  11.3866738443  12.5420876063  1.14970596084  4.52218281482  5.57679138909  6.53022161223  1.03279245193  0.892286755125  18.3511328221  19.1459257161  19.8958387356  51.5526072531  52.1462356501  53.1595423674  58.25463961  61.2632280518  61.7112198541  0.418280289354  0.448138875401  0.475569885058  168.526384761  0.644499094784  474.448337227  473.293734081  6.41727064641  5.4870320902  3.31570999113  0.823192265664  1.59930229479  2.57122748464  2.5550539273  1.58834418438  0.780789976643  1.53897746941  1.49374688442  3.00140750384  0.36925502616  1.50009512176  2.58545416334  3.1919379468  3.50935543182  0.290045272178  0.292345270512  0.281128508324  0.285771271514  0.332739537268  78.0118148731  78.5919033132  122.07206595  122.202326424  35.3375962396  1.88349797702  1.39856986142  0.581937475851  4.88693795246  4.47964543392  -9999.0  -9999.0  -9999.0  -9999.0  -9999.0  -9999.0  -9999.0  -9999.0  -9999.0
-9999.0  -9999.0  -9999.0  -9999.0  -9999.0  -9999.0  -9999.0  -9999.0  -9999.0  -9999.0  -9999.0  -9999.0  1.41645785888  3.98351434602  5.22187903778  9.00198239709  1.17012844472  2.34009932411  3.46201672571  12.9630315205  13.8930679973  14.5913458795  15.5325671732  16.6062314508  26.2371989532  29.3207777098  31.0100326581  0.668517713984  3.99817687041  4.63296125405  59.8480104409  62.3007301709  63.3638677699  64.4373215505  65.5093923578  234.756925152  0.652763804921  477.209079795  1.35957542334  0.594768324447  4.66397202723  3.99358550149  0.593568597789  2.29179439365  3.27866373406  3.26958691592  2.27220418914  3.7433895814  5.92279847568  2.14534572786  5.77382197956  0.485741370397  0.703369739139  0.286054682479  0.247670391863  4.09387625334  4.31210464041  0.524711434507  0.508622116094  0.782457309641  0.264280390034  0.278853145539  0.258940512657  177.539149111  177.42556101  54.8862938338  0.435898639686  2.87899546663  2.26603565028  1.55053428769  4.14913242157  2.83366720552  -9999.0  -9999.0  -9999.0  -9999.0  -9999.0  -9999.0  -9999.0  -9999.0
-9999.0  -9999.0  -9999.0  -9999.0  -9999.0  -9999.0  -9999.0  -9999.0  -9999.0  -9999.0  -9999.0  -9999.0  1.35647129089  2.67758826183  1.23894386515  2.52282821502  1.14489375504  8.51527729104  10.7407377475  11.8991040107  1.07185690522  2.0372035851  19.6636716468  24.4258632503  25.2646777177  2.06645019915  2.0111708106  2.86747476862  0.57177772859  0.529380953292  1.02628960995  0.51121538149  30.579301455  31.1024825018  31.7414615657  235.336710936  482.089576357  477.86766072  1.00616944102  0.437742884878  0.398730159401  1.38561511441  1.00917357245  2.77267607509  3.88107207531  7.85406793616  0.699568932639  0.696643085112  6.52606304585  7.15373927609  14.0988041944  14.6333780928  15.6437711863  16.1959663029  0.509244977343  0.78444716372  4.59694517521  189.527260639  184.179842517  183.055802167  181.525721415  0.3046307738  179.552928816  0.414649793335  0.206159978818  18.9724502771  4.63835779207  4.24235699124  0.723161279026  0.778853709421  0.771813984327  2.40309689537  -9999.0  -9999.0  -9999.0  -9999.0  -9999.0  -9999.0  -9999.0  -9999.0
-9999.0  -9999.0  -9999.0  -9999.0  -9999.0  -9999.0  -9999.0  -9999.0  -9999.0  -9999.0  -9999.0  -9999.0  -9999.0  1.25725352577  2.51900382622  3.788166475  6.16223717075  1.23352726953  1.14193274619  7.86335386556  8.92387454125  17.8072645897  18.8896348866  3.019369136  1.0810213202  1.03405087375  0.975712718089  27.2153994563  27.9114765697  28.5191265607  29.047683438  30.0804069991  5.73312099437  6.38848287776  38.7833748249  756.463306693  3.56759315958  3.10592271634  1.51795511891  0.40037929514  0.35415667827  2.20041862321  2.5372432369  3.50059127084  0.352231218803  8.24755831045  1.16943500706  1.14049894189  0.324089126819  0.272305532228  0.261968047405  0.288745388222  0.273719576758  16.4804952568  228.459834051  211.024134966  210.42877013  189.866060659  0.334785700767  0.354381164552  0.418642486167  180.06701076  0.97581203554  0.440978320778  0.502339478751  0.459390707773  13.660211838  12.7762468784  1.36322546084  0.702598119427  0.810647692623  0.804230547485  -9999.0  -9999.0  -9999.0  -9999.0  -9999.0  -9999.0  -9999.0  -9999.0
-9999.0  -9999.0  -9999.0  -9999.0  -9999.0  -9999.0  -9999.0  -9999.0  -9999.0  -9999.0  -9999.0  -9999.0  -9999.0  -9999.0  1.24163401789  2.3452732255  3.35527721802  4.42289186574  5.5801661737  6.76883510246  3.47126641981  5.74904483703  1.073456255  1.04969916705  22.190991082  24.2711507766  25.2505821022  26.3251197544  0.869642557919  1.58094132207  3.98364513788  4.63441809018  5.20657179167  0.700074527687  0.713542788166  758.07333278  0.500549506496  0.948107699428  0.448200201563  1.42926050181  0.683721554292  0.41061454061  6.47968392607  6.89243465766  0.325647714592  8.60877953633  10.0690473022  1.40810812731  240.182616648  239.58405891  239.003099899  237.757875626  237.202063537  229.422467935  229.143415944  0.332632583731  20.3145107593  19.3168402214  18.1807668379  17.8584536379  10.3042882379  9.99034324972  9.31529276251  3.29582155478  2.92450341814  1.8888294205  0.474317999193  12.2024344172  10.4723604092  0.640622923521  1.32804503503  0.62794835883  -9999.0  -9999.0  -9999.0  -9999.0  -9999.0  -9999.0  -9999.0  -9999.0
-9999.0  -9999.0  -9999.0  -9999.0  -9999.0  -9999.0  -9999.0  -9999.0  -9999.0  -9999.0  -9999.0  -9999.0  -9999.0  -9999.0  0.241327379822  0.557420878515  0.995551551656  8.8435363439  10.047155466  1.21488086468  1.16035990476  1.1339277617  17.8882385443  20.1075063002  1.09398911501  1.12011227254  0.934986311722  3.77318133752  4.7021160062  2.56789976223  3.18515910688  21.3827755815  22.0905524681  23.5730703614  37.8834784719  796.262677694  0.494505878241  0.399552167471  2.07090258593  1.73915139241  0.356773310205  1.15143179913  1.52504082333  7.31842484912  7.70315190775  18.6640291281  10.2970794553  1.54399066346  246.581952873  3.4407105363  238.443729948  238.115667043  7.25490014069  0.365856226179  0.460607324236  0.238539923501  0.610506971545  0.856778976341  0.422931881161  7.25214606378  6.01221989373  0.410961912553  5.72056099263  1.02327308822  0.608791870025  1.34878385912  0.658674262276  1.3098757605  8.52630402026  7.3853144667  0.584890736737  1.12885408739  0.570225936801  -9999.0  -9999.0  -9999.0  -9999.0  -9999.0  -9999.0  -9999.0
-9999.0  -9999.0  -9999.0  -9999.0  -9999.0  -9999.0  -9999.0  -9999.0  -9999.0  -9999.0  -9999.0  -9999.0  -9999.0  -9999.0  1.26194797637  2.04852643578  4.35183112335  7.65486231345  10.9919823298  13.3718347382  14.5397834549  15.7071919036  16.852743856  1.08943815126  1.01512083188  1.98971984648  1.90847388142  0.963274591511  18.4944277008  19.396819418  20.2570297063  21.0649267905  12.017530192  12.6923722826  13.5352845883  796.526631683  0.841196921665  1.08008702152  3.3423135521  0.263395754493  0.752913682996  0.392458969479  0.346961550901  1.88148625439  0.320413960142  0.341585212753  267.044840172  248.100205926  247.747235727  1.25105080273  3.16553739343  2.05496734178  0.506470581628  6.52587655218  1.93627122433  1.50645312354  1.08023064168  0.737805119082  0.402141416832  0.876185377131  5.63613245677  4.73917798937  3.87636238293  4.26619576309  3.8935737486  3.57643393969  0.486693090656  0.668848870103  0.59725163498  5.56700870365  4.46948117298  2.90718148346  0.49516025317  -9999.0  -9999.0  -9999.0  -9999.0  -9999.0  -9999.0  -9999.0
-9999.0  -9999.0  -9999.0  -9999.0  -9999.0  -9999.0  -9999.0  -9999.0  -9999.0  -9999.0  -9999.0  -9999.0  -9999.0  -9999.0  0.890243767442  0.821524600933  1.60234243391  2.46153788437  1.19843721429  1.26292268034  2.42896583131  3.57169497912  5.75877784971  6.86115741486  7.90538823931  10.9577893385  11.9249585769  12.9359119248  0.926390952271  9.2479868732  10.0567331241  10.7879659671  0.586392015082  0.249809937325  0.467558641097  809.863593194  810.113453462  811.485395965  4.07857561632  0.536249774792  1.14408700343  0.342549825246  0.628528742522  2.17811198093  2.76996033816  0.628144471143  268.589353018  0.501990021396  0.693102207346  0.747324190974  0.625641195114  1.12484094774  0.492690170396  4.11945986285  3.19382301823  2.34663643562  1.17645984396  0.807201379906  0.427149376839  0.466624420402  0.490443097223  0.493742539204  3.48821125681  2.6303123735  1.78506898552  0.926571160333  3.19485096726  2.2451324931  0.627996252259  0.628899069221  0.514645896239  1.33520275839  0.807276906607  -9999.0  -9999.0  -9999.0  -9999.0  -9999.0  -9999.0  -9999.0
-9999.0  -9999.0  -9999.0  -9999.0  -9999.0  -9999.0  -9999.0  -9999.0  -9999.0  -9999.0  -9999.0  -9999.0  -9999.0  -9999.0  -9999.0  0.778113400449  1.54690463166  0.775945307293  1.6077157841  10.1338954503  11.2119790847  12.3357982063  1.09764507766  1.10218862066  2.14867325029  3.18291597267  5.07547872573  6.033890827  6.5479979689  7.42554569679  0.75070158903  0.674996681011  11.764452243  12.0682240231  12.3271693788  12.5993910865  10.2663532607  822.885516612  828.711828161  828.917044414  830.232204701  831.401778499  832.41459526  0.332955167081  3.054660213  268.926710763  0.852449203588  0.435846098457  0.436381255815  0.378060567605  0.663013426562  0.627808229567  0.358525066769  0.480495455202  0.456413684938  0.821639454561  0.383371042766  0.312669189391  1.05497977632  0.740186143046  0.387470738143  0.381984219091  0.406448049379  0.423152576816  0.445319303256  0.477358465403  0.471811345606  1.12676987904  0.403166248722  1.10577000873  0.536827189203  0.505196166702  -9999.0  -9999.0  -9999.0  -9999.0  -9999.0  -9999.0  -9999.0  -9999.0
-9999.0  -9999.0  -9999.0  -9999.0  -9999.0  -9999.0  -9999.0  -9999.0  -9999.0  -9999.0  -9999.0  -9999.0  -9999.0  -9999.0  -9999.0  -9999.0  2.30038391567  3.14962984898  5.63691819759  7.61110548996  1.08207345886  14.6518759907  15.742065707  16.8085182272  1.07733233136  2.10339172231  0.952500612017  7.0331866717  7.49583215785  8.26927129878  9.09688869796  11.009491627  11.330106444  0.197829954395  9.20370471799  9.74282470866  10.0086576803  11.1368129081  1.49342697225  0.971006575106  0.615833901081  0.575026305106  833.326261658  833.826535128  838.931588223  269.280238491  2.23893589837  1.06168585547  0.7138457453  0.226379125067  1.95847539931  1.01507111486  0.319117384554  1.70785633888  1.43146918069  0.279762788897  2.22803399949  1.98868626125  1.38793737647  0.308006859109  0.897320913678  0.64797930746  0.274508091796  0.602804265439  0.326902873256  0.347570049528  0.332055218797  0.289339116029  0.695206482523  5.24551064204  3.02485939268  1.87570598613  0.736929629039  -9999.0  -9999.0  -9999.0  -9999.0  -9999.0  -9999.0  -9999.0
-9999.0  -9999.0  -9999.0  -9999.0  -9999.0  -9999.0  -9999.0  -9999.0  -9999.0  -9999.0  -9999.0  -9999.0  -9999.0  -9999.0  -9999.0  -9999.0  0.883817277443  3.98207758884  4.85297860526  1.15116988593  1.15904460559  2.32108686659  3.42466632939  21.3362866054  1.05910364858  4.25612644165  5.24141570033  6.20100815643  0.497984518082  1.20446045664  1.58936451952  7.40629806493  8.25201879249  8.47535301488  0.271718226106  0.264103449484  0.320337986573  0.59405808457  0.253716294077  0.260283175163  0.501331153105  0.344951097582  0.514186326984  1.66504786665  839.485527747  1110.1575633  2.70422739554  0.29334527107  0.226732642456  5.97725524771  5.48312258554  3.19232795235  2.85540960941  2.13005022557  0.467711418499  0.377341931171  2.46696183579  1.12883759996  0.872064208815  0.273718315575  1.19230975189  1.94535126746  1.54754589481  0.922382100763  0.299116330046  1.02515634281  0.688289512776  0.600209210322  6.57878883269  6.33006203567  0.582408630089  0.544155702857  0.50254434306  0.468237924632  -9999.0  -9999.0  -9999.0  -9999.0  -9999.0  -9999.0
-9999.0  -9999.0  -9999.0  -9999.0  -9999.0  -9999.0  -9999.0  -9999.0  -9999.0  -9999.0  -9999.0  -9999.0  -9999.0  -9999.0  -9999.0  0.723449989101  2.42560770367  0.811414415897  1.30964995304  1.31226728239  2.48643054536  3.62096626152  4.66226206354  26.8723391586  27.8973283555  1.05444766347  2.03917008801  3.03215572079  3.67992466258  4.42227484451  6.54012722522  7.14699394064  0.543341582181  0.411430541651  0.330217457212  0.567183819759  0.471211846555  0.514922188407  0.417363793996  0.479160564352  1.88814487248  0.907310089284  0.492091342509  0.477016370636  0.480681124292  0.912518404659  1128.00760518  14.9189032843  7.01649152087  0.523365257611  0.222937609159  0.219961094722  0.786486668405  0.550938265851  0.282710445712  0.280128076036  3.04580303303  4.43874066298  4.88197681206  0.211872329143  3.73650868077  2.30216491822  0.258271225021  0.2198747039  0.487987221078  2.44160968161  1.06889093835  0.901412567762  6.90871214215  0.361376520348  0.40467667496  1.98293030198  0.994513758378  1.61138236389  0.654167412684  -9999.0  -9999.0  -9999.0  -9999.0  -9999.0
-9999.0  -9999.0  -9999.0  -9999.0  -9999.0  -9999.0  -9999.0  -9999.0  -9999.0  -9999.0  -9999.0  -9999.0  -9999.0  -9999.0  0.769976121819  1.46962801329  5.43882393607  0.804559508468  2.47252475241  3.75770425241  4.9731655369  1.24098146093  2.34300209558  3.3648846992  32.1059283492  1.00243543765  1.93345917051  2.86199420255  0.852716831885  1.68441707872  2.16066611821  2.73243102296  63.8561036583  64.8085259185  65.6703784541  70.1907137329  71.6629142192  75.0899625609  0.875606369929  1.86924523902  2.35650111914  86.0119315359  86.9494767789  0.449118189223  0.824813233711  1.18859889624  1128.4278131  14.4160240987  6.76989245434  6.52039074164  5.08984247755  4.45109302856  1.04694401958  0.250950144942  0.495484962622  0.254885335036  0.243567272504  0.4819772445  5.13642258046  9.36456544317  4.03173699638  0.728161928533  0.491770743649  0.282393398684  3.93618361144  3.13444803601  0.34849422845  8.51229153202  7.27530882729  0.697912904408  3.91595462168  2.40065429014  2.54307683293  2.12384496543  0.482276335675  -9999.0  -9999.0  -9999.0  -9999.0  -9999.0
-9999.0  -9999.0  -9999.0  -9999.0  -9999.0  -9999.0  -9999.0  -9999.0  -9999.0  -9999.0  -9999.0  -9999.0  -9999.0  -9999.0  0.759633715632  2.32731305506  8.52812026425  12.5463936674  0.734426037662  16.6725017462  22.5100907396  1.17672010553  2.26468996223  3.3198281081  41.6057863496  42.5031408414  0.924992042984  4.71922480582  5.58448183045  6.27794431374  57.7565766632  59.5252250126  60.6602098875  0.554862338546  3.18004735008  3.78410941764  1.7942260884  2.5759151566  78.7729065193  81.8581193815  82.5348391363  83.186603201  87.8553281165  0.444819053814  0.406279968484  1.94128213496  1128.83834255  0.371671895044  0.409344419403  1.21444329928  0.443476703975  4.03247325443  3.28436129696  1.91656136347  1.38919055061  0.593334137192  0.267197569616  0.704814415259  0.179257158875  9.57435809696  1.11447036535  0.910528929201  0.165999098361  0.458165875082  4.16321500793  0.182519115269  0.100507767379  8.68055301382  0.25385269564  4.56092193008  4.27840670486  3.64503911352  3.31846346301  0.375533717154  1.3265470157  0.425510099155  -9999.0  -9999.0  -9999.0  -9999.0
-9999.0  -9999.0  -9999.0  -9999.0  -9999.0  -9999.0  -9999.0  -9999.0  -9999.0  -9999.0  -9999.0  -9999.0  -9999.0  -9999.0  -9999.0  -9999.0  1.62450993212  3.27760654172  14.9418632324  15.8070075211  23.2767781295  24.1509031823  1.15146659627  2.29987726593  5.44686467226  43.3404898734  45.2644127228  46.1195884185  0.746789232614  49.1499945588  50.9346392652  1.16937360944  0.560857499921  1.08446430859  2.13128041379  0.525164221489  1.07982828631  2.4290868871  3.07509533319  0.595154976839  0.441800665201  0.892891788513  90.7395265901  91.5687052678  91.9278168662  94.7282449285  1129.21491899  0.242397463735  0.295891819328  0.350154528695  0.33408218949  0.342435804147  0.300474622117  0.560758486012  0.182494267802  0.479190531475  0.290105575953  0.29851085424  1.27516635095  11.1797464476  12.5613466165  12.8019565493  13.623882757  0.182620309807  4.34675513828  0.566082907254  0.197579295019  8.87991729484  9.327823823  4.81087231858  5.14001160388  3.96419122233  2.51444316099  2.1580445558  1.77928052944  -9999.0  -9999.0  -9999.0  -9999.0  -9999.0
-9999.0  -9999.0  -9999.0  -9999.0  -9999.0  -9999.0  -9999.0  -9999.0  -9999.0  -9999.0  -9999.0  -9999.0  -9999.0  -9999.0  -9999.0  -9999.0  0.848279818819  0.834972697643  0.84097604849  1.77976738054  0.793597195571  25.7168676904  26.5160706592  1.06678164343  2.13468145267  1.08884333448  0.970390349522  0.952672667398  47.784335087  0.57863058815  1.1856428067  0.619626913887  0.569075915988  0.523278581065  0.437026605732  0.451021703575  1.37007825381  1.86445923654  0.388742660471  0.354606440786  0.755866465399  1.23107934446  1.48721027442  0.351444818338  92.3885258278  95.086218974  1129.47778595  1.19659798599  0.741036289163  0.208336526689  0.491306263901  0.162495467814  0.12054697038  0.69833229633  0.929236925056  0.626413345027  0.152165016624  0.156141082766  0.404392480603  0.209451415927  0.197056427776  0.206447148815  0.22249396422  19.558412433  5.08904960879  0.1678870638  0.275119161242  0.129460713608  22.90576288  13.4277487242  13.2366609137  4.12769253313  3.1068140727  0.304937865975  -9999.0  -9999.0  -9999.0  -9999.0  -9999.0  -9999.0
-9999.0  -9999.0  -9999.0  -9999.0  -9999.0  -9999.0  -9999.0  -9999.0  -9999.0  -9999.0  -9999.0  -9999.0  -9999.0  -9999.0  -9999.0  -9999.0  -9999.0  -9999.0  0.826734422523  2.55448365906  3.26765132786  4.0321266008  27.2510668173  27.9762036595  28.7422162584  29.6976635466  30.6305196599  32.5457332878  33.1180565478  33.6603913245  34.1615459642  0.511400695659  0.48610968054  0.511390962624  1.86677389807  0.489521907548  0.470447070961  0.389881221457  1.14855928822  0.446177996831  0.36265850477  0.339881823011  0.29492560888  0.58862996748  0.855396050368  96.8478185758  1227.81511356  0.207457659899  0.49821570993  0.164434383013  0.667761803655  0.355003918735  0.242792498712  2.35048719155  1.51303110226  0.463497325182  0.316700275987  0.724316430563  0.171422113831  0.516366910916  0.343186335123  0.571566240263  0.200215033232  0.252780132501  19.7637741032  20.3847895468  28.2154186123  28.0328932776  27.8368317191  0.21741060556  3.67539880471  3.43811504454  0.172833483457  -9999.0  -9999.0  -9999.0  -9999.0  -9999.0  -9999.0  -9999.0
-9999.0  -9999.0  -9999.0  -9999.0  -9999.0  -9999.0  -9999.0  -9999.0  -9999.0  -9999.0  -9999.0  -9999.0  -9999.0  -9999.0  -9999.0  -9999.0  -9999.0  -9999.0  -9999.0  0.712801130445  5.47908029004  11.0282998289  11.8453660399  1.08780711081  2.15600312842  3.20624258728  4.13665384534  10.0973457448  10.631832189  0.519910101729  0.51504362219  35.208346313  36.1636895629  36.610498536  2.247593454  0.367662226861  0.856164687523  1.25988530059  3.74984441562  4.59168276604  5.28394620351  0.641124752694  0.894233013005  0.299808478324  0.596578709137  0.306719737136  1228.40383089  0.205020970615  0.870345065443  0.43285185206  1.28102238409  2.42474179306  2.77310932252  5.2245214559  1.76788832962  1.65850275139  1.24770273449  1.12970369819  0.279400790354  0.623467384184  0.770887576356  0.676000956061  0.103119968592  50.4184781981  50.0175898129  49.8127096066  28.8467585573  0.295128090684  4.4215174598  3.18333216921  2.10245631406  1.3109578848  0.23687572781  -9999.0  -9999.0  -9999.0  -9999.0  -9999.0  -9999.0  -9999.0
-9999.0  -9999.0  -9999.0  -9999.0  -9999.0  -9999.0  -9999.0  -9999.0  -9999.0  -9999.0  -9999.0  -9999.0  -9999.0  -9999.0  -9999.0  -9999.0  -9999.0  -9999.0  0.771834658057  2.43216937658  4.78030653087  6.26845154453  16.364260459  17.3035416216  2.17424825229  3.21590099354  4.13226554979  5.07489849248  11.1746532374  12.2280144639  21.3346833268  21.9832453076  22.4304358806  37.0837337679  40.622195371  0.855479947647  0.522784291875  0.506129941607  0.980466974034  0.455559359233  6.1530620232  6.48202000896  1.17853096142  1.39972261001  0.243332400348  248.275708739  248.894578466  1477.7051839  1478.86502889  0.18496272821  1.67715274686  0.22970854124  0.217436060968  5.69377420301  7.65696928856  1.54244449999  1.40630236055  0.26829075423  0.143631701609  0.761576596661  51.9646086028  51.0889799651  50.9595050367  50.6873853641  0.302986257284  0.302529030201  0.312118171779  0.31657136653  0.969121305954  0.639841685226  0.597760063172  0.900015227913  0.28441744753  -9999.0  -9999.0  -9999.0  -9999.0  -9999.0  -9999.0  -9999.0
-9999.0  -9999.0  -9999.0  -9999.0  -9999.0  -9999.0  -9999.0  -9999.0  -9999.0  -9999.0  -9999.0  -9999.0  -9999.0  -9999.0  -9999.0  -9999.0  -9999.0  -9999.0  -9999.0  0.859334031195  0.835588611146  1.60095565807  3.8151333579  18.0207180398  1.10703411831  1.09296751931  2.01231056353  2.94226247189  7.17120893455  7.82008611739  0.424741254782  0.440259985011  23.012651414  23.5144347951  64.5317595899  64.8929369046  0.329625046226  0.296528422556  0.252089560163  0.254405424103  0.262972179862  242.914234221  244.758421907  246.388771521  246.848362381  248.052765166  0.333967049112  1.23133246355  1.56732103876  1481.01929546  1481.18265957  1481.44276101  1481.66621372  1481.85282476  7.91599280768  0.133960851688  0.511963621073  0.409348902758  0.101938184237  0.862893086075  52.3759069097  0.285119213372  0.14974140608  1.1308276643  0.992072343546  0.797125779201  0.59794027837  0.327754890718  0.350378625865  0.334402834253  0.301554411953  0.317840145969  -9999.0  -9999.0  -9999.0  -9999.0  -9999.0  -9999.0  -9999.0  -9999.0
-9999.0  -9999.0  -9999.0  -9999.0  -9999.0  -9999.0  -9999.0  -9999.0  -9999.0  -9999.0  -9999.0  -9999.0  -9999.0  -9999.0  -9999.0  -9999.0  -9999.0  -9999.0  -9999.0  -9999.0  0.783674289853  0.811376607135  1.51425087987  20.9754988903  21.7875975053  1.07461942148  1.99592201936  2.9445779718  3.65049448719  0.610701863516  1.16890169781  49.9996196868  50.5052198472  50.8892651431  54.1931399801  119.456291583  230.699423521  231.433173174  232.106447182  232.753638102  235.307449716  236.118363149  1.55445623434  0.713703981646  0.419416034656  0.796069774778  0.606554687359  0.961283498087  0.311570401805  6.52182697503  7.15283407033  7.62141305729  7.80277045194  1482.03432325  1490.18288165  1491.25325953  0.720674173808  0.141349693216  1.19990117551  0.989764639949  52.6311641497  0.132603747381  2.47050333361  1.16970421692  0.997130102364  0.681210694  0.336565138026  0.493201771694  0.253490055698  -9999.0  -9999.0  -9999.0  -9999.0  -9999.0  -9999.0  -9999.0  -9999.0  -9999.0  -9999.0  -9999.0
-9999.0  -9999.0  -9999.0  -9999.0  -9999.0  -9999.0  -9999.0  -9999.0  -9999.0  -9999.0  -9999.0  -9999.0  -9999.0  -9999.0  -9999.0  -9999.0  -9999.0  -9999.0  -9999.0  -9999.0  -9999.0  0.794670355008  1.52230805135  2.25173786685  22.4081101088  0.883394242338  30.8246224468  31.7922798989  32.3866996584  32.9604521273  47.668836344  48.2795147204  0.540219780581  2.49102926415  3.0111193858  0.53373763421  110.500067509  109.52767705  0.335266851586  0.746669812438  1.97750677679  0.428711139493  0.450585389828  0.356383453745  0.30836252618  0.243086192611  0.283496921038  5.5320025439  5.82782758687  6.17784175693  0.33030546177  0.240667403193  7.96109256701  8.18375561998  8.31158970774  1491.41548837  1491.58197844  1.58183946023  1.32547117205  55.4596221914  55.3374872624  2.59010315127  0.265977563174  0.134737167422  1.64329957809  1.39094652977  1.0995739568  0.727609985025  0.377875978958  0.173057804476  -9999.0  -9999.0  -9999.0  -9999.0  -9999.0  -9999.0  -9999.0  -9999.0  -9999.0  -9999.0
-9999.0  -9999.0  -9999.0  -9999.0  -9999.0  -9999.0  -9999.0  -9999.0  -9999.0  -9999.0  -9999.0  -9999.0  -9999.0  -9999.0  -9999.0  -9999.0  -9999.0  -9999.0  -9999.0  -9999.0  -9999.0  0.736300866531  0.689347774067  3.55325570719  27.4184873878  29.0328284545  29.930456694  1.00992193412  13.3249867559  13.9032186987  14.1591211456  0.552335400081  1.14206787679  1.6746925673  26.3854825417  26.8091477727  27.1844570116  108.812927688  64.3810970478  0.409555931933  0.41716870155  0.403046244537  0.329645858708  3.26523343717  3.95317249599  4.5607031057  4.89944612779  5.22697081805  30.4218561775  30.6668888998  30.8963935075  31.412684968  34.2104289527  34.3694289809  42.8591102551  0.134112727363  1491.72749756  1491.91468406  1.73488398236  55.566606923  0.20088002055  0.0940254794183  0.390689685315  2.5549199077  2.44629920085  0.541898804292  0.274330082671  0.858070742963  0.601457022229  0.171087811623  0.147083988456  0.144255911943  -9999.0  -9999.0  -9999.0  -9999.0  -9999.0  -9999.0  -9999.0  -9999.0
-9999.0  -9999.0  -9999.0  -9999.0  -9999.0  -9999.0  -9999.0  -9999.0  -9999.0  -9999.0  -9999.0  -9999.0  -9999.0  -9999.0  -9999.0  -9999.0  -9999.0  -9999.0  -9999.0  -9999.0  -9999.0  -9999.0  1.43453750118  2.17724516956  0.80641369194  1.07226249563  9.79004262533  10.805161489  11.6024952612  5.41567222104  5.96148959259  6.54362713847  7.07963711742  25.4619402045  25.9893065135  15.971051813  43.6095532101  44.0418228267  64.023861475  0.827764376656  0.413781164248  0.306749405335  2.22549611434  2.61235172191  0.251128869404  0.233817817256  29.2973778714  29.8862541343  30.1850333951  0.264122751694  0.37546491137  33.725580383  0.338665871478  1.20190012549  1.32915475979  44.4426743175  44.5694801786  46.1465205043  1539.93671559  55.8821424231  3.39894158161  3.29111003571  3.17295484296  2.65486977527  0.124804792163  1.29284763704  1.11470812873  0.382651977152  0.166836847811  0.292208630531  0.663343352802  0.374482010834  -9999.0  -9999.0  -9999.0  -9999.0  -9999.0  -9999.0  -9999.0  -9999.0
-9999.0  -9999.0  -9999.0  -9999.0  -9999.0  -9999.0  -9999.0  -9999.0  -9999.0  -9999.0  -9999.0  -9999.0  -9999.0  -9999.0  -9999.0  -9999.0  -9999.0  -9999.0  -9999.0  -9999.0  -9999.0  -9999.0  0.714396027262  1.41537393493  5.96617348218  6.79266552676  7.76347020612  3.99213618644  4.86511828057  0.586160608527  16.7761617968  17.3216044276  17.8616975912  0.525048642498  14.9757156545  15.5163552802  0.43438947543  61.8691303119  0.910222008445  0.448629181633  1.18277362183  1.59772417948  0.327720720323  0.270742398626  26.4418133993  28.75708328  29.1041115887  0.347078834588  0.760296795069  0.962866038489  1.12984969387  2.16939722129  0.433312010859  0.981799974839  0.201144327098  0.394296230406  45.864451619  46.0152373931  1540.12185611  1599.95646658  3.78039698913  0.205297517557  0.111495751615  0.211374129642  0.100198551405  1.4074771702  0.784649400483  0.599200388945  1.95838296215  1.74179304148  1.21660137648  0.275207825275  0.147799561253  -9999.0  -9999.0  -9999.0  -9999.0  -9999.0  -9999.0  -9999.0
-9999.0  -9999.0  -9999.0  -9999.0  -9999.0  -9999.0  -9999.0  -9999.0  -9999.0  -9999.0  -9999.0  -9999.0  -9999.0  -9999.0  -9999.0  -9999.0  -9999.0  -9999.0  -9999.0  -9999.0  -9999.0  -9999.0  0.708224062649  2.22111014732  3.85064435302  0.943138177282  1.97823058908  3.02565338802  14.4142471298  15.1023782524  15.6552812757  0.506988139566  11.8649303488  13.4676473206  13.9889725333  0.403993222152  60.0509074836  61.0133423413  0.457059403996  0.425377842845  0.847098210744  0.357030919972  24.648451772  25.3020890252  25.6765586075  1.44247442467  1.78671156554  0.303433270039  0.544716995648  0.243401807736  1.66317539461  0.250830670512  0.243558151089  0.264256959589  0.269799001494  0.548651117117  0.739202184556  125.499903885  125.835447368  1726.17910498  1726.34010367  1726.48253789  0.176964827894  2.97290196206  2.68942317605  1.09851425226  1.02101195012  0.133090025518  2.33448485076  0.166162364997  0.145901412018  0.118123389206  0.540790319853  0.234482421192  -9999.0  -9999.0  -9999.0  -9999.0  -9999.0  -9999.0
-9999.0  -9999.0  -9999.0  -9999.0  -9999.0  -9999.0  -9999.0  -9999.0  -9999.0  -9999.0  -9999.0  -9999.0  -9999.0  -9999.0  -9999.0  -9999.0  -9999.0  -9999.0  -9999.0  -9999.0  -9999.0  -9999.0  -9999.0  0.781632478362  0.850246244027  1.06057048726  9.43073680067  10.4585629165  13.473069132  0.769121261527  9.68381947556  10.8908896985  0.54652758355  1.12291358446  0.455958107066  58.730124432  0.502063153156  1.34645268601  1.70806023405  2.05347542291  22.3875625804  23.6156419877  24.0203900659  0.405809886607  0.762673304545  1.08875838178  0.206969141741  0.186269747831  59.8819133469  60.0718790202  60.225734519  61.7868253885  61.9892131482  62.2844035763  62.4964192183  103.608634315  103.789708057  125.357414598  0.181006319608  0.218639878385  0.375844542374  1726.96517098  1727.58988739  1730.80312188  1730.89200735  0.160643480205  0.0896336611328  2.61952367217  2.5263635515  0.109499144111  0.311707872758  2.24633069391  1.4023842751  1.21550799683  0.326329514981  -9999.0  -9999.0  -9999.0  -9999.0  -9999.0
-9999.0  -9999.0  -9999.0  -9999.0  -9999.0  -9999.0  -9999.0  -9999.0  -9999.0  -9999.0  -9999.0  -9999.0  -9999.0  -9999.0  -9999.0  -9999.0  -9999.0  -9999.0  -9999.0  -9999.0  -9999.0  -9999.0  -9999.0  0.718502028258  1.83955531901  3.91637271488  8.42627940216  1.10118873369  2.08190229539  7.63468017215  8.358350843  0.617169527128  14.1700590392  14.7043084475  57.308600312  57.7853615801  0.445059861418  0.857602116917  3.5373877478  18.8578791932  20.0657291934  0.896665459748  0.440895287839  0.357734202207  51.1551945384  51.7865730785  52.309384312  52.8307444199  59.7086840893  0.55795849406  61.6024049297  0.305903457213  0.203118078549  0.364629545517  40.7371168664  40.9668351136  20.7665178325  21.3703387201  0.399890998197  0.195025839116  0.221184656328  0.221162113314  0.348975484137  0.141764682804  1825.52519607  1825.78339373  3.16806159  2.77414073917  0.0848380177046  3.45694378799  3.22266518105  2.69971549562  0.238112742319  0.294167029404  0.338480194562  -9999.0  -9999.0  -9999.0  -9999.0  -9999.0
-9999.0  -9999.0  -9999.0  -9999.0  -9999.0  -9999.0  -9999.0  -9999.0  -9999.0  -9999.0  -9999.0  -9999.0  -9999.0  -9999.0  -9999.0  -9999.0  -9999.0  -9999.0  -9999.0  -9999.0  -9999.0  -9999.0  -9999.0  -9999.0  1.24619321875  2.42047982599  3.48604472109  5.65110713842  6.63617466855  10.8816904292  12.6284939998  13.125793649  13.6170044396  41.5855253257  42.1193249622  0.402521202607  2.79650763924  3.25265976208  14.7581798686  15.1294837837  0.777742307438  0.32818804218  49.5734788496  50.1705441816  50.5274882215  0.340593568351  5.97095816932  6.27424365333  6.60364488903  0.289249413694  0.220066080972  0.163333430367  0.137962626253  39.9912360685  40.2238525633  0.165048864111  20.6101089711  19.6603315148  19.5123273206  0.154602328043  0.16882711927  0.134595167173  0.265549842323  93.9285711607  94.4978965682  1829.09353148  0.237339541443  0.119939354449  3.65134571606  0.111914712702  0.651636636343  0.447536056097  0.220697866335  -9999.0  -9999.0  -9999.0  -9999.0  -9999.0  -9999.0  -9999.0
-9999.0  -9999.0  -9999.0  -9999.0  -9999.0  -9999.0  -9999.0  -9999.0  -9999.0  -9999.0  -9999.0  -9999.0  -9999.0  -9999.0  -9999.0  -9999.0  -9999.0  -9999.0  -9999.0  -9999.0  -9999.0  -9999.0  -9999.0  -9999.0  1.17190670373  3.57571735805  4.60142895955  6.70398244953  8.7972016413  9.89736914083  0.892591265906  10.6414676486  40.1710200117  41.0433185948  0.771094910934  1.40709105108  2.43966071492  13.8637836205  14.3577621031  31.8178577092  32.7355170829  49.148233096  49.3199091417  0.309624839647  4.69088954002  5.34860924064  5.71794803147  0.302732498807  34.2495519461  34.5273679619  35.367535671  38.6327211588  39.6174216008  39.7595506298  0.217638162583  0.43345074354  0.611138164758  16.7948931347  19.2363530513  1.56028094037  1.39899623153  0.097187055641  0.13473942777  93.5013968875  0.430035397503  0.263238506612  1829.41617345  0.0565658798995  0.0550721513228  4.53519353714  0.80766181765  0.158743533146  0.140859352442  -9999.0  -9999.0  -9999.0  -9999.0  -9999.0  -9999.0  -9999.0
-9999.0  -9999.0  -9999.0  -9999.0  -9999.0  -9999.0  -9999.0  -9999.0  -9999.0  -9999.0  -9999.0  -9999.0  -9999.0  -9999.0  -9999.0  -9999.0  -9999.0  -9999.0  -9999.0  -9999.0  -9999.0  -9999.0  -9999.0  -9999.0  1.25553746274  1.19957716408  4.59666175174  5.61183980602  1.05812506136  8.628385992  9.64248472289  0.984990513242  27.6158746186  0.97733417364  5.84622233946  12.5921865063  13.3792194109  28.54954006  29.1171622396  31.3953034439  0.618466494333  16.078113495  0.204510251691  0.512569112746  4.43415516627  0.370183072645  7.81949853753  33.7016836816  0.309310265052  0.63181851376  2.55865551992  0.32255101218  0.38362960837  0.296000107988  0.203312765784  14.8895570378  16.1073611856  16.627434054  0.691577507614  0.484807823334  0.893976431076  0.154456968935  93.0672495177  93.1714058078  0.225154160032  0.1495278153  0.0685016031969  1829.87733378  1835.35043207  5.34938644046  0.738763131947  0.64623795696  0.338217880554  -9999.0  -9999.0  -9999.0  -9999.0  -9999.0  -9999.0  -9999.0
-9999.0  -9999.0  -9999.0  -9999.0  -9999.0  -9999.0  -9999.0  -9999.0  -9999.0  -9999.0  -9999.0  -9999.0  -9999.0  -9999.0  -9999.0  -9999.0  -9999.0  -9999.0  -9999.0  -9999.0  -9999.0  -9999.0  -9999.0  -9999.0  -9999.0  1.17023591  1.22082110315  1.1825684598  6.51889166029  7.61043994475  12.3464131588  26.6842636514  0.996963309158  2.9809591325  3.9710861528  5.90076054015  1.73142232754  27.7514878196  0.837799099985  1.63679607117  14.9264830148  0.689117510015  2.72009993941  3.24275687268  0.32557255057  0.349557797501  7.580502977  25.5964450392  0.373562033559  1.35332567612  2.28337282245  0.329436018846  0.257071712352  13.2209135351  13.9684180843  0.541995072387  1.03230362983  0.280722444517  0.473413936566  0.271275249244  0.213861475425  0.108616439067  92.9787595301  0.308445864674  -9999.0  -9999.0  0.156084909547  0.276740274381  1835.41433523  1835.47125702  1835.72758264  0.1317857724  -9999.0  -9999.0  -9999.0  -9999.0  -9999.0  -9999.0  -9999.0  -9999.0
-9999.0  -9999.0  -9999.0  -9999.0  -9999.0  -9999.0  -9999.0  -9999.0  -9999.0  -9999.0  -9999.0  -9999.0  -9999.0  -9999.0  -9999.0  -9999.0  -9999.0  -9999.0  -9999.0  -9999.0  -9999.0  -9999.0  -9999.0  -9999.0  -9999.0  -9999.0  1.07776614431  3.30099502755  4.28020098661  11.4235562964  4.07380984517  13.3677058303  8.41455093093  0.988801843217  3.01223409602  4.91699424653  0.861806881873  25.1858859876  10.0122820934  12.6331111331  1.6223240031  1.6247245651  0.70063848326  0.412848282804  6.53903287353  6.89407261355  24.5275879405  24.8719386795  0.658525980436  1.01415730578  0.28789304496  10.3801785999  11.8426753086  13.0553686812  0.56106580658  0.268313536324  0.753035605815  0.267912002939  0.197996205458  0.148318267036  92.0432197323  92.2978906639  92.4725784784  0.209010874782  -9999.0  -9999.0  -9999.0  -9999.0  -9999.0  0.048919216921  1835.7642109  1835.81045044  -9999.0  -9999.0  -9999.0  -9999.0  -9999.0  -9999.0  -9999.0  -9999.0
-9999.0  -9999.0  -9999.0  -9999.0  -9999.0  -9999.0  -9999.0  -9999.0  -9999.0  -9999.0  -9999.0  -9999.0  -9999.0  -9999.0  -9999.0  -9999.0  -9999.0  -9999.0  -9999.0  -9999.0  -9999.0  -9999.0  -9999.0  -9999.0  -9999.0  -9999.0  1.30154631514  1.20236921447  10.524032418  0.963609203033  3.17356787062  5.34749788766  7.44730005308  1.05076750033  1.03185659796  0.965635152227  23.3540231464  24.314729913  9.19002157826  1.81886293442  0.888232949899  0.892810949717  5.46993553015  6.21928758493  21.472927524  22.7039901635  23.7918801396  0.414078008067  0.335150826093  9.61694798971  9.8641057992  10.1527650884  1.26632904822  0.647323386988  0.298616684999  0.286928055534  0.206983427356  1.81781657244  1.94272727641  91.9159987356  91.9839888724  0.17762216978  0.0859762708158  0.1023770186  -9999.0  -9999.0  -9999.0  -9999.0  -9999.0  -9999.0  -9999.0  -9999.0  -9999.0  -9999.0  -9999.0  -9999.0  -9999.0  -9999.0  -9999.0  -9999.0
-9999.0  -9999.0  -9999.0  -9999.0  -9999.0  -9999.0  -9999.0  -9999.0  -9999.0  -9999.0  -9999.0  -9999.0  -9999.0  -9999.0  -9999.0  -9999.0  -9999.0  -9999.0  -9999.0  -9999.0  -9999.0  -9999.0  -9999.0  -9999.0  -9999.0  -9999.0  -9999.0  2.51283509172  8.3395791762  4.66374871859  1.11864734446  4.34942160915  1.05239930776  3.27068475832  4.1911568077  20.6021481436  22.5061724194  7.41419931433  8.31170720121  0.926274871624  3.82639917029  4.67854524854  13.014672619  20.1470545948  20.9230936788  0.765071320594  0.603094279412  7.34400551094  8.40630688565  9.37260870204  0.353640380638  0.663573876524  0.99537030379  0.323937050288  0.757050680365  1.21502079002  1.40963867042  1.68258053294  0.169445614151  89.7237767143  0.362167912  0.109758660623  -9999.0  -9999.0  -9999.0  -9999.0  -9999.0  -9999.0  -9999.0  -9999.0  -9999.0  -9999.0  -9999.0  -9999.0  -9999.0  -9999.0  -9999.0  -9999.0  -9999.0  -9999.0
-9999.0  -9999.0  -9999.0  -9999.0  -9999.0  -9999.0  -9999.0  -9999.0  -9999.0  -9999.0  -9999.0  -9999.0  -9999.0  -9999.0  -9999.0  -9999.0  -9999.0  -9999.0  -9999.0  -9999.0  -9999.0  -9999.0  -9999.0  -9999.0  -9999.0  -9999.0  -9999.0  1.29878481346  1.21804375778  2.26163780008  1.12092138483  2.17446880151  2.23832492726  12.7030426806  13.5593117133  2.01269116582  1.02510170349  6.50300620483  2.00152835746  2.98365131512  10.49322266  11.3767111311  12.2502955651  6.39033911993  2.5079420062  4.08478540832  5.50365357888  6.95576127765  0.700161006859  0.48777516294  47.5197138756  47.9164713468  48.2279621036  0.280632753735  0.516531020731  0.277862670681  0.204715875338  84.8574999638  86.2966957796  2.69934407763  2.30970227476  0.222986787719  -9999.0  -9999.0  -9999.0  -9999.0  -9999.0  -9999.0  -9999.0  -9999.0  -9999.0  -9999.0  -9999.0  -9999.0  -9999.0  -9999.0  -9999.0  -9999.0  -9999.0  -9999.0
-9999.0  -9999.0  -9999.0  -9999.0  -9999.0  -9999.0  -9999.0  -9999.0  -9999.0  -9999.0  -9999.0  -9999.0  -9999.0  -9999.0  -9999.0  -9999.0  -9999.0  -9999.0  -9999.0  -9999.0  -9999.0  -9999.0  -9999.0  -9999.0  -9999.0  -9999.0  -9999.0  -9999.0  -9999.0  1.02307460222  1.03654112088  1.16750604007  4.69735569213  11.6507122606  5.84574729058  1.09088247815  4.43234500822  5.49837634905  0.993810485994  8.70493724833  9.61683678558  2.8700139163  4.62828946815  0.894423132829  1.65802926974  0.82687849789  0.723056271971  0.691874293797  46.1320189093  46.7101231473  47.1683712117  2.22415693881  50.9401075435  51.3870268782  51.7590564096  52.1262868306  52.7119037222  84.684885328  85.222450918  0.841030757032  2.06853593046  0.552082140949  -9999.0  -9999.0  -9999.0  -9999.0  -9999.0  -9999.0  -9999.0  -9999.0  -9999.0  -9999.0  -9999.0  -9999.0  -9999.0  -9999.0  -9999.0  -9999.0  -9999.0  -9999.0
-9999.0  -9999.0  -9999.0  -9999.0  -9999.0  -9999.0  -9999.0  -9999.0  -9999.0  -9999.0  -9999.0  -9999.0  -9999.0  -9999.0  -9999.0  -9999.0  -9999.0  -9999.0  -9999.0  -9999.0  -9999.0  -9999.0  -9999.0  -9999.0  -9999.0  -9999.0  -9999.0  -9999.0  -9999.0  -9999.0  -9999.0  1.19170960714  2.44845802646  2.44155734908  2.39013596111  2.32090603668  3.43918695474  5.69778932611  6.69129191833  7.76398313579  0.961476858905  1.94506232531  0.889589202727  0.824055484245  26.6049612214  32.974892409  34.5220422728  35.3032113285  45.5434562063  0.650358833359  1.2091671975  1.84070974613  9.86882659808  10.2932862682  10.6573154107  23.3355717034  28.83778389  31.6016331728  0.465110137283  0.450566070186  1.2529397178  0.312933666556  -9999.0  -9999.0  -9999.0  -9999.0  -9999.0  -9999.0  -9999.0  -9999.0  -9999.0  -9999.0  -9999.0  -9999.0  -9999.0  -9999.0  -9999.0  -9999.0  -9999.0  -9999.0
-9999.0  -9999.0  -9999.0  -9999.0  -9999.0  -9999.0  -9999.0  -9999.0  -9999.0  -9999.0  -9999.0  -9999.0  -9999.0  -9999.0  -9999.0  -9999.0  -9999.0  -9999.0  -9999.0  -9999.0  -9999.0  -9999.0  -9999.0  -9999.0  -9999.0  -9999.0  -9999.0  -9999.0  -9999.0  -9999.0  -9999.0  -9999.0  1.25602800952  1.24749075205  1.21068351409  1.16909772055  2.34498383282  4.61791998241  4.33847063247  5.31545552933  6.21321253745  14.2884886427  15.1566662312  25.0471964028  25.9023319864  5.64852588259  0.815035274857  8.79545690563  9.50718414702  3.84679602627  7.47004024411  8.8037372425  9.40443658984  0.527563524385  12.3553380649  24.4186280538  28.5472999274  0.4654969912  1.9058677307  0.344320451658  0.951907357201  -9999.0  -9999.0  -9999.0  -9999.0  -9999.0  -9999.0  -9999.0  -9999.0  -9999.0  -9999.0  -9999.0  -9999.0  -9999.0  -9999.0  -9999.0  -9999.0  -9999.0  -9999.0  -9999.0
-9999.0  -9999.0  -9999.0  -9999.0  -9999.0  -9999.0  -9999.0  -9999.0  -9999.0  -9999.0  -9999.0  -9999.0  -9999.0  -9999.0  -9999.0  -9999.0  -9999.0  -9999.0  -9999.0  -9999.0  -9999.0  -9999.0  -9999.0  -9999.0  -9999.0  -9999.0  -9999.0  -9999.0  -9999.0  -9999.0  -9999.0  -9999.0  -9999.0  -9999.0  -9999.0  1.23765438189  1.16817840551  1.11953495878  3.29055585743  3.14466827596  6.16026326317  7.18793035771  0.9250320581  8.98605833416  3.85328609074  4.80029690566  5.45011604424  8.06350233411  2.36924385394  0.776532296807  3.05850244454  0.740850712462  6.62848160732  7.92851429522  11.3824842603  0.573626645587  2.34272282855  0.861676978138  1.09372723461  0.339919155809  0.648439094407  -9999.0  -9999.0  -9999.0  -9999.0  -9999.0  -9999.0  -9999.0  -9999.0  -9999.0  -9999.0  -9999.0  -9999.0  -9999.0  -9999.0  -9999.0  -9999.0  -9999.0  -9999.0  -9999.0
-9999.0  -9999.0  -9999.0  -9999.0  -9999.0  -9999.0  -9999.0  -9999.0  -9999.0  -9999.0  -9999.0  -9999.0  -9999.0  -9999.0  -9999.0  -9999.0  -9999.0  -9999.0  -9999.0  -9999.0  -9999.0  -9999.0  -9999.0  -9999.0  -9999.0  -9999.0  -9999.0  -9999.0  -9999.0  -9999.0  -9999.0  -9999.0  -9999.0  -9999.0  -9999.0  -9999.0  -9999.0  1.11078178341  1.0438611546  2.10890874561  2.04074634236  5.18505589372  7.1093990791  1.95943985654  2.8985476425  2.7716996312  4.60168794563  1.76770385663  1.63540033766  1.62533170762  0.727563592439  3.87929266005  5.99763890357  0.686893046644  2.83231636137  1.10345906489  0.696638601423  0.371175174323  0.354170984103  0.373553596245  -9999.0  -9999.0  -9999.0  -9999.0  -9999.0  -9999.0  -9999.0  -9999.0  -9999.0  -9999.0  -9999.0  -9999.0  -9999.0  -9999.0  -9999.0  -9999.0  -9999.0  -9999.0  -9999.0  -9999.0
-9999.0  -9999.0  -9999.0  -9999.0  -9999.0  -9999.0  -9999.0  -9999.0  -9999.0  -9999.0  -9999.0  -9999.0  -9999.0  -9999.0  -9999.0  -9999.0  -9999.0  -9999.0  -9999.0  -9999.0  -9999.0  -9999.0  -9999.0  -9999.0  -9999.0  -9999.0  -9999.0  -9999.0  -9999.0  -9999.0  -9999.0  -9999.0  -9999.0  -9999.0  -9999.0  -9999.0  -9999.0  -9999.0  -9999.0  1.05071357816  2.14819951257  4.22036560869  0.991919129886  0.986945211395  0.917043508128  1.8719066846  0.934505590768  0.895870388618  0.845273605867  0.839903578779  1.60832077423  3.1919110432  1.4783104951  1.51686193218  2.19939328773  0.556528339552  0.336716851522  -9999.0  -9999.0  -9999.0  -9999.0  -9999.0  -9999.0  -9999.0  -9999.0  -9999.0  -9999.0  -9999.0  -9999.0  -9999.0  -9999.0  -9999.0  -9999.0  -9999.0  -9999.0  -9999.0  -9999.0  -9999.0  -9999.0  -9999.0
-9999.0  -9999.0  -9999.0  -9999.0  -9999.0  -9999.0  -9999.0  -9999.0  -9999.0  -9999.0  -9999.0  -9999.0  -9999.0  -9999.0  -9999.0  -9999.0  -9999.0  -9999.0  -9999.0  -9999.0  -9999.0  -9999.0  -9999.0  -9999.0  -9999.0  -9999.0  -9999.0  -9999.0  -9999.0  -9999.0  -9999.0  -9999.0  -9999.0  -9999.0  -9999.0  -9999.0  -9999.0  -9999.0  -9999.0  -9999.0  1.07839425339  1.02168979219  -9999.0  -9999.0  -9999.0  -9999.0  -9999.0  -9999.0  -9999.0  -9999.0  0.812252450653  0.786787147725  0.713863700138  0.738952118585  -9999.0  -9999.0  -9999.0  -9999.0  -9999.0  -9999.0  -9999.0  -9999.0  -9999.0  -9999.0  -9999.0  -9999.0  -9999.0  -9999.0  -9999.0  -9999.0  -9999.0  -9999.0  -9999.0  -9999.0  -9999.0  -9999.0  -9999.0  -9999.0  -9999.0  -9999.0
-9999.0  -9999.0  -9999.0  -9999.0  -9999.0  -9999.0  -9999.0  -9999.0  -9999.0  -9999.0  -9999.0  -9999.0  -9999.0  -9999.0  -9999.0  -9999.0  -9999.0  -9999.0  -9999.0  -9999.0  -9999.0  -9999.0  -9999.0  -9999.0  -9999.0  -9999.0  -9999.0  -9999.0  -9999.0  -9999.0  -9999.0  -9999.0  -9999.0  -9999.0  -9999.0  -9999.0  -9999.0  -9999.0  -9999.0  -9999.0  -9999.0  -9999.0  -9999.0  -9999.0  -9999.0  -9999.0  -9999.0  -9999.0  -9999.0  -9999.0  -9999.0  -9999.0  -9999.0  -9999.0  -9999.0  -9999.0  -9999.0  -9999.0  -9999.0  -9999.0  -9999.0  -9999.0  -9999.0  -9999.0  -9999.0  -9999.0  -9999.0  -9999.0  -9999.0  -9999.0  -9999.0  -9999.0  -9999.0  -9999.0  -9999.0  -9999.0  -9999.0  -9999.0  -9999.0  -9999.0
-9999.0  -9999.0  -9999.0  -9999.0  -9999.0  -9999.0  -9999.0  -9999.0  -9999.0  -9999.0  -9999.0  -9999.0  -9999.0  -9999.0  -9999.0  -9999.0  -9999.0  -9999.0  -9999.0  -9999.0  -9999.0  -9999.0  -9999.0  -9999.0  -9999.0  -9999.0  -9999.0  -9999.0  -9999.0  -9999.0  -9999.0  -9999.0  -9999.0  -9999.0  -9999.0  -9999.0  -9999.0  -9999.0  -9999.0  -9999.0  -9999.0  -9999.0  -9999.0  -9999.0  -9999.0  -9999.0  -9999.0  -9999.0  -9999.0  -9999.0  -9999.0  -9999.0  -9999.0  -9999.0  -9999.0  -9999.0  -9999.0  -9999.0  -9999.0  -9999.0  -9999.0  -9999.0  -9999.0  -9999.0  -9999.0  -9999.0  -9999.0  -9999.0  -9999.0  -9999.0  -9999.0  -9999.0  -9999.0  -9999.0  -9999.0  -9999.0  -9999.0  -9999.0  -9999.0  -9999.0
-9999.0  -9999.0  -9999.0  -9999.0  -9999.0  -9999.0  -9999.0  -9999.0  -9999.0  -9999.0  -9999.0  -9999.0  -9999.0  -9999.0  -9999.0  -9999.0  -9999.0  -9999.0  -9999.0  -9999.0  -9999.0  -9999.0  -9999.0  -9999.0  -9999.0  -9999.0  -9999.0  -9999.0  -9999.0  -9999.0  -9999.0  -9999.0  -9999.0  -9999.0  -9999.0  -9999.0  -9999.0  -9999.0  -9999.0  -9999.0  -9999.0  -9999.0  -9999.0  -9999.0  -9999.0  -9999.0  -9999.0  -9999.0  -9999.0  -9999.0  -9999.0  -9999.0  -9999.0  -9999.0  -9999.0  -9999.0  -9999.0  -9999.0  -9999.0  -9999.0  -9999.0  -9999.0  -9999.0  -9999.0  -9999.0  -9999.0  -9999.0  -9999.0  -9999.0  -9999.0  -9999.0  -9999.0  -9999.0  -9999.0  -9999.0  -9999.0  -9999.0  -9999.0  -9999.0  -9999.0
-9999.0  -9999.0  -9999.0  -9999.0  -9999.0  -9999.0  -9999.0  -9999.0  -9999.0  -9999.0  -9999.0  -9999.0  -9999.0  -9999.0  -9999.0  -9999.0  -9999.0  -9999.0  -9999.0  -9999.0  -9999.0  -9999.0  -9999.0  -9999.0  -9999.0  -9999.0  -9999.0  -9999.0  -9999.0  -9999.0  -9999.0  -9999.0  -9999.0  -9999.0  -9999.0  -9999.0  -9999.0  -9999.0  -9999.0  -9999.0  -9999.0  -9999.0  -9999.0  -9999.0  -9999.0  -9999.0  -9999.0  -9999.0  -9999.0  -9999.0  -9999.0  -9999.0  -9999.0  -9999.0  -9999.0  -9999.0  -9999.0  -9999.0  -9999.0  -9999.0  -9999.0  -9999.0  -9999.0  -9999.0  -9999.0  -9999.0  -9999.0  -9999.0  -9999.0  -9999.0  -9999.0  -9999.0  -9999.0  -9999.0  -9999.0  -9999.0  -9999.0  -9999.0  -9999.0  -9999.0
-9999.0  -9999.0  -9999.0  -9999.0  -9999.0  -9999.0  -9999.0  -9999.0  -9999.0  -9999.0  -9999.0  -9999.0  -9999.0  -9999.0  -9999.0  -9999.0  -9999.0  -9999.0  -9999.0  -9999.0  -9999.0  -9999.0  -9999.0  -9999.0  -9999.0  -9999.0  -9999.0  -9999.0  -9999.0  -9999.0  -9999.0  -9999.0  -9999.0  -9999.0  -9999.0  -9999.0  -9999.0  -9999.0  -9999.0  -9999.0  -9999.0  -9999.0  -9999.0  -9999.0  -9999.0  -9999.0  -9999.0  -9999.0  -9999.0  -9999.0  -9999.0  -9999.0  -9999.0  -9999.0  -9999.0  -9999.0  -9999.0  -9999.0  -9999.0  -9999.0  -9999.0  -9999.0  -9999.0  -9999.0  -9999.0  -9999.0  -9999.0  -9999.0  -9999.0  -9999.0  -9999.0  -9999.0  -9999.0  -9999.0  -9999.0  -9999.0  -9999.0  -9999.0  -9999.0  -9999.0
-9999.0  -9999.0  -9999.0  -9999.0  -9999.0  -9999.0  -9999.0  -9999.0  -9999.0  -9999.0  -9999.0  -9999.0  -9999.0  -9999.0  -9999.0  -9999.0  -9999.0  -9999.0  -9999.0  -9999.0  -9999.0  -9999.0  -9999.0  -9999.0  -9999.0  -9999.0  -9999.0  -9999.0  -9999.0  -9999.0  -9999.0  -9999.0  -9999.0  -9999.0  -9999.0  -9999.0  -9999.0  -9999.0  -9999.0  -9999.0  -9999.0  -9999.0  -9999.0  -9999.0  -9999.0  -9999.0  -9999.0  -9999.0  -9999.0  -9999.0  -9999.0  -9999.0  -9999.0  -9999.0  -9999.0  -9999.0  -9999.0  -9999.0  -9999.0  -9999.0  -9999.0  -9999.0  -9999.0  -9999.0  -9999.0  -9999.0  -9999.0  -9999.0  -9999.0  -9999.0  -9999.0  -9999.0  -9999.0  -9999.0  -9999.0  -9999.0  -9999.0  -9999.0  -9999.0  -9999.0
