ncols                  80
nrows                 72
xllcorner      4374000.0
yllcorner      5656000.0
cellsize            500
NODATA_value       -9999
-9999.0  -9999.0  -9999.0  -9999.0  -9999.0  -9999.0  -9999.0  -9999.0  -9999.0  -9999.0  -9999.0  -9999.0  0.211741219775  0.405795288663  -9999.0  -9999.0  -9999.0  -9999.0  -9999.0  -9999.0  -9999.0  -9999.0  -9999.0  -9999.0  -9999.0  -9999.0  -9999.0  -9999.0  -9999.0  -9999.0  -9999.0  -9999.0  -9999.0  -9999.0  -9999.0  -9999.0  -9999.0  -9999.0  -9999.0  -9999.0  -9999.0  -9999.0  -9999.0  -9999.0  -9999.0  -9999.0  -9999.0  -9999.0  -9999.0  -9999.0  -9999.0  -9999.0  -9999.0  -9999.0  -9999.0  -9999.0  -9999.0  -9999.0  -9999.0  -9999.0  -9999.0  -9999.0  -9999.0  -9999.0  -9999.0  -9999.0  -9999.0  -9999.0  -9999.0  -9999.0  -9999.0  -9999.0  -9999.0  -9999.0  -9999.0  -9999.0  -9999.0  -9999.0  -9999.0  -9999.0
-9999.0  -9999.0  -9999.0  -9999.0  -9999.0  -9999.0  -9999.0  -9999.0  -9999.0  -9999.0  -9999.0  -9999.0  0.398614202174  1.35568875172  0.325761054205  -9999.0  0.418501964824  -9999.0  -9999.0  -9999.0  -9999.0  -9999.0  -9999.0  -9999.0  -9999.0  -9999.0  -9999.0  -9999.0  -9999.0  -9999.0  -9999.0  -9999.0  -9999.0  -9999.0  -9999.0  -9999.0  -9999.0  -9999.0  -9999.0  -9999.0  -9999.0  -9999.0  -9999.0  -9999.0  -9999.0  -9999.0  -9999.0  -9999.0  -9999.0  -9999.0  -9999.0  -9999.0  -9999.0  -9999.0  -9999.0  -9999.0  -9999.0  -9999.0  -9999.0  -9999.0  -9999.0  -9999.0  -9999.0  -9999.0  -9999.0  -9999.0  -9999.0  -9999.0  -9999.0  -9999.0  -9999.0  -9999.0  -9999.0  -9999.0  -9999.0  -9999.0  -9999.0  -9999.0  -9999.0  -9999.0
-9999.0  -9999.0  -9999.0  -9999.0  -9999.0  -9999.0  -9999.0  -9999.0  -9999.0  -9999.0  0.171971136717  0.149335568287  0.165261792326  0.16626309206  1.64477206993  1.86760742528  1.14432213389  0.370251940731  -9999.0  -9999.0  -9999.0  -9999.0  -9999.0  -9999.0  -9999.0  -9999.0  -9999.0  -9999.0  -9999.0  -9999.0  -9999.0  -9999.0  -9999.0  -9999.0  -9999.0  -9999.0  -9999.0  -9999.0  -9999.0  -9999.0  -9999.0  -9999.0  -9999.0  -9999.0  -9999.0  -9999.0  -9999.0  -9999.0  -9999.0  -9999.0  -9999.0  -9999.0  -9999.0  -9999.0  -9999.0  -9999.0  -9999.0  -9999.0  -9999.0  -9999.0  -9999.0  -9999.0  -9999.0  -9999.0  -9999.0  -9999.0  -9999.0  -9999.0  -9999.0  -9999.0  -9999.0  -9999.0  -9999.0  -9999.0  -9999.0  -9999.0  -9999.0  -9999.0  -9999.0  -9999.0
-9999.0  -9999.0  -9999.0  -9999.0  -9999.0  -9999.0  -9999.0  -9999.0  -9999.0  0.149277986696  0.327573172247  0.644836293075  0.310556014534  0.14727182251  0.29485979734  1.99700142742  3.80279198316  0.356669937113  -9999.0  0.154645069728  -9999.0  -9999.0  -9999.0  -9999.0  0.778206022361  0.412084754408  -9999.0  -9999.0  -9999.0  -9999.0  -9999.0  -9999.0  -9999.0  -9999.0  -9999.0  -9999.0  -9999.0  -9999.0  -9999.0  -9999.0  -9999.0  -9999.0  -9999.0  -9999.0  -9999.0  -9999.0  -9999.0  -9999.0  -9999.0  -9999.0  -9999.0  -9999.0  -9999.0  -9999.0  -9999.0  -9999.0  -9999.0  -9999.0  -9999.0  -9999.0  -9999.0  -9999.0  -9999.0  -9999.0  -9999.0  -9999.0  -9999.0  -9999.0  -9999.0  -9999.0  -9999.0  -9999.0  -9999.0  -9999.0  -9999.0  -9999.0  -9999.0  -9999.0  -9999.0  -9999.0
-9999.0  -9999.0  -9999.0  -9999.0  -9999.0  -9999.0  -9999.0  -9999.0  0.193279649054  0.509905157427  0.651363718405  0.801400478467  1.10553386903  0.141396679234  0.564570986177  0.695105982701  4.86419583884  0.127193327738  0.0927041664164  0.279707382994  0.397776221316  0.125970867027  -9999.0  1.78896091176  1.47043968173  0.343465443599  -9999.0  -9999.0  -9999.0  -9999.0  -9999.0  -9999.0  -9999.0  -9999.0  -9999.0  -9999.0  -9999.0  -9999.0  -9999.0  -9999.0  -9999.0  -9999.0  -9999.0  -9999.0  -9999.0  -9999.0  -9999.0  -9999.0  -9999.0  -9999.0  -9999.0  -9999.0  -9999.0  -9999.0  -9999.0  -9999.0  -9999.0  -9999.0  -9999.0  -9999.0  -9999.0  -9999.0  -9999.0  -9999.0  -9999.0  -9999.0  -9999.0  -9999.0  -9999.0  -9999.0  -9999.0  -9999.0  -9999.0  -9999.0  -9999.0  -9999.0  -9999.0  -9999.0  -9999.0  -9999.0
-9999.0  -9999.0  -9999.0  -9999.0  -9999.0  -9999.0  0.194336040954  0.154349502752  0.145699040772  0.151643734756  0.159430953556  1.13505698343  2.40262945944  2.55847140671  2.67233507075  0.11284188049  5.10007755577  5.20395940499  0.215798645781  0.124448008828  0.512883384878  0.879375621954  0.124790385703  2.18362908993  0.102843085098  0.117441901098  0.106167355137  -9999.0  -9999.0  -9999.0  -9999.0  -9999.0  -9999.0  -9999.0  -9999.0  -9999.0  -9999.0  -9999.0  -9999.0  -9999.0  -9999.0  -9999.0  -9999.0  -9999.0  -9999.0  -9999.0  -9999.0  -9999.0  -9999.0  -9999.0  -9999.0  -9999.0  -9999.0  -9999.0  -9999.0  -9999.0  -9999.0  -9999.0  -9999.0  -9999.0  -9999.0  -9999.0  -9999.0  -9999.0  -9999.0  -9999.0  -9999.0  -9999.0  -9999.0  -9999.0  -9999.0  -9999.0  -9999.0  -9999.0  -9999.0  -9999.0  -9999.0  -9999.0  -9999.0  -9999.0
-9999.0  -9999.0  -9999.0  -9999.0  -9999.0  -9999.0  0.399759544723  0.577488028744  1.2632090541  1.69618176938  0.129947505242  0.151548746551  0.140380351797  0.385078875087  3.16434695647  0.100636057203  5.31363086782  5.75245709745  0.324307949497  0.228062798129  0.983737402187  0.117676819004  2.29535100966  0.189547998949  0.0898665838024  0.20214794425  0.210124650236  0.118061830983  0.131754962662  0.125468082178  0.13904075021  0.276940137487  -9999.0  -9999.0  -9999.0  -9999.0  -9999.0  -9999.0  -9999.0  -9999.0  -9999.0  -9999.0  -9999.0  -9999.0  -9999.0  -9999.0  -9999.0  -9999.0  -9999.0  -9999.0  -9999.0  -9999.0  -9999.0  -9999.0  -9999.0  -9999.0  -9999.0  -9999.0  -9999.0  -9999.0  -9999.0  -9999.0  -9999.0  -9999.0  -9999.0  -9999.0  -9999.0  -9999.0  -9999.0  -9999.0  -9999.0  -9999.0  -9999.0  -9999.0  -9999.0  -9999.0  -9999.0  -9999.0  -9999.0  -9999.0
-9999.0  -9999.0  -9999.0  -9999.0  -9999.0  0.244582814471  0.457924935048  0.212554047654  0.392509037627  1.87971248941  2.17567053505  2.47968086537  9.03122917611  0.126319172763  3.28605458329  13.5258521521  13.6350584645  19.6160504053  0.115758174011  0.331998583204  1.08864440506  0.103329791014  3.41971152717  1.01689721313  0.60670761793  0.511666062981  0.101026900744  0.351391536277  0.378205942747  0.25078557879  0.11766849939  0.399712417969  0.113155075993  0.109829412436  -9999.0  -9999.0  -9999.0  -9999.0  -9999.0  -9999.0  -9999.0  -9999.0  -9999.0  -9999.0  -9999.0  -9999.0  -9999.0  -9999.0  -9999.0  -9999.0  -9999.0  -9999.0  -9999.0  -9999.0  -9999.0  -9999.0  -9999.0  -9999.0  -9999.0  -9999.0  -9999.0  -9999.0  -9999.0  -9999.0  -9999.0  -9999.0  -9999.0  -9999.0  -9999.0  -9999.0  -9999.0  -9999.0  -9999.0  -9999.0  -9999.0  -9999.0  -9999.0  -9999.0  -9999.0  -9999.0
-9999.0  -9999.0  -9999.0  -9999.0  -9999.0  0.251597981804  0.715734585978  1.40519116259  1.60736247082  3.17666180406  3.35499086437  3.93520373477  6.42701031374  9.58138432193  9.88669835704  10.0190038607  0.207571110722  20.0471951442  20.2895414539  20.8555769088  25.7873044867  3.7416996159  3.5335377762  0.717380352436  0.105597004157  0.624321643091  0.436928738965  0.0800269851164  0.479270028246  0.10273826846  0.21720218617  0.614117615268  0.723014662915  0.215568057209  0.097345487919  0.102160601455  -9999.0  -9999.0  -9999.0  -9999.0  0.314560902917  0.313007900371  -9999.0  -9999.0  -9999.0  -9999.0  -9999.0  -9999.0  -9999.0  -9999.0  -9999.0  -9999.0  -9999.0  -9999.0  -9999.0  -9999.0  -9999.0  -9999.0  -9999.0  -9999.0  -9999.0  -9999.0  -9999.0  -9999.0  -9999.0  -9999.0  -9999.0  -9999.0  -9999.0  -9999.0  -9999.0  -9999.0  -9999.0  -9999.0  -9999.0  -9999.0  -9999.0  -9999.0  -9999.0  -9999.0
-9999.0  -9999.0  -9999.0  -9999.0  -9999.0  0.234201509484  0.217237329588  0.944077158189  1.15526965623  1.37884667126  0.200429086688  0.392491428506  2.33137831175  0.401419909667  0.170608762846  0.130892885372  0.105729831544  0.132217778185  0.125271183802  0.133316969022  25.8992671331  26.2087303484  0.0995322680151  0.306903848549  0.209912599591  0.713341781649  0.163699760814  0.0760808926213  0.57708211738  0.202454505601  0.523665840285  1.23624402391  1.13554430661  0.305105768925  0.282436310858  0.107702679257  0.107170959148  -9999.0  -9999.0  0.10967921629  0.541337874107  1.50712422297  0.328543787392  -9999.0  -9999.0  -9999.0  -9999.0  -9999.0  -9999.0  -9999.0  -9999.0  -9999.0  -9999.0  -9999.0  -9999.0  -9999.0  -9999.0  -9999.0  -9999.0  -9999.0  -9999.0  -9999.0  -9999.0  -9999.0  -9999.0  -9999.0  -9999.0  -9999.0  -9999.0  -9999.0  -9999.0  -9999.0  -9999.0  -9999.0  -9999.0  -9999.0  -9999.0  -9999.0  -9999.0  -9999.0
-9999.0  -9999.0  -9999.0  -9999.0  -9999.0  -9999.0  0.263745323901  0.258658333738  0.464415802987  0.688707921276  1.5505660735  1.96228003444  2.16645872822  0.217801722692  0.130509338134  1.93600140536  2.31950276033  2.43065852483  2.94982154247  3.06132166604  0.108691895382  26.3191576361  26.818591647  0.395468984753  0.0747054594854  0.793756073751  1.75182040224  0.726114307637  0.170198544155  0.0913349521032  1.94091929153  1.33155081438  0.078098365162  0.0818290809721  0.366807456562  0.313921501456  0.0863915443752  0.0774179502275  0.106277358935  0.212883263657  0.102320921383  1.817181816  1.90069149443  0.0736497009172  -9999.0  -9999.0  -9999.0  -9999.0  0.0929138126427  0.0851727209132  0.0738002101495  -9999.0  -9999.0  -9999.0  -9999.0  -9999.0  -9999.0  -9999.0  -9999.0  -9999.0  -9999.0  -9999.0  -9999.0  -9999.0  -9999.0  -9999.0  -9999.0  -9999.0  -9999.0  -9999.0  -9999.0  -9999.0  -9999.0  -9999.0  -9999.0  -9999.0  -9999.0  -9999.0  -9999.0  -9999.0
-9999.0  -9999.0  -9999.0  -9999.0  -9999.0  -9999.0  -9999.0  0.230033901885  0.203311072912  0.446133229503  0.672275060663  0.206855255614  0.15605387189  1.08004250584  1.3729133121  1.68312879848  0.138143912463  0.279244403487  0.137772527734  3.18140364665  7.46163295077  7.73279570643  34.821067075  0.0987049149232  0.208347408861  0.0643831120495  1.82510989937  0.0811790487768  0.262708451668  0.0847354438846  2.01977173617  2.10055695668  0.159331391094  0.164907383643  0.968193952393  0.500720480714  0.167934364668  0.0894564299809  0.211177501559  0.316092179768  0.502595307846  0.0768410092999  2.03532468173  2.09182886769  0.0508496168638  0.0552939662535  0.0603793289353  0.0524774719876  0.050291963221  0.239572986843  0.145215115595  0.07046757492  -9999.0  -9999.0  -9999.0  -9999.0  -9999.0  -9999.0  -9999.0  -9999.0  -9999.0  -9999.0  -9999.0  -9999.0  -9999.0  -9999.0  -9999.0  -9999.0  -9999.0  -9999.0  -9999.0  -9999.0  -9999.0  -9999.0  -9999.0  -9999.0  -9999.0  -9999.0  -9999.0  -9999.0
-9999.0  -9999.0  -9999.0  -9999.0  -9999.0  -9999.0  -9999.0  -9999.0  0.442968626536  0.623530950172  0.203551850618  0.42511064081  0.601754340369  0.948474796232  0.178055066257  0.167202440222  0.130630138304  0.131786125348  0.111399334199  4.03956870748  0.137333106049  0.261909904758  35.3442460488  35.5434048132  0.0417697769563  0.293243061006  2.1788408953  0.16740639082  0.333526740211  0.144786967782  0.213259715147  2.39719697736  0.230170844485  1.36325736931  1.13230222545  0.0878515630047  0.446396250603  0.185472842791  0.305045028442  0.0913291740575  0.579284478831  0.716142758627  0.764484269165  0.809438291303  2.2828310404  0.0966429714093  0.106036656396  0.0937726075636  0.0889827985307  0.288794952957  0.0586288954543  0.27628352309  0.332784854148  -9999.0  -9999.0  -9999.0  -9999.0  -9999.0  -9999.0  -9999.0  -9999.0  -9999.0  -9999.0  -9999.0  -9999.0  -9999.0  -9999.0  -9999.0  -9999.0  -9999.0  -9999.0  -9999.0  -9999.0  -9999.0  -9999.0  -9999.0  -9999.0  -9999.0  -9999.0  -9999.0
-9999.0  -9999.0  -9999.0  -9999.0  -9999.0  -9999.0  -9999.0  -9999.0  0.243316178343  1.09760262097  1.29093532542  0.192603023219  0.366284341501  0.172700226337  0.146986023674  0.144126652074  1.82292463523  2.34834597013  2.97689139369  3.73889534773  0.152781290318  0.129812190585  0.0719845724452  36.1506941663  36.4595995198  36.5183453079  2.86432171168  0.636314733533  0.568130984981  0.0594526883198  0.274396610714  2.73522670237  0.0626848271378  1.42736191322  0.0865281754804  0.630248400587  0.544763465574  0.0938930261185  0.398796546196  0.18407267584  0.275880390332  0.0587651311527  0.0423183770626  0.853630025199  0.894519001592  2.3236116382  0.151246307749  0.136181305327  0.130628320034  0.350731661033  0.469870492063  0.0594516714834  0.395557882921  0.0759501202666  0.145049188527  0.0713334049345  -9999.0  -9999.0  -9999.0  -9999.0  -9999.0  -9999.0  -9999.0  -9999.0  -9999.0  -9999.0  -9999.0  -9999.0  -9999.0  -9999.0  -9999.0  -9999.0  -9999.0  -9999.0  -9999.0  -9999.0  -9999.0  -9999.0  -9999.0  -9999.0
-9999.0  -9999.0  -9999.0  -9999.0  -9999.0  -9999.0  -9999.0  -9999.0  -9999.0  0.256670475795  1.5052936541  1.68767942744  0.538701897981  0.870062589847  1.15328199432  1.28994999347  0.141713903158  0.401784417058  0.267374067986  0.148985197562  0.139907234184  0.115402798781  0.205890845422  0.301017128775  0.0888144474137  39.5639000134  39.6069781643  0.0401782381396  0.0390145043945  0.133649388395  0.201220401735  2.92592116029  0.126402469161  1.48205090709  0.949723506425  0.798010086357  0.0876361407413  0.17858491989  0.481846755721  0.0830581878607  0.35752272277  0.129717469264  0.0618800979279  0.0209320695245  0.977594120051  3.33452057888  0.182090969143  0.167817815695  0.175587609656  0.0487757585276  0.518975562461  0.0476214726027  0.508732695368  0.0673732569702  0.213803727998  0.321159304819  0.0289365869327  0.0298385822715  0.0406099742732  0.0480006076011  0.0269569509722  -9999.0  -9999.0  0.0108027575108  0.00554605933909  -9999.0  -9999.0  -9999.0  -9999.0  -9999.0  -9999.0  -9999.0  -9999.0  -9999.0  -9999.0  -9999.0  -9999.0  -9999.0  -9999.0  -9999.0
-9999.0  -9999.0  -9999.0  -9999.0  -9999.0  -9999.0  -9999.0  -9999.0  -9999.0  -9999.0  0.178752132353  2.04728964746  0.169430157651  0.327401582305  0.454675212128  0.689646701221  0.116424739095  0.251403522847  0.119424027429  0.105645341149  0.0972946926382  0.190407937514  0.080270478244  0.0649964307451  0.11452169839  0.0651453358362  39.6821643601  39.7789661102  39.9108107196  0.245151884886  0.0751693573113  0.149931368254  3.00512286029  2.77845105165  1.11335499191  0.0811562207433  0.349407970243  0.263259613622  0.565144101225  0.165756993373  0.646583283635  0.205014707542  0.108167859505  0.0157457224671  0.024466976507  3.37779873494  3.41915997911  3.80365446882  0.329819500508  0.101304461129  0.572757924895  0.672926707588  1.22988012961  0.126528013149  0.0629240960868  0.355298051087  0.412665579308  0.0284918282933  0.0552421811894  0.11409521602  0.0530417509426  0.0261703194046  0.0260541554232  0.020145555295  0.0122658446163  0.00510305661533  -9999.0  -9999.0  -9999.0  -9999.0  -9999.0  -9999.0  -9999.0  -9999.0  -9999.0  -9999.0  -9999.0  -9999.0  -9999.0  -9999.0
-9999.0  -9999.0  -9999.0  -9999.0  -9999.0  -9999.0  -9999.0  -9999.0  -9999.0  -9999.0  -9999.0  0.17593381971  2.35168068164  0.143346892303  0.26761214611  1.18390524  0.113548861555  0.11071833755  0.0953664229633  0.216450830465  0.11932532051  0.420160028319  0.582691592289  0.653085974516  0.16630519389  0.202435887597  0.0420296966058  0.0534533374626  0.068524046373  40.3178019336  40.5151833834  3.05718151379  2.89320752995  2.83667693631  0.12103430783  0.0585778555369  0.425975248067  1.14658004622  0.644199176971  0.243671040826  0.960711438373  0.252971494246  0.188920008417  0.0387684518189  0.0168448846262  0.0116807504429  0.0130823344667  3.90457030917  4.37071208985  0.0509500914559  0.0464428158445  0.0538022782583  1.28954160377  1.47332970892  0.111983742866  0.0415665436647  0.427290987889  0.0406986655792  0.108136930825  0.237117776486  0.309043277258  0.358800459638  0.0891175415508  0.0419537658132  0.0227288799448  0.0147099782915  0.0211838327127  -9999.0  -9999.0  -9999.0  -9999.0  -9999.0  -9999.0  -9999.0  -9999.0  -9999.0  -9999.0  -9999.0  -9999.0  -9999.0
-9999.0  -9999.0  -9999.0  -9999.0  -9999.0  -9999.0  -9999.0  -9999.0  -9999.0  -9999.0  -9999.0  0.15795839473  2.64967982577  3.14123210194  0.130316784347  1.43344834119  0.0997225890966  0.0942442198424  0.212635367772  0.550077389869  0.114701535494  0.123663666028  0.0819588389062  0.810322728545  0.886268817733  1.17500044215  1.26180745541  1.297856559  1.33650751369  1.38626973892  41.9627816294  45.0909330205  48.0515800646  48.1056674835  0.0370766348356  0.0606269583844  1.30048128464  1.2240729085  0.0775903693404  0.075494843831  1.03340996331  1.35505553455  0.0522604060021  0.620963871694  0.579831631816  0.116458472552  0.0400995148312  0.0718281340128  0.0473403201116  4.4485079583  0.0387360897946  0.131407935492  0.162203908501  1.73867006669  1.89478168496  1.97633383689  2.44185931551  0.0340513264733  0.0212616501168  0.0153903901349  0.0128095401627  0.387053293289  0.497577829354  0.0240982657534  0.0580432061132  0.0242149812102  0.039624454907  0.00595021756844  0.00572144047564  -9999.0  -9999.0  -9999.0  -9999.0  -9999.0  -9999.0  -9999.0  -9999.0  -9999.0  -9999.0  -9999.0
-9999.0  -9999.0  -9999.0  -9999.0  -9999.0  -9999.0  -9999.0  -9999.0  -9999.0  -9999.0  -9999.0  0.197096159792  0.35702881977  3.29325303986  3.53236075473  0.113505130142  1.73927097327  0.0795799170382  0.259418158382  0.646419368744  0.218195786508  0.102770855965  0.20044243045  0.0653779957781  0.133981899478  0.0793524120558  0.0681621518474  0.0552935643434  0.0453068879468  0.0237148368672  0.0114719623857  0.0129446766726  0.0219808787729  0.0449522119696  48.2427049911  1.44550551649  1.35940126687  0.0280976637597  0.21327961508  0.0687067722457  0.0785155318599  1.42000232954  2.2314201113  0.69292140266  0.535110507759  0.0838016641657  0.0250613913904  0.0212481292604  0.0528189750956  4.54164693399  4.61821972723  0.0403556772133  0.0419010966023  0.0242689128046  0.0359719064563  0.0816087081901  2.55817684685  2.62538614989  2.6813845827  0.0504134765122  0.0352742131548  0.0214706388114  0.510911024289  0.545108607002  0.0670557087646  0.0147175632602  0.0563213035733  0.012800559323  0.0108978687914  -9999.0  -9999.0  -9999.0  -9999.0  -9999.0  -9999.0  -9999.0  -9999.0  -9999.0  -9999.0  -9999.0
-9999.0  -9999.0  -9999.0  -9999.0  -9999.0  -9999.0  -9999.0  -9999.0  -9999.0  -9999.0  -9999.0  -9999.0  0.143867815067  2.18276661533  5.85446523232  6.24823899468  8.09963199414  8.30118097114  1.52297035035  1.07672922001  0.323188765942  0.10070795239  0.396391973899  0.48193718535  0.69729831157  0.16323079604  0.144572164687  0.133380507855  0.253818981132  0.0973566474171  0.0802727975042  0.0557484201268  0.0332772475226  0.0128577197324  48.2831913185  49.7913552971  49.8427827996  0.0276922690826  0.57118523948  0.299600465101  0.0786895605852  2.4529417021  0.159819189273  0.0837259740078  0.357333283975  0.0662562859031  0.0356198731527  0.0656963726549  0.0972345807147  0.135621036726  4.68165433843  0.0296013181823  0.0259844049536  0.0257805078664  0.0143296466115  0.0120816735764  0.0423990560503  0.0588672688949  2.77699912542  2.97306799209  0.127441847634  0.0600957927897  0.0369232313166  0.0164717540161  0.652542005698  0.869789853129  0.182007140061  0.0681416610142  0.0373515558499  -9999.0  -9999.0  -9999.0  -9999.0  -9999.0  -9999.0  -9999.0  -9999.0  -9999.0  -9999.0  -9999.0
-9999.0  -9999.0  -9999.0  -9999.0  -9999.0  -9999.0  -9999.0  -9999.0  -9999.0  -9999.0  -9999.0  0.169640136273  1.69637842887  2.02745729176  0.275364584973  0.147897073844  0.261769643102  8.66378995196  8.78939512155  10.5122752148  0.0893714539728  0.188951959895  0.0805649951684  0.0818876468751  0.776235741966  1.01812372561  1.2338837494  0.0700086183026  0.323511367785  0.489200196494  0.268361992597  0.122651775566  0.0846224038961  0.0581079074628  0.056848275877  0.00870884250519  49.8792247081  49.9054420294  50.5187519725  0.113359419942  0.064109921156  2.59653320662  0.187478787836  0.0933338721563  0.102845060747  0.101275526545  0.0875496084424  0.124051325759  0.362056095788  0.536685158154  5.24880179055  0.0222600470921  0.0676664301978  0.0459563130145  0.032941988792  0.0180659953579  0.0120153756708  0.0167121935635  0.0134529799328  2.99686970325  0.00720787504238  0.0553840346953  0.0206437483756  0.0132254915364  0.012996474529  0.890065257041  0.0348462786613  0.0120308349629  0.0156075745666  0.00662944784288  -9999.0  -9999.0  -9999.0  -9999.0  -9999.0  -9999.0  -9999.0  -9999.0  -9999.0  -9999.0
-9999.0  -9999.0  -9999.0  -9999.0  -9999.0  -9999.0  -9999.0  -9999.0  -9999.0  -9999.0  -9999.0  0.176279850766  1.2223308579  0.174340318548  0.133766213399  0.787651633591  0.895647357961  1.00126046581  1.10339382422  13.7950677895  13.8954686885  14.077318471  15.3905181889  15.6041656756  15.7113652518  15.7896878292  17.1582015269  17.3431043275  17.4144053149  17.9784739903  18.3240669521  18.3905957302  18.5950640711  0.121986960722  0.10268957081  0.00871658126515  0.00344183837719  49.9277281627  50.6860540083  0.146118229779  3.16697196882  3.10086870328  0.328635664861  0.0755528210717  0.0755736546  0.0719189806726  0.0730901523786  0.145146188779  0.198742602609  0.046959942599  5.27820120605  5.30974983131  5.45065209049  5.47654314022  5.53401753523  5.57481008753  0.0174998652177  0.016721937014  0.0106541093896  3.00973467114  3.0269182494  3.09321195308  3.14126824637  0.0204462676575  0.962950892579  0.937792071096  0.0238810511173  0.437022603861  0.429271961254  0.0215049894774  0.0140758769105  -9999.0  -9999.0  -9999.0  -9999.0  -9999.0  -9999.0  -9999.0  -9999.0  -9999.0
-9999.0  -9999.0  -9999.0  -9999.0  -9999.0  -9999.0  -9999.0  -9999.0  -9999.0  -9999.0  -9999.0  0.649252636232  0.851466323093  0.360253020687  0.512171711672  0.147094425284  1.66659774222  1.77124877442  1.98438800572  2.07672043888  0.678864596717  14.9505534789  15.0382117444  0.0469832931562  0.0263319639748  0.0257058790939  0.0573513889035  0.0342155045371  0.0321749070187  0.0361139421709  0.0363543550521  18.4478264261  18.6542304341  18.8555931321  19.0275411214  19.052975298  0.00618416154589  0.00191932070608  53.9666793417  3.26063215962  3.23744816334  0.0716809039062  0.0565955939219  0.0492187337226  0.126435702088  0.122752176157  0.0585727384531  0.0591967636819  0.0586272336578  0.105796961347  0.134956530866  0.021421546418  0.0393169574683  0.0116550394099  0.00694838703949  5.58170354978  5.60869535608  5.64044962356  5.66852919739  5.68279331213  5.7037372612  5.71192787011  0.00823053397299  3.16551091732  0.01662634196  1.45228687254  0.468887298115  0.0363430211855  0.401488979498  0.363041847752  0.0169835927201  -9999.0  -9999.0  -9999.0  -9999.0  -9999.0  -9999.0  -9999.0  -9999.0  -9999.0
-9999.0  -9999.0  -9999.0  -9999.0  -9999.0  -9999.0  -9999.0  -9999.0  -9999.0  -9999.0  -9999.0  -9999.0  0.440736652995  0.196602558485  0.1616647494  1.45665594143  1.56586308688  0.113778607285  0.418403745207  0.519730416413  0.594575583358  0.102399682132  0.0452273026535  1.81081796508  1.84237158955  1.87036703863  5.12968561227  5.14960063874  5.20002747236  5.45442154931  5.60265021443  5.62760133343  0.0455159182865  0.0476361383484  0.0399276011953  19.0965909025  0.00797945087144  54.4488102572  54.4134412251  0.433250437823  0.40699469901  0.2579201853  0.0631115676152  0.0990979432864  0.177602710589  0.173713227056  0.112084210414  0.0565981336147  0.113191860146  0.122613760928  0.19144904735  0.0400315268857  0.0679883380883  0.106164520875  0.121297554587  0.130576665101  0.00854208889023  0.00861953064727  0.00843979465088  0.00860874462856  0.0107906993148  5.72562239877  5.74412380162  8.92271025376  8.93266268148  1.62707394573  0.150415384638  0.0977503876574  0.0211478684491  0.333738094438  0.321292970877  -9999.0  -9999.0  -9999.0  -9999.0  -9999.0  -9999.0  -9999.0  -9999.0  -9999.0
-9999.0  -9999.0  -9999.0  -9999.0  -9999.0  -9999.0  -9999.0  -9999.0  -9999.0  -9999.0  -9999.0  -9999.0  0.232145314672  0.558590794204  0.710467876203  1.15965804793  0.104162317378  0.216783315788  0.319615964105  1.43569382873  1.5181433678  1.59860861448  1.65773427556  1.72699121742  2.95785383451  3.14938554119  3.23900004487  0.0300124404539  0.206836292527  0.238599708725  5.51689336229  5.65332898259  5.75222817971  5.86527112671  5.91718080194  25.0309357815  0.0550039677611  54.5552833987  0.016610482687  0.00969566476491  0.344265452755  0.309137827478  0.0440004033099  0.155345969694  0.233608853989  0.22330628427  0.15697670566  0.258378222744  0.413320754414  0.175847877676  0.416714052717  0.0339580058137  0.0611443980225  0.00487564740971  0.00354960554266  0.143782945757  0.147521592912  0.013738589131  0.0148074193028  0.0229299097987  0.00781363701156  0.00733919299667  0.010812140241  12.0019533879  11.9907061566  3.02042089509  0.0477309188464  0.245018453749  0.19233466621  0.122247815366  0.311484705233  0.238973761631  -9999.0  -9999.0  -9999.0  -9999.0  -9999.0  -9999.0  -9999.0  -9999.0
-9999.0  -9999.0  -9999.0  -9999.0  -9999.0  -9999.0  -9999.0  -9999.0  -9999.0  -9999.0  -9999.0  -9999.0  0.181602858316  0.363069623127  0.168534282426  0.317966758673  0.115106763436  1.0233515442  1.22717105627  1.33788178175  0.0996340530551  0.195312186074  2.36031841782  2.83905803973  2.90390523241  0.131656185832  0.120175709911  0.158283564214  0.0249125057967  0.0211278480231  0.0391481476781  0.0151096515655  6.0797984073  6.10488939643  6.11052449301  25.1085322492  54.7501845611  54.5582971567  0.0149671720563  0.0106441192833  0.0100872968392  0.0769779911593  0.0682073400168  0.197351396452  0.278838758118  0.56106796779  0.0589594921684  0.0585078729627  0.457808983967  0.503710542068  1.00126771602  1.01530772417  1.08121006412  1.08984497268  0.00734065829926  0.0114490394547  0.154500522379  12.3638299997  12.1923051937  12.1666648588  12.1247486762  0.0057186440595  12.0797224319  0.0258054388853  0.0221353210837  1.32542513571  0.38467245958  0.372321351595  0.0714236763956  0.0795656732675  0.0540052312193  0.224409780728  -9999.0  -9999.0  -9999.0  -9999.0  -9999.0  -9999.0  -9999.0  -9999.0
-9999.0  -9999.0  -9999.0  -9999.0  -9999.0  -9999.0  -9999.0  -9999.0  -9999.0  -9999.0  -9999.0  -9999.0  -9999.0  0.172532305681  0.347535210974  0.528316446047  0.778359127676  0.127145082602  0.105901923232  1.21660953568  1.31347588408  2.16894464391  2.2878686213  0.333063832955  0.0802875630228  0.0622486390767  0.0575315018351  5.9535625968  5.97839079696  6.0038761766  6.02470782525  6.05824014534  0.361847799372  0.376997984488  6.49728008431  86.403177386  0.107948155577  0.0599220181836  0.0254890075453  0.00879706337865  0.00781774827855  0.0950145469134  0.100006711546  0.214769710653  0.00999679047085  0.578487535546  0.0929685734629  0.0914540395804  0.0108726692923  0.00499927382786  0.00372395384874  0.00454096916912  0.00397405793803  1.09541535592  14.1600844139  13.0371031703  12.9956179119  12.3747170155  0.00614359403225  0.00965587347133  0.00843692513991  12.0894654557  0.0207336924224  0.00905326955527  0.0166830750465  0.0148021525847  0.905718943477  0.879119710613  0.130015131707  0.0671483940708  0.0894357529051  0.0894567678051  -9999.0  -9999.0  -9999.0  -9999.0  -9999.0  -9999.0  -9999.0  -9999.0
-9999.0  -9999.0  -9999.0  -9999.0  -9999.0  -9999.0  -9999.0  -9999.0  -9999.0  -9999.0  -9999.0  -9999.0  -9999.0  -9999.0  0.143271568657  0.387917065375  0.642869269004  0.899783515271  1.00553605325  1.1176214684  0.317232466752  0.548414313828  0.115398396649  0.0967778226212  5.59645295418  5.76738977164  5.84117672082  5.91406766871  0.0414216401896  0.0663917593895  0.240615339745  0.277600680402  0.325471401847  0.0202505057414  0.029328275086  86.5624971023  0.0513499887736  0.0287523057056  0.0144206580532  0.0493959136678  0.0244392290658  0.0102116192945  0.322602797504  0.339676295597  0.00519282473056  0.586149411588  0.683093847307  0.0959621930556  14.4760898401  14.4618800149  14.4528416161  14.4358782682  14.4271003034  14.2410581164  14.2273812275  0.0340116638314  0.609721386583  0.591274675633  0.56681489013  0.561087244578  0.358899040341  0.353177789064  0.340310256398  0.112546368366  0.107745723984  0.0732009262236  0.0165530228654  0.842056393388  0.768924855437  0.0603452550318  0.0954475741149  0.0400205350395  -9999.0  -9999.0  -9999.0  -9999.0  -9999.0  -9999.0  -9999.0  -9999.0
-9999.0  -9999.0  -9999.0  -9999.0  -9999.0  -9999.0  -9999.0  -9999.0  -9999.0  -9999.0  -9999.0  -9999.0  -9999.0  -9999.0  0.140247737408  0.273413036148  0.277009141887  4.00461332147  4.11231248776  0.112154233926  0.107550283928  0.114453581818  5.2097296224  5.42559428453  0.100645496576  0.100706144459  0.0713946793784  0.335660026825  0.425080215939  0.148445166238  0.20783626526  2.07796479432  2.13426043234  2.22584444842  3.52215183163  90.1459239716  0.0600937108672  0.0114549714065  0.0820923149242  0.0666116465209  0.0111687992175  0.0332820634701  0.0444029933951  0.351313464057  0.361726262711  1.06209202373  0.688743736985  0.11044098148  14.7074050582  0.0736433529023  14.4454651567  14.4410506559  0.174150366016  0.0226891827408  0.0368852360368  0.0188265781661  0.0059734199976  0.0201001184323  0.00991592076852  0.197048804766  0.167569986617  0.00963248041551  0.224269912194  0.024958438592  0.0185177355581  0.0556298694572  0.0266837730353  0.0617613867789  0.58686015372  0.480266470869  0.0376569909563  0.0493116732255  0.0243191398793  -9999.0  -9999.0  -9999.0  -9999.0  -9999.0  -9999.0  -9999.0
-9999.0  -9999.0  -9999.0  -9999.0  -9999.0  -9999.0  -9999.0  -9999.0  -9999.0  -9999.0  -9999.0  -9999.0  -9999.0  -9999.0  0.665511754324  1.12039443081  2.09347041381  3.83034617302  4.43632327183  4.78825192584  4.89616824076  5.00897809989  5.11855650637  0.101418694148  0.0849337237911  0.165966327923  0.158487706336  0.0974402846118  1.77299021179  1.85921501515  1.93793920284  2.01033351586  1.13440262596  1.15480745063  1.23751788686  90.197131953  0.129618250138  0.0315682702474  0.132155906928  0.0180297001917  0.0399332284782  0.0265829133282  0.0102059448655  0.0616775429851  0.00780916506095  0.00798292186316  15.8141384005  14.7464182505  14.7384792766  0.0314261082851  0.0696796612421  0.0371670853229  0.00429831579219  0.121474694281  0.0267232053229  0.023937976652  0.0200435437573  0.0147560416645  0.00879323784821  0.0223194665569  0.159636133585  0.134506277336  0.110821502334  0.192173951247  0.18599662643  0.181585565716  0.0107275339647  0.0338666119474  0.0408585544162  0.35243547471  0.263990504879  0.135438419057  0.0185104970392  -9999.0  -9999.0  -9999.0  -9999.0  -9999.0  -9999.0  -9999.0
-9999.0  -9999.0  -9999.0  -9999.0  -9999.0  -9999.0  -9999.0  -9999.0  -9999.0  -9999.0  -9999.0  -9999.0  -9999.0  -9999.0  0.453351027123  0.474274772052  0.954853656706  1.36143605968  0.177666537312  0.169051915235  0.292173784065  0.411491876373  0.644608767826  0.749302460292  0.829884988142  1.08254142344  1.16051311618  1.26688323642  0.0910755656854  0.883820332068  0.954816918535  1.0214987857  0.0615701850452  0.0569299684458  0.0787331142803  91.6212000894  91.6701308178  91.8756887458  0.19416128265  0.0419404487516  0.0519172289501  0.00916945726109  0.018771095923  0.0722849107332  0.0874240450046  0.0145953035112  15.8570512844  0.0185146882938  0.0176179387264  0.017172773716  0.0214577562242  0.0271784211462  0.0117994970985  0.0920390535335  0.0682455867474  0.0492242186075  0.025599696282  0.0182631683922  0.0104850786423  0.0131152593541  0.0157647558242  0.0160568904823  0.102935850766  0.0788932440328  0.0559345498841  0.0341850325465  0.176143332211  0.143284823419  0.0346359739744  0.0503463407664  0.0502149333259  0.0702791389566  0.0272545107242  -9999.0  -9999.0  -9999.0  -9999.0  -9999.0  -9999.0  -9999.0
-9999.0  -9999.0  -9999.0  -9999.0  -9999.0  -9999.0  -9999.0  -9999.0  -9999.0  -9999.0  -9999.0  -9999.0  -9999.0  -9999.0  -9999.0  0.480430625418  0.918962100584  0.375012041398  0.746506294494  4.56825755319  4.70281284451  4.80551239339  0.109356237647  0.109632936749  0.189820232173  0.279970643054  0.432133820482  0.519583192974  0.62113112216  0.705405539594  0.0672865853528  0.057466496679  1.16505366376  1.22972889995  1.25624678891  1.29329160761  1.37243564258  93.4162349963  93.8192318712  93.8377217487  93.9047882575  93.9689226058  93.9924718633  0.00705486685819  0.0947010176118  15.8632796593  0.0131438131124  0.00674161286359  0.0190316726024  0.0223034118517  0.033211080387  0.015486745749  0.00931406594887  0.0155564477036  0.0110617297346  0.0172158611766  0.00790685352967  0.00548122048829  0.0215409996256  0.0157844997248  0.00878499616866  0.00853745292263  0.0104695774485  0.0115106675283  0.0126970914914  0.0236459103586  0.0338606937493  0.0710442511381  0.0146777326284  0.06952793973  0.0263825690347  0.0234096603484  -9999.0  -9999.0  -9999.0  -9999.0  -9999.0  -9999.0  -9999.0  -9999.0
-9999.0  -9999.0  -9999.0  -9999.0  -9999.0  -9999.0  -9999.0  -9999.0  -9999.0  -9999.0  -9999.0  -9999.0  -9999.0  -9999.0  -9999.0  -9999.0  1.3615474818  1.72758307914  2.86977820432  3.5158815438  0.264996848797  5.2091709791  5.31236616099  5.4003884737  0.0867641751402  0.169196279168  0.0722002079436  0.571960193469  0.664584232346  0.75248024425  0.828241274503  1.02961474461  1.11588822878  0.0583851084485  1.19217503513  1.27843845801  1.33566928471  1.49349135784  0.170402575758  0.0887447894599  0.035189237371  0.0342590840258  94.0190647061  94.0274776236  94.1947773093  15.870159735  0.0526764779051  0.03339845462  0.025628594184  0.00513275245297  0.0661645086102  0.0262046434909  0.00813050596376  0.0444334060423  0.0377461164371  0.00548673827332  0.0425840510929  0.0386867802627  0.0281687379222  0.00582227413187  0.0179318804181  0.0134442934441  0.00543329806911  0.0240037657583  0.0185338687749  0.0414234559542  0.0394479097444  0.0125488277381  0.0269361917474  0.276009149144  0.1647744543  0.10571209017  0.0476671169638  -9999.0  -9999.0  -9999.0  -9999.0  -9999.0  -9999.0  -9999.0
-9999.0  -9999.0  -9999.0  -9999.0  -9999.0  -9999.0  -9999.0  -9999.0  -9999.0  -9999.0  -9999.0  -9999.0  -9999.0  -9999.0  -9999.0  -9999.0  0.410301851156  2.130327532  2.51733054201  0.253643768384  0.117929356981  0.265132432646  0.390792305397  5.88528150127  0.0870323546053  0.349520170029  0.426583427082  0.500699369044  0.0836627966147  0.166528676307  0.233413337814  0.852442039059  0.987098546169  1.04790458383  0.0452214464535  0.0336505508247  0.0331899777893  0.0620152686957  0.0245117000903  0.0248375128581  0.0214224217007  0.0265553992032  0.0220585418624  0.0677336113482  94.2043492762  110.103005148  0.0644856288221  0.0207826241341  0.00664469357449  0.179798077008  0.168369609108  0.092131778407  0.0809985496377  0.056961303435  0.0153677491246  0.00913317687907  0.0464707271172  0.0202999817658  0.0160214688521  0.00487796606816  0.0228307810757  0.0569187559099  0.0477018190067  0.032461350207  0.019024306392  0.100634006022  0.0790451533241  0.0217155199052  0.335972474902  0.328264561429  0.030097908765  0.0270482376188  0.0248001613531  0.0224621917312  -9999.0  -9999.0  -9999.0  -9999.0  -9999.0  -9999.0
-9999.0  -9999.0  -9999.0  -9999.0  -9999.0  -9999.0  -9999.0  -9999.0  -9999.0  -9999.0  -9999.0  -9999.0  -9999.0  -9999.0  -9999.0  0.419522801385  1.1922310441  0.37283643656  0.177280458563  0.134212358234  0.254969476147  0.379133318757  0.516182586462  6.65796737025  6.74181892172  0.0875314550908  0.166026151529  0.246482046155  0.330382241596  0.402641532666  0.701392487574  0.793681270845  0.0648732370876  0.0434529473686  0.0319984145736  0.0191312487055  0.023214593386  0.0284143698504  0.0273395065418  0.0462686932656  0.105717879647  0.0554571684429  0.0293310043  0.0299043137401  0.0121353492331  0.0212573670755  111.176187571  0.992845883154  0.287887681377  0.0852566002419  0.0472446801117  0.0166341698344  0.037594452047  0.0181030622963  0.00722151522934  0.00713199592871  0.0594228458245  0.0855252810305  0.0936582447888  0.0036566353755  0.0913784175592  0.0646118720733  0.00767005392307  0.00598307878791  0.0133096532416  0.209317453617  0.0950075473918  0.0311917193221  0.347951962011  0.0152751981116  0.0182003735666  0.0965461185138  0.0490412336339  0.0860807760271  0.0395379498339  -9999.0  -9999.0  -9999.0  -9999.0  -9999.0
-9999.0  -9999.0  -9999.0  -9999.0  -9999.0  -9999.0  -9999.0  -9999.0  -9999.0  -9999.0  -9999.0  -9999.0  -9999.0  -9999.0  0.446626066455  0.852456168586  2.83406452386  0.362114720816  0.424471099835  0.550134453013  0.661868350835  0.121392022253  0.219772104312  0.407724455381  7.37794656651  0.0801846998144  0.151433259998  0.228738664256  0.0875110015174  0.170443991616  0.230507467894  0.295535099307  10.342061925  10.4103402899  10.4642807613  10.657853677  10.7293234802  10.8703192904  0.0356260801786  0.0946532394176  0.119783730933  11.2925273136  11.3326034273  0.0261316883995  0.0330482530488  0.0400300903644  111.204788894  0.95350061811  0.53827424116  0.474478720925  0.380919017689  0.316998992645  0.0482499504011  0.0150984261091  0.0182056636515  0.00631928092263  0.00669875445118  0.0123971622034  0.100456264515  0.202018822651  0.0974048272723  0.0206236214725  0.0143815593698  0.00702644066263  0.256523105131  0.233559657698  0.0142064590919  0.409592863428  0.363508020581  0.0292013861063  0.181875293156  0.115670586242  0.131739140904  0.112091179179  0.0241170573349  -9999.0  -9999.0  -9999.0  -9999.0  -9999.0
-9999.0  -9999.0  -9999.0  -9999.0  -9999.0  -9999.0  -9999.0  -9999.0  -9999.0  -9999.0  -9999.0  -9999.0  -9999.0  -9999.0  0.458893610394  1.38119201077  4.66858000676  7.0257150999  0.336224498233  9.00745944405  9.96354791786  0.110971157818  0.209589576714  0.364769843822  8.5483710713  8.70128509249  0.053379501876  0.336765515176  0.393796754382  0.457134947333  9.87066507931  9.96433067253  10.0159942516  0.0264182466062  0.147587024269  0.173811119883  0.0639769908472  0.0861007603032  11.0010581929  11.1323242593  11.1489394937  11.1643724469  11.3496520087  0.00837270171398  0.00727029269006  0.0549770378386  111.230630898  0.0586948729342  0.0135587821827  0.0414960315288  0.0165325284244  0.256093815236  0.235701966859  0.150295193432  0.091607460173  0.0253936129121  0.00729464510981  0.0171230291441  0.00473029567732  0.207628903756  0.0312827772731  0.0256161993255  0.0046785400583  0.0118075221185  0.262588978743  0.00532431044099  0.0102981780307  0.417860968842  0.00728086430995  0.209441363409  0.197971947434  0.18174213782  0.167706503608  0.0172029855341  0.0646911466429  0.0203317426933  -9999.0  -9999.0  -9999.0  -9999.0
-9999.0  -9999.0  -9999.0  -9999.0  -9999.0  -9999.0  -9999.0  -9999.0  -9999.0  -9999.0  -9999.0  -9999.0  -9999.0  -9999.0  -9999.0  -9999.0  0.969839429429  1.94874024637  8.28756790593  8.70775862901  10.3426787059  10.6511842382  0.11037488215  0.220973358862  0.537430240934  8.93767410605  9.06677858385  9.10872941483  0.0337469266801  9.25561200545  9.35349857537  0.0557900405107  0.026935806785  0.0514325188202  0.100021427132  0.0241277622004  0.0453288130766  0.0975844247934  0.117202898238  0.0225537240157  0.0140102731086  0.0265020203907  11.4697349231  11.5067093024  11.5127359564  11.5889933347  111.249397354  0.0549600581167  0.00847243869644  0.0109106183996  0.0103409472008  0.0107126813216  0.00909918232858  0.0167476820805  0.0257202222025  0.0376740193131  0.0109370852745  0.00747327831467  0.0303207331535  0.263333949289  0.302816864966  0.309766325651  0.331900684672  0.00518170457254  0.267932133101  0.0317515173992  0.0209886477695  0.423974786414  0.437418962618  0.217390325458  0.231540030466  0.19907907359  0.120898830893  0.104837822209  0.0874094425115  -9999.0  -9999.0  -9999.0  -9999.0  -9999.0
-9999.0  -9999.0  -9999.0  -9999.0  -9999.0  -9999.0  -9999.0  -9999.0  -9999.0  -9999.0  -9999.0  -9999.0  -9999.0  -9999.0  -9999.0  -9999.0  0.50887368901  0.4962093334  0.462028784548  0.81967265921  0.350731625369  11.3595565346  11.6464123412  0.115349160017  0.213442827804  0.0771795667947  0.0593921442055  0.0563133827858  9.19193561624  0.0313293443907  0.0681903486948  0.0299107947636  0.0288306347526  0.0246056904886  0.0183105835897  0.0192960244617  0.0598728219549  0.0830668925993  0.0154068984007  0.0134520018156  0.029557771181  0.0508666960017  0.0762929286722  0.0231292953985  11.5249352695  11.5960819317  111.266613637  0.141365547847  0.020265190501  0.00602597912434  0.0150691356681  0.00485272082598  0.00382967172457  0.0209549195657  0.110198350619  0.0526588142967  0.00669740300826  0.00466597304247  0.0111818894224  0.00664313025619  0.00440185863539  0.00610799601725  0.00690594951108  0.66276244161  0.305007931041  0.0050512253248  0.00840375272394  0.00395468086306  1.09286619805  0.650730981789  0.645383054305  0.214665512487  0.148143302771  0.0133885706765  -9999.0  -9999.0  -9999.0  -9999.0  -9999.0  -9999.0
-9999.0  -9999.0  -9999.0  -9999.0  -9999.0  -9999.0  -9999.0  -9999.0  -9999.0  -9999.0  -9999.0  -9999.0  -9999.0  -9999.0  -9999.0  -9999.0  -9999.0  -9999.0  0.4918080997  1.25619508393  1.61988809469  1.97098574835  11.9901866128  12.3243769082  12.6113128893  12.7967178104  12.8505309047  12.9632923133  12.987331724  13.0166568399  13.0368792115  0.0236718801995  0.0222352631777  0.023629809762  0.0820565410675  0.022345399648  0.0211350183688  0.0155362627504  0.0453432597522  0.0191168571253  0.0138251843813  0.0126016392452  0.0105267173617  0.0209975724279  0.0300729271757  11.6565794695  123.075999385  0.064044342287  0.0925724551808  0.00443297346065  0.0201824662459  0.0104314822243  0.00769527071158  0.223207691165  0.189570768987  0.04045343317  0.0108955394874  0.0200251063847  0.00449014263323  0.0115307829081  0.00698839733343  0.0165882772601  0.00604244895946  0.00819896974062  0.669127680757  0.687746913712  1.30155960589  1.29667941055  1.29048681203  0.00731169020845  0.186734892076  0.17824421657  0.0173384738054  -9999.0  -9999.0  -9999.0  -9999.0  -9999.0  -9999.0  -9999.0
-9999.0  -9999.0  -9999.0  -9999.0  -9999.0  -9999.0  -9999.0  -9999.0  -9999.0  -9999.0  -9999.0  -9999.0  -9999.0  -9999.0  -9999.0  -9999.0  -9999.0  -9999.0  -9999.0  0.408455323633  3.27469389615  6.11950433458  6.45660624756  0.246128939039  0.367034927699  0.467074104836  0.541294480314  1.07381518639  1.09813562166  0.0240012464565  0.0238636973688  13.0875330238  13.1320385214  13.1529242864  0.0970194228502  0.0128821291234  0.0340213701505  0.0498130328747  0.149748041338  0.18577970069  0.212491605498  0.0240174251881  0.0330160178572  0.0111227617197  0.0219369962466  0.0113249677368  123.090751877  0.0467290041336  0.190930969858  0.0310799492603  0.0552208697298  0.271805520148  0.301015949615  0.550789484101  0.137409285874  0.101569966143  0.0337810498166  0.0306928407297  0.00735520206574  0.0143728838498  0.0212114218656  0.0187209935521  0.0023994052798  2.04167788311  2.03192168737  2.02696349449  1.32137368299  0.0115259628226  0.178933624877  0.12734747637  0.084530099487  0.0529102504979  0.00884203720133  -9999.0  -9999.0  -9999.0  -9999.0  -9999.0  -9999.0  -9999.0
-9999.0  -9999.0  -9999.0  -9999.0  -9999.0  -9999.0  -9999.0  -9999.0  -9999.0  -9999.0  -9999.0  -9999.0  -9999.0  -9999.0  -9999.0  -9999.0  -9999.0  -9999.0  0.459384498512  1.46832114011  2.87262803897  3.75002827236  9.15036712312  9.4384249587  0.216131437714  0.318896449254  0.413373589393  0.482169171231  1.1224330466  1.16945054506  2.07353335027  2.17311137856  2.19687843435  13.1723531397  13.3171459052  0.0321153788066  0.0226785455584  0.0211779934323  0.0401916565646  0.018462140107  0.248807501014  0.261653410046  0.0433795990238  0.0611935092875  0.0128000879402  51.0322680925  51.0551424939  174.15471425  174.398202839  0.0592666192052  0.181437483724  0.0741155251654  0.0441936042366  0.602155162985  0.750376113361  0.0740306852693  0.0380506986177  0.00718326602573  0.00390877113145  0.0181132992302  2.08003795729  2.0560578225  2.0535923036  2.04757506863  0.00741657930763  0.00752589418814  0.00937343980002  0.0125473831472  0.0413930026163  0.0276753770107  0.0249751799632  0.037908425665  0.0116453150494  -9999.0  -9999.0  -9999.0  -9999.0  -9999.0  -9999.0  -9999.0
-9999.0  -9999.0  -9999.0  -9999.0  -9999.0  -9999.0  -9999.0  -9999.0  -9999.0  -9999.0  -9999.0  -9999.0  -9999.0  -9999.0  -9999.0  -9999.0  -9999.0  -9999.0  -9999.0  0.527013887792  0.512627049052  0.964962841857  2.29430694566  9.82864461381  0.113730729858  0.111722038018  0.197574006143  0.29689422805  0.722450924118  0.770759786292  0.078909914945  0.0702499043219  2.23012506531  2.25089287748  15.5911036263  15.6112421827  0.0113625547522  0.00992022060558  0.00821060484266  0.00829369841084  0.00911679636619  50.7661165914  50.8474231082  50.9301172686  50.9640753308  51.018044103  0.0130317983967  0.0464646908648  0.0534915085731  174.480407489  174.497468736  174.532996803  174.541836517  174.55196658  0.759751902159  0.0029682277348  0.0138248199651  0.0111208224032  0.00284709368618  0.0209413131665  2.09033180917  0.00665639052018  0.00340417003254  0.0311083892217  0.0279665771558  0.0235002575526  0.0190459137395  0.0117849566839  0.0165696890873  0.01517391931  0.0128316341019  0.0140360201981  -9999.0  -9999.0  -9999.0  -9999.0  -9999.0  -9999.0  -9999.0  -9999.0
-9999.0  -9999.0  -9999.0  -9999.0  -9999.0  -9999.0  -9999.0  -9999.0  -9999.0  -9999.0  -9999.0  -9999.0  -9999.0  -9999.0  -9999.0  -9999.0  -9999.0  -9999.0  -9999.0  -9999.0  0.467011781348  0.490231640069  0.911274224997  11.6035799097  11.8997716626  0.107897429242  0.19360352332  0.296413162076  0.387267493724  0.0808451289089  0.140810650548  20.9539255728  20.9781560818  21.0186070696  21.2857812269  36.9285074706  50.2625820965  50.291500201  50.3171517506  50.3416812207  50.4550055894  50.4921165449  0.0682255075152  0.029655823283  0.0185968238618  0.0342813223275  0.0229106549915  0.0371752115569  0.0113031650916  0.26442383511  0.362255750675  0.468806960368  0.471818285198  174.551663805  175.315658204  175.335427826  0.0173838062823  0.00246503407784  0.0290221415814  0.0241183233973  2.09766137329  0.00380941163661  0.0761998648232  0.0412740249597  0.0374145522404  0.0260236713712  0.0115297125286  0.0188897241442  0.00983058938785  -9999.0  -9999.0  -9999.0  -9999.0  -9999.0  -9999.0  -9999.0  -9999.0  -9999.0  -9999.0  -9999.0
-9999.0  -9999.0  -9999.0  -9999.0  -9999.0  -9999.0  -9999.0  -9999.0  -9999.0  -9999.0  -9999.0  -9999.0  -9999.0  -9999.0  -9999.0  -9999.0  -9999.0  -9999.0  -9999.0  -9999.0  -9999.0  0.476582381946  0.916570463238  1.35861337893  12.2476687091  0.169410700389  15.9319210273  16.0389297345  16.1230385988  16.1900219394  20.6820046601  20.7531566851  0.0273605076159  0.194978485234  0.228030535616  0.0272089055635  13.3064044912  13.2571310872  0.0136080073713  0.0341135290786  0.0919366255809  0.0206532722444  0.021699087478  0.0148665442177  0.0118514068649  0.00875426164508  0.0104797158447  0.230517198316  0.241719772672  0.256013137728  0.0867891268882  0.0907763092117  0.525585924251  0.533364149065  0.535467639141  175.333939207  175.33259113  0.0355446046077  0.031167752839  2.18279619857  2.18072995851  0.0798465375879  0.00583352184567  0.0030027677277  0.0713714307399  0.0610797156337  0.0469101275032  0.0276617565443  0.0139258582164  0.00625103571751  -9999.0  -9999.0  -9999.0  -9999.0  -9999.0  -9999.0  -9999.0  -9999.0  -9999.0  -9999.0
-9999.0  -9999.0  -9999.0  -9999.0  -9999.0  -9999.0  -9999.0  -9999.0  -9999.0  -9999.0  -9999.0  -9999.0  -9999.0  -9999.0  -9999.0  -9999.0  -9999.0  -9999.0  -9999.0  -9999.0  -9999.0  0.433380518276  0.409452307692  2.11966421871  15.1230008648  15.6500112539  15.8453453408  0.0801886235033  4.23961404211  4.3301715851  4.42801608277  0.0647810960212  0.0955124947148  0.120266687658  3.11700534999  3.13739982859  3.15479298156  13.2281403391  8.48709220944  0.0191142870027  0.0199945119948  0.0186323865088  0.0132075283847  0.141000002568  0.168886394793  0.192719449021  0.20616394763  0.218957257517  2.00351072456  2.01215945197  2.02881887864  2.068015188  2.17660578556  2.1795476311  2.71798813575  0.00221479935888  175.330841427  175.329900336  0.038223481716  2.18451610316  0.00529719664171  0.00280761860516  0.00893979455763  0.109215044075  0.106646772541  0.0259065678603  0.0131366625496  0.0316395586901  0.0225281074272  0.00617077181319  0.00521939496743  0.00510764171538  -9999.0  -9999.0  -9999.0  -9999.0  -9999.0  -9999.0  -9999.0  -9999.0
-9999.0  -9999.0  -9999.0  -9999.0  -9999.0  -9999.0  -9999.0  -9999.0  -9999.0  -9999.0  -9999.0  -9999.0  -9999.0  -9999.0  -9999.0  -9999.0  -9999.0  -9999.0  -9999.0  -9999.0  -9999.0  -9999.0  0.852198198657  1.30106411669  0.362201534456  0.115414897793  3.98369241938  4.06551329291  4.11163159363  0.642432465609  0.690618082857  0.737585317294  0.765937183995  3.06921553433  3.10085352546  1.53100488825  4.70711348263  4.72623897924  8.47415610767  0.0376143888316  0.0192253842313  0.0124003375006  0.0982580897436  0.114948667789  0.00901506363537  0.00831822116024  1.96314636296  1.9851245138  1.99595809741  0.0174448000782  0.0273523172947  2.1631974039  0.00778874086544  0.022267916469  0.0244380586584  2.74662241245  2.74878293907  2.7780065546  178.144404889  2.19178652567  0.13066807462  0.128333743856  0.124556545798  0.11158104053  0.00316895021527  0.0523624758164  0.0443050972115  0.0155607627822  0.00525161632234  0.0105116945822  0.0246739690053  0.0143321084809  -9999.0  -9999.0  -9999.0  -9999.0  -9999.0  -9999.0  -9999.0  -9999.0
-9999.0  -9999.0  -9999.0  -9999.0  -9999.0  -9999.0  -9999.0  -9999.0  -9999.0  -9999.0  -9999.0  -9999.0  -9999.0  -9999.0  -9999.0  -9999.0  -9999.0  -9999.0  -9999.0  -9999.0  -9999.0  -9999.0  0.429820245263  0.848509416647  3.27994965371  3.61562857048  3.77056566241  0.537136917149  0.599872091268  0.0461527674531  2.19998726165  2.24001462292  2.2747323634  0.0273590033035  1.47356878251  1.50706913735  0.0221177181213  8.37543056621  0.0448196730205  0.0229804586221  0.0539080201205  0.0732155784259  0.0130185246041  0.0101378443298  1.85140721706  1.94371490174  1.957053787  0.013930392207  0.0273258138529  0.0342794191861  0.04103252636  0.0827674669178  0.0081411879986  0.0183732648092  0.00361809296709  0.00707050562504  2.77313166505  2.7757598573  178.14361324  180.477446545  0.143207511084  0.00888074633178  0.00510024335231  0.00546702514997  0.00245717587571  0.0560818892456  0.0323379997846  0.0259157252997  0.0774357171792  0.0680647170489  0.0488123481234  0.0119541367428  0.00532174823809  -9999.0  -9999.0  -9999.0  -9999.0  -9999.0  -9999.0  -9999.0
-9999.0  -9999.0  -9999.0  -9999.0  -9999.0  -9999.0  -9999.0  -9999.0  -9999.0  -9999.0  -9999.0  -9999.0  -9999.0  -9999.0  -9999.0  -9999.0  -9999.0  -9999.0  -9999.0  -9999.0  -9999.0  -9999.0  0.424682625251  1.28640115307  2.06850215018  0.278391968111  0.381236205262  0.468113301225  2.01440632165  2.07023212611  2.11533871736  0.0384371334296  1.27247359183  1.39328554745  1.42160307185  0.0180225901369  8.2822414748  8.33441245178  0.0232102011947  0.0204701556355  0.0399131452839  0.014968364578  1.78283930697  1.80843280687  1.82368187247  0.0580076644444  0.0715453942251  0.0112712075128  0.0198372786641  0.00865985117443  0.0610965126425  0.00936875574539  0.00485898897282  0.00492478631695  0.00527868464638  0.010779085919  0.0144347701858  10.0226411071  10.0336139499  190.518987173  190.521153783  190.522378294  0.00680204749694  0.111294674269  0.103694946692  0.0431002689315  0.0409783752931  0.00527365860535  0.0922556391127  0.00626005896082  0.00532728192083  0.004239832885  0.0206833065852  0.00953058797194  -9999.0  -9999.0  -9999.0  -9999.0  -9999.0  -9999.0
-9999.0  -9999.0  -9999.0  -9999.0  -9999.0  -9999.0  -9999.0  -9999.0  -9999.0  -9999.0  -9999.0  -9999.0  -9999.0  -9999.0  -9999.0  -9999.0  -9999.0  -9999.0  -9999.0  -9999.0  -9999.0  -9999.0  -9999.0  0.418986059929  0.387930034805  0.205180202326  1.62325369176  1.70358697226  1.94189715656  0.0545407570341  1.08942520494  1.20159403778  0.0429623529525  0.0897051306791  0.0264545631491  8.2198971919  0.0268270512239  0.0639717451835  0.0783266959179  0.0913198455851  1.70103389179  1.74091197842  1.75803612352  0.0175652134764  0.0317112431893  0.0440719847092  0.00691931568769  0.00619030862604  5.95780377164  5.96412528597  5.96923878468  6.0276703192  6.03473616475  6.04196702371  6.04598803331  9.03597572712  9.04137921462  10.0201831867  0.00815154905007  0.00919903940503  0.0157593114125  190.535636539  190.549411364  190.66116163  190.658616801  0.00414316092413  0.00235524924071  0.101476077429  0.0989056797391  0.00395872209737  0.010606015725  0.0952308601153  0.0642033923397  0.0571108648778  0.0160364451001  -9999.0  -9999.0  -9999.0  -9999.0  -9999.0
-9999.0  -9999.0  -9999.0  -9999.0  -9999.0  -9999.0  -9999.0  -9999.0  -9999.0  -9999.0  -9999.0  -9999.0  -9999.0  -9999.0  -9999.0  -9999.0  -9999.0  -9999.0  -9999.0  -9999.0  -9999.0  -9999.0  -9999.0  0.338754061852  0.525075123692  0.985854378959  1.52885807921  0.0931962345034  0.169841872215  0.933906003349  0.989136246599  0.0608570931245  1.81627115608  1.86050774312  8.13253977726  8.16282777821  0.0201894877716  0.036722388948  0.167685204904  1.5643330167  1.60178991205  0.029611351793  0.0159772983565  0.0120542077046  5.57542332209  5.59813368079  5.61657025512  5.63532172072  5.95211628419  0.0204127537101  6.02136022447  0.0123677763077  0.00763743987426  0.0134031544471  2.97758753366  2.98704763092  0.941372676172  0.971533731068  0.0211497789216  0.010321318897  0.0121183298362  0.00684175492288  0.00960602602604  0.00309864295613  198.062096321  198.064540316  0.12997618556  0.106234996279  0.00282277915036  0.14382779646  0.1353693982  0.114193613506  0.00970975158625  0.0133993892796  0.0168155518796  -9999.0  -9999.0  -9999.0  -9999.0  -9999.0
-9999.0  -9999.0  -9999.0  -9999.0  -9999.0  -9999.0  -9999.0  -9999.0  -9999.0  -9999.0  -9999.0  -9999.0  -9999.0  -9999.0  -9999.0  -9999.0  -9999.0  -9999.0  -9999.0  -9999.0  -9999.0  -9999.0  -9999.0  -9999.0  0.148049482641  0.285142627847  0.399249560713  0.769396325485  0.848857122216  1.48069059518  1.63679540087  1.70474449614  1.76937226419  6.20118688666  6.24074185778  0.0217808744077  0.128597829198  0.151675724844  1.333708606  1.36119685143  0.0220470004101  0.00732160346744  5.52048982831  5.54395719011  5.554277243  0.012678642127  0.283027804328  0.293963891928  0.306871352416  0.0106628977422  0.00783708055264  0.00553592053186  0.00527408672375  2.94905609417  2.95863993376  0.00632753968456  0.935079443608  0.894838904557  0.888630444308  0.00782849215132  0.00919558162571  0.0108282486421  0.0152057553008  7.38738804078  7.40525844155  198.193823493  0.0148638309938  0.00397906952672  0.149820615019  0.0038098377044  0.0287696189017  0.0186124541235  0.00874445674397  -9999.0  -9999.0  -9999.0  -9999.0  -9999.0  -9999.0  -9999.0
-9999.0  -9999.0  -9999.0  -9999.0  -9999.0  -9999.0  -9999.0  -9999.0  -9999.0  -9999.0  -9999.0  -9999.0  -9999.0  -9999.0  -9999.0  -9999.0  -9999.0  -9999.0  -9999.0  -9999.0  -9999.0  -9999.0  -9999.0  -9999.0  0.128796140302  0.440247002927  0.66500935032  1.04719668875  1.29819850819  1.4021165943  0.0851391563232  1.64499472286  6.09329395163  6.15543357054  0.0437353551817  0.0684766550069  0.11271609538  1.29727664325  1.31601665043  3.99624184717  4.02626451517  5.48927278032  5.51618156588  0.0164081228073  0.242362257174  0.260782504767  0.274462320324  0.0106518719608  2.71867280026  2.72862613318  2.75630068913  2.87352886613  2.92156997983  2.9341314209  0.0103760155899  0.0192041261808  0.0267909247634  0.750219572511  0.875184260812  0.0880353320645  0.0805788370784  0.00920436220578  0.00909028982559  7.36872691354  0.0149418229781  0.00607421919722  198.19652593  0.00174913109769  0.00161544137743  0.187060971666  0.0346686511247  0.00736083195635  0.00455725899858  -9999.0  -9999.0  -9999.0  -9999.0  -9999.0  -9999.0  -9999.0
-9999.0  -9999.0  -9999.0  -9999.0  -9999.0  -9999.0  -9999.0  -9999.0  -9999.0  -9999.0  -9999.0  -9999.0  -9999.0  -9999.0  -9999.0  -9999.0  -9999.0  -9999.0  -9999.0  -9999.0  -9999.0  -9999.0  -9999.0  -9999.0  0.158733806067  0.149028443316  0.646000384388  0.916846628387  0.14289831005  1.45328504327  1.55741005425  0.0851798175328  4.28849787505  0.0811614408019  0.598228604978  1.24061728443  1.28184074928  3.85461941087  3.87088657993  3.98270746443  0.02382312852  1.45634784338  0.0145618845874  0.0230625234287  0.236406328299  0.0115326573049  0.586893068681  2.69959644784  0.00900646982835  0.0203989681406  0.0888264991838  0.0145024196498  0.0191099203301  0.010007419355  0.00629764788816  0.674708424427  0.722962853343  0.743168622649  0.0281252998321  0.0242357397014  0.0444973040367  0.0134422026888  7.33866551724  7.34736069108  0.0095985661023  0.00326964860495  0.00124135988157  198.201601335  198.418830182  0.218702397839  0.0301544055059  0.0276900975642  0.0141874313245  -9999.0  -9999.0  -9999.0  -9999.0  -9999.0  -9999.0  -9999.0
-9999.0  -9999.0  -9999.0  -9999.0  -9999.0  -9999.0  -9999.0  -9999.0  -9999.0  -9999.0  -9999.0  -9999.0  -9999.0  -9999.0  -9999.0  -9999.0  -9999.0  -9999.0  -9999.0  -9999.0  -9999.0  -9999.0  -9999.0  -9999.0  -9999.0  0.142454242303  0.159972735932  0.147595012689  1.2068459086  1.33914347089  1.82788545465  4.21576030019  0.119224064004  0.375021494431  0.459565232809  0.592317071119  0.125416468261  3.81130793054  0.0436764573764  0.089647457539  1.41533498974  0.0288645369699  0.156477352453  0.181888272594  0.0206985995602  0.0107032201068  0.581498049443  2.105377849  0.014190270301  0.0459730260283  0.0783068824688  0.0127318633618  0.00771360477382  0.614569111379  0.642768333299  0.0206028034277  0.042440900305  0.0119087180198  0.0191261803753  0.0139833187771  0.0110508418451  0.00985068261012  7.33162190422  0.0282813970861  -9999.0  -9999.0  0.00326918945778  0.00571274399027  198.415268594  198.41163086  198.411988202  0.00290600602955  -9999.0  -9999.0  -9999.0  -9999.0  -9999.0  -9999.0  -9999.0  -9999.0
-9999.0  -9999.0  -9999.0  -9999.0  -9999.0  -9999.0  -9999.0  -9999.0  -9999.0  -9999.0  -9999.0  -9999.0  -9999.0  -9999.0  -9999.0  -9999.0  -9999.0  -9999.0  -9999.0  -9999.0  -9999.0  -9999.0  -9999.0  -9999.0  -9999.0  -9999.0  0.184513086682  0.707773116624  0.918002980334  1.71143649439  0.799530759424  2.26003645175  1.23696298733  0.126500967729  0.334905317796  0.523818789752  0.0760180297161  3.6401398386  1.04359653904  1.26998436746  0.114703068885  0.111810789328  0.0321796939033  0.0145125815785  0.549053001353  0.56008286705  2.06844904023  2.07962641751  0.0227014981902  0.0355886885547  0.00958996520552  0.521443330272  0.564680637725  0.609567513779  0.0220066387175  0.0101442754562  0.0306371177388  0.0110362337993  0.00793449538082  0.00497764405315  7.2358124275  7.26647720328  7.28606557178  0.0196213097908  -9999.0  -9999.0  -9999.0  -9999.0  -9999.0  0.00103809272978  198.407617686  198.403499463  -9999.0  -9999.0  -9999.0  -9999.0  -9999.0  -9999.0  -9999.0  -9999.0
-9999.0  -9999.0  -9999.0  -9999.0  -9999.0  -9999.0  -9999.0  -9999.0  -9999.0  -9999.0  -9999.0  -9999.0  -9999.0  -9999.0  -9999.0  -9999.0  -9999.0  -9999.0  -9999.0  -9999.0  -9999.0  -9999.0  -9999.0  -9999.0  -9999.0  -9999.0  0.179563257372  0.149666051922  1.44115445627  0.29309790611  0.591550314935  0.817726858104  1.1018072716  0.133255786199  0.110390180691  0.0963047253287  3.46453970495  3.55782891925  0.978351194365  0.175005172592  0.0787235358191  0.0749843233557  0.503473007532  0.53810403353  1.96247550013  2.01062356016  2.04496613533  0.0136264329361  0.0119410933308  0.498319505214  0.505530590423  0.514642531277  0.0371618621775  0.0233590599609  0.0123242418788  0.0115152917078  0.00788481602148  0.0508917872326  0.0553368633392  7.2204622474  7.23021448714  0.0228310272605  0.0106950754686  0.010002999301  -9999.0  -9999.0  -9999.0  -9999.0  -9999.0  -9999.0  -9999.0  -9999.0  -9999.0  -9999.0  -9999.0  -9999.0  -9999.0  -9999.0  -9999.0  -9999.0
-9999.0  -9999.0  -9999.0  -9999.0  -9999.0  -9999.0  -9999.0  -9999.0  -9999.0  -9999.0  -9999.0  -9999.0  -9999.0  -9999.0  -9999.0  -9999.0  -9999.0  -9999.0  -9999.0  -9999.0  -9999.0  -9999.0  -9999.0  -9999.0  -9999.0  -9999.0  -9999.0  0.328234942725  1.05532805346  0.581336857702  0.147798141953  0.616056848083  0.141925825051  0.434258675084  0.522617700034  3.04203537156  3.34083764344  0.817059343925  0.900948228595  0.0868604508132  0.375222407746  0.441199090514  1.31254916265  1.89880866121  1.94395930145  0.0368048891156  0.0211380902612  0.416670298576  0.462492523155  0.491458164462  0.0100081949482  0.0176950460385  0.0274421787487  0.0102922572404  0.0178236064292  0.0286417397738  0.0348614145958  0.0459829744938  0.00588849114571  7.1484849291  0.0157261351486  0.0130869777093  -9999.0  -9999.0  -9999.0  -9999.0  -9999.0  -9999.0  -9999.0  -9999.0  -9999.0  -9999.0  -9999.0  -9999.0  -9999.0  -9999.0  -9999.0  -9999.0  -9999.0  -9999.0
-9999.0  -9999.0  -9999.0  -9999.0  -9999.0  -9999.0  -9999.0  -9999.0  -9999.0  -9999.0  -9999.0  -9999.0  -9999.0  -9999.0  -9999.0  -9999.0  -9999.0  -9999.0  -9999.0  -9999.0  -9999.0  -9999.0  -9999.0  -9999.0  -9999.0  -9999.0  -9999.0  0.177584472081  0.151641668192  0.27976991299  0.163613858631  0.306579091664  0.314318071463  1.69080092858  1.93868354566  0.377811074454  0.105455925461  0.732343742588  0.200273112784  0.301573185472  1.12147776853  1.19080809417  1.26097479792  0.535078531962  0.185709298457  0.266462499389  0.332728948165  0.409998662291  0.0379628977673  0.0158130280808  4.73559148907  4.74594719192  4.75372043884  0.00585388115441  0.0103357768429  0.00563656221813  0.00415687324774  6.91572005126  6.98011216507  0.133013149017  0.110560335288  0.0102004647047  -9999.0  -9999.0  -9999.0  -9999.0  -9999.0  -9999.0  -9999.0  -9999.0  -9999.0  -9999.0  -9999.0  -9999.0  -9999.0  -9999.0  -9999.0  -9999.0  -9999.0  -9999.0
-9999.0  -9999.0  -9999.0  -9999.0  -9999.0  -9999.0  -9999.0  -9999.0  -9999.0  -9999.0  -9999.0  -9999.0  -9999.0  -9999.0  -9999.0  -9999.0  -9999.0  -9999.0  -9999.0  -9999.0  -9999.0  -9999.0  -9999.0  -9999.0  -9999.0  -9999.0  -9999.0  -9999.0  -9999.0  0.114445142386  0.134606200366  0.177343741591  0.64863907208  1.57464249561  0.792579081165  0.123968148606  0.51388403874  0.629548967428  0.0959184210828  0.971426021542  1.04856361406  0.255554042021  0.395918627401  0.0730601397703  0.121688104889  0.0455785224112  0.0342371110756  0.0347078333697  4.68162129278  4.70449083337  4.72659259348  0.11438497881  4.89001373908  4.90721568844  4.91905241488  4.93152712622  4.95247507572  6.91176689358  6.93402321404  0.0364662571754  0.10028264047  0.0278445734261  -9999.0  -9999.0  -9999.0  -9999.0  -9999.0  -9999.0  -9999.0  -9999.0  -9999.0  -9999.0  -9999.0  -9999.0  -9999.0  -9999.0  -9999.0  -9999.0  -9999.0  -9999.0
-9999.0  -9999.0  -9999.0  -9999.0  -9999.0  -9999.0  -9999.0  -9999.0  -9999.0  -9999.0  -9999.0  -9999.0  -9999.0  -9999.0  -9999.0  -9999.0  -9999.0  -9999.0  -9999.0  -9999.0  -9999.0  -9999.0  -9999.0  -9999.0  -9999.0  -9999.0  -9999.0  -9999.0  -9999.0  -9999.0  -9999.0  0.188785719422  0.327925860437  0.318649788733  0.303775619133  0.283664161055  0.414383469127  0.668483863707  0.766582198466  0.885521766584  0.0888965276406  0.181667358211  0.0740886042178  0.0596614829221  3.26683872159  3.82963435177  3.92808619602  3.96876112461  4.65667110855  0.0331788942438  0.0608081288481  0.0969861054979  0.603104231348  0.623021449036  0.639850959925  1.49403863702  1.79971924713  1.94205941871  0.024857846769  0.0191989806002  0.0613807110863  0.0166148133891  -9999.0  -9999.0  -9999.0  -9999.0  -9999.0  -9999.0  -9999.0  -9999.0  -9999.0  -9999.0  -9999.0  -9999.0  -9999.0  -9999.0  -9999.0  -9999.0  -9999.0  -9999.0
-9999.0  -9999.0  -9999.0  -9999.0  -9999.0  -9999.0  -9999.0  -9999.0  -9999.0  -9999.0  -9999.0  -9999.0  -9999.0  -9999.0  -9999.0  -9999.0  -9999.0  -9999.0  -9999.0  -9999.0  -9999.0  -9999.0  -9999.0  -9999.0  -9999.0  -9999.0  -9999.0  -9999.0  -9999.0  -9999.0  -9999.0  -9999.0  0.164192730547  0.165316427454  0.153811945624  0.144711608892  0.28394090517  0.552366367776  0.563447428218  0.675020735646  0.753031486677  1.7519367112  1.82527719304  3.17929474188  3.23289208112  0.526867431726  0.0490387434865  0.609368393429  0.649658509029  0.24234134799  0.471787130006  0.548838826504  0.581520164904  0.0278271783135  0.840451805645  1.55930619364  1.7873081137  0.0266149136194  0.0990704775489  0.0137376568366  0.048668180146  -9999.0  -9999.0  -9999.0  -9999.0  -9999.0  -9999.0  -9999.0  -9999.0  -9999.0  -9999.0  -9999.0  -9999.0  -9999.0  -9999.0  -9999.0  -9999.0  -9999.0  -9999.0  -9999.0
-9999.0  -9999.0  -9999.0  -9999.0  -9999.0  -9999.0  -9999.0  -9999.0  -9999.0  -9999.0  -9999.0  -9999.0  -9999.0  -9999.0  -9999.0  -9999.0  -9999.0  -9999.0  -9999.0  -9999.0  -9999.0  -9999.0  -9999.0  -9999.0  -9999.0  -9999.0  -9999.0  -9999.0  -9999.0  -9999.0  -9999.0  -9999.0  -9999.0  -9999.0  -9999.0  0.158898555532  0.139965288138  0.152999362377  0.444848610975  0.412251580767  0.794831997272  0.922553376618  0.108371700219  1.27881777205  0.408823857409  0.475310972319  0.395431330943  0.568738305627  0.153295319701  0.049076715029  0.201022992427  0.0470271524463  0.451875208091  0.540492966169  0.787773541109  0.0344829299304  0.128485963316  0.0455687641983  0.0591136960161  0.0179511579523  0.0335598470521  -9999.0  -9999.0  -9999.0  -9999.0  -9999.0  -9999.0  -9999.0  -9999.0  -9999.0  -9999.0  -9999.0  -9999.0  -9999.0  -9999.0  -9999.0  -9999.0  -9999.0  -9999.0  -9999.0
-9999.0  -9999.0  -9999.0  -9999.0  -9999.0  -9999.0  -9999.0  -9999.0  -9999.0  -9999.0  -9999.0  -9999.0  -9999.0  -9999.0  -9999.0  -9999.0  -9999.0  -9999.0  -9999.0  -9999.0  -9999.0  -9999.0  -9999.0  -9999.0  -9999.0  -9999.0  -9999.0  -9999.0  -9999.0  -9999.0  -9999.0  -9999.0  -9999.0  -9999.0  -9999.0  -9999.0  -9999.0  0.149415566055  0.133789783482  0.277595283266  0.267447246812  0.782991165644  1.0452006834  0.256781270261  0.33384750227  0.214949439486  0.343814752895  0.120243520506  0.110529229427  0.113255866084  0.0458561596918  0.273397927138  0.412587605303  0.0494370524172  0.204362808656  0.0599727443046  0.0359236531831  0.0202401551313  0.0194773500713  0.0216803720532  -9999.0  -9999.0  -9999.0  -9999.0  -9999.0  -9999.0  -9999.0  -9999.0  -9999.0  -9999.0  -9999.0  -9999.0  -9999.0  -9999.0  -9999.0  -9999.0  -9999.0  -9999.0  -9999.0  -9999.0
-9999.0  -9999.0  -9999.0  -9999.0  -9999.0  -9999.0  -9999.0  -9999.0  -9999.0  -9999.0  -9999.0  -9999.0  -9999.0  -9999.0  -9999.0  -9999.0  -9999.0  -9999.0  -9999.0  -9999.0  -9999.0  -9999.0  -9999.0  -9999.0  -9999.0  -9999.0  -9999.0  -9999.0  -9999.0  -9999.0  -9999.0  -9999.0  -9999.0  -9999.0  -9999.0  -9999.0  -9999.0  -9999.0  -9999.0  0.141076728477  0.337736182006  0.651376348134  0.140976614125  0.137482508991  0.0758132620889  0.155733982738  0.0679048131255  0.0639161546858  0.0601481076985  0.0624762771591  0.118191572736  0.231874210504  0.101102911679  0.109927196977  0.15983270725  0.0299148908773  0.0166542870859  -9999.0  -9999.0  -9999.0  -9999.0  -9999.0  -9999.0  -9999.0  -9999.0  -9999.0  -9999.0  -9999.0  -9999.0  -9999.0  -9999.0  -9999.0  -9999.0  -9999.0  -9999.0  -9999.0  -9999.0  -9999.0  -9999.0  -9999.0
-9999.0  -9999.0  -9999.0  -9999.0  -9999.0  -9999.0  -9999.0  -9999.0  -9999.0  -9999.0  -9999.0  -9999.0  -9999.0  -9999.0  -9999.0  -9999.0  -9999.0  -9999.0  -9999.0  -9999.0  -9999.0  -9999.0  -9999.0  -9999.0  -9999.0  -9999.0  -9999.0  -9999.0  -9999.0  -9999.0  -9999.0  -9999.0  -9999.0  -9999.0  -9999.0  -9999.0  -9999.0  -9999.0  -9999.0  -9999.0  0.167873452987  0.149862766884  -9999.0  -9999.0  -9999.0  -9999.0  -9999.0  -9999.0  -9999.0  -9999.0  0.0604125204647  0.055499563069  0.0456383289936  0.0524832789191  -9999.0  -9999.0  -9999.0  -9999.0  -9999.0  -9999.0  -9999.0  -9999.0  -9999.0  -9999.0  -9999.0  -9999.0  -9999.0  -9999.0  -9999.0  -9999.0  -9999.0  -9999.0  -9999.0  -9999.0  -9999.0  -9999.0  -9999.0  -9999.0  -9999.0  -9999.0
-9999.0  -9999.0  -9999.0  -9999.0  -9999.0  -9999.0  -9999.0  -9999.0  -9999.0  -9999.0  -9999.0  -9999.0  -9999.0  -9999.0  -9999.0  -9999.0  -9999.0  -9999.0  -9999.0  -9999.0  -9999.0  -9999.0  -9999.0  -9999.0  -9999.0  -9999.0  -9999.0  -9999.0  -9999.0  -9999.0  -9999.0  -9999.0  -9999.0  -9999.0  -9999.0  -9999.0  -9999.0  -9999.0  -9999.0  -9999.0  -9999.0  -9999.0  -9999.0  -9999.0  -9999.0  -9999.0  -9999.0  -9999.0  -9999.0  -9999.0  -9999.0  -9999.0  -9999.0  -9999.0  -9999.0  -9999.0  -9999.0  -9999.0  -9999.0  -9999.0  -9999.0  -9999.0  -9999.0  -9999.0  -9999.0  -9999.0  -9999.0  -9999.0  -9999.0  -9999.0  -9999.0  -9999.0  -9999.0  -9999.0  -9999.0  -9999.0  -9999.0  -9999.0  -9999.0  -9999.0
-9999.0  -9999.0  -9999.0  -9999.0  -9999.0  -9999.0  -9999.0  -9999.0  -9999.0  -9999.0  -9999.0  -9999.0  -9999.0  -9999.0  -9999.0  -9999.0  -9999.0  -9999.0  -9999.0  -9999.0  -9999.0  -9999.0  -9999.0  -9999.0  -9999.0  -9999.0  -9999.0  -9999.0  -9999.0  -9999.0  -9999.0  -9999.0  -9999.0  -9999.0  -9999.0  -9999.0  -9999.0  -9999.0  -9999.0  -9999.0  -9999.0  -9999.0  -9999.0  -9999.0  -9999.0  -9999.0  -9999.0  -9999.0  -9999.0  -9999.0  -9999.0  -9999.0  -9999.0  -9999.0  -9999.0  -9999.0  -9999.0  -9999.0  -9999.0  -9999.0  -9999.0  -9999.0  -9999.0  -9999.0  -9999.0  -9999.0  -9999.0  -9999.0  -9999.0  -9999.0  -9999.0  -9999.0  -9999.0  -9999.0  -9999.0  -9999.0  -9999.0  -9999.0  -9999.0  -9999.0
-9999.0  -9999.0  -9999.0  -9999.0  -9999.0  -9999.0  -9999.0  -9999.0  -9999.0  -9999.0  -9999.0  -9999.0  -9999.0  -9999.0  -9999.0  -9999.0  -9999.0  -9999.0  -9999.0  -9999.0  -9999.0  -9999.0  -9999.0  -9999.0  -9999.0  -9999.0  -9999.0  -9999.0  -9999.0  -9999.0  -9999.0  -9999.0  -9999.0  -9999.0  -9999.0  -9999.0  -9999.0  -9999.0  -9999.0  -9999.0  -9999.0  -9999.0  -9999.0  -9999.0  -9999.0  -9999.0  -9999.0  -9999.0  -9999.0  -9999.0  -9999.0  -9999.0  -9999.0  -9999.0  -9999.0  -9999.0  -9999.0  -9999.0  -9999.0  -9999.0  -9999.0  -9999.0  -9999.0  -9999.0  -9999.0  -9999.0  -9999.0  -9999.0  -9999.0  -9999.0  -9999.0  -9999.0  -9999.0  -9999.0  -9999.0  -9999.0  -9999.0  -9999.0  -9999.0  -9999.0
-9999.0  -9999.0  -9999.0  -9999.0  -9999.0  -9999.0  -9999.0  -9999.0  -9999.0  -9999.0  -9999.0  -9999.0  -9999.0  -9999.0  -9999.0  -9999.0  -9999.0  -9999.0  -9999.0  -9999.0  -9999.0  -9999.0  -9999.0  -9999.0  -9999.0  -9999.0  -9999.0  -9999.0  -9999.0  -9999.0  -9999.0  -9999.0  -9999.0  -9999.0  -9999.0  -9999.0  -9999.0  -9999.0  -9999.0  -9999.0  -9999.0  -9999.0  -9999.0  -9999.0  -9999.0  -9999.0  -9999.0  -9999.0  -9999.0  -9999.0  -9999.0  -9999.0  -9999.0  -9999.0  -9999.0  -9999.0  -9999.0  -9999.0  -9999.0  -9999.0  -9999.0  -9999.0  -9999.0  -9999.0  -9999.0  -9999.0  -9999.0  -9999.0  -9999.0  -9999.0  -9999.0  -9999.0  -9999.0  -9999.0  -9999.0  -9999.0  -9999.0  -9999.0  -9999.0  -9999.0
-9999.0  -9999.0  -9999.0  -9999.0  -9999.0  -9999.0  -9999.0  -9999.0  -9999.0  -9999.0  -9999.0  -9999.0  -9999.0  -9999.0  -9999.0  -9999.0  -9999.0  -9999.0  -9999.0  -9999.0  -9999.0  -9999.0  -9999.0  -9999.0  -9999.0  -9999.0  -9999.0  -9999.0  -9999.0  -9999.0  -9999.0  -9999.0  -9999.0  -9999.0  -9999.0  -9999.0  -9999.0  -9999.0  -9999.0  -9999.0  -9999.0  -9999.0  -9999.0  -9999.0  -9999.0  -9999.0  -9999.0  -9999.0  -9999.0  -9999.0  -9999.0  -9999.0  -9999.0  -9999.0  -9999.0  -9999.0  -9999.0  -9999.0  -9999.0  -9999.0  -9999.0  -9999.0  -9999.0  -9999.0  -9999.0  -9999.0  -9999.0  -9999.0  -9999.0  -9999.0  -9999.0  -9999.0  -9999.0  -9999.0  -9999.0  -9999.0  -9999.0  -9999.0  -9999.0  -9999.0
-9999.0  -9999.0  -9999.0  -9999.0  -9999.0  -9999.0  -9999.0  -9999.0  -9999.0  -9999.0  -9999.0  -9999.0  -9999.0  -9999.0  -9999.0  -9999.0  -9999.0  -9999.0  -9999.0  -9999.0  -9999.0  -9999.0  -9999.0  -9999.0  -9999.0  -9999.0  -9999.0  -9999.0  -9999.0  -9999.0  -9999.0  -9999.0  -9999.0  -9999.0  -9999.0  -9999.0  -9999.0  -9999.0  -9999.0  -9999.0  -9999.0  -9999.0  -9999.0  -9999.0  -9999.0  -9999.0  -9999.0  -9999.0  -9999.0  -9999.0  -9999.0  -9999.0  -9999.0  -9999.0  -9999.0  -9999.0  -9999.0  -9999.0  -9999.0  -9999.0  -9999.0  -9999.0  -9999.0  -9999.0  -9999.0  -9999.0  -9999.0  -9999.0  -9999.0  -9999.0  -9999.0  -9999.0  -9999.0  -9999.0  -9999.0  -9999.0  -9999.0  -9999.0  -9999.0  -9999.0
