ncols                  80
nrows                 72
xllcorner      4374000.0
yllcorner      5656000.0
cellsize            500
NODATA_value       -9999
-9999.0  -9999.0  -9999.0  -9999.0  -9999.0  -9999.0  -9999.0  -9999.0  -9999.0  -9999.0  -9999.0  -9999.0  0.604947351696  0.621123238377  -9999.0  -9999.0  -9999.0  -9999.0  -9999.0  -9999.0  -9999.0  -9999.0  -9999.0  -9999.0  -9999.0  -9999.0  -9999.0  -9999.0  -9999.0  -9999.0  -9999.0  -9999.0  -9999.0  -9999.0  -9999.0  -9999.0  -9999.0  -9999.0  -9999.0  -9999.0  -9999.0  -9999.0  -9999.0  -9999.0  -9999.0  -9999.0  -9999.0  -9999.0  -9999.0  -9999.0  -9999.0  -9999.0  -9999.0  -9999.0  -9999.0  -9999.0  -9999.0  -9999.0  -9999.0  -9999.0  -9999.0  -9999.0  -9999.0  -9999.0  -9999.0  -9999.0  -9999.0  -9999.0  -9999.0  -9999.0  -9999.0  -9999.0  -9999.0  -9999.0  -9999.0  -9999.0  -9999.0  -9999.0  -9999.0  -9999.0
-9999.0  -9999.0  -9999.0  -9999.0  -9999.0  -9999.0  -9999.0  -9999.0  -9999.0  -9999.0  -9999.0  -9999.0  1.26843840118  3.03645891857  0.529116404332  -9999.0  0.447138506628  -9999.0  -9999.0  -9999.0  -9999.0  -9999.0  -9999.0  -9999.0  -9999.0  -9999.0  -9999.0  -9999.0  -9999.0  -9999.0  -9999.0  -9999.0  -9999.0  -9999.0  -9999.0  -9999.0  -9999.0  -9999.0  -9999.0  -9999.0  -9999.0  -9999.0  -9999.0  -9999.0  -9999.0  -9999.0  -9999.0  -9999.0  -9999.0  -9999.0  -9999.0  -9999.0  -9999.0  -9999.0  -9999.0  -9999.0  -9999.0  -9999.0  -9999.0  -9999.0  -9999.0  -9999.0  -9999.0  -9999.0  -9999.0  -9999.0  -9999.0  -9999.0  -9999.0  -9999.0  -9999.0  -9999.0  -9999.0  -9999.0  -9999.0  -9999.0  -9999.0  -9999.0  -9999.0  -9999.0
-9999.0  -9999.0  -9999.0  -9999.0  -9999.0  -9999.0  -9999.0  -9999.0  -9999.0  -9999.0  0.558531187679  0.545147281406  0.599104807805  0.602322749557  4.10909900375  4.61381206741  1.20477111  0.378502078611  -9999.0  -9999.0  -9999.0  -9999.0  -9999.0  -9999.0  -9999.0  -9999.0  -9999.0  -9999.0  -9999.0  -9999.0  -9999.0  -9999.0  -9999.0  -9999.0  -9999.0  -9999.0  -9999.0  -9999.0  -9999.0  -9999.0  -9999.0  -9999.0  -9999.0  -9999.0  -9999.0  -9999.0  -9999.0  -9999.0  -9999.0  -9999.0  -9999.0  -9999.0  -9999.0  -9999.0  -9999.0  -9999.0  -9999.0  -9999.0  -9999.0  -9999.0  -9999.0  -9999.0  -9999.0  -9999.0  -9999.0  -9999.0  -9999.0  -9999.0  -9999.0  -9999.0  -9999.0  -9999.0  -9999.0  -9999.0  -9999.0  -9999.0  -9999.0  -9999.0  -9999.0  -9999.0
-9999.0  -9999.0  -9999.0  -9999.0  -9999.0  -9999.0  -9999.0  -9999.0  -9999.0  0.533540694821  1.09898432079  2.18897345529  1.13092807261  0.540468286778  1.03284986312  5.08898825947  7.18964732713  0.437654386885  -9999.0  0.529055773492  -9999.0  -9999.0  -9999.0  -9999.0  0.825884634363  0.424415214897  -9999.0  -9999.0  -9999.0  -9999.0  -9999.0  -9999.0  -9999.0  -9999.0  -9999.0  -9999.0  -9999.0  -9999.0  -9999.0  -9999.0  -9999.0  -9999.0  -9999.0  -9999.0  -9999.0  -9999.0  -9999.0  -9999.0  -9999.0  -9999.0  -9999.0  -9999.0  -9999.0  -9999.0  -9999.0  -9999.0  -9999.0  -9999.0  -9999.0  -9999.0  -9999.0  -9999.0  -9999.0  -9999.0  -9999.0  -9999.0  -9999.0  -9999.0  -9999.0  -9999.0  -9999.0  -9999.0  -9999.0  -9999.0  -9999.0  -9999.0  -9999.0  -9999.0  -9999.0  -9999.0
-9999.0  -9999.0  -9999.0  -9999.0  -9999.0  -9999.0  -9999.0  -9999.0  0.690617794648  1.83360469317  2.35158928086  2.87056363674  3.81322563612  0.462042914603  1.92264779734  2.35429407431  10.4449091993  0.439587727954  0.387324450251  0.950106173394  1.35218097986  0.431781657139  -9999.0  2.14590339624  1.76985515209  0.486090936196  -9999.0  -9999.0  -9999.0  -9999.0  -9999.0  -9999.0  -9999.0  -9999.0  -9999.0  -9999.0  -9999.0  -9999.0  -9999.0  -9999.0  -9999.0  -9999.0  -9999.0  -9999.0  -9999.0  -9999.0  -9999.0  -9999.0  -9999.0  -9999.0  -9999.0  -9999.0  -9999.0  -9999.0  -9999.0  -9999.0  -9999.0  -9999.0  -9999.0  -9999.0  -9999.0  -9999.0  -9999.0  -9999.0  -9999.0  -9999.0  -9999.0  -9999.0  -9999.0  -9999.0  -9999.0  -9999.0  -9999.0  -9999.0  -9999.0  -9999.0  -9999.0  -9999.0  -9999.0  -9999.0
-9999.0  -9999.0  -9999.0  -9999.0  -9999.0  -9999.0  0.632823688624  0.553218257532  0.53465209283  0.555798568905  0.581192434913  4.05273751447  8.40043473364  8.91365759341  9.28792487159  0.359568791665  11.2424378817  11.6489701581  0.806936497301  0.419328365091  1.74314387239  2.99950695236  0.443984414392  3.51036148711  0.44400605568  0.46025657611  0.455406131917  -9999.0  -9999.0  -9999.0  -9999.0  -9999.0  -9999.0  -9999.0  -9999.0  -9999.0  -9999.0  -9999.0  -9999.0  -9999.0  -9999.0  -9999.0  -9999.0  -9999.0  -9999.0  -9999.0  -9999.0  -9999.0  -9999.0  -9999.0  -9999.0  -9999.0  -9999.0  -9999.0  -9999.0  -9999.0  -9999.0  -9999.0  -9999.0  -9999.0  -9999.0  -9999.0  -9999.0  -9999.0  -9999.0  -9999.0  -9999.0  -9999.0  -9999.0  -9999.0  -9999.0  -9999.0  -9999.0  -9999.0  -9999.0  -9999.0  -9999.0  -9999.0  -9999.0  -9999.0
-9999.0  -9999.0  -9999.0  -9999.0  -9999.0  -9999.0  1.28397033315  1.88675659478  4.22391875592  5.80562193004  0.468282722538  0.48718507607  0.458835028129  1.3488223975  11.0293073296  0.327539546063  12.015683578  13.5154511863  1.17278210604  0.764998792566  3.35297569076  0.403951498253  3.89328172807  0.781676979711  0.390760673465  0.831398523144  0.902343045667  0.457838693141  0.462688631261  0.43879972427  0.496249628322  0.988213208756  -9999.0  -9999.0  -9999.0  -9999.0  -9999.0  -9999.0  -9999.0  -9999.0  -9999.0  -9999.0  -9999.0  -9999.0  -9999.0  -9999.0  -9999.0  -9999.0  -9999.0  -9999.0  -9999.0  -9999.0  -9999.0  -9999.0  -9999.0  -9999.0  -9999.0  -9999.0  -9999.0  -9999.0  -9999.0  -9999.0  -9999.0  -9999.0  -9999.0  -9999.0  -9999.0  -9999.0  -9999.0  -9999.0  -9999.0  -9999.0  -9999.0  -9999.0  -9999.0  -9999.0  -9999.0  -9999.0  -9999.0  -9999.0
-9999.0  -9999.0  -9999.0  -9999.0  -9999.0  0.743711707701  1.41628594235  0.665948904945  1.28202223996  6.44951471097  7.51561633901  8.54902317229  29.1009186592  0.454514691283  11.4679157417  44.390198947  44.6866401457  58.7718225774  0.347277798372  1.11303973522  3.70835352028  0.349068954995  8.35037834868  4.09021449481  2.55152908026  2.15079023107  0.437253141363  1.33876743973  1.32352346511  0.877160403853  0.416267935579  1.42364165994  0.402753756481  0.389853073939  -9999.0  -9999.0  -9999.0  -9999.0  -9999.0  -9999.0  -9999.0  -9999.0  -9999.0  -9999.0  -9999.0  -9999.0  -9999.0  -9999.0  -9999.0  -9999.0  -9999.0  -9999.0  -9999.0  -9999.0  -9999.0  -9999.0  -9999.0  -9999.0  -9999.0  -9999.0  -9999.0  -9999.0  -9999.0  -9999.0  -9999.0  -9999.0  -9999.0  -9999.0  -9999.0  -9999.0  -9999.0  -9999.0  -9999.0  -9999.0  -9999.0  -9999.0  -9999.0  -9999.0  -9999.0  -9999.0
-9999.0  -9999.0  -9999.0  -9999.0  -9999.0  0.75695717525  2.17699598122  4.30731156679  4.94505843535  9.89180702693  10.4646020202  12.3225883736  20.107020716  30.6848356955  31.7038911499  32.1937031205  0.757934326052  60.1758076798  60.8569760912  62.7185550076  76.2210876105  9.44788678769  8.7428445639  2.93193285254  0.365244213531  2.48382826124  1.71302520735  0.347548723836  1.69477491597  0.354141777656  0.755845221727  2.180783451  2.56374173202  0.760511945953  0.378156765034  0.357702626254  -9999.0  -9999.0  -9999.0  -9999.0  0.437495594958  0.388046252105  -9999.0  -9999.0  -9999.0  -9999.0  -9999.0  -9999.0  -9999.0  -9999.0  -9999.0  -9999.0  -9999.0  -9999.0  -9999.0  -9999.0  -9999.0  -9999.0  -9999.0  -9999.0  -9999.0  -9999.0  -9999.0  -9999.0  -9999.0  -9999.0  -9999.0  -9999.0  -9999.0  -9999.0  -9999.0  -9999.0  -9999.0  -9999.0  -9999.0  -9999.0  -9999.0  -9999.0  -9999.0  -9999.0
-9999.0  -9999.0  -9999.0  -9999.0  -9999.0  0.710712486085  0.674724170885  2.9816872557  3.64548549019  4.34438847813  0.640375833941  1.25583462145  7.40115352911  1.29732488714  0.568951919746  0.486622018764  0.410318314386  0.494215106154  0.428842551746  0.454450326985  76.6081280931  77.6539555786  0.33792710055  1.05158874278  0.723661172151  2.83445014542  0.710938661441  0.336877553905  2.07845106133  0.686592602635  1.68442745942  4.37676172838  4.06882624141  1.12743699877  1.0949817787  0.379483990876  0.375116989904  -9999.0  -9999.0  0.381216552419  0.931670453138  2.13818792147  0.415488800868  -9999.0  -9999.0  -9999.0  -9999.0  -9999.0  -9999.0  -9999.0  -9999.0  -9999.0  -9999.0  -9999.0  -9999.0  -9999.0  -9999.0  -9999.0  -9999.0  -9999.0  -9999.0  -9999.0  -9999.0  -9999.0  -9999.0  -9999.0  -9999.0  -9999.0  -9999.0  -9999.0  -9999.0  -9999.0  -9999.0  -9999.0  -9999.0  -9999.0  -9999.0  -9999.0  -9999.0  -9999.0
-9999.0  -9999.0  -9999.0  -9999.0  -9999.0  -9999.0  0.79367433901  0.830427832683  1.48942503149  2.18869016134  4.89059024484  6.19899501927  6.86037496116  0.697345984048  0.469452156765  6.76518178454  8.18989019527  8.60595764635  10.3751216446  10.7458716273  0.365532159402  78.0281052509  79.7227273374  1.34054227689  0.187816350252  3.105689538  6.84870005843  2.73550170317  0.62711684668  0.313006186895  6.68504862772  4.70940340168  0.3224932968  0.324435130286  1.43714036745  1.10038963758  0.350833420233  0.339250970723  0.365891886174  0.735749618472  0.348838497711  2.60456548617  2.94936719202  0.32468342606  -9999.0  -9999.0  -9999.0  -9999.0  0.395642993698  0.36740374471  0.108227547124  -9999.0  -9999.0  -9999.0  -9999.0  -9999.0  -9999.0  -9999.0  -9999.0  -9999.0  -9999.0  -9999.0  -9999.0  -9999.0  -9999.0  -9999.0  -9999.0  -9999.0  -9999.0  -9999.0  -9999.0  -9999.0  -9999.0  -9999.0  -9999.0  -9999.0  -9999.0  -9999.0  -9999.0  -9999.0
-9999.0  -9999.0  -9999.0  -9999.0  -9999.0  -9999.0  -9999.0  0.763219395982  0.637228463435  1.38566638914  2.0965486115  0.65735519945  0.560843993531  3.67635597243  4.74519135594  5.86027234875  0.510337220833  0.931879285328  0.466951452069  11.1491853202  24.4916143035  24.8892530228  105.362710159  0.333179584221  0.531760363276  0.156254164131  7.15916278569  0.314860820907  0.948349999813  0.307955047538  6.99664876862  7.3096371475  0.650553612439  0.638994635076  3.59081284735  1.80180768611  0.70866863811  0.36382925801  0.726293094877  1.09008885336  1.76748513157  0.325664008876  3.57781603037  3.86469616079  0.257073655597  0.276800049681  0.302901265008  0.267444715021  0.256051408618  1.06252315035  0.391338126113  0.23690759953  -9999.0  -9999.0  -9999.0  -9999.0  -9999.0  -9999.0  -9999.0  -9999.0  -9999.0  -9999.0  -9999.0  -9999.0  -9999.0  -9999.0  -9999.0  -9999.0  -9999.0  -9999.0  -9999.0  -9999.0  -9999.0  -9999.0  -9999.0  -9999.0  -9999.0  -9999.0  -9999.0  -9999.0
-9999.0  -9999.0  -9999.0  -9999.0  -9999.0  -9999.0  -9999.0  -9999.0  1.37628510249  1.94169344565  0.645708406852  1.342828059  1.9564827672  3.17503775574  0.598126569107  0.555227664768  0.431139318229  0.435038203031  0.367970844102  12.5291300124  0.466965137987  0.888329341004  106.652230902  107.374444802  0.244953687072  1.03052390143  8.45901072181  0.603620261396  1.21501364338  0.554259958752  0.82356835409  8.51446997928  0.932358614985  5.10785936421  4.19538384536  0.307810302629  1.72481665737  0.695171873103  1.04664266536  0.317673964519  2.09414252265  2.7155801116  2.96197293662  3.19338911813  4.83508685247  0.490307501157  0.536554086525  0.48170625023  0.457399377873  1.30842492181  0.262677416255  0.895899281272  1.12818767017  -9999.0  -9999.0  -9999.0  -9999.0  -9999.0  -9999.0  -9999.0  -9999.0  -9999.0  -9999.0  -9999.0  -9999.0  -9999.0  -9999.0  -9999.0  -9999.0  -9999.0  -9999.0  -9999.0  -9999.0  -9999.0  -9999.0  -9999.0  -9999.0  -9999.0  -9999.0  -9999.0
-9999.0  -9999.0  -9999.0  -9999.0  -9999.0  -9999.0  -9999.0  -9999.0  0.748715849254  3.39901737626  4.01370333966  0.612468063367  1.17432414926  0.558647602353  0.480004205358  0.469966817499  6.21264131443  8.21375436598  10.0915780602  12.0915554432  0.491558166073  0.439983999989  0.395175035438  109.192890646  109.969276373  110.225319384  11.1490162184  2.40688563071  2.10231569255  0.25927735773  1.0693549466  9.84497322265  0.258811100802  5.37584331655  0.299347119139  2.21728740897  2.06483938179  0.323429215581  1.36693690431  0.634061752147  0.946339417717  0.283227095668  0.223849024849  3.4214298026  3.6329995208  5.04606958093  0.768218747498  0.700942197955  0.674294093094  1.58400474932  2.11739063282  0.266325728034  1.3763227027  0.264191930832  0.495849572634  0.240498012371  -9999.0  -9999.0  -9999.0  -9999.0  -9999.0  -9999.0  -9999.0  -9999.0  -9999.0  -9999.0  -9999.0  -9999.0  -9999.0  -9999.0  -9999.0  -9999.0  -9999.0  -9999.0  -9999.0  -9999.0  -9999.0  -9999.0  -9999.0  -9999.0
-9999.0  -9999.0  -9999.0  -9999.0  -9999.0  -9999.0  -9999.0  -9999.0  -9999.0  0.779188766325  4.68846029918  5.26858725534  1.7302219726  2.85534739171  3.84182423401  4.35410468693  0.535983877883  1.55502879051  1.0318769342  0.559363288173  0.512060344853  0.42541093108  0.83150677739  1.39814909084  0.432479002499  122.10735239  122.356041522  0.225565062908  0.21307169037  0.513993456827  0.767730696577  10.613354187  0.514053256672  5.61061861256  3.30051865845  2.75407073607  0.299441781255  0.611547314238  1.6478400892  0.281193382844  1.22169516979  0.564411065773  0.360518922732  0.141155814474  4.12966030845  9.35464489751  0.934008118345  0.87153200052  0.892945471211  0.222825962262  2.34218133134  0.218411361532  1.85726879316  0.227249154782  0.73009098439  1.1368819025  0.136656790563  0.14036585387  0.168774933517  0.175065934092  0.126968580087  -9999.0  -9999.0  0.0788400963892  0.0360451388722  -9999.0  -9999.0  -9999.0  -9999.0  -9999.0  -9999.0  -9999.0  -9999.0  -9999.0  -9999.0  -9999.0  -9999.0  -9999.0  -9999.0  -9999.0
-9999.0  -9999.0  -9999.0  -9999.0  -9999.0  -9999.0  -9999.0  -9999.0  -9999.0  -9999.0  0.612552792035  6.49896840678  0.54651828879  1.10257022383  1.57738469441  2.48516684169  0.461798505303  0.99288201746  0.475925267721  0.428216370663  0.394327456953  0.781902706179  0.33200258073  0.358743975949  0.650224712565  0.363237023762  122.669742821  123.153212554  123.884385552  0.996228555672  0.249966854643  0.498617782163  10.8803245143  10.2081985609  3.86558153303  0.275445205659  1.19377662794  0.899713934711  1.9296494405  0.560647537795  2.35187852317  0.845217903055  0.577091283506  0.0854429077605  0.156371182299  9.58874581607  9.80282716328  11.793251899  1.58990524185  0.45903996981  2.58626696369  3.04383140922  5.11303740358  0.453206593337  0.211218154962  1.29704044168  1.56803774423  0.134573328872  0.260232505213  0.464094532099  0.249858667966  0.123297183958  0.123903901504  0.148468507023  0.0749407612925  0.0336567061556  -9999.0  -9999.0  -9999.0  -9999.0  -9999.0  -9999.0  -9999.0  -9999.0  -9999.0  -9999.0  -9999.0  -9999.0  -9999.0  -9999.0
-9999.0  -9999.0  -9999.0  -9999.0  -9999.0  -9999.0  -9999.0  -9999.0  -9999.0  -9999.0  -9999.0  0.32408415705  7.13102705962  0.502019266122  0.954931237076  4.32905813296  0.461382533993  0.451516618981  0.378060685584  0.825663205947  0.400992978344  1.58234896243  2.25514189712  2.55674823769  0.923328079012  1.13581403571  0.236895550673  0.319788509486  0.307355932433  125.417081772  126.093521081  11.1042465876  10.6691843965  10.4430961772  0.487872297704  0.235888312577  1.45012221876  3.90099065926  2.19500122915  0.821446738021  3.43939219503  1.1121508993  0.862885585522  0.158899208375  0.0643887626481  0.068762139504  0.088169199753  12.3222860932  14.5620482766  0.221288541541  0.208327470888  0.225353475446  5.32794802249  5.97614302726  0.374642801528  0.141139482082  1.63948176049  0.183408664596  0.497139892609  1.04669004636  1.39936448384  1.63631762344  0.479587975774  0.253731637398  0.134414121774  0.0729236742543  0.104013220958  -9999.0  -9999.0  -9999.0  -9999.0  -9999.0  -9999.0  -9999.0  -9999.0  -9999.0  -9999.0  -9999.0  -9999.0  -9999.0
-9999.0  -9999.0  -9999.0  -9999.0  -9999.0  -9999.0  -9999.0  -9999.0  -9999.0  -9999.0  -9999.0  0.282009457082  7.78447393533  9.41821311274  0.462467152225  5.24041471214  0.412341546557  0.380962975279  0.757209490771  1.9757323582  0.373949095169  0.406290996033  0.32207630358  3.19907088405  3.49394705827  4.95729835337  5.45077777979  5.69462773368  5.91905155867  6.15081472389  132.505243408  143.994646833  155.054067588  155.256317126  0.215522014727  0.234096458251  4.41689049091  4.1607517425  0.260128332152  0.255985376589  3.69285175032  5.07714588651  0.208848094909  2.32724292758  2.18888314802  0.413054605618  0.205526521166  0.35943608246  0.235618069338  14.9624230361  0.205229359562  0.612374547051  0.772741191906  7.21442580526  7.66594684887  7.91979560863  9.62074279945  0.0552850646795  0.0464494135245  0.0424219376891  0.0452473970436  1.77073679161  2.35605744723  0.115998424685  0.316445827129  0.11883626109  0.18791811549  0.0311011581007  0.0237426053658  -9999.0  -9999.0  -9999.0  -9999.0  -9999.0  -9999.0  -9999.0  -9999.0  -9999.0  -9999.0  -9999.0
-9999.0  -9999.0  -9999.0  -9999.0  -9999.0  -9999.0  -9999.0  -9999.0  -9999.0  -9999.0  -9999.0  0.622107434368  1.1674967986  9.9380250997  10.7630281477  0.423090354779  6.11060898769  0.324680612789  1.01375432899  2.30928529142  0.706452465738  0.329853727509  0.710270112091  0.278163111447  0.528718295955  0.251804516293  0.213792799781  0.141820025864  0.119369503168  0.100496980567  0.0912142692989  0.145351290635  0.216092445289  0.277481664567  155.946342169  5.13340678199  4.75091058023  0.159886327354  0.740532472463  0.180489198186  0.164219731129  5.32347930644  8.41287972819  2.61523248167  2.04523861898  0.258503974729  0.103883306694  0.0855057648557  0.256519077302  15.4285255115  15.8345002854  0.212201291541  0.219363742804  0.162937990689  0.0934705058853  0.162774624311  9.83741126313  9.94665688601  10.0512592264  0.102924640754  0.0585580626675  0.0455038387957  2.41650615591  2.58925172838  0.367976885586  0.0809512120627  0.268856525909  0.0717828201208  0.0444150130596  -9999.0  -9999.0  -9999.0  -9999.0  -9999.0  -9999.0  -9999.0  -9999.0  -9999.0  -9999.0  -9999.0
-9999.0  -9999.0  -9999.0  -9999.0  -9999.0  -9999.0  -9999.0  -9999.0  -9999.0  -9999.0  -9999.0  -9999.0  0.457831183825  6.94225181684  18.1551386288  19.5465341441  26.0657897977  26.512717237  5.12295715336  3.69568489628  1.04412116456  0.322356327885  1.34185843811  1.64700449059  2.43520899061  0.520168928654  0.458660164507  0.392928240216  0.755859475867  0.338478845483  0.313366404383  0.152664580077  0.0655007533396  0.0770411743563  156.145264895  161.42688446  161.624465104  0.156417251353  1.92768340545  0.851353458707  0.26250168609  9.29180762698  0.636728690305  0.332640197475  1.40273574952  0.249578980338  0.194486685729  0.361134759931  0.522893026279  0.711958567009  16.1816734779  0.16350626421  0.14594168103  0.144987928284  0.100021483576  0.0470001584614  0.157264991175  0.17231832607  10.3147273938  10.7058512127  0.237710749671  0.117625106335  0.0746348818725  0.061692138836  3.14067558991  4.21779555443  0.894881182525  0.339085108546  0.169667018998  -9999.0  -9999.0  -9999.0  -9999.0  -9999.0  -9999.0  -9999.0  -9999.0  -9999.0  -9999.0  -9999.0
-9999.0  -9999.0  -9999.0  -9999.0  -9999.0  -9999.0  -9999.0  -9999.0  -9999.0  -9999.0  -9999.0  0.538744680038  5.3114078647  6.44493331033  0.972997378555  0.293690293218  0.608035173114  27.4870179148  27.8673405458  33.4113006824  0.280482398283  0.598826977777  0.252436374998  0.256959880002  2.68675911967  3.45750733655  4.14643500967  0.22268246819  0.980349440135  1.53850101621  0.892681398772  0.368841361754  0.217188182785  0.149929749781  0.159526047834  0.0878305554768  161.790062499  161.921150263  164.106084445  0.441719048798  0.235906291806  9.60022036983  0.673094353883  0.352845757802  0.403887213138  0.400845874425  0.344541958337  0.564015846092  1.62884241005  2.5500729905  18.8996429889  0.128410786348  0.387677846093  0.262094672385  0.208565505945  0.110538675715  0.0903831817392  0.0663726904493  0.0200740748693  10.7381452773  0.0247694977797  0.0909100873604  0.0330884267828  0.04372554313  0.076227468786  4.32032609479  0.176183899005  0.0529520690967  0.0745286190074  0.0314646783326  -9999.0  -9999.0  -9999.0  -9999.0  -9999.0  -9999.0  -9999.0  -9999.0  -9999.0  -9999.0
-9999.0  -9999.0  -9999.0  -9999.0  -9999.0  -9999.0  -9999.0  -9999.0  -9999.0  -9999.0  -9999.0  0.559347360546  3.80171003826  0.592083297276  0.459128524455  2.56658616297  2.94850332537  3.33015013951  3.65413418147  44.6973967108  44.9691049441  45.52003448  49.8282759869  50.5656049999  50.9438370139  51.2056416762  55.7421704726  56.2501867961  56.4792840389  58.2599775516  59.4086297395  59.6256556399  60.1871202058  0.355667414575  0.258448812031  0.0410252900946  0.0526582086195  162.060348174  164.865049542  0.631086871419  11.4049816382  11.1656469008  1.25654801939  0.294079449765  0.304317232002  0.29072964305  0.29871262334  0.602464489629  0.85643461008  0.243793501385  19.0630227582  19.2354595096  20.0369634063  20.1819634061  20.5283422186  20.7679454341  0.101998273971  0.0950544631422  0.0566111955366  10.7900965412  10.8540629988  10.9885416898  11.1113309972  0.0695211481541  4.71003150049  4.5581163489  0.118553231852  1.93231637901  1.88353383672  0.104089407487  0.0686927786661  -9999.0  -9999.0  -9999.0  -9999.0  -9999.0  -9999.0  -9999.0  -9999.0  -9999.0
-9999.0  -9999.0  -9999.0  -9999.0  -9999.0  -9999.0  -9999.0  -9999.0  -9999.0  -9999.0  -9999.0  1.99717338528  2.62837131215  1.17989164374  1.71334602277  0.522399836384  5.83524975235  6.24345792473  7.04200359589  7.30261132893  2.49852543934  48.473496353  48.712519464  0.211366583696  0.118274334764  0.092153859455  0.22569934101  0.101426575255  0.0602878115228  0.0523824620711  0.0722820031148  59.7667670369  60.3572228525  60.9676244649  61.4465099232  61.6515050204  0.0781168706192  0.0307625795287  176.787469791  11.7975207959  11.6608971719  0.250300806565  0.25054038904  0.229499382016  0.540028012179  0.528280143757  0.239512639024  0.241552443921  0.22408170285  0.461087795637  0.620017907344  0.126368083179  0.231198591754  0.0812008938059  0.0313089713984  20.8153667023  20.9883369714  21.173999932  21.3344654643  21.4206285545  21.5032174685  21.5337736792  0.0310451446046  11.2133953589  0.0690658854323  6.88562254656  2.09109210691  0.175664136721  1.74807124559  1.52445073116  0.0830969130596  -9999.0  -9999.0  -9999.0  -9999.0  -9999.0  -9999.0  -9999.0  -9999.0  -9999.0
-9999.0  -9999.0  -9999.0  -9999.0  -9999.0  -9999.0  -9999.0  -9999.0  -9999.0  -9999.0  -9999.0  -9999.0  1.35265418122  0.616106891697  0.516246632173  5.01635188989  5.4530760473  0.436504591989  1.63300897682  1.98910384948  2.26209463637  0.321938187077  0.209711520336  6.40493430956  6.56541825843  6.70760536468  17.3710826297  17.4546353556  17.5702772387  18.5832600543  18.933653191  18.9793682252  0.0498780774194  0.0550099624155  0.0699833437933  61.8413922718  0.0676885611617  178.633932985  178.511372098  1.62080984062  1.45993199383  0.959269232964  0.239992558409  0.458667842429  0.782561657909  0.771948767266  0.469189259313  0.230528662555  0.450429445309  0.439282415876  0.810925133936  0.101372814257  0.316186409741  0.532126070481  0.595961183769  0.629717672564  0.0308691972803  0.03123708907  0.030915205141  0.0317110288275  0.0427923346783  21.5956365915  21.6736347141  32.9064423486  32.9322981267  7.50655632983  0.553301564274  0.398033494496  0.12242551637  1.38153700973  1.31638465901  -9999.0  -9999.0  -9999.0  -9999.0  -9999.0  -9999.0  -9999.0  -9999.0  -9999.0
-9999.0  -9999.0  -9999.0  -9999.0  -9999.0  -9999.0  -9999.0  -9999.0  -9999.0  -9999.0  -9999.0  -9999.0  0.704486371637  1.86407665849  2.40033941362  4.00612125638  0.427992188395  0.873922957294  1.27152191281  5.05882170822  5.32392804821  5.46788275617  5.70702325408  6.00627030178  9.35594610811  10.1819646382  10.5613939749  0.111281655936  0.86693167418  0.966532609476  18.770724408  19.0581819346  19.2034759926  19.3539098368  19.4745179888  81.4114005314  0.116193494531  179.00490439  0.135754661147  0.0532757386161  1.23003871271  1.11585941157  0.124151053884  0.643528740696  0.980146075575  0.969083133651  0.653173254818  1.0649022683  1.6827677549  0.618162562473  1.59846525247  0.103046455357  0.141649661533  0.0207950887132  0.0164860591387  0.682637135777  0.698880254371  0.0512903825422  0.0534053460486  0.0842894244331  0.02943800599  0.0339708381629  0.0386986079913  46.132465582  46.1046033477  13.0916774542  0.137153729467  0.938833397004  0.747997564711  0.497037090243  1.26956425362  0.919427496635  -9999.0  -9999.0  -9999.0  -9999.0  -9999.0  -9999.0  -9999.0  -9999.0
-9999.0  -9999.0  -9999.0  -9999.0  -9999.0  -9999.0  -9999.0  -9999.0  -9999.0  -9999.0  -9999.0  -9999.0  0.636340169465  1.2524019392  0.538827380335  1.0894763628  0.431282715861  3.49332197841  4.27564533582  4.69467946632  0.35398189004  0.646584927918  7.40126955112  8.8989501949  9.11436398264  0.561754253638  0.532744807454  0.719628634194  0.0758434420608  0.0626754851424  0.115531840874  0.0663101324027  12.2852204805  12.37284493  12.4318091077  81.5769923106  179.68136086  179.048395781  0.0738079821254  0.0396017998299  0.0362446703391  0.198444555419  0.169507417426  0.715738735971  1.11438320337  2.27730941485  0.196290474367  0.194436028901  1.82355928852  1.96803101254  3.84535169975  3.92528176842  4.08926819783  4.12762297821  0.034692717865  0.0540552757327  0.737045174372  47.8558180801  47.0438960152  46.9344671383  46.737105036  0.0390148741523  46.4551173101  0.0845261048268  0.0531101984161  5.42195236658  1.46090539471  1.39836094602  0.255848942059  0.284752879143  0.242499085258  0.841053567912  -9999.0  -9999.0  -9999.0  -9999.0  -9999.0  -9999.0  -9999.0  -9999.0
-9999.0  -9999.0  -9999.0  -9999.0  -9999.0  -9999.0  -9999.0  -9999.0  -9999.0  -9999.0  -9999.0  -9999.0  -9999.0  0.54363250464  1.09145879556  1.65413914755  2.57995833173  0.489472614804  0.410851654405  3.44223294785  3.79349071722  6.8620556743  7.22740218378  0.994752259711  0.325325999752  0.278809708787  0.247311415171  11.8193094535  11.9360813704  12.022395365  12.0832802536  12.2116083991  1.20055343829  1.29546899114  13.7989916018  275.14656368  0.462378030519  0.341024417974  0.134807980383  0.0420149854019  0.0301494339539  0.266977253763  0.287695749776  0.771889180712  0.0287120625439  2.32092160124  0.278803104842  0.269548614387  0.02962304699  0.0180873763885  0.0165132971341  0.0303399641392  0.0185909807862  4.14482004733  55.5490360636  51.327302487  51.1975223565  47.9070033963  0.0304378723112  0.0522905238077  0.0508988534537  46.527709567  0.141936998804  0.0596422277842  0.0847566806531  0.0791833291575  3.84368645532  3.6939420163  0.468005343969  0.242204517235  0.31242272383  0.312089024511  -9999.0  -9999.0  -9999.0  -9999.0  -9999.0  -9999.0  -9999.0  -9999.0
-9999.0  -9999.0  -9999.0  -9999.0  -9999.0  -9999.0  -9999.0  -9999.0  -9999.0  -9999.0  -9999.0  -9999.0  -9999.0  -9999.0  0.517798777509  1.11965634915  1.66032641722  2.20527094493  2.62339700547  3.06012071792  1.23071961338  2.04257765408  0.357462280864  0.33768450606  10.3574877113  11.0122426647  11.3054233838  11.6199850423  0.191342600078  0.314947611585  0.892590382653  0.989250180214  1.08766642815  0.120800767006  0.106115891559  275.514926966  0.126642200701  0.149879979568  0.0747963934139  0.175475123644  0.0814928008661  0.0541577314522  1.10714473426  1.17202150627  0.0333123091817  2.36468795277  2.66109610578  0.283287916659  56.8364082197  56.790734047  56.7534550448  56.6509026617  56.5918144468  55.7021045908  55.6646131733  0.0927971342149  3.25026309797  3.1364080438  3.01358432924  2.98521448854  1.88155146469  1.85281474889  1.77996714352  0.574916414948  0.534238674113  0.362582164784  0.0879314753485  3.53788408871  3.10935200793  0.217476782564  0.451886238017  0.204812673838  -9999.0  -9999.0  -9999.0  -9999.0  -9999.0  -9999.0  -9999.0  -9999.0
-9999.0  -9999.0  -9999.0  -9999.0  -9999.0  -9999.0  -9999.0  -9999.0  -9999.0  -9999.0  -9999.0  -9999.0  -9999.0  -9999.0  0.165082504866  0.353706613597  0.54807317853  5.33760784633  5.76880121957  0.444333048095  0.4141382218  0.406261448716  8.9496651065  9.70479247234  0.357401050285  0.36943076238  0.271668057046  1.13239777138  1.40680253516  0.598245584135  0.734361383908  6.84270007989  7.00233244588  7.38972029817  11.3029672605  286.92702588  0.130167882016  0.0593476087003  0.274240883026  0.225285910989  0.0492906399195  0.160121686569  0.21799552334  1.23189934602  1.28348137461  4.03440396249  2.67943671192  0.302804599368  57.7905391301  0.437883538302  56.7157327233  56.6856794622  0.83504035282  0.0676206510913  0.0446637779088  0.0228944223067  0.0601483266696  0.101703898878  0.0506492353673  1.07827645512  0.925720244965  0.049853945305  1.17567824917  0.164931985663  0.111909099722  0.274312555213  0.131779669339  0.352914363968  2.4605922038  2.10227712491  0.187508709647  0.295551048079  0.143072871297  -9999.0  -9999.0  -9999.0  -9999.0  -9999.0  -9999.0  -9999.0
-9999.0  -9999.0  -9999.0  -9999.0  -9999.0  -9999.0  -9999.0  -9999.0  -9999.0  -9999.0  -9999.0  -9999.0  -9999.0  -9999.0  0.825049649333  1.35446355131  2.72844122469  4.79942695334  6.28725625727  7.37431867265  7.79108946971  8.2146396189  8.61372158933  0.361908875898  0.3132430034  0.60613017971  0.568058175666  0.296538196826  6.03607899532  6.30009784321  6.54292283984  6.76075426885  3.44136600026  3.54420071459  3.76105982417  287.021368139  0.253278672485  0.171022338878  0.487546036545  0.0474554617553  0.144932705765  0.0838384678252  0.0533932482499  0.285599496655  0.0412656683635  0.042539360248  62.0763021486  58.0091945266  57.9655790417  0.190856793314  0.417495431508  0.255269462349  0.0468158185693  0.695644172952  0.161215414237  0.133925948837  0.103919543674  0.0751305740895  0.0450680827203  0.115841408646  0.884568681216  0.752530310165  0.627918060048  0.952763052562  0.907378622278  0.872367808823  0.0803184590912  0.1956250018  0.174182100107  1.51994046163  1.20898350559  0.751565323707  0.120794457135  -9999.0  -9999.0  -9999.0  -9999.0  -9999.0  -9999.0  -9999.0
-9999.0  -9999.0  -9999.0  -9999.0  -9999.0  -9999.0  -9999.0  -9999.0  -9999.0  -9999.0  -9999.0  -9999.0  -9999.0  -9999.0  0.574380754133  0.540285251936  1.06089126224  1.5935763447  0.552398712494  0.515624271035  0.945263396325  1.35789389693  2.11032168119  2.48962484753  2.82070322427  3.77049660044  4.06378476262  4.38328874249  0.279020836944  2.87268748668  3.07741046291  3.22484499981  0.0897420693967  0.0314023450123  0.0611608640959  290.815283086  290.9043272  291.310818189  0.642468258179  0.106681565987  0.188007446057  0.0499100050184  0.0965955326384  0.334765254186  0.414699127528  0.0778556136335  62.2829195662  0.0747571403288  0.105731766983  0.116664931441  0.0983286303821  0.163664276803  0.0690797876451  0.505738331519  0.368908557222  0.260625696068  0.133378090402  0.0954763638696  0.0553081226486  0.0687415481178  0.0835155501565  0.0850328379392  0.57980705574  0.45162600324  0.329040754793  0.18754836761  0.824100242423  0.637734238871  0.193327545865  0.196690005334  0.147131147634  0.353154454171  0.18129206369  -9999.0  -9999.0  -9999.0  -9999.0  -9999.0  -9999.0  -9999.0
-9999.0  -9999.0  -9999.0  -9999.0  -9999.0  -9999.0  -9999.0  -9999.0  -9999.0  -9999.0  -9999.0  -9999.0  -9999.0  -9999.0  -9999.0  0.513613080987  1.00107181935  0.468910949843  0.974937001312  6.07917774857  6.51926566949  6.91198168948  0.376439705856  0.38009905235  0.709776207816  1.03970422752  1.60750135882  1.90007201059  2.07629806897  2.3312887162  0.196184162981  0.149570559274  3.44331725343  3.49328103644  3.55305582037  3.63561738747  3.10867121663  294.761603188  295.890546997  295.936498135  296.162993412  296.384531424  296.52282673  0.0412116708114  0.454482977134  62.3210719319  0.0955221914268  0.0490249957678  0.0670410190036  0.0650371294999  0.110041140069  0.0869079736273  0.0516227381846  0.0810103300691  0.0686597361257  0.0953517416289  0.0408438234927  0.028118298195  0.114246049071  0.0840813413443  0.0471036616659  0.0457532077833  0.0560284757045  0.061461468459  0.0762742997327  0.109061393128  0.119270187951  0.311490338551  0.0813491586951  0.309328041688  0.139158382949  0.123574406866  -9999.0  -9999.0  -9999.0  -9999.0  -9999.0  -9999.0  -9999.0  -9999.0
-9999.0  -9999.0  -9999.0  -9999.0  -9999.0  -9999.0  -9999.0  -9999.0  -9999.0  -9999.0  -9999.0  -9999.0  -9999.0  -9999.0  -9999.0  -9999.0  1.48536585903  1.980210933  3.48232151697  4.58928624129  0.579150915792  7.97032047926  8.34321017112  8.69376014595  0.347466444158  0.675660930904  0.288588756408  2.22559568154  2.37805007756  2.61150959926  2.83861587502  3.30943844341  3.39029022731  0.0499760537958  2.74659442105  2.92351960681  3.027795879  3.35931861309  0.405001043802  0.243417841333  0.126790304949  0.118007788251  296.645911906  296.705105223  297.459231872  62.3631973942  0.281351716423  0.146922674769  0.103445120276  0.0290520462193  0.292314530468  0.144138039282  0.0461764092205  0.259726002629  0.220895054368  0.036830090062  0.223882253749  0.20406903323  0.149808287772  0.0310595510205  0.0953849567817  0.0717812372353  0.0289539426208  0.0835218299502  0.0543469306144  0.0743880961146  0.0731858188449  0.0456196779782  0.129335384961  1.3745393258  0.845309523028  0.534808823501  0.231107566297  -9999.0  -9999.0  -9999.0  -9999.0  -9999.0  -9999.0  -9999.0
-9999.0  -9999.0  -9999.0  -9999.0  -9999.0  -9999.0  -9999.0  -9999.0  -9999.0  -9999.0  -9999.0  -9999.0  -9999.0  -9999.0  -9999.0  -9999.0  0.502476271322  2.48182809974  3.01315832833  0.597980753084  0.42341024471  0.861676145774  1.25103328675  10.3182521699  0.343456932256  1.38150119287  1.68717122711  1.98038874622  0.160405752172  0.370600714402  0.45579252004  2.2073049333  2.41611971317  2.51677581779  0.0947242157385  0.0753048566153  0.0765417868342  0.141788841153  0.0553563426473  0.056765802241  0.079459787237  0.0706919565274  0.0839744694767  0.256799298382  297.526249495  360.063157524  0.3349109435  0.0523126140391  0.0325370254783  0.901898552693  0.837908371939  0.495676263761  0.443471126634  0.327087925361  0.0826658350883  0.0560704996238  0.243640336009  0.106930322233  0.0849858207117  0.0257025488196  0.131793934006  0.266667064193  0.205633991512  0.126317836675  0.0499519501646  0.208792038068  0.153049434815  0.0963168132451  1.69376947635  1.65736286114  0.15925724032  0.145166996109  0.132187778652  0.120901928266  -9999.0  -9999.0  -9999.0  -9999.0  -9999.0  -9999.0
-9999.0  -9999.0  -9999.0  -9999.0  -9999.0  -9999.0  -9999.0  -9999.0  -9999.0  -9999.0  -9999.0  -9999.0  -9999.0  -9999.0  -9999.0  0.43294670814  1.38324032557  0.451046072218  0.566147316622  0.500014673285  0.940917672962  1.36397924611  1.78943610521  12.5500425721  12.8787508119  0.340090093589  0.647961230514  0.961466192643  1.16073856469  1.34423368454  1.87578174061  2.10766228967  0.0795960569307  0.0881184798199  0.0732579491123  0.0736855265473  0.0799732116628  0.0980238787559  0.0828432982164  0.10520983878  0.307094103135  0.150190830678  0.0818597405025  0.0800422916388  0.0641150421968  0.118385776909  362.986573519  2.5425707894  1.103257637  0.123605667472  0.0573083540063  0.0435672148001  0.137714088061  0.0889021910446  0.0428831607137  0.0424183489584  0.327486337063  0.4626713205  0.504849424088  0.019192539304  0.481041763217  0.320346972921  0.0359355889483  0.028734710374  0.0781602067709  0.528925727004  0.242852494427  0.156765408329  1.76485982255  0.0829223950486  0.0970050805108  0.520253947198  0.263549857441  0.449533273752  0.197724520491  -9999.0  -9999.0  -9999.0  -9999.0  -9999.0
-9999.0  -9999.0  -9999.0  -9999.0  -9999.0  -9999.0  -9999.0  -9999.0  -9999.0  -9999.0  -9999.0  -9999.0  -9999.0  -9999.0  0.460928468117  0.879818624959  3.0977535909  0.392202933267  1.11365004042  1.59050421852  2.01990617883  0.456442889872  0.83391240722  1.30430357482  14.5922586259  0.316315262295  0.59923369387  0.886416411682  0.251833123248  0.488089248839  0.55256082877  0.735495144695  23.6824818379  23.8785926281  24.057501028  24.9013269687  25.1378276447  25.7329413089  0.13932995778  0.301677375379  0.35935301512  27.423293867  27.5634530596  0.0737941715384  0.118825459067  0.163007597887  363.040024095  2.44724415127  1.18948839569  1.1222838053  0.928810853843  0.816244224204  0.182480314663  0.0480244792578  0.0827970868165  0.0380780319076  0.0415696960471  0.0696295474487  0.536259036208  1.07540282607  0.519385268438  0.0960162859352  0.0667619468563  0.0457214099827  0.801246872924  0.660793733095  0.0655530327856  2.07113190501  1.84917569739  0.159261010107  0.975450870106  0.62047153799  0.686392745984  0.58451236638  0.127992828765  -9999.0  -9999.0  -9999.0  -9999.0  -9999.0
-9999.0  -9999.0  -9999.0  -9999.0  -9999.0  -9999.0  -9999.0  -9999.0  -9999.0  -9999.0  -9999.0  -9999.0  -9999.0  -9999.0  0.478041181639  1.43491510536  5.00238016383  7.33056840948  0.334229738026  9.4384299212  11.9030723341  0.414942865875  0.789187628782  1.24368131127  18.1521884086  18.5265221213  0.240708553835  1.3677152184  1.58452679143  1.75665283618  22.3776025251  22.6617559691  22.877200916  0.108629732817  0.618284141847  0.733170943731  0.302217695656  0.429172677529  26.3385419736  26.8196146626  26.9178632398  27.0091537816  27.6736477853  0.0539151672253  0.0489619823935  0.25659829643  363.107258005  0.0875015159464  0.045663881234  0.136378959751  0.059936159095  0.720656203346  0.642131649526  0.385355271961  0.269001329632  0.109928330529  0.0447204617722  0.0991979448862  0.0210486374037  1.10162051578  0.145239535709  0.118796510157  0.0210990497361  0.0688879024137  0.836412838119  0.0245414145463  0.015232002986  2.09359228115  0.0485772001057  1.12831328543  1.06286825268  0.954388972471  0.876928882776  0.0916416979358  0.34388398702  0.110436447688  -9999.0  -9999.0  -9999.0  -9999.0
-9999.0  -9999.0  -9999.0  -9999.0  -9999.0  -9999.0  -9999.0  -9999.0  -9999.0  -9999.0  -9999.0  -9999.0  -9999.0  -9999.0  -9999.0  -9999.0  0.980138773893  1.93973012449  8.59612174538  9.05536441442  12.2968698531  12.7471295206  0.40788170289  0.816193710432  1.94306225996  18.8626341119  19.3928950992  19.5852667794  0.154387603224  20.2442409049  20.5302179887  0.190388520322  0.110586158963  0.215225675766  0.416635067759  0.100647293959  0.19748873629  0.426836930148  0.526099440966  0.0971590636143  0.0640822738113  0.125417917652  28.1301047345  28.2503931478  28.2929705194  28.6663290919  363.165767363  0.0612847424098  0.0248525758006  0.032964059991  0.0331837946108  0.0347386349618  0.030283031025  0.0542607468605  0.0453278234926  0.100308242708  0.0533800413894  0.0478312380953  0.179255019959  1.32842300753  1.50557506977  1.53901061101  1.65545951166  0.0238364564495  0.861109133177  0.0783816521594  0.0286704968737  2.12186863487  2.19826652759  1.18007197892  1.25839323506  1.01937837907  0.639342247154  0.553132357114  0.460486537821  -9999.0  -9999.0  -9999.0  -9999.0  -9999.0
-9999.0  -9999.0  -9999.0  -9999.0  -9999.0  -9999.0  -9999.0  -9999.0  -9999.0  -9999.0  -9999.0  -9999.0  -9999.0  -9999.0  -9999.0  -9999.0  0.503153740492  0.485958460883  0.468102006486  0.908670673665  0.382326168252  13.5169882432  13.9293354727  0.400177146477  0.762960747645  0.32916648472  0.253680583412  0.242967340742  19.9626477281  0.0840416501982  0.179392637163  0.116512177791  0.12060714799  0.101289468439  0.0771245568729  0.08091372564  0.253069945346  0.349963255883  0.0658007988023  0.0544169660323  0.120201079663  0.204609982641  0.261477960607  0.0647758460438  28.3576767886  28.711722807  363.209605623  0.174454899262  0.054383677335  0.0147788425595  0.0446025590711  0.0119039708619  0.0092916431839  0.0650423079745  0.218746057759  0.135918653385  0.030707921706  0.0277891157512  0.0562841149477  0.0238912693921  0.0221398936523  0.0298191626049  0.0345755511511  2.74794800996  0.96516062209  0.0240999305113  0.0381041548633  0.017724344401  5.52798701936  3.30843356112  3.27685629437  1.06701988397  0.772439893025  0.0748936986511  -9999.0  -9999.0  -9999.0  -9999.0  -9999.0  -9999.0
-9999.0  -9999.0  -9999.0  -9999.0  -9999.0  -9999.0  -9999.0  -9999.0  -9999.0  -9999.0  -9999.0  -9999.0  -9999.0  -9999.0  -9999.0  -9999.0  -9999.0  -9999.0  0.480394174586  1.32868107536  1.67659700206  2.04856672435  14.3150562265  14.7239992884  15.1245369071  15.5398399257  15.7747477993  16.2642155066  16.349189944  16.4219532027  16.4942382997  0.0999053823918  0.0951376625349  0.100498254229  0.344944839415  0.0923031624135  0.0892759271943  0.0675344728195  0.19718764495  0.0753339824016  0.0572877611198  0.0526403654013  0.0423650204095  0.0845198153529  0.125747492867  28.9768728973  392.405228107  0.0571347555029  0.114943177858  0.00994233789597  0.0580390066692  0.0284342870586  0.0187106083376  0.456175233443  0.359051665945  0.0999338941525  0.0582088215847  0.111448209558  0.0300637725395  0.0717800990735  0.0413995671467  0.0810296238487  0.0297873723299  0.0416985314161  2.77948514122  2.86804679338  6.58253911571  6.54808143593  6.51805707653  0.0351467640394  0.892941672598  0.852664962684  0.0536971577587  -9999.0  -9999.0  -9999.0  -9999.0  -9999.0  -9999.0  -9999.0
-9999.0  -9999.0  -9999.0  -9999.0  -9999.0  -9999.0  -9999.0  -9999.0  -9999.0  -9999.0  -9999.0  -9999.0  -9999.0  -9999.0  -9999.0  -9999.0  -9999.0  -9999.0  -9999.0  0.374669689685  3.15840489474  6.04760813809  6.43174488282  0.552584282763  0.96350046722  1.33035849075  1.60528211019  3.52550495553  3.62666980073  0.0993763652371  0.099027856116  16.7091331367  16.8985156207  16.9850904488  0.409321968217  0.0535225277729  0.141791466799  0.208569454339  0.634471523012  0.778254156227  0.888221650561  0.0997737554468  0.138957957951  0.047630356231  0.09568890953  0.0499410507502  392.489922767  0.050601545599  0.213470932105  0.0644563576204  0.148516491659  0.385005164017  0.4348517532  0.92313255679  0.352125027852  0.3137506063  0.205428390624  0.184363161725  0.0504625259002  0.0920203067894  0.113230817505  0.0944857190842  0.0127615206015  9.79595786968  9.72824101038  9.69050328751  6.70624618561  0.0597880103107  0.89586422141  0.629193252255  0.412041842823  0.253691644034  0.042474894112  -9999.0  -9999.0  -9999.0  -9999.0  -9999.0  -9999.0  -9999.0
-9999.0  -9999.0  -9999.0  -9999.0  -9999.0  -9999.0  -9999.0  -9999.0  -9999.0  -9999.0  -9999.0  -9999.0  -9999.0  -9999.0  -9999.0  -9999.0  -9999.0  -9999.0  0.439633651536  1.43395833296  2.78983262239  3.61916907513  9.01629425319  9.50976033091  0.782298799281  1.14829889638  1.44487626443  1.70654055395  3.71124185294  3.90494736863  6.57013192659  6.75214756518  6.83609509959  17.067512299  17.6708348092  0.13060836097  0.0931049037439  0.0867042609128  0.165805332953  0.0753169878063  1.03451275744  1.08705329523  0.183871239498  0.226032908323  0.0360624141874  94.0107620506  94.1159435813  486.661907381  486.937544744  0.0534793653965  0.259440132479  0.0688532054606  0.0597944932539  1.02498679815  1.41886429764  0.277286421029  0.233658678774  0.049287617613  0.027068438433  0.11803901727  10.0307991546  9.89684657754  9.87638012348  9.84177168267  0.0554904464126  0.0501562181865  0.0548093770834  0.0660675800618  0.214929975954  0.143009611454  0.126618033896  0.190044025134  0.0567718338551  -9999.0  -9999.0  -9999.0  -9999.0  -9999.0  -9999.0  -9999.0
-9999.0  -9999.0  -9999.0  -9999.0  -9999.0  -9999.0  -9999.0  -9999.0  -9999.0  -9999.0  -9999.0  -9999.0  -9999.0  -9999.0  -9999.0  -9999.0  -9999.0  -9999.0  -9999.0  0.525774885963  0.510500449579  0.940703159464  2.20644771726  9.93527200777  0.407394467707  0.40162341011  0.702990822957  1.00930247543  2.27313181289  2.4013961748  0.0927464726433  0.129546648767  6.96116155801  7.04223918005  24.7811828484  24.8371726779  0.0469396618701  0.041307112432  0.0357377377296  0.0360844753165  0.0412048131906  93.0759946828  93.4005380606  93.6756517147  93.7611017821  93.9737389474  0.0582110552068  0.210779069704  0.256634590755  487.296307039  487.325751116  487.38431758  487.422520341  487.462638661  1.45547612825  0.0221731788726  0.0948792034042  0.0756914092024  0.0205253882255  0.13844488309  10.1041786992  0.0465415438999  0.0204236857393  0.190164644855  0.171533061219  0.14306618783  0.113372130642  0.0685181715281  0.0863272515843  0.0793290298432  0.0659661301704  0.0721723705202  -9999.0  -9999.0  -9999.0  -9999.0  -9999.0  -9999.0  -9999.0  -9999.0
-9999.0  -9999.0  -9999.0  -9999.0  -9999.0  -9999.0  -9999.0  -9999.0  -9999.0  -9999.0  -9999.0  -9999.0  -9999.0  -9999.0  -9999.0  -9999.0  -9999.0  -9999.0  -9999.0  -9999.0  0.449071651223  0.479862772605  0.874783754683  11.6520193778  12.0871104494  0.391201114471  0.693211882652  1.00808983123  1.16565415929  0.123390858066  0.263346191663  24.4485556039  24.5409119536  24.6298354742  25.3462340089  50.2586162215  90.9514507692  91.0709958803  91.1806432962  91.2865063595  91.7770661326  91.9368098996  0.283809500721  0.121929165912  0.0771653807983  0.143601724735  0.103839158616  0.166849742873  0.0540629289901  1.18034780421  1.3546205528  1.4852144285  1.51162775924  487.476934213  488.957389861  489.135607618  0.128834039251  0.0235856441269  0.203292705987  0.162985883773  10.158287172  0.0280360995025  0.466936005389  0.252507444226  0.227764343896  0.157273967431  0.0745907502036  0.0921927167436  0.0480594601749  -9999.0  -9999.0  -9999.0  -9999.0  -9999.0  -9999.0  -9999.0  -9999.0  -9999.0  -9999.0  -9999.0
-9999.0  -9999.0  -9999.0  -9999.0  -9999.0  -9999.0  -9999.0  -9999.0  -9999.0  -9999.0  -9999.0  -9999.0  -9999.0  -9999.0  -9999.0  -9999.0  -9999.0  -9999.0  -9999.0  -9999.0  -9999.0  0.461684606566  0.880034131831  1.30375832472  12.4527849808  0.407067838175  16.8584384146  17.1883427998  17.3092341475  17.4588045308  23.8527926407  24.0332538382  0.100455143808  0.539328984687  0.647637401164  0.104884122496  40.5782393589  40.3853220841  0.0615670123195  0.145956119137  0.393188877247  0.087742706293  0.0925928430469  0.0611172900532  0.0517086273942  0.0392232257832  0.0480157535422  1.01273537369  1.0653767605  1.13070970353  0.123452529975  0.0845202758809  1.56863502096  1.60874576734  1.62948676103  489.155806311  489.178444444  0.270208058171  0.226557249334  10.6986512933  10.6761216969  0.493078220866  0.0424437516814  0.0198386862823  0.376439514411  0.314974102572  0.238281158526  0.137634647641  0.067104589851  0.0297616211562  -9999.0  -9999.0  -9999.0  -9999.0  -9999.0  -9999.0  -9999.0  -9999.0  -9999.0  -9999.0
-9999.0  -9999.0  -9999.0  -9999.0  -9999.0  -9999.0  -9999.0  -9999.0  -9999.0  -9999.0  -9999.0  -9999.0  -9999.0  -9999.0  -9999.0  -9999.0  -9999.0  -9999.0  -9999.0  -9999.0  -9999.0  0.407501098473  0.380193108555  1.9936865701  15.2946687533  16.1303525208  16.5594070661  0.310892051362  6.08367121563  6.19321684984  6.26123921622  0.153068127511  0.274947592937  0.369689882581  9.06116756393  9.14071421292  9.21114038078  40.255307926  25.9234390424  0.0825038434  0.084844042084  0.0801087432616  0.0610581178791  0.620181435447  0.739633631525  0.842991220443  0.902919750607  0.960284571111  7.51719452685  7.55970564899  7.61065544619  7.72465746309  8.18836381959  8.21284225849  9.87059275398  0.0216672381363  489.197713178  489.223688592  0.298238397524  10.7184289135  0.0426093883365  0.0206436889445  0.0672779774452  0.593531630184  0.578680472684  0.141595440127  0.0717045424879  0.167946354756  0.109314275758  0.0293253601028  0.024122644545  0.0235407019926  -9999.0  -9999.0  -9999.0  -9999.0  -9999.0  -9999.0  -9999.0  -9999.0
-9999.0  -9999.0  -9999.0  -9999.0  -9999.0  -9999.0  -9999.0  -9999.0  -9999.0  -9999.0  -9999.0  -9999.0  -9999.0  -9999.0  -9999.0  -9999.0  -9999.0  -9999.0  -9999.0  -9999.0  -9999.0  -9999.0  0.799013302575  1.23295203634  0.455582872362  0.413241815431  5.10427276348  5.43029600057  5.62278232149  1.89770043555  1.98588843337  2.09227261422  2.20331218455  8.88031439699  8.99737784548  4.87990389358  14.1811848955  14.2635283286  25.8608057018  0.163458412852  0.0826034599034  0.0552928011283  0.42696858627  0.502453429106  0.0412665134376  0.037331170117  7.32384966871  7.42473216022  7.47755721285  0.0518507101252  0.0804087801926  8.12886102681  0.0404835807623  0.179966984073  0.201138298405  10.1135171973  10.1361840223  10.3999603033  499.942751459  10.7829040055  0.753858370185  0.731463981047  0.704892140355  0.608543621494  0.0217272684035  0.285044382131  0.237630566371  0.0912002730828  0.033145444074  0.0498361937683  0.118447727814  0.0699371334655  -9999.0  -9999.0  -9999.0  -9999.0  -9999.0  -9999.0  -9999.0  -9999.0
-9999.0  -9999.0  -9999.0  -9999.0  -9999.0  -9999.0  -9999.0  -9999.0  -9999.0  -9999.0  -9999.0  -9999.0  -9999.0  -9999.0  -9999.0  -9999.0  -9999.0  -9999.0  -9999.0  -9999.0  -9999.0  -9999.0  0.404305803627  0.797333858563  3.43389688025  3.91294662251  4.34719419387  1.57205911918  1.80524969672  0.107883577566  6.38931146651  6.47959239502  6.57084579076  0.101415679329  4.66604211435  4.78923975048  0.0867066045605  25.4322599551  0.188219577751  0.0930772347347  0.230037172247  0.312970240337  0.0602841167873  0.0478336287528  6.8102476251  7.23123969795  7.29298216425  0.0617796489279  0.129437729295  0.161229270166  0.185231044873  0.367977218883  0.0656218826466  0.147122154054  0.032379568156  0.0635493974548  10.3499510829  10.3765514223  499.971447264  511.601452393  0.820896217992  0.0372182142132  0.019080287017  0.0401033060141  0.0148393062415  0.303917095424  0.192273652006  0.149466941945  0.393853425136  0.337869185718  0.240212935351  0.0603364158024  0.0251402805466  -9999.0  -9999.0  -9999.0  -9999.0  -9999.0  -9999.0  -9999.0
-9999.0  -9999.0  -9999.0  -9999.0  -9999.0  -9999.0  -9999.0  -9999.0  -9999.0  -9999.0  -9999.0  -9999.0  -9999.0  -9999.0  -9999.0  -9999.0  -9999.0  -9999.0  -9999.0  -9999.0  -9999.0  -9999.0  0.397574598147  1.25616208799  2.23113367752  0.52774645602  0.917216816237  1.27897476028  5.93495007065  6.09533112446  6.1951838259  0.0823211734005  4.09159251588  4.37292694647  4.47164872833  0.0548054530034  25.0590994455  25.2648911886  0.0946272632488  0.0845310965004  0.168132292555  0.0659250887715  6.48710010851  6.60610194077  6.67859383158  0.271515190552  0.33191125019  0.0513383043891  0.0926968757338  0.0417665554256  0.281807823531  0.0461076138324  0.037070248108  0.0393864153869  0.0433768151619  0.0881999896261  0.12187526704  38.9307578336  39.0051062182  550.685025248  550.704268874  550.718676499  0.0305843558899  0.650846363497  0.593294557878  0.257790554664  0.245652876127  0.0350101198644  0.480136121077  0.0321746895074  0.0264454199417  0.0204580728669  0.102944092905  0.0489317134966  -9999.0  -9999.0  -9999.0  -9999.0  -9999.0  -9999.0
-9999.0  -9999.0  -9999.0  -9999.0  -9999.0  -9999.0  -9999.0  -9999.0  -9999.0  -9999.0  -9999.0  -9999.0  -9999.0  -9999.0  -9999.0  -9999.0  -9999.0  -9999.0  -9999.0  -9999.0  -9999.0  -9999.0  -9999.0  0.434699324032  0.509317448996  0.538613914082  4.30588670851  4.6502196092  5.65706021129  0.194084551098  3.68628543612  3.94077034273  0.0960343391702  0.208258683871  0.0647492570425  24.845219214  0.0861872707207  0.237649105819  0.300762209339  0.359598847714  6.1113351071  6.29705837865  6.37426881369  0.0789275789338  0.146618534002  0.206616663058  0.0344469698961  0.0298619692744  21.0244524783  21.0563435929  21.083704652  21.3718811812  21.4101127295  21.4576123405  21.4922761707  34.1865022947  34.2231037524  38.9051173099  0.0447010339401  0.0523317236109  0.0954081609079  550.83060393  550.952564309  551.651620748  551.666113302  0.0286325881792  0.0140171466932  0.536606201365  0.519818936361  0.01928419711  0.0618904103571  0.489705179384  0.329109424375  0.293334894173  0.0801342777312  -9999.0  -9999.0  -9999.0  -9999.0  -9999.0
-9999.0  -9999.0  -9999.0  -9999.0  -9999.0  -9999.0  -9999.0  -9999.0  -9999.0  -9999.0  -9999.0  -9999.0  -9999.0  -9999.0  -9999.0  -9999.0  -9999.0  -9999.0  -9999.0  -9999.0  -9999.0  -9999.0  -9999.0  0.354910402757  0.905135873989  2.00824804688  3.93676047514  0.419201818813  0.737628359496  3.21181313478  3.39069144473  0.138534993725  5.62160284371  5.71895175963  24.628132249  24.7042439389  0.0689280988867  0.132807029562  0.620030083707  5.58099895892  5.71290304654  0.136744996961  0.0708658289402  0.0563290326781  19.440841668  19.5533645898  19.6464016825  19.7359716103  20.995402857  0.100180519565  21.3390136857  0.0586060281456  0.039308496371  0.0711930701455  12.6198750053  12.6691270742  4.48579361017  4.63904006449  0.105600768399  0.0515463590981  0.0624277126948  0.0460020188588  0.0754386554876  0.0323188574416  581.545162347  581.584860658  0.661731501313  0.563395055177  0.0149706819381  0.772856841268  0.721840922046  0.599138787637  0.0514192852227  0.0707690581409  0.086572458164  -9999.0  -9999.0  -9999.0  -9999.0  -9999.0
-9999.0  -9999.0  -9999.0  -9999.0  -9999.0  -9999.0  -9999.0  -9999.0  -9999.0  -9999.0  -9999.0  -9999.0  -9999.0  -9999.0  -9999.0  -9999.0  -9999.0  -9999.0  -9999.0  -9999.0  -9999.0  -9999.0  -9999.0  -9999.0  0.534129933957  1.0364160794  1.4627029363  2.55481225065  2.88125632305  4.78262784854  5.31627496407  5.43095803146  5.51622842438  18.7350574822  18.8306115123  0.0519492574102  0.531242030518  0.595366786802  4.89360497621  4.93786516023  0.0796993581445  0.0269748665746  19.2286098939  19.2829921891  19.3382525705  0.0619740073271  1.0911182742  1.14678553199  1.21198496412  0.0538162510278  0.0411513433036  0.0297594456897  0.021717694708  12.467531245  12.517848307  0.0343559885036  4.45053783592  4.25072869116  4.21664836471  0.0404097005029  0.0533439012103  0.0334526613396  0.066494648872  29.7382729183  29.8533419654  582.262096335  0.063748598706  0.0302131254902  0.809564378414  0.0223055481369  0.166233210771  0.10750468568  0.0461248978128  -9999.0  -9999.0  -9999.0  -9999.0  -9999.0  -9999.0  -9999.0
-9999.0  -9999.0  -9999.0  -9999.0  -9999.0  -9999.0  -9999.0  -9999.0  -9999.0  -9999.0  -9999.0  -9999.0  -9999.0  -9999.0  -9999.0  -9999.0  -9999.0  -9999.0  -9999.0  -9999.0  -9999.0  -9999.0  -9999.0  -9999.0  0.497492853677  1.5947318537  2.14528066586  3.16430796984  4.0370436623  4.4649545179  0.292175458862  4.84056987592  18.3782485507  18.6344771756  0.195075203808  0.322324094713  0.490907504443  4.78220481272  4.85108354253  13.1996917505  13.3379134271  19.1818635027  19.2090944403  0.0304623668391  0.899880131516  0.976523353415  1.04635128093  0.0547116167175  11.4854765913  11.53798673  11.6808416769  12.2059537358  12.3838788468  12.4194620654  0.0382514284821  0.0851244769724  0.126130283178  3.51084859662  4.14536109878  0.425225310023  0.384261153422  0.0283522704337  0.0315115159235  29.6355095754  0.0822114475877  0.0551645258676  582.322245707  0.0158038984357  0.0138510538355  1.03119727768  0.207101793433  0.0463924534408  0.0283024482805  -9999.0  -9999.0  -9999.0  -9999.0  -9999.0  -9999.0  -9999.0
-9999.0  -9999.0  -9999.0  -9999.0  -9999.0  -9999.0  -9999.0  -9999.0  -9999.0  -9999.0  -9999.0  -9999.0  -9999.0  -9999.0  -9999.0  -9999.0  -9999.0  -9999.0  -9999.0  -9999.0  -9999.0  -9999.0  -9999.0  -9999.0  0.560616070155  0.532379950439  2.12724416376  2.70266990989  0.465016470864  4.12642466653  4.50001610328  0.334476407421  12.9171303176  0.315481266903  2.09086759083  4.54586085572  4.71815787443  12.5619403809  12.648037798  13.1533604019  0.116086219929  5.81803787153  0.0197265209703  0.0508157436281  0.874381379408  0.0455973148622  2.37727623101  11.3854679058  0.0414071865041  0.10235707893  0.400194436213  0.0602165336015  0.0671076835183  0.0486587230255  0.0395135450866  3.12989590761  3.36830761349  3.47238619011  0.161125079006  0.132576878356  0.242382188301  0.0432752261727  29.5231781433  29.5552011396  0.0450976296884  0.0356167339891  0.0167306424925  582.429157917  583.691645969  1.2368973089  0.190140101523  0.174561695733  0.0853924967693  -9999.0  -9999.0  -9999.0  -9999.0  -9999.0  -9999.0  -9999.0
-9999.0  -9999.0  -9999.0  -9999.0  -9999.0  -9999.0  -9999.0  -9999.0  -9999.0  -9999.0  -9999.0  -9999.0  -9999.0  -9999.0  -9999.0  -9999.0  -9999.0  -9999.0  -9999.0  -9999.0  -9999.0  -9999.0  -9999.0  -9999.0  -9999.0  0.521663625819  0.556785205962  0.526352333383  3.25121292232  3.72041215034  5.86243574451  12.6302710449  0.397436172323  1.18035718186  1.53496633044  2.25216989275  0.528944738167  12.3859174276  0.195010336938  0.394266933641  5.60698428804  0.147178031851  0.667805327148  0.743290357312  0.0391132666159  0.0406789605281  2.34930203383  8.97544173146  0.0576082090247  0.193211140601  0.344342624188  0.0542487001283  0.0351208103075  2.83601196698  2.96374624117  0.0950871670622  0.204677345049  0.0580915985814  0.107717771045  0.0775496260364  0.0641072038678  0.0329951060315  29.4970148455  0.100489326071  -9999.0  -9999.0  0.0366974284709  0.0658789381717  583.701873398  583.710955373  583.740265087  0.0154426824443  -9999.0  -9999.0  -9999.0  -9999.0  -9999.0  -9999.0  -9999.0  -9999.0
-9999.0  -9999.0  -9999.0  -9999.0  -9999.0  -9999.0  -9999.0  -9999.0  -9999.0  -9999.0  -9999.0  -9999.0  -9999.0  -9999.0  -9999.0  -9999.0  -9999.0  -9999.0  -9999.0  -9999.0  -9999.0  -9999.0  -9999.0  -9999.0  -9999.0  -9999.0  0.544768970979  1.72697125904  2.24514519676  5.47080497888  2.05381048055  6.34821757805  3.82332340717  0.388338702648  1.2095110218  1.93779788511  0.304315099345  11.658984748  4.09717458339  4.99675350019  0.471021522662  0.466169176225  0.149642695478  0.0616451025315  2.22490329123  2.26691105634  8.82897551671  8.87261680498  0.090644408378  0.142874548074  0.0398717154789  2.42119535132  2.6154315527  2.81594868575  0.100606351276  0.0467789191476  0.14710317497  0.0537402187591  0.0396272539898  0.0308675418983  29.2369327101  29.2901336339  29.3364819725  0.0693616129304  -9999.0  -9999.0  -9999.0  -9999.0  -9999.0  0.0142877377676  583.739074996  583.736939504  -9999.0  -9999.0  -9999.0  -9999.0  -9999.0  -9999.0  -9999.0  -9999.0
-9999.0  -9999.0  -9999.0  -9999.0  -9999.0  -9999.0  -9999.0  -9999.0  -9999.0  -9999.0  -9999.0  -9999.0  -9999.0  -9999.0  -9999.0  -9999.0  -9999.0  -9999.0  -9999.0  -9999.0  -9999.0  -9999.0  -9999.0  -9999.0  -9999.0  -9999.0  0.628341538182  0.553260540962  4.95655263801  0.569268173096  1.58411068364  2.51543258816  3.41355518592  0.44671763817  0.417675588379  0.377223002009  10.9847423369  11.3537147028  3.82361866696  0.661407390388  0.304276783764  0.301033157096  2.01029322702  2.19509431775  8.26169587884  8.52736329591  8.72522692714  0.0654880808106  0.0473123849982  2.32596689045  2.35561234219  2.39388132801  0.168986626904  0.104405529283  0.0559567880446  0.0521454381052  0.0362125525579  0.26162793551  0.279118945622  29.2102262159  29.2234078875  0.035120869896  0.0238932924501  0.0348481969175  -9999.0  -9999.0  -9999.0  -9999.0  -9999.0  -9999.0  -9999.0  -9999.0  -9999.0  -9999.0  -9999.0  -9999.0  -9999.0  -9999.0  -9999.0  -9999.0
-9999.0  -9999.0  -9999.0  -9999.0  -9999.0  -9999.0  -9999.0  -9999.0  -9999.0  -9999.0  -9999.0  -9999.0  -9999.0  -9999.0  -9999.0  -9999.0  -9999.0  -9999.0  -9999.0  -9999.0  -9999.0  -9999.0  -9999.0  -9999.0  -9999.0  -9999.0  -9999.0  1.19742842807  3.84863647217  2.125015992  0.500535191757  1.97786573034  0.450648604591  1.46119328026  1.8137172429  9.73702313123  10.605900862  3.1826166523  3.50728587658  0.341946353145  1.47243940715  1.76052761652  5.3449514084  7.93300075086  8.15716344456  0.190908280588  0.113361763114  1.93359845552  2.14250295349  2.29947031401  0.0458893485576  0.0811082893821  0.12767978815  0.0479985798471  0.097078404575  0.156769391275  0.187077788654  0.241078629585  0.0290960542367  28.8818478422  0.0783152800778  0.0198349875036  -9999.0  -9999.0  -9999.0  -9999.0  -9999.0  -9999.0  -9999.0  -9999.0  -9999.0  -9999.0  -9999.0  -9999.0  -9999.0  -9999.0  -9999.0  -9999.0  -9999.0  -9999.0
-9999.0  -9999.0  -9999.0  -9999.0  -9999.0  -9999.0  -9999.0  -9999.0  -9999.0  -9999.0  -9999.0  -9999.0  -9999.0  -9999.0  -9999.0  -9999.0  -9999.0  -9999.0  -9999.0  -9999.0  -9999.0  -9999.0  -9999.0  -9999.0  -9999.0  -9999.0  -9999.0  0.640002402618  0.568175166147  1.01872882271  0.522618469752  0.993422517066  1.03044970718  6.00641003844  6.48980153373  0.995644644678  0.41994705953  2.84142902518  0.798295156774  1.18697576201  4.47195553631  4.79037679807  5.10225000789  2.35682577909  0.854194075792  1.25561474062  1.55833804245  1.88710514197  0.161489656581  0.0828041508924  17.5946549402  17.6517212019  17.6924100633  0.0332672979729  0.061683980895  0.0363374218718  0.0281901821095  27.710067472  28.0555190999  0.6752498769  0.564443885552  0.052338598988  -9999.0  -9999.0  -9999.0  -9999.0  -9999.0  -9999.0  -9999.0  -9999.0  -9999.0  -9999.0  -9999.0  -9999.0  -9999.0  -9999.0  -9999.0  -9999.0  -9999.0  -9999.0
-9999.0  -9999.0  -9999.0  -9999.0  -9999.0  -9999.0  -9999.0  -9999.0  -9999.0  -9999.0  -9999.0  -9999.0  -9999.0  -9999.0  -9999.0  -9999.0  -9999.0  -9999.0  -9999.0  -9999.0  -9999.0  -9999.0  -9999.0  -9999.0  -9999.0  -9999.0  -9999.0  -9999.0  -9999.0  0.420420720451  0.451232693257  0.557042771265  2.24384812828  5.55351936098  2.81209579498  0.470272303065  1.98183457241  2.43027951794  0.392918582046  3.81383837421  4.15211730474  1.10079225168  1.7301979235  0.321568200725  0.570009144577  0.241278457275  0.160583699964  0.146155517022  17.3431514367  17.4552847073  17.5494829524  0.506018851164  18.3016546125  18.3838848054  18.4524882805  18.5210812246  18.6329641446  27.6826776696  27.7996287022  0.200360646341  0.506222042603  0.141044055046  -9999.0  -9999.0  -9999.0  -9999.0  -9999.0  -9999.0  -9999.0  -9999.0  -9999.0  -9999.0  -9999.0  -9999.0  -9999.0  -9999.0  -9999.0  -9999.0  -9999.0  -9999.0
-9999.0  -9999.0  -9999.0  -9999.0  -9999.0  -9999.0  -9999.0  -9999.0  -9999.0  -9999.0  -9999.0  -9999.0  -9999.0  -9999.0  -9999.0  -9999.0  -9999.0  -9999.0  -9999.0  -9999.0  -9999.0  -9999.0  -9999.0  -9999.0  -9999.0  -9999.0  -9999.0  -9999.0  -9999.0  -9999.0  -9999.0  0.596604555971  1.18090687577  1.17020907032  1.12852259475  1.07700242539  1.57985369668  2.58320402772  2.98889781872  3.45118720775  0.375068328968  0.76222544218  0.32487506568  0.284196474454  11.1065568117  13.3492415379  13.8224202465  14.0245912022  17.2326460314  0.150647208095  0.276123596897  0.431236517502  2.81568613028  2.90993611741  2.99128626808  6.82726737318  8.28026396794  8.96667305334  0.116215634762  0.107545845654  0.303651932467  0.0830163138361  -9999.0  -9999.0  -9999.0  -9999.0  -9999.0  -9999.0  -9999.0  -9999.0  -9999.0  -9999.0  -9999.0  -9999.0  -9999.0  -9999.0  -9999.0  -9999.0  -9999.0  -9999.0
-9999.0  -9999.0  -9999.0  -9999.0  -9999.0  -9999.0  -9999.0  -9999.0  -9999.0  -9999.0  -9999.0  -9999.0  -9999.0  -9999.0  -9999.0  -9999.0  -9999.0  -9999.0  -9999.0  -9999.0  -9999.0  -9999.0  -9999.0  -9999.0  -9999.0  -9999.0  -9999.0  -9999.0  -9999.0  -9999.0  -9999.0  -9999.0  0.601360507372  0.601543723136  0.570937481662  0.545715474921  1.08302651351  2.11833991362  1.97427196054  2.37245052766  2.71151600695  6.1777524072  6.49668361815  10.6523386668  10.9166416035  2.04391631582  0.241936960377  2.83793885285  3.0274543288  1.12820977736  2.18843486796  2.55186420293  2.70960024428  0.133863837421  3.76871509738  7.1293554124  8.21773429292  0.124542490051  0.482969835857  0.0776865035285  0.234668036268  -9999.0  -9999.0  -9999.0  -9999.0  -9999.0  -9999.0  -9999.0  -9999.0  -9999.0  -9999.0  -9999.0  -9999.0  -9999.0  -9999.0  -9999.0  -9999.0  -9999.0  -9999.0  -9999.0
-9999.0  -9999.0  -9999.0  -9999.0  -9999.0  -9999.0  -9999.0  -9999.0  -9999.0  -9999.0  -9999.0  -9999.0  -9999.0  -9999.0  -9999.0  -9999.0  -9999.0  -9999.0  -9999.0  -9999.0  -9999.0  -9999.0  -9999.0  -9999.0  -9999.0  -9999.0  -9999.0  -9999.0  -9999.0  -9999.0  -9999.0  -9999.0  -9999.0  -9999.0  -9999.0  0.594130055918  0.540259877152  0.532040535722  1.52860837905  1.40218618665  2.68961022425  3.13224822711  0.3622572273  3.82393254021  1.46707158679  1.78682447094  1.81160833746  2.64589301616  0.713767846669  0.22884026729  0.923783741715  0.218649443613  2.04751683511  2.42764518885  3.51867404258  0.162307221345  0.613404930384  0.22205174181  0.278108067831  0.0824026412452  0.157697714261  -9999.0  -9999.0  -9999.0  -9999.0  -9999.0  -9999.0  -9999.0  -9999.0  -9999.0  -9999.0  -9999.0  -9999.0  -9999.0  -9999.0  -9999.0  -9999.0  -9999.0  -9999.0  -9999.0
-9999.0  -9999.0  -9999.0  -9999.0  -9999.0  -9999.0  -9999.0  -9999.0  -9999.0  -9999.0  -9999.0  -9999.0  -9999.0  -9999.0  -9999.0  -9999.0  -9999.0  -9999.0  -9999.0  -9999.0  -9999.0  -9999.0  -9999.0  -9999.0  -9999.0  -9999.0  -9999.0  -9999.0  -9999.0  -9999.0  -9999.0  -9999.0  -9999.0  -9999.0  -9999.0  -9999.0  -9999.0  0.516025453586  0.459302381915  0.942563517464  0.883877341729  2.29827650316  3.08251384898  0.797205898593  1.13051797641  0.938629260245  1.55358328305  0.576564299718  0.512008371978  0.514657474156  0.211894343198  1.22841150673  1.87007597503  0.209186366535  0.904511238292  0.300821655962  0.154067598295  0.0887693962925  0.0890607557071  0.0986158387517  -9999.0  -9999.0  -9999.0  -9999.0  -9999.0  -9999.0  -9999.0  -9999.0  -9999.0  -9999.0  -9999.0  -9999.0  -9999.0  -9999.0  -9999.0  -9999.0  -9999.0  -9999.0  -9999.0  -9999.0
-9999.0  -9999.0  -9999.0  -9999.0  -9999.0  -9999.0  -9999.0  -9999.0  -9999.0  -9999.0  -9999.0  -9999.0  -9999.0  -9999.0  -9999.0  -9999.0  -9999.0  -9999.0  -9999.0  -9999.0  -9999.0  -9999.0  -9999.0  -9999.0  -9999.0  -9999.0  -9999.0  -9999.0  -9999.0  -9999.0  -9999.0  -9999.0  -9999.0  -9999.0  -9999.0  -9999.0  -9999.0  -9999.0  -9999.0  0.468700635968  0.983348016193  1.90101519206  0.415827363035  0.408228553871  0.314181348499  0.650815258405  0.321000376778  0.300941940193  0.276270999423  0.279431757669  0.526743666507  1.03640790757  0.463909800457  0.497293908566  0.711932444534  0.151405402116  0.0702509345873  -9999.0  -9999.0  -9999.0  -9999.0  -9999.0  -9999.0  -9999.0  -9999.0  -9999.0  -9999.0  -9999.0  -9999.0  -9999.0  -9999.0  -9999.0  -9999.0  -9999.0  -9999.0  -9999.0  -9999.0  -9999.0  -9999.0  -9999.0
-9999.0  -9999.0  -9999.0  -9999.0  -9999.0  -9999.0  -9999.0  -9999.0  -9999.0  -9999.0  -9999.0  -9999.0  -9999.0  -9999.0  -9999.0  -9999.0  -9999.0  -9999.0  -9999.0  -9999.0  -9999.0  -9999.0  -9999.0  -9999.0  -9999.0  -9999.0  -9999.0  -9999.0  -9999.0  -9999.0  -9999.0  -9999.0  -9999.0  -9999.0  -9999.0  -9999.0  -9999.0  -9999.0  -9999.0  -9999.0  0.487210845967  0.442349647711  -9999.0  -9999.0  -9999.0  -9999.0  -9999.0  -9999.0  -9999.0  -9999.0  0.268555428534  0.250011738552  0.213110999852  0.23794895833  -9999.0  -9999.0  -9999.0  -9999.0  -9999.0  -9999.0  -9999.0  -9999.0  -9999.0  -9999.0  -9999.0  -9999.0  -9999.0  -9999.0  -9999.0  -9999.0  -9999.0  -9999.0  -9999.0  -9999.0  -9999.0  -9999.0  -9999.0  -9999.0  -9999.0  -9999.0
-9999.0  -9999.0  -9999.0  -9999.0  -9999.0  -9999.0  -9999.0  -9999.0  -9999.0  -9999.0  -9999.0  -9999.0  -9999.0  -9999.0  -9999.0  -9999.0  -9999.0  -9999.0  -9999.0  -9999.0  -9999.0  -9999.0  -9999.0  -9999.0  -9999.0  -9999.0  -9999.0  -9999.0  -9999.0  -9999.0  -9999.0  -9999.0  -9999.0  -9999.0  -9999.0  -9999.0  -9999.0  -9999.0  -9999.0  -9999.0  -9999.0  -9999.0  -9999.0  -9999.0  -9999.0  -9999.0  -9999.0  -9999.0  -9999.0  -9999.0  -9999.0  -9999.0  -9999.0  -9999.0  -9999.0  -9999.0  -9999.0  -9999.0  -9999.0  -9999.0  -9999.0  -9999.0  -9999.0  -9999.0  -9999.0  -9999.0  -9999.0  -9999.0  -9999.0  -9999.0  -9999.0  -9999.0  -9999.0  -9999.0  -9999.0  -9999.0  -9999.0  -9999.0  -9999.0  -9999.0
-9999.0  -9999.0  -9999.0  -9999.0  -9999.0  -9999.0  -9999.0  -9999.0  -9999.0  -9999.0  -9999.0  -9999.0  -9999.0  -9999.0  -9999.0  -9999.0  -9999.0  -9999.0  -9999.0  -9999.0  -9999.0  -9999.0  -9999.0  -9999.0  -9999.0  -9999.0  -9999.0  -9999.0  -9999.0  -9999.0  -9999.0  -9999.0  -9999.0  -9999.0  -9999.0  -9999.0  -9999.0  -9999.0  -9999.0  -9999.0  -9999.0  -9999.0  -9999.0  -9999.0  -9999.0  -9999.0  -9999.0  -9999.0  -9999.0  -9999.0  -9999.0  -9999.0  -9999.0  -9999.0  -9999.0  -9999.0  -9999.0  -9999.0  -9999.0  -9999.0  -9999.0  -9999.0  -9999.0  -9999.0  -9999.0  -9999.0  -9999.0  -9999.0  -9999.0  -9999.0  -9999.0  -9999.0  -9999.0  -9999.0  -9999.0  -9999.0  -9999.0  -9999.0  -9999.0  -9999.0
-9999.0  -9999.0  -9999.0  -9999.0  -9999.0  -9999.0  -9999.0  -9999.0  -9999.0  -9999.0  -9999.0  -9999.0  -9999.0  -9999.0  -9999.0  -9999.0  -9999.0  -9999.0  -9999.0  -9999.0  -9999.0  -9999.0  -9999.0  -9999.0  -9999.0  -9999.0  -9999.0  -9999.0  -9999.0  -9999.0  -9999.0  -9999.0  -9999.0  -9999.0  -9999.0  -9999.0  -9999.0  -9999.0  -9999.0  -9999.0  -9999.0  -9999.0  -9999.0  -9999.0  -9999.0  -9999.0  -9999.0  -9999.0  -9999.0  -9999.0  -9999.0  -9999.0  -9999.0  -9999.0  -9999.0  -9999.0  -9999.0  -9999.0  -9999.0  -9999.0  -9999.0  -9999.0  -9999.0  -9999.0  -9999.0  -9999.0  -9999.0  -9999.0  -9999.0  -9999.0  -9999.0  -9999.0  -9999.0  -9999.0  -9999.0  -9999.0  -9999.0  -9999.0  -9999.0  -9999.0
-9999.0  -9999.0  -9999.0  -9999.0  -9999.0  -9999.0  -9999.0  -9999.0  -9999.0  -9999.0  -9999.0  -9999.0  -9999.0  -9999.0  -9999.0  -9999.0  -9999.0  -9999.0  -9999.0  -9999.0  -9999.0  -9999.0  -9999.0  -9999.0  -9999.0  -9999.0  -9999.0  -9999.0  -9999.0  -9999.0  -9999.0  -9999.0  -9999.0  -9999.0  -9999.0  -9999.0  -9999.0  -9999.0  -9999.0  -9999.0  -9999.0  -9999.0  -9999.0  -9999.0  -9999.0  -9999.0  -9999.0  -9999.0  -9999.0  -9999.0  -9999.0  -9999.0  -9999.0  -9999.0  -9999.0  -9999.0  -9999.0  -9999.0  -9999.0  -9999.0  -9999.0  -9999.0  -9999.0  -9999.0  -9999.0  -9999.0  -9999.0  -9999.0  -9999.0  -9999.0  -9999.0  -9999.0  -9999.0  -9999.0  -9999.0  -9999.0  -9999.0  -9999.0  -9999.0  -9999.0
-9999.0  -9999.0  -9999.0  -9999.0  -9999.0  -9999.0  -9999.0  -9999.0  -9999.0  -9999.0  -9999.0  -9999.0  -9999.0  -9999.0  -9999.0  -9999.0  -9999.0  -9999.0  -9999.0  -9999.0  -9999.0  -9999.0  -9999.0  -9999.0  -9999.0  -9999.0  -9999.0  -9999.0  -9999.0  -9999.0  -9999.0  -9999.0  -9999.0  -9999.0  -9999.0  -9999.0  -9999.0  -9999.0  -9999.0  -9999.0  -9999.0  -9999.0  -9999.0  -9999.0  -9999.0  -9999.0  -9999.0  -9999.0  -9999.0  -9999.0  -9999.0  -9999.0  -9999.0  -9999.0  -9999.0  -9999.0  -9999.0  -9999.0  -9999.0  -9999.0  -9999.0  -9999.0  -9999.0  -9999.0  -9999.0  -9999.0  -9999.0  -9999.0  -9999.0  -9999.0  -9999.0  -9999.0  -9999.0  -9999.0  -9999.0  -9999.0  -9999.0  -9999.0  -9999.0  -9999.0
-9999.0  -9999.0  -9999.0  -9999.0  -9999.0  -9999.0  -9999.0  -9999.0  -9999.0  -9999.0  -9999.0  -9999.0  -9999.0  -9999.0  -9999.0  -9999.0  -9999.0  -9999.0  -9999.0  -9999.0  -9999.0  -9999.0  -9999.0  -9999.0  -9999.0  -9999.0  -9999.0  -9999.0  -9999.0  -9999.0  -9999.0  -9999.0  -9999.0  -9999.0  -9999.0  -9999.0  -9999.0  -9999.0  -9999.0  -9999.0  -9999.0  -9999.0  -9999.0  -9999.0  -9999.0  -9999.0  -9999.0  -9999.0  -9999.0  -9999.0  -9999.0  -9999.0  -9999.0  -9999.0  -9999.0  -9999.0  -9999.0  -9999.0  -9999.0  -9999.0  -9999.0  -9999.0  -9999.0  -9999.0  -9999.0  -9999.0  -9999.0  -9999.0  -9999.0  -9999.0  -9999.0  -9999.0  -9999.0  -9999.0  -9999.0  -9999.0  -9999.0  -9999.0  -9999.0  -9999.0
