ncols                  80
nrows                 72
xllcorner      4374000.0
yllcorner      5656000.0
cellsize            500
NODATA_value       -9999
-9999.0  -9999.0  -9999.0  -9999.0  -9999.0  -9999.0  -9999.0  -9999.0  -9999.0  -9999.0  -9999.0  -9999.0  1.23222332213  0.89934334933  -9999.0  -9999.0  -9999.0  -9999.0  -9999.0  -9999.0  -9999.0  -9999.0  -9999.0  -9999.0  -9999.0  -9999.0  -9999.0  -9999.0  -9999.0  -9999.0  -9999.0  -9999.0  -9999.0  -9999.0  -9999.0  -9999.0  -9999.0  -9999.0  -9999.0  -9999.0  -9999.0  -9999.0  -9999.0  -9999.0  -9999.0  -9999.0  -9999.0  -9999.0  -9999.0  -9999.0  -9999.0  -9999.0  -9999.0  -9999.0  -9999.0  -9999.0  -9999.0  -9999.0  -9999.0  -9999.0  -9999.0  -9999.0  -9999.0  -9999.0  -9999.0  -9999.0  -9999.0  -9999.0  -9999.0  -9999.0  -9999.0  -9999.0  -9999.0  -9999.0  -9999.0  -9999.0  -9999.0  -9999.0  -9999.0  -9999.0
-9999.0  -9999.0  -9999.0  -9999.0  -9999.0  -9999.0  -9999.0  -9999.0  -9999.0  -9999.0  -9999.0  -9999.0  2.5860999587  5.29277352184  0.776289176703  -9999.0  0.60287091628  -9999.0  -9999.0  -9999.0  -9999.0  -9999.0  -9999.0  -9999.0  -9999.0  -9999.0  -9999.0  -9999.0  -9999.0  -9999.0  -9999.0  -9999.0  -9999.0  -9999.0  -9999.0  -9999.0  -9999.0  -9999.0  -9999.0  -9999.0  -9999.0  -9999.0  -9999.0  -9999.0  -9999.0  -9999.0  -9999.0  -9999.0  -9999.0  -9999.0  -9999.0  -9999.0  -9999.0  -9999.0  -9999.0  -9999.0  -9999.0  -9999.0  -9999.0  -9999.0  -9999.0  -9999.0  -9999.0  -9999.0  -9999.0  -9999.0  -9999.0  -9999.0  -9999.0  -9999.0  -9999.0  -9999.0  -9999.0  -9999.0  -9999.0  -9999.0  -9999.0  -9999.0  -9999.0  -9999.0
-9999.0  -9999.0  -9999.0  -9999.0  -9999.0  -9999.0  -9999.0  -9999.0  -9999.0  -9999.0  1.30581680408  1.25342991467  1.31862222412  1.27611506369  7.70395556949  8.54444172501  1.67817967573  0.532191737199  -9999.0  -9999.0  -9999.0  -9999.0  -9999.0  -9999.0  -9999.0  -9999.0  -9999.0  -9999.0  -9999.0  -9999.0  -9999.0  -9999.0  -9999.0  -9999.0  -9999.0  -9999.0  -9999.0  -9999.0  -9999.0  -9999.0  -9999.0  -9999.0  -9999.0  -9999.0  -9999.0  -9999.0  -9999.0  -9999.0  -9999.0  -9999.0  -9999.0  -9999.0  -9999.0  -9999.0  -9999.0  -9999.0  -9999.0  -9999.0  -9999.0  -9999.0  -9999.0  -9999.0  -9999.0  -9999.0  -9999.0  -9999.0  -9999.0  -9999.0  -9999.0  -9999.0  -9999.0  -9999.0  -9999.0  -9999.0  -9999.0  -9999.0  -9999.0  -9999.0  -9999.0  -9999.0
-9999.0  -9999.0  -9999.0  -9999.0  -9999.0  -9999.0  -9999.0  -9999.0  -9999.0  1.25245689703  2.55180894832  5.0578940349  2.52667407536  1.22314289545  2.4015200271  9.69957208253  12.7383466186  0.643870003306  -9999.0  1.28691302222  -9999.0  -9999.0  -9999.0  -9999.0  1.17649774125  0.593829719047  -9999.0  -9999.0  -9999.0  -9999.0  -9999.0  -9999.0  -9999.0  -9999.0  -9999.0  -9999.0  -9999.0  -9999.0  -9999.0  -9999.0  -9999.0  -9999.0  -9999.0  -9999.0  -9999.0  -9999.0  -9999.0  -9999.0  -9999.0  -9999.0  -9999.0  -9999.0  -9999.0  -9999.0  -9999.0  -9999.0  -9999.0  -9999.0  -9999.0  -9999.0  -9999.0  -9999.0  -9999.0  -9999.0  -9999.0  -9999.0  -9999.0  -9999.0  -9999.0  -9999.0  -9999.0  -9999.0  -9999.0  -9999.0  -9999.0  -9999.0  -9999.0  -9999.0  -9999.0  -9999.0
-9999.0  -9999.0  -9999.0  -9999.0  -9999.0  -9999.0  -9999.0  -9999.0  1.4306342962  4.02068872868  5.24269681476  6.46783401645  8.77354152193  1.15774941649  4.68919101509  5.82853447093  20.3248605933  0.977049864566  1.10578936967  2.4352803581  3.54853796914  1.16002497811  -9999.0  3.221319428  2.64094843461  0.766421129823  -9999.0  -9999.0  -9999.0  -9999.0  -9999.0  -9999.0  -9999.0  -9999.0  -9999.0  -9999.0  -9999.0  -9999.0  -9999.0  -9999.0  -9999.0  -9999.0  -9999.0  -9999.0  -9999.0  -9999.0  -9999.0  -9999.0  -9999.0  -9999.0  -9999.0  -9999.0  -9999.0  -9999.0  -9999.0  -9999.0  -9999.0  -9999.0  -9999.0  -9999.0  -9999.0  -9999.0  -9999.0  -9999.0  -9999.0  -9999.0  -9999.0  -9999.0  -9999.0  -9999.0  -9999.0  -9999.0  -9999.0  -9999.0  -9999.0  -9999.0  -9999.0  -9999.0  -9999.0  -9999.0
-9999.0  -9999.0  -9999.0  -9999.0  -9999.0  -9999.0  1.417330438  1.2766190859  1.26002738824  1.2791851677  1.29580008864  9.06530786839  19.0750081637  20.2952482304  21.4232507747  1.14612104441  22.5004578186  23.577103914  2.29825262519  1.12204508768  4.63805277256  8.05296294848  1.06289589074  6.43238855958  1.20365398082  1.13072623632  1.25043378624  -9999.0  -9999.0  -9999.0  -9999.0  -9999.0  -9999.0  -9999.0  -9999.0  -9999.0  -9999.0  -9999.0  -9999.0  -9999.0  -9999.0  -9999.0  -9999.0  -9999.0  -9999.0  -9999.0  -9999.0  -9999.0  -9999.0  -9999.0  -9999.0  -9999.0  -9999.0  -9999.0  -9999.0  -9999.0  -9999.0  -9999.0  -9999.0  -9999.0  -9999.0  -9999.0  -9999.0  -9999.0  -9999.0  -9999.0  -9999.0  -9999.0  -9999.0  -9999.0  -9999.0  -9999.0  -9999.0  -9999.0  -9999.0  -9999.0  -9999.0  -9999.0  -9999.0  -9999.0
-9999.0  -9999.0  -9999.0  -9999.0  -9999.0  -9999.0  2.84635763024  4.18265526578  9.40385319383  13.1387796595  1.17077260618  1.20846260634  1.16306749951  3.47995232851  25.9744480256  1.04106132002  24.6360799059  29.0821541015  3.47500653148  2.15528025974  9.10052236343  1.12822308508  7.55003991737  2.25307501364  1.14112959518  2.24063881955  2.47831491285  1.24539467866  1.25942074989  1.23360852107  1.29982698526  2.60976079574  -9999.0  -9999.0  -9999.0  -9999.0  -9999.0  -9999.0  -9999.0  -9999.0  -9999.0  -9999.0  -9999.0  -9999.0  -9999.0  -9999.0  -9999.0  -9999.0  -9999.0  -9999.0  -9999.0  -9999.0  -9999.0  -9999.0  -9999.0  -9999.0  -9999.0  -9999.0  -9999.0  -9999.0  -9999.0  -9999.0  -9999.0  -9999.0  -9999.0  -9999.0  -9999.0  -9999.0  -9999.0  -9999.0  -9999.0  -9999.0  -9999.0  -9999.0  -9999.0  -9999.0  -9999.0  -9999.0  -9999.0  -9999.0
-9999.0  -9999.0  -9999.0  -9999.0  -9999.0  1.50415907392  2.93035416569  1.40628025297  2.73076740122  14.4889490598  16.958886154  19.3996902804  62.4713031083  1.19103783701  27.1016483666  98.5829574884  99.4513864686  130.036648119  0.963691682382  3.2174620439  10.1572125543  1.04943601579  20.1271731217  11.4917686405  7.02065886769  5.8835064164  1.20814245463  3.69854067977  3.66572325114  2.4469469415  1.19554600394  3.84626341042  1.19670067462  1.18421967249  -9999.0  -9999.0  -9999.0  -9999.0  -9999.0  -9999.0  -9999.0  -9999.0  -9999.0  -9999.0  -9999.0  -9999.0  -9999.0  -9999.0  -9999.0  -9999.0  -9999.0  -9999.0  -9999.0  -9999.0  -9999.0  -9999.0  -9999.0  -9999.0  -9999.0  -9999.0  -9999.0  -9999.0  -9999.0  -9999.0  -9999.0  -9999.0  -9999.0  -9999.0  -9999.0  -9999.0  -9999.0  -9999.0  -9999.0  -9999.0  -9999.0  -9999.0  -9999.0  -9999.0  -9999.0  -9999.0
-9999.0  -9999.0  -9999.0  -9999.0  -9999.0  1.51909688913  4.43251899452  8.80226287269  10.1593028236  20.1465289134  21.4349285069  25.4626270893  41.9386176161  65.9561492943  68.312110542  69.4018003883  2.07109040461  133.830775817  135.856792657  141.265510549  175.828626069  23.362791758  21.2541084329  8.14055771201  1.10693492555  7.09022344782  4.82862133517  1.09623007451  4.77756170801  1.11547008335  2.33226248187  6.23305290876  7.39154851303  2.33361676489  1.14837608145  1.14370665875  -9999.0  -9999.0  -9999.0  -9999.0  0.663185508834  0.560444694994  -9999.0  -9999.0  -9999.0  -9999.0  -9999.0  -9999.0  -9999.0  -9999.0  -9999.0  -9999.0  -9999.0  -9999.0  -9999.0  -9999.0  -9999.0  -9999.0  -9999.0  -9999.0  -9999.0  -9999.0  -9999.0  -9999.0  -9999.0  -9999.0  -9999.0  -9999.0  -9999.0  -9999.0  -9999.0  -9999.0  -9999.0  -9999.0  -9999.0  -9999.0  -9999.0  -9999.0  -9999.0  -9999.0
-9999.0  -9999.0  -9999.0  -9999.0  -9999.0  1.48395224554  1.42665007989  5.87330547033  7.24745506116  8.66475387951  1.36803024423  2.71258959648  15.5143190623  2.77991362007  1.29752479523  1.20534048895  1.0914423019  1.29820830451  1.27033433798  1.18274015247  176.91488982  180.107397322  1.05260239405  3.24658212172  2.20644133919  8.16569124892  2.19950986736  1.06528946587  5.91845051983  2.22155291419  5.34641408376  12.9606857435  12.0062001601  3.47503688558  3.43720970978  1.16023353305  1.16134965987  -9999.0  -9999.0  1.16446717416  1.54989644159  3.2911530876  0.597183054615  -9999.0  -9999.0  -9999.0  -9999.0  -9999.0  -9999.0  -9999.0  -9999.0  -9999.0  -9999.0  -9999.0  -9999.0  -9999.0  -9999.0  -9999.0  -9999.0  -9999.0  -9999.0  -9999.0  -9999.0  -9999.0  -9999.0  -9999.0  -9999.0  -9999.0  -9999.0  -9999.0  -9999.0  -9999.0  -9999.0  -9999.0  -9999.0  -9999.0  -9999.0  -9999.0  -9999.0  -9999.0
-9999.0  -9999.0  -9999.0  -9999.0  -9999.0  -9999.0  1.53082447924  1.51796820526  2.96332391783  4.40397315331  10.0302853974  12.8225567366  14.2657735141  1.4942417  1.19904956845  15.8686814314  19.4509285724  20.5963317539  25.3175104633  26.4241417286  1.10401905259  181.200260939  186.62094083  4.35360664124  1.09743461766  9.21390956682  20.4533225836  8.03058394131  2.09755188491  1.04898252799  20.3735929602  14.0348032314  1.05788311311  1.04902294626  4.50799781539  3.42262461304  1.1196572303  1.10665198249  1.13941259939  2.2802885324  1.11298118212  4.01724556661  5.11468734535  1.04821186587  -9999.0  -9999.0  -9999.0  -9999.0  1.19903462219  1.14364506822  0.344353019963  -9999.0  -9999.0  -9999.0  -9999.0  -9999.0  -9999.0  -9999.0  -9999.0  -9999.0  -9999.0  -9999.0  -9999.0  -9999.0  -9999.0  -9999.0  -9999.0  -9999.0  -9999.0  -9999.0  -9999.0  -9999.0  -9999.0  -9999.0  -9999.0  -9999.0  -9999.0  -9999.0  -9999.0  -9999.0
-9999.0  -9999.0  -9999.0  -9999.0  -9999.0  -9999.0  -9999.0  1.52133292288  1.39265503606  2.84407437122  4.27885232862  1.41169278765  1.39829337365  8.29355151172  10.8950369902  13.5157268604  1.2312025222  2.43108581159  1.19446996877  27.54158866  60.1836040098  60.8328668791  249.362089158  1.08045106534  3.21085538322  1.03736636233  21.4714670564  1.03463023579  3.16201073677  1.03445670631  21.4166947919  22.4520273788  2.11463108939  2.08608265467  11.2744717777  5.65846136253  2.21734884017  1.12653841016  2.27943392806  3.40184833701  5.59205344541  1.08129622831  7.25733846382  8.33804822905  1.00718032551  1.06456695901  1.09761387108  1.02150287454  0.984047427481  3.36957482419  1.30927225899  0.827297215897  -9999.0  -9999.0  -9999.0  -9999.0  -9999.0  -9999.0  -9999.0  -9999.0  -9999.0  -9999.0  -9999.0  -9999.0  -9999.0  -9999.0  -9999.0  -9999.0  -9999.0  -9999.0  -9999.0  -9999.0  -9999.0  -9999.0  -9999.0  -9999.0  -9999.0  -9999.0  -9999.0  -9999.0
-9999.0  -9999.0  -9999.0  -9999.0  -9999.0  -9999.0  -9999.0  -9999.0  2.95050421626  4.31336299028  1.40714553443  2.8464907469  4.19230053947  6.99545368259  1.36897695901  1.33247416113  1.18397676909  1.20446079998  1.12139472477  30.3571744947  1.22003035616  2.39383015753  252.510245214  254.989870113  1.41609675357  6.01816672146  28.515440038  2.03572301345  4.11192661505  1.95385602501  2.88985479533  26.4843774278  3.08541920655  16.4166164595  13.371916119  1.07830792591  5.49025433561  2.21219793008  3.35125603419  1.06720154737  6.66066629121  8.81191638835  9.80816806643  10.7639013856  12.2258590932  1.95799007522  2.04027099936  1.90738153123  1.81961751594  4.27786286195  0.900493918455  3.0554204187  3.90351115884  -9999.0  -9999.0  -9999.0  -9999.0  -9999.0  -9999.0  -9999.0  -9999.0  -9999.0  -9999.0  -9999.0  -9999.0  -9999.0  -9999.0  -9999.0  -9999.0  -9999.0  -9999.0  -9999.0  -9999.0  -9999.0  -9999.0  -9999.0  -9999.0  -9999.0  -9999.0  -9999.0
-9999.0  -9999.0  -9999.0  -9999.0  -9999.0  -9999.0  -9999.0  -9999.0  1.48450361267  7.24329161323  8.61866730032  1.37983125116  2.71266064241  1.33275924244  1.26399771778  1.23799963079  15.4507026873  20.6701086545  25.2756177075  29.6626826371  1.07601529699  1.19422224445  1.36366258879  260.299675143  262.860817183  264.124232876  38.1979092025  8.24275524754  7.14805760326  0.938172932629  3.81794273786  31.2417655399  0.952131113008  17.3742301637  1.02583840508  7.13901108473  6.61099956898  1.07148129577  4.41374434952  2.12517194001  3.17206127365  1.06299215119  0.952808781615  11.7099816066  12.5977143167  13.1114779111  2.97739518873  2.8083770767  2.69917532636  5.20684817935  7.0168486498  0.900945636359  4.77269688674  0.910219997802  1.76259495744  0.870169826689  -9999.0  -9999.0  -9999.0  -9999.0  -9999.0  -9999.0  -9999.0  -9999.0  -9999.0  -9999.0  -9999.0  -9999.0  -9999.0  -9999.0  -9999.0  -9999.0  -9999.0  -9999.0  -9999.0  -9999.0  -9999.0  -9999.0  -9999.0  -9999.0
-9999.0  -9999.0  -9999.0  -9999.0  -9999.0  -9999.0  -9999.0  -9999.0  -9999.0  1.49050913788  10.0455341898  11.4129135847  4.06272111375  6.73599191129  9.28013334996  10.5653029613  1.31119438173  4.030536345  2.6625784574  1.32548272982  1.31274176545  1.20787179131  2.43795369068  4.29781083734  1.58028561381  305.131338716  306.532787377  1.3329003992  0.945329817031  1.87356914921  2.79841055036  34.0246480827  1.86623334017  18.2563346435  11.0245827941  9.08286117038  1.04284568724  2.09438263563  5.42053239005  1.00143036679  4.1567809077  2.03487777408  1.83764451464  1.00906396375  15.4933010554  29.3743936897  3.68535630996  3.53349240844  3.52546586253  0.813185317559  7.82948273466  0.798404992661  6.47201716426  0.84837740976  2.62212147185  4.21441002484  0.5906686129  0.606865129835  0.718244354588  0.729940592653  0.530574959745  -9999.0  -9999.0  0.417013344745  0.437461589809  -9999.0  -9999.0  -9999.0  -9999.0  -9999.0  -9999.0  -9999.0  -9999.0  -9999.0  -9999.0  -9999.0  -9999.0  -9999.0  -9999.0  -9999.0
-9999.0  -9999.0  -9999.0  -9999.0  -9999.0  -9999.0  -9999.0  -9999.0  -9999.0  -9999.0  1.35459410956  14.1412503487  1.34441731591  2.67834217778  3.92515673596  6.46539110227  1.32230823269  2.72021871757  1.34754896471  1.28737667087  1.21519173183  2.40466911947  1.12106625008  1.3122612586  2.81184381087  1.58677188857  307.811725415  310.391524553  314.046397057  3.84562437693  0.941052913442  1.87353321229  34.9845450583  34.0019155674  13.0121041076  0.986647752443  4.14157816042  3.11490885087  6.43037776842  2.00692770442  8.16581325423  3.01058654961  2.77332020842  1.04646139218  1.04753631888  30.3838325766  31.2660704482  39.2643821312  6.05666424992  1.67579786024  8.69752835842  10.3393646249  17.5957772555  1.67257149707  0.802662859941  4.90975522312  6.08227219941  0.582906151987  1.12137870887  1.96411882399  1.04609947075  0.51707013518  0.505280274146  0.884567199561  0.913050416677  0.450938965684  -9999.0  -9999.0  -9999.0  -9999.0  -9999.0  -9999.0  -9999.0  -9999.0  -9999.0  -9999.0  -9999.0  -9999.0  -9999.0  -9999.0
-9999.0  -9999.0  -9999.0  -9999.0  -9999.0  -9999.0  -9999.0  -9999.0  -9999.0  -9999.0  -9999.0  0.791714875679  15.9112883302  1.38789021123  2.61966478288  11.6111871708  1.3157504533  1.31095068079  1.17526552053  2.49111468297  1.18942537742  4.77043341824  6.99436806394  8.04503907603  3.85615181277  5.05059749215  1.36000381304  1.56342310316  1.33710819938  320.004425904  322.988953292  35.8615765312  35.7578617266  34.8854908599  1.83752707196  0.89919074796  5.08880679645  13.4339184993  7.40105930769  2.97381548384  12.0877646289  6.69719338612  5.77832006267  2.05717301183  0.905063999594  0.860476900159  0.825015799268  43.1761852471  51.9230045097  0.827230821096  0.775586316299  0.81625277236  18.4012549893  20.8561826617  1.53478419821  0.744984938334  6.68430993298  1.21967264761  2.96026041443  5.52348792507  7.090315528  8.08835714261  2.25955886499  1.3255065993  1.38497276301  0.957932677941  0.406429094764  -9999.0  -9999.0  -9999.0  -9999.0  -9999.0  -9999.0  -9999.0  -9999.0  -9999.0  -9999.0  -9999.0  -9999.0  -9999.0
-9999.0  -9999.0  -9999.0  -9999.0  -9999.0  -9999.0  -9999.0  -9999.0  -9999.0  -9999.0  -9999.0  0.738450865  17.6942432949  21.6833508611  1.23437056426  14.0673735994  1.21941791941  1.18255630151  2.3381978082  6.0059922291  1.1692109184  1.21652971628  1.08791264458  10.2309329148  11.280013936  17.408939656  19.8625672826  21.152954563  22.465148138  23.7268245876  347.911739281  386.351119375  424.465488875  425.329892263  1.00444041975  0.906068512995  15.3299249807  14.3913863105  0.951727530849  0.963450346403  13.096188933  20.7489550598  0.884101691112  12.4980988843  11.5856993421  4.11912329176  1.91655939519  3.04081346138  1.01904452441  53.6590760168  0.88637866309  2.46148699199  3.15423951046  26.745889552  29.1492188932  30.6692863845  38.1616377149  0.798986697884  0.740887996721  0.671707133038  0.619708038764  9.28709287138  12.0004503909  0.480042487021  3.32520700249  1.44943732201  0.74894497978  0.332530806919  0.326770055457  -9999.0  -9999.0  -9999.0  -9999.0  -9999.0  -9999.0  -9999.0  -9999.0  -9999.0  -9999.0  -9999.0
-9999.0  -9999.0  -9999.0  -9999.0  -9999.0  -9999.0  -9999.0  -9999.0  -9999.0  -9999.0  -9999.0  1.44044418973  2.75240774349  22.9689175277  25.3271239278  1.18461944363  16.1418034877  1.08850516656  3.33502765092  7.09658871571  2.27182842281  1.09958140471  2.24537570027  1.00570021007  1.9404224328  0.953177393741  0.935446594863  0.930420496653  0.931140308111  0.993834994793  1.17410993013  1.42667641508  1.53175340816  1.4725340937  428.72227141  19.5222853387  17.4047923903  0.983593135081  2.80524327868  0.699837367251  0.653879893759  21.6630959744  36.9672803667  13.4874050932  9.67483102393  2.24719924042  1.08123556985  1.01177737803  1.90475316093  56.4573678806  58.1352723019  0.868669772156  0.882565423728  0.963965397521  0.935569882951  1.69079481097  40.6558222262  42.2551869484  43.803688222  1.44062026081  0.775384760572  0.714741546599  12.604019163  13.5659468842  3.74816819327  0.399488904917  1.08431502965  0.618927983489  0.630167401794  -9999.0  -9999.0  -9999.0  -9999.0  -9999.0  -9999.0  -9999.0  -9999.0  -9999.0  -9999.0  -9999.0
-9999.0  -9999.0  -9999.0  -9999.0  -9999.0  -9999.0  -9999.0  -9999.0  -9999.0  -9999.0  -9999.0  -9999.0  1.27064568971  16.933321824  43.4947464158  47.2756517876  64.4857180772  65.3217753686  15.7328069345  11.6003849123  3.39417754213  1.08835684306  4.39090280044  5.42416394964  8.32995346074  1.94390423672  1.8798669144  1.88803052046  3.75643086371  1.91846937571  2.09095819536  0.929478286246  1.00820655338  1.16065712861  429.795554958  449.893416495  451.065562263  1.00460908808  8.06568023959  3.22524480941  0.95716312375  39.9350784182  2.07937963038  1.06945969508  4.5327585681  1.07197048083  1.02493241407  1.9593883121  2.73423833163  3.57132153185  59.5927200282  0.689437848833  0.608284159746  0.608619845555  0.552360989274  0.705266000101  1.82974648714  2.31589987471  47.4306866732  52.9045483055  3.15562484987  1.52622771341  0.818551377532  0.690435976237  18.5189169164  25.1550667531  5.81830459449  3.15872422141  2.06694421274  -9999.0  -9999.0  -9999.0  -9999.0  -9999.0  -9999.0  -9999.0  -9999.0  -9999.0  -9999.0  -9999.0
-9999.0  -9999.0  -9999.0  -9999.0  -9999.0  -9999.0  -9999.0  -9999.0  -9999.0  -9999.0  -9999.0  1.37527784651  12.9312950477  15.6617768254  2.54148946502  0.83007387873  1.93046028641  68.3792140681  69.2619854747  85.7892593464  1.00968659103  2.08865825228  0.949222614926  0.966672318216  9.2815641175  12.1751699503  14.9711347815  0.892687709445  4.65432489894  7.45284874087  4.74588502031  1.7985988053  1.85289183209  2.04652247825  2.10089338684  1.18401554739  451.933937153  452.685370269  462.370940127  1.70879114432  0.881822611177  40.5141579757  2.17579455676  1.11467411301  1.18706002326  1.17618188156  1.092157756  2.211550873  6.13970708504  10.6281221655  70.9485589525  0.548744441604  1.63769834686  1.10484444715  1.0079042517  0.490861501958  0.629224184856  0.798176317914  0.555171241593  53.797157854  0.489867938072  1.22278854301  0.713585464417  0.595275792838  0.401352984741  25.5809713945  1.13369475021  0.583039321666  0.915598209212  0.409360841219  -9999.0  -9999.0  -9999.0  -9999.0  -9999.0  -9999.0  -9999.0  -9999.0  -9999.0  -9999.0
-9999.0  -9999.0  -9999.0  -9999.0  -9999.0  -9999.0  -9999.0  -9999.0  -9999.0  -9999.0  -9999.0  1.41020082805  8.93127799128  1.39582802625  1.24495651968  6.4410838122  7.5700619953  8.73175007862  9.82341062499  116.607474775  117.594289536  119.614925763  134.483186784  137.619477453  139.683942862  140.661625813  158.57030543  161.368039491  162.315323397  170.750375184  176.444774701  177.311985147  180.945301556  2.88437604788  2.97296399467  1.08087412224  1.01287707483  453.559683218  465.814578761  2.64029497024  46.0047946777  45.2396781879  4.19698981728  1.02008652789  1.05619382392  1.03165335296  1.01611088664  2.04808066314  3.02126741586  0.997023512691  71.6418631883  72.369158089  75.7447397589  76.3504989783  77.9264211389  78.9508697108  0.428897478039  0.52423175042  0.547136323768  54.4398451993  55.4695545498  57.2595042392  59.5759910847  1.16302682293  27.6002476028  26.538158126  0.472635237882  10.632182016  10.2476133416  1.08267950765  0.637586573539  -9999.0  -9999.0  -9999.0  -9999.0  -9999.0  -9999.0  -9999.0  -9999.0  -9999.0
-9999.0  -9999.0  -9999.0  -9999.0  -9999.0  -9999.0  -9999.0  -9999.0  -9999.0  -9999.0  -9999.0  4.58651132803  6.06382991065  2.82035685047  4.15985985016  1.32333118625  15.1217573575  16.3457637759  18.7451482374  19.8958672629  8.08683485069  129.367776104  130.398275944  1.18496859725  1.09836025742  1.13804827277  2.25557222197  1.13970526279  1.0321596069  0.979650269344  0.931070144191  178.264303036  181.883579146  185.540241048  189.213966397  192.968060704  1.88021812275  0.63559085393  514.150443334  47.5630622155  46.8069248959  0.916057852325  0.896802880378  0.857995407307  1.94136147093  1.9223784168  0.903225486339  0.903289284938  0.851222073605  1.8349954889  2.53619366683  0.584100962157  1.08649856239  0.459039803446  0.505247037105  79.4492264454  80.4073021568  81.4985902532  82.6412455689  83.2288118361  84.358679868  84.8477175557  0.469181620189  60.8132328697  0.666410242729  39.3767277384  11.2447425839  0.730499385239  8.77586010308  7.37330785256  0.714021989289  -9999.0  -9999.0  -9999.0  -9999.0  -9999.0  -9999.0  -9999.0  -9999.0  -9999.0
-9999.0  -9999.0  -9999.0  -9999.0  -9999.0  -9999.0  -9999.0  -9999.0  -9999.0  -9999.0  -9999.0  -9999.0  3.10333765726  1.45050137694  1.34607616651  12.6860729636  13.949498083  1.25286239011  4.90867040754  6.05222605778  7.17068646048  1.19075055773  1.10965161462  21.1120437037  22.1363069667  23.1667892481  58.974436291  59.9702738894  61.9847248657  70.0517083251  75.8181076824  76.7832509595  0.897017074304  0.920055245335  0.792887763779  194.16768882  0.648064751822  523.057678769  522.073251352  7.16380821083  6.21243584641  3.56455433359  0.895299663029  1.71062677698  2.82318315498  2.80628763121  1.77092658253  0.87112002906  1.71722750977  1.69497596471  3.32076123872  0.541830712859  1.729744659  2.8345053009  3.88714768166  4.45402269009  0.532406968778  0.535610883545  0.518622802354  0.524959423417  0.575851866676  85.4911416571  86.421941425  147.685815161  147.944217663  41.9959100434  2.20591398146  1.52138945676  0.722551956204  6.03302888226  5.41237261223  -9999.0  -9999.0  -9999.0  -9999.0  -9999.0  -9999.0  -9999.0  -9999.0  -9999.0
-9999.0  -9999.0  -9999.0  -9999.0  -9999.0  -9999.0  -9999.0  -9999.0  -9999.0  -9999.0  -9999.0  -9999.0  1.59246559636  4.48113132418  5.85628675732  10.0317872085  1.26980451116  2.56441258385  3.78222112698  14.3828541087  15.4947112895  16.6307031497  17.7424018817  18.9663642597  28.8909252045  32.4752402965  34.8785855151  1.18350025856  5.95564806319  7.15459399696  73.0904826608  77.8836586899  79.8478100003  81.7968639101  83.7340280679  278.511048987  0.515027233018  526.16221132  2.04356649166  1.02860592517  5.34251986892  4.40093690736  0.807093204361  2.50715565429  3.62528326897  3.59254514314  2.53500115745  4.17399191113  6.62094008299  2.46243175322  6.52396291907  0.685262996091  1.29455340978  0.434206982225  0.341487503493  5.40492727757  5.73889882637  0.930940979998  0.944882513891  1.44009685488  0.4826402117  0.456194214201  0.311834453321  215.588390867  215.384479093  66.8662718679  0.630828201069  3.3327512156  2.60625285116  1.76522592149  4.88633790555  3.38586434938  -9999.0  -9999.0  -9999.0  -9999.0  -9999.0  -9999.0  -9999.0  -9999.0
-9999.0  -9999.0  -9999.0  -9999.0  -9999.0  -9999.0  -9999.0  -9999.0  -9999.0  -9999.0  -9999.0  -9999.0  1.52159810168  3.00406626126  1.38070114928  2.7718323758  1.24980026969  9.50692493871  11.9646193386  13.2149762477  1.16138996899  2.2667545998  21.339356254  26.6695369525  27.7519033034  2.33640631176  2.47527868562  3.75550838615  1.11041210662  1.03894606989  1.97969013282  0.771246143784  33.4938004766  34.2210029324  35.0931371307  279.070400551  532.859272146  527.281619379  1.6914044018  0.725615432164  0.659304231731  2.3507687999  1.68767252751  3.36402525939  4.4281911344  8.82429751603  0.805460775975  0.805453707994  7.41469607526  8.23698353589  16.2383900242  16.9027361271  18.6419094118  19.4477421568  0.762398757705  1.1443175819  5.96770041483  231.231209784  224.138763097  222.318334569  220.110753557  0.348467639036  217.749787323  0.505650668308  0.313709857055  23.7912482144  5.46920186947  4.92950814339  0.847973693918  0.901606836245  0.883040580844  2.72290172998  -9999.0  -9999.0  -9999.0  -9999.0  -9999.0  -9999.0  -9999.0  -9999.0
-9999.0  -9999.0  -9999.0  -9999.0  -9999.0  -9999.0  -9999.0  -9999.0  -9999.0  -9999.0  -9999.0  -9999.0  -9999.0  1.44038682266  2.87024253998  4.3015298874  6.90325143115  1.37178814036  1.26651609715  8.21846575051  9.38290103153  19.1198123542  20.2796455928  3.2638941821  1.170664922  1.13448665728  1.19032227336  27.9181279447  28.9279241233  30.0386362865  31.0405726623  32.724359254  7.50011162701  8.18562449149  44.1677283174  856.32474905  4.8943848918  4.27594840178  2.36206556402  0.546582527639  0.541720528997  3.68284281372  4.1828373172  4.6228379042  0.640586268995  9.560681803  1.55972182615  1.54992912439  0.600452561082  0.432949365871  0.372467419681  0.273827588946  0.381927471525  19.8338479165  283.353125581  261.887829003  261.215658185  231.496585164  0.501562672877  0.320268489131  0.576074994657  218.261103641  1.07368075853  0.510237688451  0.449335651118  0.442754672466  17.3669715799  16.3944177461  1.6193758987  0.82860755564  0.952593461556  0.946058806752  -9999.0  -9999.0  -9999.0  -9999.0  -9999.0  -9999.0  -9999.0  -9999.0
-9999.0  -9999.0  -9999.0  -9999.0  -9999.0  -9999.0  -9999.0  -9999.0  -9999.0  -9999.0  -9999.0  -9999.0  -9999.0  -9999.0  1.40132951388  2.51387032159  3.46848385893  4.43539216178  5.69659497436  6.99361880843  3.79987833642  6.28722776827  1.15486102112  1.11936207401  22.4525964145  24.6809830532  25.7307182529  26.8838974957  1.0480562475  2.00012531879  4.82511920022  5.96030932396  6.83581094567  0.785793373593  0.536103254034  857.82453037  0.612259025798  1.09699144919  0.609531097277  2.06984318677  0.990256879195  0.542513413086  9.32586399364  9.65039627996  0.31319925471  9.8844686729  11.9937358142  2.20627097446  299.958912424  298.938901383  298.093952572  296.600329778  296.105077479  285.369174966  285.059840605  0.429974806265  29.5621109857  27.7767732628  26.0100998461  25.5311705201  12.6497712748  12.1754808989  11.140276134  2.94062739159  2.52418344573  1.65044317818  0.467358507866  15.7043046677  13.3150026712  0.773612827351  1.51825536652  0.702405374999  -9999.0  -9999.0  -9999.0  -9999.0  -9999.0  -9999.0  -9999.0  -9999.0
-9999.0  -9999.0  -9999.0  -9999.0  -9999.0  -9999.0  -9999.0  -9999.0  -9999.0  -9999.0  -9999.0  -9999.0  -9999.0  -9999.0  0.235805971496  0.545203436884  0.976431714241  8.32562353145  9.63542198484  1.31851654395  1.28595925696  1.2504624461  17.8215262552  20.2220244  1.17037221765  1.1927436846  1.01480306681  4.11070030092  5.12522083358  3.06495253552  3.89297555053  23.6869473507  24.5728683863  26.0228810248  42.4693191241  900.555872632  0.586835040537  0.487388490035  3.03538819067  2.5618072712  0.336004828665  1.24714150931  1.60618781044  10.0589172937  10.3949377532  23.1999482772  12.1828636595  2.51649508039  307.719024377  3.53558642104  297.356038023  296.997088456  10.1871824421  0.26366364413  1.45800503328  0.869770645763  1.12381678522  1.3758724634  0.68336782245  12.4375852847  10.3978913313  0.675733012092  7.85816146781  1.12203862071  0.5707821711  1.20948460322  0.585844783087  1.62476267116  10.8184089324  9.2326549136  0.680908348015  1.08450356307  0.535969582406  -9999.0  -9999.0  -9999.0  -9999.0  -9999.0  -9999.0  -9999.0
-9999.0  -9999.0  -9999.0  -9999.0  -9999.0  -9999.0  -9999.0  -9999.0  -9999.0  -9999.0  -9999.0  -9999.0  -9999.0  -9999.0  1.20594862733  1.97085994655  4.161094698  7.17098894864  10.4883619753  12.9165339749  14.1752167711  15.451400819  16.6863383889  1.18559244707  1.11385041954  2.18934869999  2.06531545844  1.05815545665  20.3687423753  21.3592437484  22.2962997283  23.188374194  14.1067058997  15.1662900216  15.9383504533  900.775224245  0.941779476729  1.39434587258  4.72891123002  0.453508591933  0.627203934524  0.308040505856  0.332666359486  1.89899458805  0.268511737705  0.292660726097  332.571683786  309.162545085  308.87357542  1.30149285259  3.12361525126  2.11171043771  0.590931442717  9.66281786548  3.00506659385  2.34061311268  1.6897273276  1.16353858936  0.645207581089  1.46332812475  9.78640700355  8.25418538986  6.78421121467  6.14975397024  5.58792807076  5.14457788275  0.452578623769  0.728039729254  0.768838624869  6.99174703533  5.46756633329  3.25098345097  0.447950644365  -9999.0  -9999.0  -9999.0  -9999.0  -9999.0  -9999.0  -9999.0
-9999.0  -9999.0  -9999.0  -9999.0  -9999.0  -9999.0  -9999.0  -9999.0  -9999.0  -9999.0  -9999.0  -9999.0  -9999.0  -9999.0  0.841421025393  0.757405329651  1.47152917646  2.27101296177  1.2893538465  1.43899462346  2.73971823796  4.02823145912  6.46625641797  7.67396239682  8.80229225541  12.1482117933  13.1918119695  14.2908374102  1.03912237605  10.2732630695  11.2314324043  12.2356274192  0.99005155481  0.692080928021  1.138981906  917.790061542  918.002683705  919.466922817  5.88810076209  0.871179277202  1.23072722117  0.391379538767  0.592973854868  2.16037254678  2.66994001337  0.53108752204  333.881846527  0.409606924373  0.714494904254  0.813474521865  0.564386336971  1.12697456209  0.470587800065  5.93204465272  4.9031686596  3.75104965381  1.95172579686  1.35033947669  0.729594302652  0.804328946066  0.865226383453  0.871242573107  6.15852875656  4.65602144769  3.17828243487  1.68759372923  4.69554021714  3.34092153159  0.697203204381  0.79814428881  0.764716918277  1.54576924353  0.890703949369  -9999.0  -9999.0  -9999.0  -9999.0  -9999.0  -9999.0  -9999.0
-9999.0  -9999.0  -9999.0  -9999.0  -9999.0  -9999.0  -9999.0  -9999.0  -9999.0  -9999.0  -9999.0  -9999.0  -9999.0  -9999.0  -9999.0  0.699366523451  1.38684454322  0.721277214727  1.52096245384  9.41156935684  10.5293347716  11.7979943728  1.21935158535  1.21722594538  2.34772936544  3.47786787197  5.53940131021  6.57589065981  7.22450075802  8.2474680606  0.883560730164  0.900089398796  14.3303019476  14.9788643847  15.3335944673  15.6447838043  12.6994423509  933.463678734  941.505046167  941.782004671  943.260071007  944.86524836  945.693966822  0.25930102502  2.90954918067  334.120157875  0.704773552683  0.364587371366  0.311705635018  0.268863375383  0.48818141487  0.578634011133  0.343144755477  0.500136837487  0.532163445744  1.25199028208  0.626629948502  0.500615815808  1.78275157686  1.26113066647  0.669515918205  0.659234376062  0.707607120583  0.739948931272  0.798443426828  0.928974074149  0.899525488419  1.67772908769  0.597794497748  1.31749594018  0.55177109949  0.592400993184  -9999.0  -9999.0  -9999.0  -9999.0  -9999.0  -9999.0  -9999.0  -9999.0
-9999.0  -9999.0  -9999.0  -9999.0  -9999.0  -9999.0  -9999.0  -9999.0  -9999.0  -9999.0  -9999.0  -9999.0  -9999.0  -9999.0  -9999.0  -9999.0  2.05805407294  2.81890650212  5.10046753424  6.98072044321  1.05921158283  14.2066510704  15.4141045871  16.6044806063  1.17558533778  2.30836155163  1.0382364457  7.72934613103  8.32646207411  9.2893471988  10.3853408246  12.9007429722  13.4158018827  0.307563802818  11.5296907498  12.1385184781  12.4078934055  13.7674475875  1.91975613712  1.27491644832  0.871434102514  0.803455218247  946.682649384  947.129387349  952.101649816  334.356065644  1.81388481597  0.871807383797  0.55986398937  0.199865303005  1.70974172599  0.965403876454  0.308598252297  1.74499124348  1.48867258183  0.286930840032  3.68552494874  3.30638545519  2.34137940377  0.512937764271  1.5055032743  1.09767733776  0.456618655986  1.19904607941  0.739834676241  0.832108827721  0.814773281883  0.594710201845  1.15601847176  6.21320191155  3.21512803575  2.0352954465  0.785182699313  -9999.0  -9999.0  -9999.0  -9999.0  -9999.0  -9999.0  -9999.0
-9999.0  -9999.0  -9999.0  -9999.0  -9999.0  -9999.0  -9999.0  -9999.0  -9999.0  -9999.0  -9999.0  -9999.0  -9999.0  -9999.0  -9999.0  -9999.0  0.764205665918  3.57091836663  4.38821260235  1.11872173309  1.29649334384  2.60127647806  3.80909902835  21.6082812745  1.15864470611  4.66060785918  5.72779178364  6.77426224755  0.648702767087  1.54282606836  2.16398521344  9.05404941686  10.3894715436  10.6334676055  0.297237867247  0.323653759946  0.434446366889  0.789173132329  0.37056375014  0.399446357262  0.781021983287  0.574570619182  0.746835786069  1.81771719329  952.55469425  1288.04728492  2.29435673237  0.420436286417  0.201700575815  5.6260562028  5.1884753604  3.17492401784  2.87224732569  2.18246397109  0.501535802013  0.40445453128  4.06396452879  1.85088427831  1.4427978998  0.449385281542  1.86032069554  3.23670410043  2.82307113442  1.75429826167  0.714690229997  2.35492617207  1.59928203536  1.05942208208  7.71165698363  7.3075559601  0.588301101097  0.544336257108  0.489682433615  0.45563998709  -9999.0  -9999.0  -9999.0  -9999.0  -9999.0  -9999.0
-9999.0  -9999.0  -9999.0  -9999.0  -9999.0  -9999.0  -9999.0  -9999.0  -9999.0  -9999.0  -9999.0  -9999.0  -9999.0  -9999.0  -9999.0  0.600733632  2.05446669302  0.686990577717  1.30244958792  1.41685981721  2.73992718001  4.02099258415  5.08439301485  27.4624343464  28.5821687583  1.15393126305  2.22836700488  3.3073005984  4.09714745962  5.01320434848  8.17521254747  8.74713043604  1.00332633184  0.591428572384  0.527040056094  0.499082462786  0.724585987029  0.693467823687  0.692775771979  0.768628183961  2.46220683461  1.04248842757  0.354731604635  0.335207506875  0.423007756567  0.798893594262  1306.6013037  15.9969319587  6.4784050531  0.356782185913  0.143070036173  0.157777197914  0.673754199337  0.503730373942  0.277675339376  0.274430403685  4.69431108611  6.98627004357  7.70601956478  0.341131683638  5.87462640788  3.70669315623  0.453360923541  0.38875648335  0.701473920103  4.69004231788  1.98914896993  1.3810429137  8.03800380448  0.337684138864  0.374753375763  1.94303528594  0.972451375443  1.60963632133  0.671031875765  -9999.0  -9999.0  -9999.0  -9999.0  -9999.0
-9999.0  -9999.0  -9999.0  -9999.0  -9999.0  -9999.0  -9999.0  -9999.0  -9999.0  -9999.0  -9999.0  -9999.0  -9999.0  -9999.0  0.644725332569  1.22231318502  4.5487310579  0.657627285173  2.35081939735  3.74071303734  5.0603771763  1.34122170134  2.54435296565  3.49958705544  32.8133261356  1.09888103572  2.11679966588  3.1400655731  0.954962033829  1.90984640736  2.87855806563  3.47249261949  70.2559423999  71.5519380886  72.8804715474  78.5817664723  80.4043258372  84.5289447385  1.5483398181  3.2374603149  3.27110449251  98.1898848607  98.9104244936  0.309192291833  0.621111877718  0.914323010814  1306.77644638  15.2137256337  8.32349217054  8.164376887  5.52436935501  4.48667542625  0.891132933003  0.192685863889  0.437626885546  0.245405396607  0.249410450521  0.651819657034  8.14962365615  14.7967143859  6.30204013045  1.28925010414  0.87263458183  0.390374030667  6.51425348569  5.47233728299  0.385412227716  10.2232963054  8.37992543915  0.653469102866  3.73279764604  2.32623782006  2.47425169662  2.09643734086  0.4557293355  -9999.0  -9999.0  -9999.0  -9999.0  -9999.0
-9999.0  -9999.0  -9999.0  -9999.0  -9999.0  -9999.0  -9999.0  -9999.0  -9999.0  -9999.0  -9999.0  -9999.0  -9999.0  -9999.0  0.654232005925  1.97982304183  7.17218803346  10.5162689385  0.569878099452  13.9031211022  19.7018043569  1.26940450095  2.4587140465  3.48227298854  42.7222966651  43.5241268267  1.00941075776  5.1831944927  6.13894153686  7.0013138394  61.7429556258  64.6220177093  65.996616956  0.660559749006  3.84031665066  4.66392943446  1.97960533796  2.86858197124  88.5322366166  93.047762676  93.7927264378  94.4991889006  99.786000209  0.428653938183  0.387395660489  1.58787193967  1307.01753606  0.259537259317  0.838226537827  2.50531279826  0.916342252486  4.20442322282  2.76244862445  1.62018297136  1.22522649955  0.562992162779  0.272269699659  0.984913593713  0.342722214261  15.2229303316  2.00891213467  1.63078861685  0.315626378389  0.709090441817  6.86050566842  0.330927632423  0.335537306211  10.5632271879  0.296574000727  4.34069287201  4.06817383245  3.4833594494  3.17896476139  0.341513581696  1.23021839364  0.399287867121  -9999.0  -9999.0  -9999.0  -9999.0
-9999.0  -9999.0  -9999.0  -9999.0  -9999.0  -9999.0  -9999.0  -9999.0  -9999.0  -9999.0  -9999.0  -9999.0  -9999.0  -9999.0  -9999.0  -9999.0  1.37070923809  2.7538776806  12.4688644236  13.2002956981  20.3267086418  21.0744230169  1.26044197808  2.51563005614  5.81318452726  44.2093546668  46.2349481818  47.1326444453  0.731567479176  50.6658709063  53.8193178245  1.90038513921  0.634277224579  1.24691900173  2.43154382228  0.588324015981  1.19798834429  2.67978308835  3.37678240088  0.632463062324  0.441244660566  0.882043526309  103.062744364  104.291387782  104.6111284  107.026419376  1307.23122718  0.144268415711  0.637632689788  0.745187974301  0.730035078173  0.745074615454  0.663196619482  1.24981294196  0.128128215984  0.406697490541  0.273817858415  0.320931048405  1.73944594889  17.7882607967  20.4125631968  20.8274426519  22.2076967924  0.337186935932  7.1924072962  1.30088959153  0.634718348658  10.9168473638  11.5446540705  4.60914128836  4.91427756592  3.85882787747  2.30811082928  1.9832113636  1.6388487596  -9999.0  -9999.0  -9999.0  -9999.0  -9999.0
-9999.0  -9999.0  -9999.0  -9999.0  -9999.0  -9999.0  -9999.0  -9999.0  -9999.0  -9999.0  -9999.0  -9999.0  -9999.0  -9999.0  -9999.0  -9999.0  0.715430466525  0.696443886904  0.696744098479  1.481733795  0.649805545366  22.3586028018  23.0403533135  1.10011264394  2.26493047222  1.23058629494  1.09038191578  1.06049219186  49.1761805365  1.10945331713  2.27655762265  0.919399364529  0.678865128223  0.598607593313  0.476566347971  0.497218170415  1.53997664139  2.11028840381  0.41829319732  0.360044775523  0.788973807002  1.31367842125  1.7377848252  0.58239635067  105.091089187  107.35969767  1307.34664222  1.91668924125  1.64743264266  0.492566067292  1.14642687102  0.423999667309  0.346147015961  1.62159550569  0.733739296079  0.521433153031  0.137717506263  0.155794564706  0.457382117515  0.248033596496  0.327885839824  0.374465909562  0.383987155831  32.5020448126  8.81076377795  0.307578417434  0.525406007253  0.252015045632  25.3007104632  13.4831295127  13.2006430795  4.10537539981  2.91867841738  0.283509678465  -9999.0  -9999.0  -9999.0  -9999.0  -9999.0  -9999.0
-9999.0  -9999.0  -9999.0  -9999.0  -9999.0  -9999.0  -9999.0  -9999.0  -9999.0  -9999.0  -9999.0  -9999.0  -9999.0  -9999.0  -9999.0  -9999.0  -9999.0  -9999.0  0.686003843672  2.10528391486  2.65741002272  3.27836048774  23.6523624315  24.2736889071  24.9283738465  25.7977797038  26.8298875144  28.9568716204  29.9622220085  31.0429491014  31.8431021729  0.580744245634  0.554950847382  0.589117467145  2.08360173086  0.553360823792  0.536880782706  0.420742383496  1.23980317247  0.480037441228  0.378570548351  0.351345643684  0.303848391455  0.606498526969  0.889076676417  109.203390505  1418.61602743  0.119612041307  0.324703604438  0.438914725258  1.58736332643  0.88661315546  0.695688417029  2.96136961945  1.23056474617  0.414540265757  0.309365536473  0.784128722035  0.177163707544  0.712436749129  0.533708547067  1.0443474354  0.35684180393  0.422829705087  32.8542105124  33.9969806425  34.0487617665  33.8116136905  33.4772874825  0.356311954584  3.91276111393  3.53380774451  0.243301568823  -9999.0  -9999.0  -9999.0  -9999.0  -9999.0  -9999.0  -9999.0
-9999.0  -9999.0  -9999.0  -9999.0  -9999.0  -9999.0  -9999.0  -9999.0  -9999.0  -9999.0  -9999.0  -9999.0  -9999.0  -9999.0  -9999.0  -9999.0  -9999.0  -9999.0  -9999.0  0.550819436933  4.47711411559  8.97963491982  9.65205856906  1.04510387501  2.16639080784  3.33104415751  4.3475312134  11.0325101342  11.6828678779  0.616933186039  0.624294036037  33.2250775276  34.4294823291  34.9379037262  2.49005145968  0.367273339947  0.940079468643  1.38381895178  4.14363040113  5.06150312902  5.792297833  0.672367008941  0.950199661315  0.325460742423  0.650051827558  0.336459739705  1419.17988404  0.127335843546  0.554947608078  0.637350383497  2.41218271273  3.91410237193  4.68981025855  7.72551002334  1.79814460837  1.71907907385  1.36011051213  1.22612691803  0.300283749622  0.834684824625  1.33618265169  1.2260563871  0.198772527432  70.4960029416  69.9515893182  69.6913396319  34.9623923375  0.491651397733  7.3338153831  5.2661948264  3.44965053119  2.13621219879  0.378258117174  -9999.0  -9999.0  -9999.0  -9999.0  -9999.0  -9999.0  -9999.0
-9999.0  -9999.0  -9999.0  -9999.0  -9999.0  -9999.0  -9999.0  -9999.0  -9999.0  -9999.0  -9999.0  -9999.0  -9999.0  -9999.0  -9999.0  -9999.0  -9999.0  -9999.0  0.629409300948  2.01987648154  3.93833839316  5.12863068125  13.3131918667  14.1586127811  2.42148106372  3.59118914836  4.61015106451  5.67172780568  12.5575010826  13.8939165066  25.4933829837  26.4406313844  27.1621207583  35.4647215514  39.3069939717  0.899856884393  0.604162763073  0.577898335357  1.11755082923  0.509559434539  6.76124579035  7.11259949485  1.26949936021  1.65889319646  0.459768729843  292.683374238  293.437049726  1712.95245161  1713.6375874  0.114967109462  2.65642718323  0.210792744056  0.225601289635  8.32370660544  10.3187300286  1.63209309575  1.53206464801  0.297321921362  0.156829996095  0.986411648992  72.9179988702  71.4667085437  71.2974177146  70.827348254  0.35095539575  0.43564487448  0.497185002542  0.524905755699  1.6281292447  1.08234965478  0.979581036631  1.45395564944  0.444706074785  -9999.0  -9999.0  -9999.0  -9999.0  -9999.0  -9999.0  -9999.0
-9999.0  -9999.0  -9999.0  -9999.0  -9999.0  -9999.0  -9999.0  -9999.0  -9999.0  -9999.0  -9999.0  -9999.0  -9999.0  -9999.0  -9999.0  -9999.0  -9999.0  -9999.0  -9999.0  0.726477477433  0.704155770429  1.31567452189  3.10359889837  14.759517478  1.24191078226  1.22359108278  2.25571209619  3.29194535244  8.63382449158  9.65973983352  0.721739537435  0.603037958028  27.9243530547  28.4792167636  68.3814830692  68.9595784595  0.3405923397  0.295067762332  0.255436620283  0.258009337465  0.288445954677  285.861077626  288.043889947  290.071804679  290.917137094  292.308041586  0.389663470386  1.44470548284  1.82407078135  1715.97279628  1716.01669337  1716.06528936  1716.34713967  1716.59777346  10.8139068971  0.153573771957  0.584756317392  0.460328801871  0.122960127346  1.10869406775  73.4884276455  0.429039487124  0.261706298541  1.90827266218  1.66019525264  1.34246728928  1.0287039352  0.570007741019  0.609835000831  0.583629544623  0.505241935529  0.532428740655  -9999.0  -9999.0  -9999.0  -9999.0  -9999.0  -9999.0  -9999.0  -9999.0
-9999.0  -9999.0  -9999.0  -9999.0  -9999.0  -9999.0  -9999.0  -9999.0  -9999.0  -9999.0  -9999.0  -9999.0  -9999.0  -9999.0  -9999.0  -9999.0  -9999.0  -9999.0  -9999.0  -9999.0  0.633632583705  0.669677973934  1.23114800597  17.1546703648  17.8671983816  1.20371472429  2.22997377587  3.28264888958  4.33300640006  0.991543041778  1.75072452312  48.0127754847  48.6098083075  49.2496697929  53.8075407659  123.34639289  272.062604247  272.859356297  273.602129161  274.314006734  277.40714163  278.403062444  1.86980613243  0.840173154307  0.495554202016  0.937883432342  0.718801459162  1.13488236083  0.361261731088  8.16569037143  8.836998129  9.25139561703  9.44522248259  1716.70745784  1727.84781465  1728.99459381  0.80740252216  0.155677809147  1.50114049395  1.25451606325  73.7786937389  0.152261495487  3.53996735166  1.35172707378  1.06906392544  0.749108212527  0.39700657917  0.8450553639  0.429327262605  -9999.0  -9999.0  -9999.0  -9999.0  -9999.0  -9999.0  -9999.0  -9999.0  -9999.0  -9999.0  -9999.0
-9999.0  -9999.0  -9999.0  -9999.0  -9999.0  -9999.0  -9999.0  -9999.0  -9999.0  -9999.0  -9999.0  -9999.0  -9999.0  -9999.0  -9999.0  -9999.0  -9999.0  -9999.0  -9999.0  -9999.0  -9999.0  0.64492945966  1.23090051255  1.82208972519  18.3733688522  0.83313473502  25.770892638  26.8642140171  27.8949863121  28.7001733299  44.7334197063  45.562463492  0.649871519609  3.25974327671  4.03154159978  0.648326891453  147.915469846  146.734027726  0.390662275236  0.890257899976  2.4457181673  0.544264749949  0.572917800878  0.428846109126  0.370780593529  0.295947905544  0.3430896344  6.98811871138  7.34770371017  7.77607947038  0.376698331876  0.226086165777  9.57119607765  9.79353190501  9.94460892425  1729.10618253  1729.22192325  1.94291154096  1.64886170987  77.7434902513  77.6021621057  3.68533089798  0.431847586687  0.237268464733  2.24649207254  1.9710988119  1.64530149171  1.25135853412  0.705879918866  0.332206518434  -9999.0  -9999.0  -9999.0  -9999.0  -9999.0  -9999.0  -9999.0  -9999.0  -9999.0  -9999.0
-9999.0  -9999.0  -9999.0  -9999.0  -9999.0  -9999.0  -9999.0  -9999.0  -9999.0  -9999.0  -9999.0  -9999.0  -9999.0  -9999.0  -9999.0  -9999.0  -9999.0  -9999.0  -9999.0  -9999.0  -9999.0  0.578240644732  0.538732872489  2.81111819801  22.4286666139  23.9003270863  24.7514137203  1.14979978569  13.6052600815  14.6406312679  15.1112538364  0.754474478738  1.50273487284  2.13011297042  35.1292798675  35.6274064841  36.0722084799  145.913353022  83.9812292455  0.483128769162  0.526055160608  0.509584293615  0.413149163748  4.22726737255  5.06275662925  5.80388192095  6.2185133451  6.61829955755  45.4550594495  45.7616566052  46.167989952  47.0565912151  50.9637091666  51.1489029544  61.2946117764  0.15781496926  1729.31647016  1729.45423879  2.11756938009  77.8691445577  0.248914616074  0.11924876125  0.594652908597  3.37447020084  3.15819714063  0.607285087364  0.303685932758  1.42947840153  1.10339740869  0.329556745386  0.283368380322  0.279610035689  -9999.0  -9999.0  -9999.0  -9999.0  -9999.0  -9999.0  -9999.0  -9999.0
-9999.0  -9999.0  -9999.0  -9999.0  -9999.0  -9999.0  -9999.0  -9999.0  -9999.0  -9999.0  -9999.0  -9999.0  -9999.0  -9999.0  -9999.0  -9999.0  -9999.0  -9999.0  -9999.0  -9999.0  -9999.0  -9999.0  1.12813542079  1.73383772429  0.709554336331  1.24068624502  9.07100058024  10.2865848254  11.3545374699  6.88886058887  8.05083689607  9.14674784916  9.8645951944  34.0218196451  34.6872237347  24.3466297017  60.9713079044  61.4911961117  83.568671173  1.05193686235  0.542376680397  0.3868529736  2.90784362052  3.4198072279  0.318661768432  0.297056893115  44.1062396637  44.8293117332  45.1764558394  0.395670018667  0.616163961324  50.2836022576  0.414738998086  1.52403174747  1.68432445236  63.2874563848  63.4452085337  65.4480302259  1797.1151279  78.2606050161  4.61680781198  4.47936648715  4.32798898521  3.57387089016  0.222222780358  1.95149144436  1.72552298622  0.526052296357  0.269517558413  0.589305842381  1.24062004405  0.67514432652  -9999.0  -9999.0  -9999.0  -9999.0  -9999.0  -9999.0  -9999.0  -9999.0
-9999.0  -9999.0  -9999.0  -9999.0  -9999.0  -9999.0  -9999.0  -9999.0  -9999.0  -9999.0  -9999.0  -9999.0  -9999.0  -9999.0  -9999.0  -9999.0  -9999.0  -9999.0  -9999.0  -9999.0  -9999.0  -9999.0  0.566469748337  1.12010548638  4.96261914209  5.72092666976  6.71378851605  4.59050044482  5.69587653877  1.23534207976  21.300043735  22.4656005493  23.5160829537  0.759111878892  23.1008883264  23.7860261408  0.545112560831  80.8518830111  1.15657943164  0.578834373946  1.56102709813  2.10494349421  0.426258330529  0.347504563462  40.38689674  43.4561782535  43.8694393969  0.441851411355  0.997005463091  1.26047847176  1.5132484028  2.91432210437  0.545775232707  1.25573591185  0.245952841678  0.481388053885  65.1026078015  65.2857295965  1797.26049697  1880.80350783  5.15654367977  0.313849409981  0.198788039949  0.34779378666  0.205360748789  2.20034243497  1.04123248576  0.78329560931  3.39574419565  3.13921836458  2.16319536839  0.459032044469  0.281827660905  -9999.0  -9999.0  -9999.0  -9999.0  -9999.0  -9999.0  -9999.0
-9999.0  -9999.0  -9999.0  -9999.0  -9999.0  -9999.0  -9999.0  -9999.0  -9999.0  -9999.0  -9999.0  -9999.0  -9999.0  -9999.0  -9999.0  -9999.0  -9999.0  -9999.0  -9999.0  -9999.0  -9999.0  -9999.0  0.555501493668  1.7916039477  3.24917753505  0.910321570413  2.13412864646  3.42620357198  16.4229094325  17.6974454394  18.9161752582  1.15402418329  17.5040248042  20.9133658153  21.7705902676  0.746881095206  78.5278599363  79.8002755694  0.609961409434  0.564406769769  1.13244623583  0.473667774116  38.0285900992  38.8908066477  39.4046731879  1.96617267017  2.41983417172  0.397637039809  0.716226360348  0.321056662598  2.21481625819  0.329554506637  0.317312358173  0.349494361878  0.360313902093  0.733165237592  0.980971608225  186.915994377  187.351366929  2068.56138402  2068.5896802  2068.69483715  0.288761972316  4.63151414567  4.17955627344  1.63318222564  1.4528671238  0.187342217541  3.99015542683  0.32646615139  0.292885314552  0.253539762033  0.977143122091  0.39520609614  -9999.0  -9999.0  -9999.0  -9999.0  -9999.0  -9999.0
-9999.0  -9999.0  -9999.0  -9999.0  -9999.0  -9999.0  -9999.0  -9999.0  -9999.0  -9999.0  -9999.0  -9999.0  -9999.0  -9999.0  -9999.0  -9999.0  -9999.0  -9999.0  -9999.0  -9999.0  -9999.0  -9999.0  -9999.0  0.647231913432  0.775019096868  1.08931311908  10.2791092624  11.5360772261  15.262089021  1.21211505291  12.7168670761  15.2880978636  1.19458707318  2.3922367195  0.948285802862  76.2848693717  0.907596822708  2.1821057208  2.67756605155  3.2046910308  34.7593394096  36.6492027747  37.1974065863  0.552069842531  1.04189670129  1.48664376286  0.284323511173  0.257895508093  83.8491649263  84.1088174683  84.327335204  86.4601745095  86.7302555947  87.1131319436  87.3865821044  148.965260513  149.201140732  186.734976304  0.240769547525  0.277127308238  0.484397351449  2069.23667542  2070.07776799  2074.94821313  2074.97876295  0.31930887989  0.197010704971  4.50177995526  4.31549276096  0.246361155934  0.542032944666  3.87223311042  2.33944587975  2.00331093755  0.522303601723  -9999.0  -9999.0  -9999.0  -9999.0  -9999.0
-9999.0  -9999.0  -9999.0  -9999.0  -9999.0  -9999.0  -9999.0  -9999.0  -9999.0  -9999.0  -9999.0  -9999.0  -9999.0  -9999.0  -9999.0  -9999.0  -9999.0  -9999.0  -9999.0  -9999.0  -9999.0  -9999.0  -9999.0  0.568622219406  1.74402362009  3.84761408324  9.092384126  1.35806807635  2.58187973379  9.06230608868  10.2831178641  1.31224994092  18.6116651453  19.8305368588  73.300197657  74.3331806079  0.833506479366  1.54172007214  6.84355887702  28.526653901  31.1540425348  1.37384423639  0.610279741494  0.492142734339  68.4490414187  69.3342549566  70.0624232973  70.7817594044  83.6081611112  0.764874970458  86.2073412599  0.413961475966  0.282846280717  0.545782264249  61.0780621189  61.3888127796  36.4752602314  37.2768209118  0.524292449657  0.256123792499  0.284684422653  0.323385131541  0.506767497557  0.193839869522  2212.725919  2213.06682207  5.66797557021  4.86677586311  0.199291937105  5.77456317356  5.3404946078  4.55033688607  0.412459682399  0.499838854726  0.556031511471  -9999.0  -9999.0  -9999.0  -9999.0  -9999.0
-9999.0  -9999.0  -9999.0  -9999.0  -9999.0  -9999.0  -9999.0  -9999.0  -9999.0  -9999.0  -9999.0  -9999.0  -9999.0  -9999.0  -9999.0  -9999.0  -9999.0  -9999.0  -9999.0  -9999.0  -9999.0  -9999.0  -9999.0  -9999.0  1.48566268535  2.86472860528  4.13142140794  6.58073953289  7.80940200786  12.8951158571  15.1952226942  16.1324177828  17.3134212706  51.2118970861  52.4089728491  0.904413594923  5.05870004697  6.04452953597  20.0082214466  20.9652189095  1.69435365787  0.710221922196  65.2169817727  66.993891906  67.5829001142  0.481541041664  11.5687623405  11.995443642  12.4582681018  0.401912188276  0.307369447197  0.243717505535  0.267900421178  59.9279724915  60.3128348404  0.240281885344  36.2464388368  34.8536231095  34.6387377708  0.213007577703  0.27917322184  0.241639169138  0.432516130745  136.754544154  137.661455111  2218.78519974  0.397295014531  0.164011656527  6.17307476192  0.227845687731  0.907410273146  0.666116348702  0.389288632062  -9999.0  -9999.0  -9999.0  -9999.0  -9999.0  -9999.0  -9999.0
-9999.0  -9999.0  -9999.0  -9999.0  -9999.0  -9999.0  -9999.0  -9999.0  -9999.0  -9999.0  -9999.0  -9999.0  -9999.0  -9999.0  -9999.0  -9999.0  -9999.0  -9999.0  -9999.0  -9999.0  -9999.0  -9999.0  -9999.0  -9999.0  1.42474695581  4.24503823234  5.31713007906  7.77720256565  10.2734464248  11.6592251434  1.15283989886  12.5386319781  48.7714051882  49.9826576081  1.15429015491  2.26985097284  4.26738276149  18.0431093962  19.1381541536  40.5919351279  42.1629181235  64.1393161649  64.6291955523  0.97212276956  9.23396051054  10.6664749061  11.2148229106  0.436507362053  49.1387164267  49.5353576755  50.9673233122  57.1706035378  59.1302602075  59.4408524626  0.336561391779  0.643726013482  0.904529290517  30.1432484862  34.2477999595  2.51110771423  2.27098433374  0.212707029791  0.257296003034  136.107770861  0.727890898712  0.330707858377  2219.10690567  0.0881215684744  0.0904796149556  7.48186370093  1.12845137287  0.20513273743  0.251897665091  -9999.0  -9999.0  -9999.0  -9999.0  -9999.0  -9999.0  -9999.0
-9999.0  -9999.0  -9999.0  -9999.0  -9999.0  -9999.0  -9999.0  -9999.0  -9999.0  -9999.0  -9999.0  -9999.0  -9999.0  -9999.0  -9999.0  -9999.0  -9999.0  -9999.0  -9999.0  -9999.0  -9999.0  -9999.0  -9999.0  -9999.0  1.51748183139  1.43696625252  5.40870168528  6.45067085637  1.22468630608  10.0108429966  11.2708462159  1.23571288532  33.8027213987  1.22862945469  7.39489010041  16.0207187121  17.0183604865  35.5145957884  36.4570664073  39.6119039439  0.870565162172  21.2387070976  0.718008549716  1.63602378779  8.66619682557  0.819336852671  12.0145077084  48.3520093587  0.648089582781  1.13006556346  5.16187117586  0.502864967856  0.815590224692  0.558283408954  0.341594591482  26.0718295213  28.8046001053  29.8947600204  1.32029230599  0.707060978924  1.34763407643  0.29788313959  135.290721664  135.481722601  0.361325411882  0.199003910793  0.0962727042679  2219.64223558  2228.44657074  8.71117167465  1.08738989044  0.875832179562  0.482594331148  -9999.0  -9999.0  -9999.0  -9999.0  -9999.0  -9999.0  -9999.0
-9999.0  -9999.0  -9999.0  -9999.0  -9999.0  -9999.0  -9999.0  -9999.0  -9999.0  -9999.0  -9999.0  -9999.0  -9999.0  -9999.0  -9999.0  -9999.0  -9999.0  -9999.0  -9999.0  -9999.0  -9999.0  -9999.0  -9999.0  -9999.0  -9999.0  1.42125234471  1.48976522148  1.44830136136  7.39867163099  8.74813302227  15.1801693437  32.6166367397  1.25146123443  3.72911873729  4.99487385473  7.57126506717  2.25616365469  34.5174180704  1.14626469409  2.21259248602  19.3432090592  0.982630269242  3.90941838086  5.06274658003  1.01051714404  0.840554064136  11.5375556407  35.7206608312  0.841898363344  3.04901658632  4.76781971639  0.528399345664  0.541706209356  22.4508675954  24.1866617004  1.22136005079  2.36188100796  0.629425732457  0.987126626401  0.404726677682  0.376989870008  0.209635770456  135.121125484  0.592430821224  -9999.0  -9999.0  0.200057065252  0.359175179401  2228.44131488  2228.43561498  2228.74306449  0.194957868207  -9999.0  -9999.0  -9999.0  -9999.0  -9999.0  -9999.0  -9999.0  -9999.0
-9999.0  -9999.0  -9999.0  -9999.0  -9999.0  -9999.0  -9999.0  -9999.0  -9999.0  -9999.0  -9999.0  -9999.0  -9999.0  -9999.0  -9999.0  -9999.0  -9999.0  -9999.0  -9999.0  -9999.0  -9999.0  -9999.0  -9999.0  -9999.0  -9999.0  -9999.0  1.17582847851  3.67642500528  4.7072795805  14.0787191974  4.60234263039  16.2770475704  10.7758695461  1.2391723203  3.8553489836  6.28287567294  1.10046509725  31.155433677  12.902934201  16.3247187655  2.13038331656  2.13392222284  0.951055610326  0.797091879628  9.05910089331  9.9095614913  33.2661572378  34.0663587485  1.54415795035  2.3550852399  0.667268168628  15.8970893726  19.2639135601  22.0242757354  1.28245116219  0.605727471218  1.7350503198  0.606539317159  0.474675292879  0.314108976363  132.659706813  133.596744584  134.142991087  0.397581923033  -9999.0  -9999.0  -9999.0  -9999.0  -9999.0  0.0759992202724  2228.7152047  2228.71902731  -9999.0  -9999.0  -9999.0  -9999.0  -9999.0  -9999.0  -9999.0  -9999.0
-9999.0  -9999.0  -9999.0  -9999.0  -9999.0  -9999.0  -9999.0  -9999.0  -9999.0  -9999.0  -9999.0  -9999.0  -9999.0  -9999.0  -9999.0  -9999.0  -9999.0  -9999.0  -9999.0  -9999.0  -9999.0  -9999.0  -9999.0  -9999.0  -9999.0  -9999.0  1.60990847906  1.49265217628  13.1767423245  0.982148480094  3.67637310442  6.89597016685  9.61862713793  1.36294135343  1.31101770401  1.23825962477  28.7970934801  30.0261096341  11.8319743538  2.37512255348  1.14452850629  1.15577783369  7.17490276573  8.23606791521  28.0296093089  29.8723370214  31.5788494835  0.929700619959  0.79147916639  14.0815470654  14.67326819  15.3513020275  2.88970988778  1.46152214564  0.687611194024  0.666033160412  0.503591731799  4.26733881893  4.61941715389  132.138001826  132.470263662  0.684022007485  0.284177258723  0.196637125267  -9999.0  -9999.0  -9999.0  -9999.0  -9999.0  -9999.0  -9999.0  -9999.0  -9999.0  -9999.0  -9999.0  -9999.0  -9999.0  -9999.0  -9999.0  -9999.0
-9999.0  -9999.0  -9999.0  -9999.0  -9999.0  -9999.0  -9999.0  -9999.0  -9999.0  -9999.0  -9999.0  -9999.0  -9999.0  -9999.0  -9999.0  -9999.0  -9999.0  -9999.0  -9999.0  -9999.0  -9999.0  -9999.0  -9999.0  -9999.0  -9999.0  -9999.0  -9999.0  3.13115417629  10.6540946414  6.07443559481  1.39359367908  5.76900093882  1.38085264478  4.26896296237  5.45329839067  25.5807366627  27.848823897  9.49620589546  10.6800552189  1.18770920655  5.01080392098  6.12631377071  16.819153499  26.1744315778  27.1962653835  1.04761466696  0.855167196118  10.0708906331  11.6571163358  13.4802051047  0.801724126274  1.5140109442  2.25564403688  0.728913088119  1.73138481  2.78518260756  3.25670154901  3.88699023107  0.401877101372  126.756170345  0.94152275561  0.402936334713  -9999.0  -9999.0  -9999.0  -9999.0  -9999.0  -9999.0  -9999.0  -9999.0  -9999.0  -9999.0  -9999.0  -9999.0  -9999.0  -9999.0  -9999.0  -9999.0  -9999.0  -9999.0
-9999.0  -9999.0  -9999.0  -9999.0  -9999.0  -9999.0  -9999.0  -9999.0  -9999.0  -9999.0  -9999.0  -9999.0  -9999.0  -9999.0  -9999.0  -9999.0  -9999.0  -9999.0  -9999.0  -9999.0  -9999.0  -9999.0  -9999.0  -9999.0  -9999.0  -9999.0  -9999.0  1.61841038936  1.53683840228  3.05935707194  1.47398682204  2.90538077499  2.91653970244  16.0090854623  16.8928118257  2.36625372701  1.32524920617  8.31180378342  2.61268728721  3.90174898466  13.5159901253  14.6651110409  15.8066724086  8.35894208626  3.31150334611  5.44328647621  7.3493123843  9.3766616317  0.970976453359  0.986739390969  63.3843034907  64.170053417  64.8452138519  0.63380181453  1.16009137051  0.607033976175  0.431584588678  117.224375149  119.265609052  5.8211844245  5.2758932465  0.540427303263  -9999.0  -9999.0  -9999.0  -9999.0  -9999.0  -9999.0  -9999.0  -9999.0  -9999.0  -9999.0  -9999.0  -9999.0  -9999.0  -9999.0  -9999.0  -9999.0  -9999.0  -9999.0
-9999.0  -9999.0  -9999.0  -9999.0  -9999.0  -9999.0  -9999.0  -9999.0  -9999.0  -9999.0  -9999.0  -9999.0  -9999.0  -9999.0  -9999.0  -9999.0  -9999.0  -9999.0  -9999.0  -9999.0  -9999.0  -9999.0  -9999.0  -9999.0  -9999.0  -9999.0  -9999.0  -9999.0  -9999.0  1.49388555425  1.41872014197  1.48716330733  6.02454515658  14.6660531785  7.24716043176  1.39143296047  5.65016051382  7.01711959322  1.30181444325  11.1842860345  12.3646373584  3.7499736226  6.05824131679  1.17003257288  2.18640651442  1.11295090303  0.972173848802  0.958304866648  61.1524442098  62.0086061428  62.616371374  2.95679709975  68.7055064937  69.2584645267  69.7560617853  70.2316069734  71.1483194788  116.911684567  117.71352759  1.22078839239  4.74704842007  1.28434484888  -9999.0  -9999.0  -9999.0  -9999.0  -9999.0  -9999.0  -9999.0  -9999.0  -9999.0  -9999.0  -9999.0  -9999.0  -9999.0  -9999.0  -9999.0  -9999.0  -9999.0  -9999.0
-9999.0  -9999.0  -9999.0  -9999.0  -9999.0  -9999.0  -9999.0  -9999.0  -9999.0  -9999.0  -9999.0  -9999.0  -9999.0  -9999.0  -9999.0  -9999.0  -9999.0  -9999.0  -9999.0  -9999.0  -9999.0  -9999.0  -9999.0  -9999.0  -9999.0  -9999.0  -9999.0  -9999.0  -9999.0  -9999.0  -9999.0  1.55119656888  3.11271421931  3.07104795585  3.01979676697  2.93552894899  4.3634081132  7.28775761921  8.57886010661  9.95138687567  1.26136172781  2.54973580527  1.17060462435  1.09138050555  34.905647617  43.3590419352  45.4332932468  46.5028301846  60.395177115  0.866703778907  1.59405888073  2.45427910822  13.3946509427  14.1597461477  14.6378996638  31.5663045042  40.4468064012  45.2723755163  0.611041776616  0.664330435958  2.84784097993  0.711733596602  -9999.0  -9999.0  -9999.0  -9999.0  -9999.0  -9999.0  -9999.0  -9999.0  -9999.0  -9999.0  -9999.0  -9999.0  -9999.0  -9999.0  -9999.0  -9999.0  -9999.0  -9999.0
-9999.0  -9999.0  -9999.0  -9999.0  -9999.0  -9999.0  -9999.0  -9999.0  -9999.0  -9999.0  -9999.0  -9999.0  -9999.0  -9999.0  -9999.0  -9999.0  -9999.0  -9999.0  -9999.0  -9999.0  -9999.0  -9999.0  -9999.0  -9999.0  -9999.0  -9999.0  -9999.0  -9999.0  -9999.0  -9999.0  -9999.0  -9999.0  1.59276492133  1.57369110827  1.5363107319  1.47697352077  2.99471390115  5.88994221976  5.63300182848  6.90738745662  8.07677116199  18.5673467175  19.691617935  32.7861534125  33.9500855293  7.47217199798  1.11352648558  11.9397637023  12.899881765  5.1966877625  10.0625689335  11.8458001532  12.6370734547  0.698051685452  16.5161538431  33.0833793256  40.0748982506  0.631374510331  3.70435931256  0.690147945623  2.16386695318  -9999.0  -9999.0  -9999.0  -9999.0  -9999.0  -9999.0  -9999.0  -9999.0  -9999.0  -9999.0  -9999.0  -9999.0  -9999.0  -9999.0  -9999.0  -9999.0  -9999.0  -9999.0  -9999.0
-9999.0  -9999.0  -9999.0  -9999.0  -9999.0  -9999.0  -9999.0  -9999.0  -9999.0  -9999.0  -9999.0  -9999.0  -9999.0  -9999.0  -9999.0  -9999.0  -9999.0  -9999.0  -9999.0  -9999.0  -9999.0  -9999.0  -9999.0  -9999.0  -9999.0  -9999.0  -9999.0  -9999.0  -9999.0  -9999.0  -9999.0  -9999.0  -9999.0  -9999.0  -9999.0  1.57156561838  1.48452843092  1.46814167469  4.28606800618  4.10450915316  8.01289431726  9.32272981959  1.20112845744  11.9229974973  5.03555364636  6.31277479169  7.40441028347  10.955704466  3.20273613218  1.04932845078  4.11989793523  1.00067448452  8.777959995  10.5566530479  15.210652934  0.820980861409  4.10960269848  1.62237150826  2.37648926585  0.770090181638  1.46966792065  -9999.0  -9999.0  -9999.0  -9999.0  -9999.0  -9999.0  -9999.0  -9999.0  -9999.0  -9999.0  -9999.0  -9999.0  -9999.0  -9999.0  -9999.0  -9999.0  -9999.0  -9999.0  -9999.0
-9999.0  -9999.0  -9999.0  -9999.0  -9999.0  -9999.0  -9999.0  -9999.0  -9999.0  -9999.0  -9999.0  -9999.0  -9999.0  -9999.0  -9999.0  -9999.0  -9999.0  -9999.0  -9999.0  -9999.0  -9999.0  -9999.0  -9999.0  -9999.0  -9999.0  -9999.0  -9999.0  -9999.0  -9999.0  -9999.0  -9999.0  -9999.0  -9999.0  -9999.0  -9999.0  -9999.0  -9999.0  1.43848040091  1.36801003848  2.75462382366  2.65093452773  6.96221176119  9.47791267126  2.55318118615  3.78325377584  3.76808298197  6.24402477602  2.40029112312  2.21323198123  2.19259804146  0.982251694271  5.14526729092  7.93327542941  0.94227116806  3.80734264476  1.72692259207  1.59910493942  0.830466746126  0.794958460696  0.828505713108  -9999.0  -9999.0  -9999.0  -9999.0  -9999.0  -9999.0  -9999.0  -9999.0  -9999.0  -9999.0  -9999.0  -9999.0  -9999.0  -9999.0  -9999.0  -9999.0  -9999.0  -9999.0  -9999.0  -9999.0
-9999.0  -9999.0  -9999.0  -9999.0  -9999.0  -9999.0  -9999.0  -9999.0  -9999.0  -9999.0  -9999.0  -9999.0  -9999.0  -9999.0  -9999.0  -9999.0  -9999.0  -9999.0  -9999.0  -9999.0  -9999.0  -9999.0  -9999.0  -9999.0  -9999.0  -9999.0  -9999.0  -9999.0  -9999.0  -9999.0  -9999.0  -9999.0  -9999.0  -9999.0  -9999.0  -9999.0  -9999.0  -9999.0  -9999.0  1.37142287689  2.88520908545  5.66822619604  1.29345984809  1.29298808789  1.23821588696  2.54287094456  1.25330229233  1.20916545111  1.14080767994  1.12536915345  2.1377857921  4.23906415267  1.96001026015  2.01510793574  2.94429439492  0.897036029563  0.784186976172  -9999.0  -9999.0  -9999.0  -9999.0  -9999.0  -9999.0  -9999.0  -9999.0  -9999.0  -9999.0  -9999.0  -9999.0  -9999.0  -9999.0  -9999.0  -9999.0  -9999.0  -9999.0  -9999.0  -9999.0  -9999.0  -9999.0  -9999.0
-9999.0  -9999.0  -9999.0  -9999.0  -9999.0  -9999.0  -9999.0  -9999.0  -9999.0  -9999.0  -9999.0  -9999.0  -9999.0  -9999.0  -9999.0  -9999.0  -9999.0  -9999.0  -9999.0  -9999.0  -9999.0  -9999.0  -9999.0  -9999.0  -9999.0  -9999.0  -9999.0  -9999.0  -9999.0  -9999.0  -9999.0  -9999.0  -9999.0  -9999.0  -9999.0  -9999.0  -9999.0  -9999.0  -9999.0  -9999.0  1.42085198286  1.35033479022  -9999.0  -9999.0  -9999.0  -9999.0  -9999.0  -9999.0  -9999.0  -9999.0  1.08017762353  1.04196316618  0.932186379798  0.966710910078  -9999.0  -9999.0  -9999.0  -9999.0  -9999.0  -9999.0  -9999.0  -9999.0  -9999.0  -9999.0  -9999.0  -9999.0  -9999.0  -9999.0  -9999.0  -9999.0  -9999.0  -9999.0  -9999.0  -9999.0  -9999.0  -9999.0  -9999.0  -9999.0  -9999.0  -9999.0
-9999.0  -9999.0  -9999.0  -9999.0  -9999.0  -9999.0  -9999.0  -9999.0  -9999.0  -9999.0  -9999.0  -9999.0  -9999.0  -9999.0  -9999.0  -9999.0  -9999.0  -9999.0  -9999.0  -9999.0  -9999.0  -9999.0  -9999.0  -9999.0  -9999.0  -9999.0  -9999.0  -9999.0  -9999.0  -9999.0  -9999.0  -9999.0  -9999.0  -9999.0  -9999.0  -9999.0  -9999.0  -9999.0  -9999.0  -9999.0  -9999.0  -9999.0  -9999.0  -9999.0  -9999.0  -9999.0  -9999.0  -9999.0  -9999.0  -9999.0  -9999.0  -9999.0  -9999.0  -9999.0  -9999.0  -9999.0  -9999.0  -9999.0  -9999.0  -9999.0  -9999.0  -9999.0  -9999.0  -9999.0  -9999.0  -9999.0  -9999.0  -9999.0  -9999.0  -9999.0  -9999.0  -9999.0  -9999.0  -9999.0  -9999.0  -9999.0  -9999.0  -9999.0  -9999.0  -9999.0
-9999.0  -9999.0  -9999.0  -9999.0  -9999.0  -9999.0  -9999.0  -9999.0  -9999.0  -9999.0  -9999.0  -9999.0  -9999.0  -9999.0  -9999.0  -9999.0  -9999.0  -9999.0  -9999.0  -9999.0  -9999.0  -9999.0  -9999.0  -9999.0  -9999.0  -9999.0  -9999.0  -9999.0  -9999.0  -9999.0  -9999.0  -9999.0  -9999.0  -9999.0  -9999.0  -9999.0  -9999.0  -9999.0  -9999.0  -9999.0  -9999.0  -9999.0  -9999.0  -9999.0  -9999.0  -9999.0  -9999.0  -9999.0  -9999.0  -9999.0  -9999.0  -9999.0  -9999.0  -9999.0  -9999.0  -9999.0  -9999.0  -9999.0  -9999.0  -9999.0  -9999.0  -9999.0  -9999.0  -9999.0  -9999.0  -9999.0  -9999.0  -9999.0  -9999.0  -9999.0  -9999.0  -9999.0  -9999.0  -9999.0  -9999.0  -9999.0  -9999.0  -9999.0  -9999.0  -9999.0
-9999.0  -9999.0  -9999.0  -9999.0  -9999.0  -9999.0  -9999.0  -9999.0  -9999.0  -9999.0  -9999.0  -9999.0  -9999.0  -9999.0  -9999.0  -9999.0  -9999.0  -9999.0  -9999.0  -9999.0  -9999.0  -9999.0  -9999.0  -9999.0  -9999.0  -9999.0  -9999.0  -9999.0  -9999.0  -9999.0  -9999.0  -9999.0  -9999.0  -9999.0  -9999.0  -9999.0  -9999.0  -9999.0  -9999.0  -9999.0  -9999.0  -9999.0  -9999.0  -9999.0  -9999.0  -9999.0  -9999.0  -9999.0  -9999.0  -9999.0  -9999.0  -9999.0  -9999.0  -9999.0  -9999.0  -9999.0  -9999.0  -9999.0  -9999.0  -9999.0  -9999.0  -9999.0  -9999.0  -9999.0  -9999.0  -9999.0  -9999.0  -9999.0  -9999.0  -9999.0  -9999.0  -9999.0  -9999.0  -9999.0  -9999.0  -9999.0  -9999.0  -9999.0  -9999.0  -9999.0
-9999.0  -9999.0  -9999.0  -9999.0  -9999.0  -9999.0  -9999.0  -9999.0  -9999.0  -9999.0  -9999.0  -9999.0  -9999.0  -9999.0  -9999.0  -9999.0  -9999.0  -9999.0  -9999.0  -9999.0  -9999.0  -9999.0  -9999.0  -9999.0  -9999.0  -9999.0  -9999.0  -9999.0  -9999.0  -9999.0  -9999.0  -9999.0  -9999.0  -9999.0  -9999.0  -9999.0  -9999.0  -9999.0  -9999.0  -9999.0  -9999.0  -9999.0  -9999.0  -9999.0  -9999.0  -9999.0  -9999.0  -9999.0  -9999.0  -9999.0  -9999.0  -9999.0  -9999.0  -9999.0  -9999.0  -9999.0  -9999.0  -9999.0  -9999.0  -9999.0  -9999.0  -9999.0  -9999.0  -9999.0  -9999.0  -9999.0  -9999.0  -9999.0  -9999.0  -9999.0  -9999.0  -9999.0  -9999.0  -9999.0  -9999.0  -9999.0  -9999.0  -9999.0  -9999.0  -9999.0
-9999.0  -9999.0  -9999.0  -9999.0  -9999.0  -9999.0  -9999.0  -9999.0  -9999.0  -9999.0  -9999.0  -9999.0  -9999.0  -9999.0  -9999.0  -9999.0  -9999.0  -9999.0  -9999.0  -9999.0  -9999.0  -9999.0  -9999.0  -9999.0  -9999.0  -9999.0  -9999.0  -9999.0  -9999.0  -9999.0  -9999.0  -9999.0  -9999.0  -9999.0  -9999.0  -9999.0  -9999.0  -9999.0  -9999.0  -9999.0  -9999.0  -9999.0  -9999.0  -9999.0  -9999.0  -9999.0  -9999.0  -9999.0  -9999.0  -9999.0  -9999.0  -9999.0  -9999.0  -9999.0  -9999.0  -9999.0  -9999.0  -9999.0  -9999.0  -9999.0  -9999.0  -9999.0  -9999.0  -9999.0  -9999.0  -9999.0  -9999.0  -9999.0  -9999.0  -9999.0  -9999.0  -9999.0  -9999.0  -9999.0  -9999.0  -9999.0  -9999.0  -9999.0  -9999.0  -9999.0
-9999.0  -9999.0  -9999.0  -9999.0  -9999.0  -9999.0  -9999.0  -9999.0  -9999.0  -9999.0  -9999.0  -9999.0  -9999.0  -9999.0  -9999.0  -9999.0  -9999.0  -9999.0  -9999.0  -9999.0  -9999.0  -9999.0  -9999.0  -9999.0  -9999.0  -9999.0  -9999.0  -9999.0  -9999.0  -9999.0  -9999.0  -9999.0  -9999.0  -9999.0  -9999.0  -9999.0  -9999.0  -9999.0  -9999.0  -9999.0  -9999.0  -9999.0  -9999.0  -9999.0  -9999.0  -9999.0  -9999.0  -9999.0  -9999.0  -9999.0  -9999.0  -9999.0  -9999.0  -9999.0  -9999.0  -9999.0  -9999.0  -9999.0  -9999.0  -9999.0  -9999.0  -9999.0  -9999.0  -9999.0  -9999.0  -9999.0  -9999.0  -9999.0  -9999.0  -9999.0  -9999.0  -9999.0  -9999.0  -9999.0  -9999.0  -9999.0  -9999.0  -9999.0  -9999.0  -9999.0
