ncols                  80
nrows                 72
xllcorner      4374000.0
yllcorner      5656000.0
cellsize            500
NODATA_value       -9999
-9999.0  -9999.0  -9999.0  -9999.0  -9999.0  -9999.0  -9999.0  -9999.0  -9999.0  -9999.0  -9999.0  -9999.0  0.967240754808  0.759370891621  -9999.0  -9999.0  -9999.0  -9999.0  -9999.0  -9999.0  -9999.0  -9999.0  -9999.0  -9999.0  -9999.0  -9999.0  -9999.0  -9999.0  -9999.0  -9999.0  -9999.0  -9999.0  -9999.0  -9999.0  -9999.0  -9999.0  -9999.0  -9999.0  -9999.0  -9999.0  -9999.0  -9999.0  -9999.0  -9999.0  -9999.0  -9999.0  -9999.0  -9999.0  -9999.0  -9999.0  -9999.0  -9999.0  -9999.0  -9999.0  -9999.0  -9999.0  -9999.0  -9999.0  -9999.0  -9999.0  -9999.0  -9999.0  -9999.0  -9999.0  -9999.0  -9999.0  -9999.0  -9999.0  -9999.0  -9999.0  -9999.0  -9999.0  -9999.0  -9999.0  -9999.0  -9999.0  -9999.0  -9999.0  -9999.0  -9999.0
-9999.0  -9999.0  -9999.0  -9999.0  -9999.0  -9999.0  -9999.0  -9999.0  -9999.0  -9999.0  -9999.0  -9999.0  1.97305207204  4.22853759857  0.656340399602  -9999.0  0.512087985932  -9999.0  -9999.0  -9999.0  -9999.0  -9999.0  -9999.0  -9999.0  -9999.0  -9999.0  -9999.0  -9999.0  -9999.0  -9999.0  -9999.0  -9999.0  -9999.0  -9999.0  -9999.0  -9999.0  -9999.0  -9999.0  -9999.0  -9999.0  -9999.0  -9999.0  -9999.0  -9999.0  -9999.0  -9999.0  -9999.0  -9999.0  -9999.0  -9999.0  -9999.0  -9999.0  -9999.0  -9999.0  -9999.0  -9999.0  -9999.0  -9999.0  -9999.0  -9999.0  -9999.0  -9999.0  -9999.0  -9999.0  -9999.0  -9999.0  -9999.0  -9999.0  -9999.0  -9999.0  -9999.0  -9999.0  -9999.0  -9999.0  -9999.0  -9999.0  -9999.0  -9999.0  -9999.0  -9999.0
-9999.0  -9999.0  -9999.0  -9999.0  -9999.0  -9999.0  -9999.0  -9999.0  -9999.0  -9999.0  0.958402003683  0.931094337263  0.97008466093  0.950122151813  6.04543061547  6.75877757657  1.41783853375  0.447047553785  -9999.0  -9999.0  -9999.0  -9999.0  -9999.0  -9999.0  -9999.0  -9999.0  -9999.0  -9999.0  -9999.0  -9999.0  -9999.0  -9999.0  -9999.0  -9999.0  -9999.0  -9999.0  -9999.0  -9999.0  -9999.0  -9999.0  -9999.0  -9999.0  -9999.0  -9999.0  -9999.0  -9999.0  -9999.0  -9999.0  -9999.0  -9999.0  -9999.0  -9999.0  -9999.0  -9999.0  -9999.0  -9999.0  -9999.0  -9999.0  -9999.0  -9999.0  -9999.0  -9999.0  -9999.0  -9999.0  -9999.0  -9999.0  -9999.0  -9999.0  -9999.0  -9999.0  -9999.0  -9999.0  -9999.0  -9999.0  -9999.0  -9999.0  -9999.0  -9999.0  -9999.0  -9999.0
-9999.0  -9999.0  -9999.0  -9999.0  -9999.0  -9999.0  -9999.0  -9999.0  -9999.0  0.925988833273  1.88905241694  3.75246401223  1.87753761317  0.915832540507  1.80836205296  7.64052945685  10.202945595  0.539135793594  -9999.0  0.944927546515  -9999.0  -9999.0  -9999.0  -9999.0  0.976421712302  0.492894026136  -9999.0  -9999.0  -9999.0  -9999.0  -9999.0  -9999.0  -9999.0  -9999.0  -9999.0  -9999.0  -9999.0  -9999.0  -9999.0  -9999.0  -9999.0  -9999.0  -9999.0  -9999.0  -9999.0  -9999.0  -9999.0  -9999.0  -9999.0  -9999.0  -9999.0  -9999.0  -9999.0  -9999.0  -9999.0  -9999.0  -9999.0  -9999.0  -9999.0  -9999.0  -9999.0  -9999.0  -9999.0  -9999.0  -9999.0  -9999.0  -9999.0  -9999.0  -9999.0  -9999.0  -9999.0  -9999.0  -9999.0  -9999.0  -9999.0  -9999.0  -9999.0  -9999.0  -9999.0  -9999.0
-9999.0  -9999.0  -9999.0  -9999.0  -9999.0  -9999.0  -9999.0  -9999.0  1.01871696474  2.90975507088  3.81311639676  4.72201981322  6.51933837758  0.866349544995  3.51410899549  4.36463366643  15.9977703972  0.777563313804  0.819268768502  1.79394514544  2.62306234126  0.860076434685  -9999.0  2.64060625881  2.16375224947  0.619582910914  -9999.0  -9999.0  -9999.0  -9999.0  -9999.0  -9999.0  -9999.0  -9999.0  -9999.0  -9999.0  -9999.0  -9999.0  -9999.0  -9999.0  -9999.0  -9999.0  -9999.0  -9999.0  -9999.0  -9999.0  -9999.0  -9999.0  -9999.0  -9999.0  -9999.0  -9999.0  -9999.0  -9999.0  -9999.0  -9999.0  -9999.0  -9999.0  -9999.0  -9999.0  -9999.0  -9999.0  -9999.0  -9999.0  -9999.0  -9999.0  -9999.0  -9999.0  -9999.0  -9999.0  -9999.0  -9999.0  -9999.0  -9999.0  -9999.0  -9999.0  -9999.0  -9999.0  -9999.0  -9999.0
-9999.0  -9999.0  -9999.0  -9999.0  -9999.0  -9999.0  1.00739838132  0.934107524615  0.915654584893  0.929115584869  0.949130420684  6.63089538563  14.0699392284  14.9777453735  15.7689947734  0.769068767896  17.577748814  18.3976444211  1.66036962805  0.839485825852  3.43803913093  5.97290942872  0.824464137711  5.10844098517  0.886827003501  0.855867117356  0.909675573732  -9999.0  -9999.0  -9999.0  -9999.0  -9999.0  -9999.0  -9999.0  -9999.0  -9999.0  -9999.0  -9999.0  -9999.0  -9999.0  -9999.0  -9999.0  -9999.0  -9999.0  -9999.0  -9999.0  -9999.0  -9999.0  -9999.0  -9999.0  -9999.0  -9999.0  -9999.0  -9999.0  -9999.0  -9999.0  -9999.0  -9999.0  -9999.0  -9999.0  -9999.0  -9999.0  -9999.0  -9999.0  -9999.0  -9999.0  -9999.0  -9999.0  -9999.0  -9999.0  -9999.0  -9999.0  -9999.0  -9999.0  -9999.0  -9999.0  -9999.0  -9999.0  -9999.0  -9999.0
-9999.0  -9999.0  -9999.0  -9999.0  -9999.0  -9999.0  2.00240959211  2.95573357848  6.72277614566  9.43739191353  0.859266444266  0.882358964868  0.861175601259  2.53054603305  19.0942004688  0.738564563171  19.181574791  22.2821935078  2.43834036906  1.60081224718  6.7475537841  0.831917769647  5.92438547011  1.65378355908  0.832553234712  1.66500291891  1.79824992045  0.88738095831  0.894203580633  0.876187196909  0.91965193426  1.84226814591  -9999.0  -9999.0  -9999.0  -9999.0  -9999.0  -9999.0  -9999.0  -9999.0  -9999.0  -9999.0  -9999.0  -9999.0  -9999.0  -9999.0  -9999.0  -9999.0  -9999.0  -9999.0  -9999.0  -9999.0  -9999.0  -9999.0  -9999.0  -9999.0  -9999.0  -9999.0  -9999.0  -9999.0  -9999.0  -9999.0  -9999.0  -9999.0  -9999.0  -9999.0  -9999.0  -9999.0  -9999.0  -9999.0  -9999.0  -9999.0  -9999.0  -9999.0  -9999.0  -9999.0  -9999.0  -9999.0  -9999.0  -9999.0
-9999.0  -9999.0  -9999.0  -9999.0  -9999.0  1.03539027373  2.03920515043  0.992721097701  1.95238768096  10.4100124026  12.2174820992  14.0100846275  44.2414251761  0.835268268627  19.9367624499  70.6492066349  71.2400872517  94.5447293908  0.655235999944  2.36530281094  7.52626119515  0.771715679771  15.1496157677  8.42944853232  5.15602460243  4.31863921204  0.882545660211  2.63755886163  2.61746458059  1.74447555962  0.851795274025  2.71718370607  0.844529869874  0.832660589362  -9999.0  -9999.0  -9999.0  -9999.0  -9999.0  -9999.0  -9999.0  -9999.0  -9999.0  -9999.0  -9999.0  -9999.0  -9999.0  -9999.0  -9999.0  -9999.0  -9999.0  -9999.0  -9999.0  -9999.0  -9999.0  -9999.0  -9999.0  -9999.0  -9999.0  -9999.0  -9999.0  -9999.0  -9999.0  -9999.0  -9999.0  -9999.0  -9999.0  -9999.0  -9999.0  -9999.0  -9999.0  -9999.0  -9999.0  -9999.0  -9999.0  -9999.0  -9999.0  -9999.0  -9999.0  -9999.0
-9999.0  -9999.0  -9999.0  -9999.0  -9999.0  1.03631763398  3.04356833699  6.08329110369  7.05150557255  14.0494931712  14.9829905442  17.8791971329  29.3924135356  46.6776536406  48.3964155201  49.2003483879  1.49794687736  97.2089656182  98.5566493522  102.448160011  128.26157944  17.5204978249  15.9729288826  5.9697610698  0.799136135683  5.09533011099  3.451968104  0.783437790777  3.41918420257  0.770321105184  1.59620565267  4.3416874359  5.15991294791  1.63984621264  0.805616147299  0.790146750587  -9999.0  -9999.0  -9999.0  -9999.0  0.532393385402  0.456031755923  -9999.0  -9999.0  -9999.0  -9999.0  -9999.0  -9999.0  -9999.0  -9999.0  -9999.0  -9999.0  -9999.0  -9999.0  -9999.0  -9999.0  -9999.0  -9999.0  -9999.0  -9999.0  -9999.0  -9999.0  -9999.0  -9999.0  -9999.0  -9999.0  -9999.0  -9999.0  -9999.0  -9999.0  -9999.0  -9999.0  -9999.0  -9999.0  -9999.0  -9999.0  -9999.0  -9999.0  -9999.0  -9999.0
-9999.0  -9999.0  -9999.0  -9999.0  -9999.0  1.01194653612  0.987398663891  4.06691632992  5.04660589687  6.05096618371  0.979886427546  1.94533806625  10.8671121378  1.97638365762  0.942730650568  0.880671165441  0.808669600285  0.891414992265  0.849930519929  0.868651683115  129.071601368  131.388758727  0.763435837145  2.34219007745  1.59106531213  5.87419626225  1.58096248346  0.764552411845  4.23590527299  1.50861027094  3.61884905555  9.08405894656  8.40883568298  2.44026253852  2.38360462749  0.811318431859  0.802366313734  -9999.0  -9999.0  0.798293350458  1.20650010673  2.61969527779  0.483738249442  -9999.0  -9999.0  -9999.0  -9999.0  -9999.0  -9999.0  -9999.0  -9999.0  -9999.0  -9999.0  -9999.0  -9999.0  -9999.0  -9999.0  -9999.0  -9999.0  -9999.0  -9999.0  -9999.0  -9999.0  -9999.0  -9999.0  -9999.0  -9999.0  -9999.0  -9999.0  -9999.0  -9999.0  -9999.0  -9999.0  -9999.0  -9999.0  -9999.0  -9999.0  -9999.0  -9999.0  -9999.0
-9999.0  -9999.0  -9999.0  -9999.0  -9999.0  -9999.0  1.05052569998  1.05138398926  2.04920226699  3.05399776355  6.99023376574  8.95870268554  9.95169367036  1.04379794022  0.86187558338  11.1457421869  13.7565288821  14.5818673584  18.0005988107  18.7962808188  0.794203671597  132.186941178  136.038168823  3.07105131858  0.608944386102  6.57857550281  14.6035490219  5.73754440675  1.4692513743  0.734743835008  14.153063244  9.84081855467  0.737054620474  0.733724637137  3.13387749157  2.37946934275  0.773044693931  0.753689963681  0.781049974874  1.56353167615  0.75405248919  3.18967599628  3.93128999909  0.708845772463  -9999.0  -9999.0  -9999.0  -9999.0  0.790805815056  0.752679183029  0.201921626388  -9999.0  -9999.0  -9999.0  -9999.0  -9999.0  -9999.0  -9999.0  -9999.0  -9999.0  -9999.0  -9999.0  -9999.0  -9999.0  -9999.0  -9999.0  -9999.0  -9999.0  -9999.0  -9999.0  -9999.0  -9999.0  -9999.0  -9999.0  -9999.0  -9999.0  -9999.0  -9999.0  -9999.0  -9999.0
-9999.0  -9999.0  -9999.0  -9999.0  -9999.0  -9999.0  -9999.0  1.03795639502  0.95017765975  1.97014621242  2.98174992585  0.991157067278  0.93077686889  5.74061418621  7.5781923585  9.44775063822  0.897401624324  1.75156582184  0.877896608264  19.61731591  42.9679190404  43.5063800872  180.98063179  0.765816608518  1.78615006025  0.5630723234  15.3207239573  0.733001441572  2.21537328122  0.72682368076  14.8833570416  15.6119929979  1.47808544848  1.45956564874  7.83488949718  3.92758181707  1.53435612567  0.780093669296  1.55843291536  2.33049517391  3.81220058737  0.723926303435  5.32638229491  5.99048139069  0.613875498954  0.651691658469  0.674417107061  0.622133635299  0.594891357562  2.19265025202  0.821862503851  0.532171055893  -9999.0  -9999.0  -9999.0  -9999.0  -9999.0  -9999.0  -9999.0  -9999.0  -9999.0  -9999.0  -9999.0  -9999.0  -9999.0  -9999.0  -9999.0  -9999.0  -9999.0  -9999.0  -9999.0  -9999.0  -9999.0  -9999.0  -9999.0  -9999.0  -9999.0  -9999.0  -9999.0  -9999.0
-9999.0  -9999.0  -9999.0  -9999.0  -9999.0  -9999.0  -9999.0  -9999.0  1.9876572064  2.89597174386  0.980081041395  1.98433630472  2.94223193455  4.86361534068  0.976241590348  0.94527413294  0.84818643997  0.856796738264  0.795843007204  21.6988137765  0.883062068171  1.73251517889  183.302880815  184.963934758  0.793466548974  3.3745717859  19.376724303  1.43159457077  2.87212529828  1.35175929949  1.99977610788  18.4171883069  2.14695498432  11.3546959657  9.23833839185  0.708829127141  3.78347108835  1.52292593853  2.28181561562  0.719090686056  4.53016487564  5.93188040852  6.53222693511  7.10498139196  8.33640870273  1.18221796052  1.23576996749  1.1459914463  1.08417006698  2.75134518231  0.571977928451  1.93877417793  2.45554732484  -9999.0  -9999.0  -9999.0  -9999.0  -9999.0  -9999.0  -9999.0  -9999.0  -9999.0  -9999.0  -9999.0  -9999.0  -9999.0  -9999.0  -9999.0  -9999.0  -9999.0  -9999.0  -9999.0  -9999.0  -9999.0  -9999.0  -9999.0  -9999.0  -9999.0  -9999.0  -9999.0
-9999.0  -9999.0  -9999.0  -9999.0  -9999.0  -9999.0  -9999.0  -9999.0  1.03006269545  4.92869213811  5.88919511502  0.961652000002  1.90000875545  0.937298724489  0.890170172478  0.87700137268  10.8972286147  14.5537999187  17.8784287378  21.1265683171  0.824781312913  0.863544697828  0.902989254872  188.637679598  190.349583964  191.102230126  25.9502428652  5.73125246506  4.99225886467  0.636127156841  2.62243823076  21.6861148976  0.640710217246  12.006265207  0.700419312785  4.86417275344  4.53818255218  0.731739435971  3.00231767594  1.43456456227  2.13730676658  0.662417093714  0.565293824762  7.67122139199  8.19771517099  8.86159172316  1.79342218578  1.67977455775  1.60329938904  3.35291250379  4.50854788001  0.576228878207  2.99191113875  0.56645863099  1.0735191768  0.522366699539  -9999.0  -9999.0  -9999.0  -9999.0  -9999.0  -9999.0  -9999.0  -9999.0  -9999.0  -9999.0  -9999.0  -9999.0  -9999.0  -9999.0  -9999.0  -9999.0  -9999.0  -9999.0  -9999.0  -9999.0  -9999.0  -9999.0  -9999.0  -9999.0
-9999.0  -9999.0  -9999.0  -9999.0  -9999.0  -9999.0  -9999.0  -9999.0  -9999.0  1.03752271356  6.88206497338  7.82908195028  2.84109392688  4.71737463051  6.50988137054  7.41543224308  0.926716558643  2.80042756333  1.85994809686  0.940658825335  0.926708280534  0.858667707745  1.72401926676  2.91508765092  1.01028288657  218.861769962  219.67249176  0.730387858018  0.578229372075  1.26618784832  1.88773158053  23.5628100468  1.25699257315  12.5891100621  7.46208547607  6.14583965136  0.698225617955  1.41252651958  3.66541558469  0.661911015065  2.78328051195  1.30631566768  1.00835309502  0.479926245152  9.65954441371  18.9692560726  2.20447961319  2.10075599888  2.09897512506  0.499053873215  5.00236861218  0.481797523071  4.04157833572  0.504133525156  1.58153323209  2.4963386889  0.320802568394  0.328738679631  0.381208655444  0.388244392942  0.286589312052  -9999.0  -9999.0  0.207368557362  0.144588922599  -9999.0  -9999.0  -9999.0  -9999.0  -9999.0  -9999.0  -9999.0  -9999.0  -9999.0  -9999.0  -9999.0  -9999.0  -9999.0  -9999.0  -9999.0
-9999.0  -9999.0  -9999.0  -9999.0  -9999.0  -9999.0  -9999.0  -9999.0  -9999.0  -9999.0  0.951318849181  9.74185684546  0.936330678369  1.87180128866  2.74901213023  4.50745734133  0.90552566815  1.86624240818  0.924624824705  0.881474431567  0.841910143585  1.67241896717  0.771308129458  0.849245846794  1.73409391449  0.978073257865  220.495891517  221.985821025  224.105066253  2.5188375557  0.626921034551  1.25000534288  24.2143327834  23.2026868087  8.80974596481  0.665172637028  2.78082049402  2.0927070813  4.33035472767  1.32305726627  5.39540531615  1.9520730434  1.56458892517  0.39174020611  0.496091788048  19.5527689171  20.0593770213  24.8099685661  3.65341430786  1.02706233741  5.53581848643  6.5378174722  11.0461940844  0.99840146831  0.464830584387  2.87541585349  3.51173016104  0.316078834234  0.605134952609  1.04673773801  0.564094927454  0.278420389555  0.271206849693  0.411365231891  0.295234363506  0.142765693932  -9999.0  -9999.0  -9999.0  -9999.0  -9999.0  -9999.0  -9999.0  -9999.0  -9999.0  -9999.0  -9999.0  -9999.0  -9999.0  -9999.0
-9999.0  -9999.0  -9999.0  -9999.0  -9999.0  -9999.0  -9999.0  -9999.0  -9999.0  -9999.0  -9999.0  0.485791748571  10.8021370889  0.902057152594  1.7678562415  8.03476230248  0.910878321653  0.903729549865  0.814110760851  1.72031062466  0.842205160918  3.35280343723  4.89401460352  5.60900242766  2.41836817277  3.10346060421  0.777175253122  0.90894746302  0.8223700391  227.948811158  229.77872699  24.7818455834  24.3525141131  23.7837623634  1.20664113285  0.585661152788  3.4042874043  8.99163161865  4.96529844588  1.95140502192  7.96651847367  3.41271415542  2.82211673593  0.77489551966  0.32860415513  0.332500763192  0.361734409417  26.5443678671  31.7169044127  0.497384044064  0.459787201154  0.48935973349  11.5165195904  12.9596608498  0.853392912816  0.370765384848  3.75394953506  0.529253083508  1.34817805715  2.65628980801  3.47621055421  4.00693017101  1.1316488335  0.639564357575  0.478362131215  0.292926489656  0.208036548935  -9999.0  -9999.0  -9999.0  -9999.0  -9999.0  -9999.0  -9999.0  -9999.0  -9999.0  -9999.0  -9999.0  -9999.0  -9999.0
-9999.0  -9999.0  -9999.0  -9999.0  -9999.0  -9999.0  -9999.0  -9999.0  -9999.0  -9999.0  -9999.0  0.44981883015  11.9138744501  14.6978252233  0.873928205756  9.78147053794  0.852704592401  0.817041998493  1.62767272457  4.17579532993  0.815931591971  0.852141341458  0.755534230874  7.11241532987  7.82811280629  11.6870168707  13.1495953043  13.8883936861  14.6052722813  15.373085795  245.883425416  271.975421569  297.548154439  298.064730376  0.582088503748  0.583520336571  10.2430414783  9.6220031818  0.623639713811  0.616215898368  8.56080961079  12.6006134971  0.541019520298  6.38358885318  5.89611024375  1.649423993  0.786438308299  1.27495894838  0.558764300454  32.6781350378  0.492843018356  1.41548720538  1.80113253499  16.0534219687  17.2122065104  17.9330015268  21.9396541197  0.238628390889  0.207214812153  0.193527522671  0.189594351107  4.45352101808  5.81849375128  0.251737665138  1.12866645778  0.457582657864  0.387841815376  0.112699786441  0.0929936853777  -9999.0  -9999.0  -9999.0  -9999.0  -9999.0  -9999.0  -9999.0  -9999.0  -9999.0  -9999.0  -9999.0
-9999.0  -9999.0  -9999.0  -9999.0  -9999.0  -9999.0  -9999.0  -9999.0  -9999.0  -9999.0  -9999.0  0.985780884501  1.91464224533  15.6088551028  17.2817655503  0.845326716989  11.3141208561  0.750958375564  2.30434036414  4.9405393909  1.58484018581  0.765594006823  1.56731780668  0.678995906907  1.30471653015  0.63467441066  0.590278648514  0.512533810537  0.483906595243  0.471033528694  0.486115709866  0.636975063339  0.753438432609  0.809834045676  300.036216182  12.3448525735  11.2938347328  0.491626924988  1.79695675829  0.456720348345  0.383098279911  13.1804160718  21.3510619759  7.02658740721  5.17653856382  0.938780053275  0.402517404475  0.365835841957  0.818712474559  33.9830626803  34.9187668371  0.487139497508  0.494771882814  0.461541678079  0.344325383305  0.603585643125  22.7554553772  23.2232958435  23.6587245154  0.428188629666  0.220617302841  0.191563170126  6.02660101422  6.45990886202  1.28614497141  0.185723839036  0.553469413172  0.227869232244  0.175262478367  -9999.0  -9999.0  -9999.0  -9999.0  -9999.0  -9999.0  -9999.0  -9999.0  -9999.0  -9999.0  -9999.0
-9999.0  -9999.0  -9999.0  -9999.0  -9999.0  -9999.0  -9999.0  -9999.0  -9999.0  -9999.0  -9999.0  -9999.0  0.879388847596  11.6487054485  29.8048829556  32.444027291  44.5438220761  45.2110054106  11.0160096536  8.08073576957  2.36334901667  0.75545238008  3.0597462133  3.78497821374  5.73889025986  1.30232995279  1.20825095387  1.14318621491  2.23812564809  1.07038799391  1.0687599826  0.52545255655  0.40243666291  0.450048530973  300.667038837  313.369631481  313.929986023  0.502938854208  4.88299206923  2.0498743296  0.619512471848  23.292582632  1.37081204998  0.706868203346  2.91751878424  0.642618831168  0.534837058558  1.00246808739  1.40967374268  1.85863288254  35.7206407418  0.382552279409  0.336335292057  0.336807685929  0.278407297984  0.254652424656  0.640331825468  0.73779790676  24.7677344419  26.2974678542  0.893350204081  0.442973032352  0.248772335677  0.219277965466  8.22797844545  10.9354134248  2.31037877548  1.08494717087  0.628002233764  -9999.0  -9999.0  -9999.0  -9999.0  -9999.0  -9999.0  -9999.0  -9999.0  -9999.0  -9999.0  -9999.0
-9999.0  -9999.0  -9999.0  -9999.0  -9999.0  -9999.0  -9999.0  -9999.0  -9999.0  -9999.0  -9999.0  0.942842944811  8.84174385565  10.7519252626  1.80342042391  0.524398643901  1.21883395904  47.2298366252  47.9199398222  59.5852458763  0.696757049422  1.44472563155  0.639932271224  0.650545856177  6.37490678725  8.31131869407  10.1000130319  0.569939643474  2.80645324352  4.43325641077  2.6758952399  1.07246814469  0.878964422799  0.830969350563  0.849455138495  0.463515731033  314.409278506  314.791992489  320.52533753  1.06522316653  0.556834274001  23.7197140578  1.42506073031  0.732593404062  0.780411921481  0.774289804797  0.696469643701  1.26379341151  3.5810365361  5.92801402958  42.0382608751  0.294696536155  0.885359946389  0.60038396876  0.518325169643  0.255555125101  0.276596515869  0.264252391387  0.12930795778  26.519846835  0.123855533428  0.330462777006  0.138012255596  0.168860053431  0.178836385056  11.1473735105  0.44686674197  0.179108716261  0.282204450972  0.123952716683  -9999.0  -9999.0  -9999.0  -9999.0  -9999.0  -9999.0  -9999.0  -9999.0  -9999.0  -9999.0
-9999.0  -9999.0  -9999.0  -9999.0  -9999.0  -9999.0  -9999.0  -9999.0  -9999.0  -9999.0  -9999.0  0.962112857659  6.08652749128  0.973920877139  0.884825857706  4.47012344475  5.27696264232  6.0973268494  6.86260974724  80.9616795775  81.6060895862  82.9512606519  93.0463157521  95.0058242872  96.1344484946  96.7905738994  108.249677691  109.745766181  110.331992962  115.406481317  118.712114641  119.261684623  121.179265638  1.35179534582  1.27191603465  0.333589378838  0.359276682978  315.254115873  322.517043423  1.57968151926  27.3274475445  26.831488736  2.71150872167  0.653285434475  0.660811282116  0.638841117039  0.632324846943  1.27266983777  1.83369795715  0.548781710361  42.4130575841  42.8098567784  44.6383955257  44.9672921637  45.7934022597  46.3365304274  0.224724791977  0.242794033687  0.198981223471  26.7256277704  27.0114340428  27.5164819195  28.0670671982  0.295938649101  12.0001439544  11.6338713415  0.239503677166  4.38051450866  4.23259237086  0.344239063685  0.208186679914  -9999.0  -9999.0  -9999.0  -9999.0  -9999.0  -9999.0  -9999.0  -9999.0  -9999.0
-9999.0  -9999.0  -9999.0  -9999.0  -9999.0  -9999.0  -9999.0  -9999.0  -9999.0  -9999.0  -9999.0  3.11136309739  4.12260059811  1.94877921277  2.88976336546  0.930665557257  10.4593192153  11.3170971364  13.0210354781  13.7438729823  5.63337546924  89.6792451686  90.3007202876  0.635012577654  0.475099163949  0.432182907726  0.943103756188  0.469235130573  0.377074615424  0.350276334838  0.386334705372  119.784382852  121.725624296  123.610219052  125.346662634  126.628519835  0.605331161944  0.206662711623  351.131460743  28.2305328945  27.8504376231  0.57786082257  0.554312709589  0.518345143434  1.18475193347  1.16536305865  0.527332292635  0.53040127805  0.488535695047  1.02779196452  1.37986852779  0.276822474053  0.505076587708  0.20522938021  0.143266119556  46.5116685577  46.9509143716  47.4399322546  47.9054063495  48.1491075433  48.4791430957  48.6111425126  0.12786640667  28.4274820628  0.216743660469  16.9054618267  4.6927894673  0.357408700059  3.76640904338  3.18946226063  0.231759042857  -9999.0  -9999.0  -9999.0  -9999.0  -9999.0  -9999.0  -9999.0  -9999.0  -9999.0
-9999.0  -9999.0  -9999.0  -9999.0  -9999.0  -9999.0  -9999.0  -9999.0  -9999.0  -9999.0  -9999.0  -9999.0  2.09756684562  0.996397644024  0.93987067737  8.7455457544  9.63287472611  0.884137897915  3.46825178874  4.28108794275  5.01972624124  0.793876568168  0.615777177697  13.9561914774  14.4753887236  14.9728585507  38.6202352691  39.0173543056  39.7310197973  43.1839976934  45.2592309322  45.578318258  0.324205955204  0.343939693681  0.34430896342  127.200734539  0.272396288646  356.001320232  355.6021897  4.10133354174  3.62556955627  2.20516920447  0.550292117924  1.03066419377  1.71072425291  1.69388950012  1.03263301526  0.507586100055  0.988486517342  0.968549956741  1.80473580231  0.26846589094  0.771632044801  1.29243304009  1.59475469921  1.75722520939  0.146085090746  0.147390808026  0.140548047959  0.143209775689  0.169724885724  48.8226327645  49.1186194339  77.6415927938  77.7237728629  18.1592089723  1.07630179576  0.766277990668  0.300910648223  2.7592559926  2.54915232756  -9999.0  -9999.0  -9999.0  -9999.0  -9999.0  -9999.0  -9999.0  -9999.0  -9999.0
-9999.0  -9999.0  -9999.0  -9999.0  -9999.0  -9999.0  -9999.0  -9999.0  -9999.0  -9999.0  -9999.0  -9999.0  1.06814845156  3.0161912625  3.97455679669  6.88886739478  0.890167808786  1.7962050345  2.65653906517  10.0716666072  10.803176011  11.3743500211  12.0459647372  12.7795677569  19.983840321  22.087140681  23.2337825419  0.473464052437  2.6974158222  3.14708388922  44.2535658182  45.9805626938  46.7694544983  47.5729789156  48.2879014687  175.790043264  0.233738775983  357.288802755  0.749835616548  0.338536143944  3.08584040476  2.6538793598  0.395446348727  1.47822882962  2.16158113848  2.13696678104  1.44304733446  2.35901766534  3.71998361824  1.37239719024  3.55439241895  0.295630036471  0.460762136988  0.117033376623  0.0919959999072  2.02089168097  2.1058145152  0.247534874155  0.246056940416  0.376648274767  0.125550027637  0.130533338792  0.141148993882  107.051324462  106.971612805  29.0371955521  0.271597085824  1.70003957173  1.34353088098  0.903736060222  2.38775610472  1.67545842965  -9999.0  -9999.0  -9999.0  -9999.0  -9999.0  -9999.0  -9999.0  -9999.0
-9999.0  -9999.0  -9999.0  -9999.0  -9999.0  -9999.0  -9999.0  -9999.0  -9999.0  -9999.0  -9999.0  -9999.0  1.01863343738  2.02023018187  0.963497712207  1.94841037865  0.889204690075  6.62413785817  8.35579610637  9.24443117511  0.822596293039  1.57966389014  15.1386743983  18.7520557493  19.3494936389  1.42924937124  1.334391289  1.91427273769  0.397099598887  0.361392015137  0.686800435112  0.315659892791  22.5580482364  22.9073583757  23.1966268728  176.160127814  359.894352078  357.627734913  0.529083535419  0.243606806233  0.217900955383  0.864699484614  0.663764617197  1.81107343714  2.5561437433  5.14317818963  0.445605205152  0.442950491099  4.10045819562  4.49620893828  8.74937351296  9.00967135058  9.59516828347  9.81391684112  0.191086150926  0.296955739261  2.208155761  112.636283128  110.106513782  109.609805053  108.918883388  0.123795470867  108.04568497  0.234237320579  0.135405143733  10.5110031772  2.71022021069  2.52080191381  0.445992520277  0.485383073762  0.437563478026  1.44858406114  -9999.0  -9999.0  -9999.0  -9999.0  -9999.0  -9999.0  -9999.0  -9999.0
-9999.0  -9999.0  -9999.0  -9999.0  -9999.0  -9999.0  -9999.0  -9999.0  -9999.0  -9999.0  -9999.0  -9999.0  -9999.0  0.96925642951  1.95151998171  2.93797266336  4.78314030109  0.961580249341  0.891936756156  5.99542104956  6.81938006895  13.6957994592  14.5270321356  2.32675189893  0.782695419621  0.713053485903  0.647041843528  20.3531751148  20.808636294  21.2270337331  21.5775073345  22.2315717903  3.8674679098  4.19341190459  27.6624995963  563.891664759  1.8892159996  1.5601591701  0.797400005199  0.206405545857  0.177912084227  1.29176362632  1.43697484874  2.16855374101  0.176906191689  5.36484756306  0.735330566869  0.718512313802  0.155987839832  0.108600952977  0.0965981030779  0.102110662618  0.101966262028  9.9312967891  133.069884848  122.738548882  122.442388109  112.761093962  0.138946644934  0.14008497428  0.188185649507  108.270553668  0.438424482884  0.190684295997  0.210461056292  0.204036524335  7.46215005488  7.05615138623  0.821541245166  0.423229106295  0.513413084813  0.511728871127  -9999.0  -9999.0  -9999.0  -9999.0  -9999.0  -9999.0  -9999.0  -9999.0
-9999.0  -9999.0  -9999.0  -9999.0  -9999.0  -9999.0  -9999.0  -9999.0  -9999.0  -9999.0  -9999.0  -9999.0  -9999.0  -9999.0  0.958227520457  1.79408924934  2.54988467826  3.32103072709  4.21701069428  5.13542175371  2.67800034702  4.44704792611  0.828867175125  0.803074440137  16.7618993225  18.3120551087  19.0299643357  19.7795779593  0.562714605573  1.01427739843  2.64947914686  3.10074063539  3.50982301059  0.394685224521  0.286599503139  564.774530333  0.330232729304  0.456959958202  0.219478837655  0.789689964999  0.377013254678  0.19328575424  3.80793980829  3.97153512903  0.123332978096  5.50404004009  6.35118365537  0.831288040016  137.96243815  137.709355587  137.486128431  137.029924998  136.840685576  133.608816583  133.483511511  0.210079582893  9.59997067949  9.11742635339  8.61314252749  8.48167877263  4.83042060164  4.70098034247  4.40811406661  1.44428563987  1.29523742675  0.870287576305  0.220466199535  6.7481877835  5.86751147677  0.386264996735  0.771615686092  0.35070791341  -9999.0  -9999.0  -9999.0  -9999.0  -9999.0  -9999.0  -9999.0  -9999.0
-9999.0  -9999.0  -9999.0  -9999.0  -9999.0  -9999.0  -9999.0  -9999.0  -9999.0  -9999.0  -9999.0  -9999.0  -9999.0  -9999.0  0.185544396498  0.424285858472  0.750420860489  6.62438142561  7.54459729459  0.930874788088  0.901666484026  0.885707955636  13.506996887  15.2113759993  0.828825171576  0.840777094659  0.686257723774  2.81878908167  3.50191406094  1.71342088504  2.1650508138  16.1744389473  16.679793118  17.5749556642  27.8062350356  592.783863398  0.321973988283  0.180533111985  1.17918299806  0.98417066551  0.16484646518  0.536360007892  0.702156004179  4.15514955017  4.30417477903  10.9975740061  6.44435589683  0.928208576285  140.897338053  1.33370845823  137.282085197  137.163854869  3.0502608463  0.193912094997  0.273657719439  0.141583629812  0.280361950824  0.398983737872  0.19671101914  3.53118522237  2.96138571616  0.19209149249  2.85109955801  0.4736269459  0.283651752412  0.64947757713  0.313496501918  0.68441778135  4.69157993558  4.0122885527  0.324959859166  0.533125709294  0.269588022904  -9999.0  -9999.0  -9999.0  -9999.0  -9999.0  -9999.0  -9999.0
-9999.0  -9999.0  -9999.0  -9999.0  -9999.0  -9999.0  -9999.0  -9999.0  -9999.0  -9999.0  -9999.0  -9999.0  -9999.0  -9999.0  0.956594705903  1.56022650242  3.28680445571  5.73883987194  8.23277935837  10.0288830369  10.9263580009  11.8308394781  12.7075024628  0.836958635053  0.769954165882  1.50811181291  1.41430185993  0.731605649357  14.0812148797  14.7439977412  15.3542772884  15.928499811  8.9688693118  9.42511358805  9.89951351996  592.954555861  0.557758651145  0.47242115699  1.7871962959  0.182552479181  0.332656341442  0.174250065  0.151598164396  0.854111629506  0.11755972158  0.126199082779  152.618295315  141.531509546  141.40678057  0.565733196831  1.2340716711  0.794454138619  0.186288417339  2.7156065476  0.765104414684  0.610672994451  0.451001953829  0.316490306935  0.180942942775  0.414761590165  2.79431016696  2.35445833898  1.93841317482  2.17786853897  2.00866670707  1.87416736134  0.205714004206  0.355858653118  0.337550140462  2.96199439867  2.33221325431  1.43686743172  0.225770796632  -9999.0  -9999.0  -9999.0  -9999.0  -9999.0  -9999.0  -9999.0
-9999.0  -9999.0  -9999.0  -9999.0  -9999.0  -9999.0  -9999.0  -9999.0  -9999.0  -9999.0  -9999.0  -9999.0  -9999.0  -9999.0  0.670580872309  0.616373938648  1.20537826169  1.85061159186  0.920138437869  0.985941587636  1.90245623137  2.80263957721  4.51645152692  5.37201227234  6.14975734717  8.46055218417  9.18064156301  9.95201418431  0.687386576957  6.96001563716  7.54607967432  8.08593391559  0.427251358016  0.18641861859  0.338599165419  602.878287808  603.039998133  603.91830967  2.30344736447  0.372981772102  0.51197437391  0.142742522643  0.266637256548  0.975768902101  1.1959168305  0.226645005527  153.188654714  0.187579101863  0.309798229924  0.347773679118  0.254074123358  0.465666864748  0.188813121067  1.77898459328  1.3763431672  1.00866212888  0.512104513358  0.35869478212  0.19833284533  0.228041926685  0.251297410014  0.253749595996  1.75948503334  1.34276592143  0.9357340386  0.508242144197  1.71262275284  1.24327963084  0.328851257958  0.359628362402  0.296921736557  0.675487136801  0.370960822658  -9999.0  -9999.0  -9999.0  -9999.0  -9999.0  -9999.0  -9999.0
-9999.0  -9999.0  -9999.0  -9999.0  -9999.0  -9999.0  -9999.0  -9999.0  -9999.0  -9999.0  -9999.0  -9999.0  -9999.0  -9999.0  -9999.0  0.576818326205  1.14417051562  0.572397153736  1.19937923264  7.58447838002  8.41012883592  9.29175226731  0.856754104133  0.858133517676  1.63537799983  2.42442033756  3.8358959271  4.5578913319  4.96268270188  5.61067368313  0.540887417887  0.495777058064  8.83093909461  9.03504854898  9.21752382968  9.40843436884  7.65670758806  612.348190522  615.801097352  615.944187921  616.579766325  617.266646647  617.641783176  0.111237267106  1.29770364488  153.29075813  0.266389459441  0.137439458019  0.142904962755  0.132787146066  0.23142522636  0.229001682949  0.136766192744  0.217215221359  0.203471438931  0.358021060427  0.16244546336  0.121107506193  0.448111808379  0.322302788187  0.174754628765  0.171050788399  0.19160200839  0.20389242514  0.223855600205  0.273282568572  0.280144730057  0.604833695797  0.198555460586  0.581780927402  0.250479105559  0.242581575657  -9999.0  -9999.0  -9999.0  -9999.0  -9999.0  -9999.0  -9999.0  -9999.0
-9999.0  -9999.0  -9999.0  -9999.0  -9999.0  -9999.0  -9999.0  -9999.0  -9999.0  -9999.0  -9999.0  -9999.0  -9999.0  -9999.0  -9999.0  -9999.0  1.70485726326  2.33254582718  4.20087422059  5.69637950727  0.82774400665  11.0807687039  11.9318691413  12.7530066403  0.807672974457  1.58872461259  0.708812031432  5.31991643445  5.68702374696  6.27870353625  6.88721722724  8.30056240541  8.51076989948  0.133560636845  6.90746964351  7.29062822224  7.47735749364  8.26042764025  0.987281175143  0.627118966405  0.382673952537  0.363210889879  618.042540591  618.206732339  620.382028401  153.389783562  0.718595722196  0.361389070653  0.239105558187  0.0746301262044  0.710386129885  0.381347550648  0.116674044509  0.661685782289  0.565370852438  0.0987945555536  0.887623537117  0.805136210474  0.57910271676  0.11755501763  0.36053786763  0.269735740724  0.105165809248  0.264029082543  0.158173981621  0.195803754165  0.189434688878  0.134326198402  0.332920107734  2.58538992677  1.47896856531  0.933798732145  0.382560217437  -9999.0  -9999.0  -9999.0  -9999.0  -9999.0  -9999.0  -9999.0
-9999.0  -9999.0  -9999.0  -9999.0  -9999.0  -9999.0  -9999.0  -9999.0  -9999.0  -9999.0  -9999.0  -9999.0  -9999.0  -9999.0  -9999.0  -9999.0  0.628728706353  2.94998724995  3.61177946193  0.871673329361  0.912215711798  1.83240235205  2.70051909764  16.2976911266  0.802972587899  3.22248848915  3.95743654793  4.67971991013  0.38897446877  0.930190184447  1.2247821322  5.59847516633  6.2228036409  6.39573516108  0.192081024558  0.188544483316  0.2230456943  0.411147226952  0.173945257026  0.182834416462  0.304065127488  0.253727247273  0.303885359793  0.772601588804  620.57291187  774.422951621  0.877968566716  0.161052496115  0.074211273996  2.24065977345  2.07423771525  1.24127061739  1.11640589138  0.83615168801  0.20752490419  0.148092317022  0.969915651469  0.416755075622  0.32655874307  0.100388700095  0.468042331359  0.811063090157  0.659660745889  0.400391702931  0.148256060723  0.559013547605  0.391729452196  0.270597114004  3.19358550791  3.08824593547  0.275610096613  0.251821755597  0.228248439238  0.208630908477  -9999.0  -9999.0  -9999.0  -9999.0  -9999.0  -9999.0
-9999.0  -9999.0  -9999.0  -9999.0  -9999.0  -9999.0  -9999.0  -9999.0  -9999.0  -9999.0  -9999.0  -9999.0  -9999.0  -9999.0  -9999.0  0.509410980669  1.71924177667  0.577745352398  0.971852399901  0.99757501116  1.92641229687  2.83157755345  3.64230525724  20.5782564007  21.3560811832  0.799356120226  1.53690590182  2.28167550116  2.78591941312  3.34912067549  4.967733381  5.39405833782  0.391873384471  0.302162703931  0.250027212269  0.330494739878  0.323976894313  0.336217549348  0.280572201355  0.345163737327  1.06079299342  0.490281043438  0.1765041854  0.168538095212  0.170041708961  0.315771287286  781.267742206  5.82471095296  2.62187833836  0.202192093351  0.0867027730439  0.074446524894  0.273358330415  0.191639208572  0.0988825813084  0.0976977201109  1.17643512923  1.69011268626  1.83727949258  0.0683110818606  1.49763550149  0.949026339227  0.102800464024  0.0850709935274  0.188373075176  1.24097458135  0.54511973095  0.388649731811  3.32514416796  0.145583244849  0.169777680223  0.890808223972  0.448159592678  0.750290089555  0.323371335857  -9999.0  -9999.0  -9999.0  -9999.0  -9999.0
-9999.0  -9999.0  -9999.0  -9999.0  -9999.0  -9999.0  -9999.0  -9999.0  -9999.0  -9999.0  -9999.0  -9999.0  -9999.0  -9999.0  0.541723562464  1.03497841935  3.81753048563  0.542345156563  1.80177978821  2.7792242632  3.70617033726  0.949545159923  1.80412243563  2.56648286731  24.5253673764  0.758054534498  1.45144310282  2.15738195994  0.639914179807  1.2656140849  1.62575031471  2.03059767646  47.2298626034  47.8608101691  48.4195598366  51.0519515138  52.0198741579  54.0463294574  0.460356894462  1.04726854635  1.29311466407  59.7417851487  60.0734944561  0.154004570671  0.273549686386  0.387500608736  781.39148737  5.52224955121  2.64618067271  2.54341385221  1.9145188123  1.63561667664  0.362738698618  0.0865715028522  0.168363582709  0.086723669728  0.0879893635181  0.17895724909  1.93496229003  3.6101388641  1.60712724084  0.2836014849  0.193939968144  0.112343848573  1.84221352623  1.53068705148  0.150211157912  4.00525710206  3.47329627838  0.279125871521  1.69075948415  1.06768260572  1.16277369417  0.983086443028  0.216000692833  -9999.0  -9999.0  -9999.0  -9999.0  -9999.0
-9999.0  -9999.0  -9999.0  -9999.0  -9999.0  -9999.0  -9999.0  -9999.0  -9999.0  -9999.0  -9999.0  -9999.0  -9999.0  -9999.0  0.558223661111  1.6783538678  6.04605757141  8.87677468534  0.481688631789  11.7228439147  16.0573236188  0.910159569199  1.7594792102  2.56164183114  31.8115154296  32.4507524672  0.634299809364  3.43599054865  4.02170246492  4.54224300733  42.9926641308  44.1791932682  44.8767787464  0.333328805426  1.88200079541  2.23711194698  0.988262102286  1.42802763001  55.9810208406  57.6291196345  57.9629659826  58.2747145356  60.4105478329  0.164244721278  0.139167153821  0.636726324907  781.512123447  0.152895703072  0.184045476373  0.543471063615  0.202608921184  1.48482545976  1.18455576994  0.696314605108  0.501523245312  0.212407644821  0.0917201684311  0.258569630694  0.062428216099  3.68446858573  0.41884043911  0.347063155094  0.0579046919548  0.174076338109  1.9256678023  0.0651133787598  0.0595544663708  4.08696259787  0.0963004695069  1.94420086349  1.83711563333  1.61469896784  1.48569781426  0.155103314275  0.579783554232  0.183294814888  -9999.0  -9999.0  -9999.0  -9999.0
-9999.0  -9999.0  -9999.0  -9999.0  -9999.0  -9999.0  -9999.0  -9999.0  -9999.0  -9999.0  -9999.0  -9999.0  -9999.0  -9999.0  -9999.0  -9999.0  1.16632217801  2.33442585718  10.5281629865  11.1384704493  16.5843608298  17.2168726131  0.893958117624  1.78664593468  4.20285084069  33.0012482015  34.3026470303  34.8509989304  0.448973370151  36.8323613767  38.0445833881  0.773829762589  0.338082007839  0.652716864986  1.26967662138  0.305172790797  0.609170214337  1.32023998957  1.65442474605  0.31007321276  0.198307442493  0.392171323663  61.8464113212  62.2870001764  62.4034804475  63.3612663902  781.615968193  0.0918944351208  0.112730768195  0.142061384252  0.127864166904  0.132792883283  0.106293655704  0.192535108408  0.0647717540992  0.169085292617  0.10156080915  0.104246576274  0.454800593624  4.2841213452  4.80407972208  4.8909862206  5.19302879278  0.0641765965052  1.99118635566  0.243864000952  0.112254728172  4.16037715051  4.32938508347  2.03797757884  2.16799571688  1.76541464251  1.08204996625  0.936513534246  0.77962235376  -9999.0  -9999.0  -9999.0  -9999.0  -9999.0
-9999.0  -9999.0  -9999.0  -9999.0  -9999.0  -9999.0  -9999.0  -9999.0  -9999.0  -9999.0  -9999.0  -9999.0  -9999.0  -9999.0  -9999.0  -9999.0  0.607115678854  0.591510809878  0.592892011676  1.24531023717  0.548057879172  18.30212477  18.8839385239  0.824057103572  1.64847170606  0.782366274463  0.665565256503  0.64687235091  35.9786518775  0.399060621641  0.808914102178  0.414601715511  0.353648491334  0.31310424725  0.242157315547  0.252631760587  0.766703968162  1.05072745463  0.19713536856  0.168665029586  0.362337025274  0.6050671091  0.785503981823  0.214530108738  62.5908944958  63.4804225449  781.678814398  0.427706753719  0.255092738827  0.0644520562393  0.171533822514  0.0453700106965  0.0314018503848  0.228681190051  0.329024893022  0.217529951884  0.0465711944264  0.0470672560628  0.138803003609  0.0792626657072  0.0594896831602  0.0693633628173  0.0764147210506  7.78069551917  2.29505616763  0.0568711263111  0.0953473725132  0.0449432411933  10.209530247  5.82655979952  5.7570047471  1.86728541765  1.32455515126  0.12019943167  -9999.0  -9999.0  -9999.0  -9999.0  -9999.0  -9999.0
-9999.0  -9999.0  -9999.0  -9999.0  -9999.0  -9999.0  -9999.0  -9999.0  -9999.0  -9999.0  -9999.0  -9999.0  -9999.0  -9999.0  -9999.0  -9999.0  -9999.0  -9999.0  0.584593848352  1.77807789512  2.25316607041  2.77916156381  19.4021523975  19.9350318259  20.4905528568  21.1703142725  21.8002129551  23.0970516188  23.4879886613  23.8603709999  24.186776619  0.311522492689  0.290075801148  0.306475921579  1.06740263656  0.282574220522  0.265292012163  0.206517659277  0.592442791728  0.228283217865  0.169776210384  0.156377090817  0.12922777111  0.257817295379  0.368720628554  64.2286250533  846.407664926  0.0762789294083  0.169546890321  0.0467096352446  0.222641804658  0.104935397717  0.063248840807  0.80336833531  0.529235315066  0.150497618288  0.0961281919346  0.235186331518  0.0516718739356  0.153619876709  0.101344489696  0.189664088821  0.0676086963305  0.0891473263974  7.85194472237  8.06496366677  12.3463088269  12.2814360639  12.2117488498  0.0809398070798  1.60184212312  1.50883528448  0.0984517667829  -9999.0  -9999.0  -9999.0  -9999.0  -9999.0  -9999.0  -9999.0
-9999.0  -9999.0  -9999.0  -9999.0  -9999.0  -9999.0  -9999.0  -9999.0  -9999.0  -9999.0  -9999.0  -9999.0  -9999.0  -9999.0  -9999.0  -9999.0  -9999.0  -9999.0  -9999.0  0.479074628836  3.86565435642  7.70227192648  8.26787875353  0.829288929768  1.65437241449  2.47694594085  3.15439266295  7.65838729472  7.9989791588  0.328450516846  0.322391695425  24.837593144  25.4084447112  25.6736776946  1.27202751847  0.183899243798  0.46186321464  0.674703830629  1.99479586406  2.42775854447  2.7521263743  0.295025376393  0.404570127674  0.133183449012  0.259980659582  0.132044949936  846.623837146  0.0696042226291  0.298837277507  0.13031816017  0.406611074838  0.802463737273  0.904186876104  1.74656653959  0.579054276048  0.533437847144  0.387990287301  0.353841301512  0.082079546939  0.18379107799  0.243435787905  0.217054849614  0.0280874763971  21.0468313126  20.9189863401  20.8521047461  12.5863232178  0.115226986542  1.80726739667  1.30006916773  0.866568826734  0.542387256123  0.0951170294457  -9999.0  -9999.0  -9999.0  -9999.0  -9999.0  -9999.0  -9999.0
-9999.0  -9999.0  -9999.0  -9999.0  -9999.0  -9999.0  -9999.0  -9999.0  -9999.0  -9999.0  -9999.0  -9999.0  -9999.0  -9999.0  -9999.0  -9999.0  -9999.0  -9999.0  0.542700688274  1.7400017598  3.39651456404  4.42680128741  11.4416915722  12.1458899984  1.69946941758  2.52646552957  3.24101963534  3.91075432498  8.36502848579  9.04228000398  15.9510983265  16.4586825248  16.7519733869  25.9437869725  27.8941264355  0.45321092214  0.301224136664  0.28596502283  0.541275266747  0.238630132563  3.19635112811  3.35054079299  0.529494873469  0.682906087045  0.129107518701  173.060025316  173.318101661  1020.07372622  1020.45731662  0.068056725816  0.552795260174  0.0923431202501  0.0827944764227  1.91370794599  2.55599637608  0.48927212929  0.434981509897  0.0773188088731  0.0411618432563  0.223212120273  21.5118894662  21.2392581814  21.2040896074  21.1296462315  0.10012121032  0.102188187912  0.115627441621  0.125489719868  0.401506429878  0.268369602241  0.250918324847  0.38038103648  0.119550524002  -9999.0  -9999.0  -9999.0  -9999.0  -9999.0  -9999.0  -9999.0
-9999.0  -9999.0  -9999.0  -9999.0  -9999.0  -9999.0  -9999.0  -9999.0  -9999.0  -9999.0  -9999.0  -9999.0  -9999.0  -9999.0  -9999.0  -9999.0  -9999.0  -9999.0  -9999.0  0.625933921959  0.6063414156  1.13732503102  2.69037144285  12.6728129745  0.865838562707  0.857049688101  1.57095470575  2.29267008163  5.53806787869  6.00202848529  0.314464634776  0.341952291769  17.1312988748  17.4185105889  45.5717607943  45.8000775447  0.158870363399  0.138792220957  0.112676613982  0.113858575207  0.119074887585  170.331135405  171.225353194  172.071275402  172.350439109  172.925747072  0.141399896767  0.510741748365  0.61794003852  1021.26505807  1021.29542291  1021.41314237  1021.52385556  1021.61343569  2.6590796342  0.0363046879875  0.14799938155  0.118740894  0.0287233386205  0.251763547013  21.6253850469  0.0779889845424  0.0404834939556  0.383751582454  0.34656926607  0.287191744445  0.22615776201  0.130375377977  0.153316737986  0.143928812205  0.127959443579  0.137109315062  -9999.0  -9999.0  -9999.0  -9999.0  -9999.0  -9999.0  -9999.0  -9999.0
-9999.0  -9999.0  -9999.0  -9999.0  -9999.0  -9999.0  -9999.0  -9999.0  -9999.0  -9999.0  -9999.0  -9999.0  -9999.0  -9999.0  -9999.0  -9999.0  -9999.0  -9999.0  -9999.0  -9999.0  0.54919835015  0.578482999583  1.06759847235  14.7602449172  15.3641932164  0.844386794221  1.55565524951  2.29308794058  2.83268455151  0.467844757953  0.88930605426  36.1776605745  36.4862567057  36.7804930771  39.020435878  85.0843988285  164.008485552  164.391243238  164.730234076  165.053738166  166.397739859  166.830099858  0.753921698203  0.331760848625  0.196756568492  0.368032483045  0.250752107555  0.403478169981  0.123543766662  2.97892200876  3.23529493883  3.42414577859  3.46890991708  1021.64551403  1024.38124734  1024.65245475  0.198022631931  0.0329667171065  0.339649223969  0.28575626813  21.6971446483  0.0373447569218  0.838467033443  0.40757879069  0.359664482345  0.252913752456  0.129002365426  0.186180354046  0.0980502845955  -9999.0  -9999.0  -9999.0  -9999.0  -9999.0  -9999.0  -9999.0  -9999.0  -9999.0  -9999.0  -9999.0
-9999.0  -9999.0  -9999.0  -9999.0  -9999.0  -9999.0  -9999.0  -9999.0  -9999.0  -9999.0  -9999.0  -9999.0  -9999.0  -9999.0  -9999.0  -9999.0  -9999.0  -9999.0  -9999.0  -9999.0  -9999.0  0.560037742593  1.07125923062  1.5861505116  15.8128506701  0.662363230659  21.9238479706  22.6756755242  23.1399026283  23.5913134538  34.4140995692  34.8745503398  0.337852624564  1.6702821157  2.01129898298  0.324424097466  78.5441981397  77.9646624531  0.176819109075  0.408007957413  1.06861902833  0.233166296954  0.234446853637  0.165081742299  0.132120967596  0.100164053142  0.115041650997  2.59889579544  2.71640309976  2.8613630672  0.165801504148  0.121992244926  3.53956015424  3.59926232075  3.62847186393  1024.67446821  1024.69725709  0.426110255625  0.367493791342  22.6309952391  22.6034504579  0.873386382508  0.0754368451216  0.0375461220924  0.621399627835  0.533839893983  0.424079465044  0.273621991053  0.142171438637  0.0645219263029  -9999.0  -9999.0  -9999.0  -9999.0  -9999.0  -9999.0  -9999.0  -9999.0  -9999.0  -9999.0
-9999.0  -9999.0  -9999.0  -9999.0  -9999.0  -9999.0  -9999.0  -9999.0  -9999.0  -9999.0  -9999.0  -9999.0  -9999.0  -9999.0  -9999.0  -9999.0  -9999.0  -9999.0  -9999.0  -9999.0  -9999.0  0.505057289156  0.472909577866  2.45976573345  19.3374335001  20.5460030219  21.2274301424  0.722164194964  9.76757940776  10.1991417184  10.3918110634  0.418773470228  0.79029631868  1.11061716642  18.8875585617  19.1312321474  19.3404891308  77.5821670842  46.330768222  0.226380778943  0.225035126141  0.215179644359  0.158004789348  1.62593746331  1.92967598571  2.19275823055  2.33601026621  2.47325770559  17.8082919222  17.9021370431  18.0276043306  18.328192765  19.4163559213  19.4574015032  23.1284517574  0.0307623273838  1024.71453019  1024.74301488  0.461044064888  22.6544605251  0.0545894034879  0.027171883625  0.112188602828  0.949052888585  0.919557732131  0.205944035455  0.106210929108  0.325919530782  0.227957275396  0.0637383489669  0.0557093525206  0.0545967203795  -9999.0  -9999.0  -9999.0  -9999.0  -9999.0  -9999.0  -9999.0  -9999.0
-9999.0  -9999.0  -9999.0  -9999.0  -9999.0  -9999.0  -9999.0  -9999.0  -9999.0  -9999.0  -9999.0  -9999.0  -9999.0  -9999.0  -9999.0  -9999.0  -9999.0  -9999.0  -9999.0  -9999.0  -9999.0  -9999.0  0.987542380928  1.51456753864  0.597155112748  0.848159870376  7.25474584033  7.99083695938  8.53594210493  3.95323465884  4.33102576886  4.73804453058  5.07534579617  18.3491749832  18.6748913189  11.2069603261  30.8045483398  31.043539438  46.1475907222  0.440034995274  0.217675511671  0.148786623804  1.12716384539  1.31772233596  0.102499841499  0.0936451660807  17.3763153056  17.6092008121  17.7201904798  0.145522198278  0.215173898337  19.2624179818  0.102321214378  0.311489495402  0.340760018646  23.5276156651  23.5568511591  23.9516204607  1049.17271739  22.7353796483  1.19288316645  1.16562326756  1.12965726386  0.977613147917  0.0401022079709  0.492791380494  0.426467146294  0.147321502468  0.0640560393877  0.109384004584  0.258654529855  0.147912110751  -9999.0  -9999.0  -9999.0  -9999.0  -9999.0  -9999.0  -9999.0  -9999.0
-9999.0  -9999.0  -9999.0  -9999.0  -9999.0  -9999.0  -9999.0  -9999.0  -9999.0  -9999.0  -9999.0  -9999.0  -9999.0  -9999.0  -9999.0  -9999.0  -9999.0  -9999.0  -9999.0  -9999.0  -9999.0  -9999.0  0.496426551319  0.981710668676  4.27692834344  4.9048552915  5.64919285656  2.96613802952  3.56601622785  0.410422136703  12.2310205842  12.5995506046  12.9541108004  0.334915156102  10.6021687602  10.9396728984  0.247928100955  44.9807587432  0.509534220599  0.252326283116  0.610304514239  0.82876440566  0.153584364267  0.121733920363  16.157150466  17.1655625701  17.306582974  0.145051888399  0.288168120547  0.362760515222  0.425507206298  0.837896632023  0.111141966628  0.256257730506  0.0494993626149  0.0966547041846  23.8857034105  23.9212343463  1049.20215076  1073.2850744  1.32176566857  0.0839210399398  0.0395611320824  0.0663944037749  0.0297382173804  0.531068146102  0.300895714016  0.230901566832  0.777491449099  0.691901883204  0.490928583787  0.115355059149  0.0590170326469  -9999.0  -9999.0  -9999.0  -9999.0  -9999.0  -9999.0  -9999.0
-9999.0  -9999.0  -9999.0  -9999.0  -9999.0  -9999.0  -9999.0  -9999.0  -9999.0  -9999.0  -9999.0  -9999.0  -9999.0  -9999.0  -9999.0  -9999.0  -9999.0  -9999.0  -9999.0  -9999.0  -9999.0  -9999.0  0.48829465068  1.55843527852  2.78361297914  0.721490374632  1.51670515444  2.27688244704  10.5904734488  11.082270477  11.459838445  0.344494105424  8.62542492538  9.66785179919  9.9944744134  0.238192173031  43.9503930434  44.4991676937  0.251198840814  0.228065965978  0.444088882464  0.173261517417  15.3596899914  15.6602903113  15.8308579499  0.652140381933  0.791886180613  0.11893331933  0.207915234946  0.0898735222721  0.625218041908  0.0923160448547  0.0649159141187  0.0688792763178  0.0715368073614  0.146203911907  0.193753584807  71.2807376816  71.385387475  1144.77458362  1144.82288043  1144.86004293  0.0580000234137  1.08985792259  1.00143904661  0.413909022156  0.389792093587  0.0515714666738  0.926489106474  0.0644199663576  0.0580035337451  0.0469939433383  0.225360193119  0.100818237846  -9999.0  -9999.0  -9999.0  -9999.0  -9999.0  -9999.0
-9999.0  -9999.0  -9999.0  -9999.0  -9999.0  -9999.0  -9999.0  -9999.0  -9999.0  -9999.0  -9999.0  -9999.0  -9999.0  -9999.0  -9999.0  -9999.0  -9999.0  -9999.0  -9999.0  -9999.0  -9999.0  -9999.0  -9999.0  0.555833825188  0.643965650639  0.815548631579  7.09876536563  7.82611726697  9.93744868508  0.549481807973  7.14643594904  7.97670069915  0.359829958153  0.737851718441  0.273501445832  43.1809826974  0.299394749402  0.767205538884  0.953159977429  1.12809635294  14.294726694  14.8754677048  15.0693565108  0.196012487324  0.35554574558  0.497074230782  0.0775359156414  0.0683529291807  37.7542485717  37.8225282268  37.8769823998  38.457904498  38.5288483148  38.618574079  38.6727925692  61.9134833855  61.9709544242  71.2467064147  0.0663870426091  0.07781194762  0.130365234134  1145.00065776  1145.17338856  1146.31135782  1146.32033572  0.0515061094355  0.0285385285542  1.03463373154  1.00208239774  0.0423127788712  0.124783824129  0.993057207428  0.646013560825  0.567873136531  0.154410509558  -9999.0  -9999.0  -9999.0  -9999.0  -9999.0
-9999.0  -9999.0  -9999.0  -9999.0  -9999.0  -9999.0  -9999.0  -9999.0  -9999.0  -9999.0  -9999.0  -9999.0  -9999.0  -9999.0  -9999.0  -9999.0  -9999.0  -9999.0  -9999.0  -9999.0  -9999.0  -9999.0  -9999.0  0.48838200045  1.33030287093  2.90673802086  6.33593000702  0.787126359318  1.47304269777  5.70745648455  6.21682503661  0.426132350419  10.4934125673  10.8468068169  42.319915181  42.6095172457  0.253825880896  0.483159708698  2.1078925098  12.4706365107  13.0429766669  0.420820725288  0.194843379677  0.14705475361  33.7861283781  34.0469013239  34.2521711078  34.4542307797  37.6921419046  0.209630912221  38.3923814612  0.11622336456  0.0723265647281  0.12936301004  23.1181374007  23.2025803164  8.97829197455  9.20675101325  0.152939481492  0.0743749807395  0.0877010728567  0.0709225523381  0.10578425989  0.0392049856221  1196.89400616  1196.96064919  1.27480370314  1.09085824937  0.0325607230045  1.49858980106  1.40533300482  1.19018839825  0.105590053223  0.135928559548  0.165431819111  -9999.0  -9999.0  -9999.0  -9999.0  -9999.0
-9999.0  -9999.0  -9999.0  -9999.0  -9999.0  -9999.0  -9999.0  -9999.0  -9999.0  -9999.0  -9999.0  -9999.0  -9999.0  -9999.0  -9999.0  -9999.0  -9999.0  -9999.0  -9999.0  -9999.0  -9999.0  -9999.0  -9999.0  -9999.0  0.954673728311  1.85163725337  2.66171783424  4.3057854142  5.00649751581  8.20315501277  9.4291029577  9.7980802318  10.1263267699  30.8410942693  31.1768865935  0.236223422193  1.69385132686  1.95221856175  10.0257455008  10.2358484675  0.360106233815  0.137165895239  33.105656796  33.3778134099  33.5324306799  0.143820779065  2.88225309034  3.00337396044  3.13693414395  0.111165818152  0.0795514535485  0.0569795131919  0.0499600057628  22.850731787  22.9359808131  0.058749004978  8.92164620771  8.5652600257  8.51159200561  0.0578716066971  0.0677766694257  0.0713394355145  0.115519482182  50.3494551066  50.5509975659  1198.26305827  0.109978766893  0.04308900019  1.57305643448  0.0451157781212  0.280672212343  0.193540106076  0.0967044949351  -9999.0  -9999.0  -9999.0  -9999.0  -9999.0  -9999.0  -9999.0
-9999.0  -9999.0  -9999.0  -9999.0  -9999.0  -9999.0  -9999.0  -9999.0  -9999.0  -9999.0  -9999.0  -9999.0  -9999.0  -9999.0  -9999.0  -9999.0  -9999.0  -9999.0  -9999.0  -9999.0  -9999.0  -9999.0  -9999.0  -9999.0  0.898082379619  2.72774997997  3.50613315615  5.13555493959  6.72421238391  7.51334836707  0.633082900287  7.95594915314  29.8989399092  30.4815968491  0.489836378415  0.891606514688  1.50217801656  9.54593423902  9.81266960927  21.9363924781  22.3518656555  32.9235285417  33.0139271899  0.154496610697  2.36071940241  2.63129416645  2.78565211374  0.117230807761  20.436525731  20.5420380672  20.8670432622  22.1979938637  22.6455252577  22.7325597977  0.0899345669575  0.169218479631  0.234547150443  7.3855415825  8.40869873992  0.676323322068  0.615141313602  0.0607482451588  0.0675764862457  50.1884831958  0.161480908877  0.0774635329719  1198.34211249  0.0195775558362  0.0205850278678  1.95258321978  0.34846835494  0.0696314045816  0.0618710520021  -9999.0  -9999.0  -9999.0  -9999.0  -9999.0  -9999.0  -9999.0
-9999.0  -9999.0  -9999.0  -9999.0  -9999.0  -9999.0  -9999.0  -9999.0  -9999.0  -9999.0  -9999.0  -9999.0  -9999.0  -9999.0  -9999.0  -9999.0  -9999.0  -9999.0  -9999.0  -9999.0  -9999.0  -9999.0  -9999.0  -9999.0  0.9576559045  0.922439845138  3.51391152045  4.28592343494  0.80744865591  6.52632131947  7.26281186143  0.68009395034  20.6491323111  0.650364827881  4.13402305295  8.82440279658  9.27597497741  20.2036026864  20.4987809397  21.7239697326  0.298815659846  10.4331668444  0.112464864432  0.240548858255  2.26342495261  0.158350695096  4.56154281774  20.2288682775  0.121691535411  0.2499839065  1.04906805105  0.141400846479  0.175815934993  0.121917140817  0.0745190152453  6.64801447467  7.12254428072  7.32416736284  0.274188299192  0.196761497663  0.361659047299  0.0911972512065  49.9628707267  50.0199326806  0.0953017666816  0.0437240483275  0.0176031515273  1198.46118131  1200.78595388  2.29795820291  0.317948252982  0.281081987456  0.149918900386  -9999.0  -9999.0  -9999.0  -9999.0  -9999.0  -9999.0  -9999.0
-9999.0  -9999.0  -9999.0  -9999.0  -9999.0  -9999.0  -9999.0  -9999.0  -9999.0  -9999.0  -9999.0  -9999.0  -9999.0  -9999.0  -9999.0  -9999.0  -9999.0  -9999.0  -9999.0  -9999.0  -9999.0  -9999.0  -9999.0  -9999.0  -9999.0  0.898053344773  0.927678600578  0.900658490211  4.90326506081  5.73902404209  9.24011806401  20.0319975932  0.74655845634  2.24591097196  2.92206705802  4.17776144491  1.09316339241  19.7463357928  0.455353448404  0.893644814881  9.86562293161  0.344549412478  1.42903582511  1.71147196911  0.163261034494  0.146789755094  4.47307182444  15.5569772088  0.15999440627  0.558652184545  0.944202633058  0.150355196691  0.0966626890848  6.01208450776  6.30076389029  0.209487632485  0.407288729959  0.112508352364  0.189998519996  0.113891618995  0.0881550600345  0.0622025684636  49.9137321146  0.174962929185  -9999.0  -9999.0  0.0471176160265  0.0820695596381  1200.78824174  1200.79004285  1200.86692367  0.0529004537488  -9999.0  -9999.0  -9999.0  -9999.0  -9999.0  -9999.0  -9999.0  -9999.0
-9999.0  -9999.0  -9999.0  -9999.0  -9999.0  -9999.0  -9999.0  -9999.0  -9999.0  -9999.0  -9999.0  -9999.0  -9999.0  -9999.0  -9999.0  -9999.0  -9999.0  -9999.0  -9999.0  -9999.0  -9999.0  -9999.0  -9999.0  -9999.0  -9999.0  -9999.0  0.806237596804  2.46872886912  3.19981556142  8.54540205472  3.03251964837  10.0550676879  6.3753862136  0.745570759903  2.1884949599  3.53435993097  0.580595745213  18.1732843746  6.95823901491  8.64195530644  0.908394405642  0.90411723037  0.323233321651  0.219224159373  4.03827326269  4.188414395  15.108590539  15.2509161904  0.270299386251  0.419646501226  0.111498930882  4.92848978942  5.47412584479  5.95401139971  0.221767480121  0.1034021411  0.295553417725  0.105803991313  0.0758487756771  0.0565645904701  49.3971842469  49.5368893492  49.6260941664  0.119172593182  -9999.0  -9999.0  -9999.0  -9999.0  -9999.0  0.0153102066661  1200.86133234  1200.86012155  -9999.0  -9999.0  -9999.0  -9999.0  -9999.0  -9999.0  -9999.0  -9999.0
-9999.0  -9999.0  -9999.0  -9999.0  -9999.0  -9999.0  -9999.0  -9999.0  -9999.0  -9999.0  -9999.0  -9999.0  -9999.0  -9999.0  -9999.0  -9999.0  -9999.0  -9999.0  -9999.0  -9999.0  -9999.0  -9999.0  -9999.0  -9999.0  -9999.0  -9999.0  0.973336106913  0.904494238813  7.87063134135  0.718674466185  2.37702831205  4.06216720952  5.65272578164  0.791825819338  0.735850681896  0.680693756933  16.9160242028  17.5772529674  6.43833008943  1.21099177269  0.54576204015  0.540605909826  3.52328554856  3.8983664187  13.768688159  14.3265036396  14.7923154147  0.186962304053  0.139648544172  4.64590869574  4.73555459427  4.84571286165  0.475659442832  0.256824012968  0.121797177772  0.115430851368  0.0786428838781  0.639515693806  0.685116027529  49.316402722  49.3567067156  0.0995010327844  0.0443517804574  0.059592666652  -9999.0  -9999.0  -9999.0  -9999.0  -9999.0  -9999.0  -9999.0  -9999.0  -9999.0  -9999.0  -9999.0  -9999.0  -9999.0  -9999.0  -9999.0  -9999.0
-9999.0  -9999.0  -9999.0  -9999.0  -9999.0  -9999.0  -9999.0  -9999.0  -9999.0  -9999.0  -9999.0  -9999.0  -9999.0  -9999.0  -9999.0  -9999.0  -9999.0  -9999.0  -9999.0  -9999.0  -9999.0  -9999.0  -9999.0  -9999.0  -9999.0  -9999.0  -9999.0  1.87467761549  6.23229075147  3.48117269883  0.841828470366  3.30763307891  0.801259205908  2.45113261542  3.09603786911  15.0348441286  16.3529071812  5.25662055465  5.85775548609  0.611616831954  2.55701413958  3.07321415718  8.7450272062  13.1293994145  13.529069345  0.357008067185  0.251334263985  3.69204023033  4.13677066131  4.55595302726  0.13639857054  0.245986602601  0.370866108926  0.123922058082  0.25723441378  0.411629265442  0.48046417555  0.589538153547  0.0636930178496  48.5175500759  0.147466381634  0.0601501696343  -9999.0  -9999.0  -9999.0  -9999.0  -9999.0  -9999.0  -9999.0  -9999.0  -9999.0  -9999.0  -9999.0  -9999.0  -9999.0  -9999.0  -9999.0  -9999.0  -9999.0  -9999.0
-9999.0  -9999.0  -9999.0  -9999.0  -9999.0  -9999.0  -9999.0  -9999.0  -9999.0  -9999.0  -9999.0  -9999.0  -9999.0  -9999.0  -9999.0  -9999.0  -9999.0  -9999.0  -9999.0  -9999.0  -9999.0  -9999.0  -9999.0  -9999.0  -9999.0  -9999.0  -9999.0  0.963818845469  0.900166003594  1.69120487599  0.846573292175  1.64755217728  1.68006624064  9.30188307571  9.90916980817  1.45004300427  0.715049908075  4.63191226638  1.35959613842  2.0343238661  7.24140705137  7.78219089249  8.31295902357  3.96229532155  1.44865966643  2.23729347124  2.87630094792  3.5547729022  0.321495330777  0.22324036079  29.3853973982  29.5418992391  29.6535877569  0.0955325554619  0.170302083468  0.0931943431433  0.0648201134664  46.4649243612  47.0196865657  1.17813092284  1.01781433456  0.0934562122792  -9999.0  -9999.0  -9999.0  -9999.0  -9999.0  -9999.0  -9999.0  -9999.0  -9999.0  -9999.0  -9999.0  -9999.0  -9999.0  -9999.0  -9999.0  -9999.0  -9999.0  -9999.0
-9999.0  -9999.0  -9999.0  -9999.0  -9999.0  -9999.0  -9999.0  -9999.0  -9999.0  -9999.0  -9999.0  -9999.0  -9999.0  -9999.0  -9999.0  -9999.0  -9999.0  -9999.0  -9999.0  -9999.0  -9999.0  -9999.0  -9999.0  -9999.0  -9999.0  -9999.0  -9999.0  -9999.0  -9999.0  0.767078152915  0.784145874172  0.873704390536  3.46942396301  8.53093843867  4.24136008885  0.786665705045  3.17796371664  3.92932410132  0.670927894124  6.10932156941  6.68629201685  1.8415119223  2.90282303481  0.545726814214  0.961356323469  0.431420865992  0.327301942882  0.31062244355  28.8192437535  29.0678283564  29.2515039119  0.951366926482  30.7873969853  30.9340802092  31.0558702131  31.173523172  31.3708500026  46.4111634832  46.6006971304  0.338134022226  0.916230190835  0.244840444651  -9999.0  -9999.0  -9999.0  -9999.0  -9999.0  -9999.0  -9999.0  -9999.0  -9999.0  -9999.0  -9999.0  -9999.0  -9999.0  -9999.0  -9999.0  -9999.0  -9999.0  -9999.0
-9999.0  -9999.0  -9999.0  -9999.0  -9999.0  -9999.0  -9999.0  -9999.0  -9999.0  -9999.0  -9999.0  -9999.0  -9999.0  -9999.0  -9999.0  -9999.0  -9999.0  -9999.0  -9999.0  -9999.0  -9999.0  -9999.0  -9999.0  -9999.0  -9999.0  -9999.0  -9999.0  -9999.0  -9999.0  -9999.0  -9999.0  0.888752485719  1.79222216879  1.78123852596  1.73514664008  1.68495854762  2.48725934771  4.05668690417  4.73582030529  5.48260773619  0.629182405213  1.27531983737  0.546472487013  0.483541244348  18.2366281186  21.9876692546  22.785682461  23.1569522105  28.5926713095  0.290727457511  0.52308345169  0.807992720149  4.79764456137  4.95415982157  5.08278489494  11.2771175065  13.7313347237  14.9089893481  0.185932334644  0.186930553883  0.561182991087  0.143176433123  -9999.0  -9999.0  -9999.0  -9999.0  -9999.0  -9999.0  -9999.0  -9999.0  -9999.0  -9999.0  -9999.0  -9999.0  -9999.0  -9999.0  -9999.0  -9999.0  -9999.0  -9999.0
-9999.0  -9999.0  -9999.0  -9999.0  -9999.0  -9999.0  -9999.0  -9999.0  -9999.0  -9999.0  -9999.0  -9999.0  -9999.0  -9999.0  -9999.0  -9999.0  -9999.0  -9999.0  -9999.0  -9999.0  -9999.0  -9999.0  -9999.0  -9999.0  -9999.0  -9999.0  -9999.0  -9999.0  -9999.0  -9999.0  -9999.0  -9999.0  0.90994509463  0.907358315152  0.876015878474  0.849361066117  1.67656768507  3.29601289102  3.11849406104  3.79439861901  4.36566905275  10.0362755263  10.5675682389  17.4566299186  17.9076833037  3.40640764709  0.410013069738  4.75742543526  5.09571475567  1.94516331763  3.742359308  4.36192147236  4.62312247691  0.220371435422  6.08880197647  11.7622982825  13.6377220237  0.19182763646  0.852921264765  0.147218228369  0.431129509421  -9999.0  -9999.0  -9999.0  -9999.0  -9999.0  -9999.0  -9999.0  -9999.0  -9999.0  -9999.0  -9999.0  -9999.0  -9999.0  -9999.0  -9999.0  -9999.0  -9999.0  -9999.0  -9999.0
-9999.0  -9999.0  -9999.0  -9999.0  -9999.0  -9999.0  -9999.0  -9999.0  -9999.0  -9999.0  -9999.0  -9999.0  -9999.0  -9999.0  -9999.0  -9999.0  -9999.0  -9999.0  -9999.0  -9999.0  -9999.0  -9999.0  -9999.0  -9999.0  -9999.0  -9999.0  -9999.0  -9999.0  -9999.0  -9999.0  -9999.0  -9999.0  -9999.0  -9999.0  -9999.0  0.88846275946  0.828847519184  0.818858793299  2.39039824554  2.2654785243  4.38530985018  5.10429970038  0.613662536956  6.34031601631  2.43753333962  2.96608500577  3.00194840451  4.40488452756  1.22189262474  0.391487981736  1.5606048803  0.367645119147  3.35851548779  3.97886546101  5.68666041841  0.265788468607  1.09075992651  0.399441119356  0.509278017692  0.155571715092  0.294910809143  -9999.0  -9999.0  -9999.0  -9999.0  -9999.0  -9999.0  -9999.0  -9999.0  -9999.0  -9999.0  -9999.0  -9999.0  -9999.0  -9999.0  -9999.0  -9999.0  -9999.0  -9999.0  -9999.0
-9999.0  -9999.0  -9999.0  -9999.0  -9999.0  -9999.0  -9999.0  -9999.0  -9999.0  -9999.0  -9999.0  -9999.0  -9999.0  -9999.0  -9999.0  -9999.0  -9999.0  -9999.0  -9999.0  -9999.0  -9999.0  -9999.0  -9999.0  -9999.0  -9999.0  -9999.0  -9999.0  -9999.0  -9999.0  -9999.0  -9999.0  -9999.0  -9999.0  -9999.0  -9999.0  -9999.0  -9999.0  0.802841304681  0.74698349846  1.51880992781  1.4461762881  3.75778034625  5.08212436796  1.33609991524  1.88499509558  1.56799118587  2.56794076473  0.964458775161  0.867088359093  0.861637591173  0.363761650518  2.01588166435  3.06541374964  0.33805258157  1.41509587291  0.523506123032  0.316782649283  0.17251876231  0.164799659561  0.177541989094  -9999.0  -9999.0  -9999.0  -9999.0  -9999.0  -9999.0  -9999.0  -9999.0  -9999.0  -9999.0  -9999.0  -9999.0  -9999.0  -9999.0  -9999.0  -9999.0  -9999.0  -9999.0  -9999.0  -9999.0
-9999.0  -9999.0  -9999.0  -9999.0  -9999.0  -9999.0  -9999.0  -9999.0  -9999.0  -9999.0  -9999.0  -9999.0  -9999.0  -9999.0  -9999.0  -9999.0  -9999.0  -9999.0  -9999.0  -9999.0  -9999.0  -9999.0  -9999.0  -9999.0  -9999.0  -9999.0  -9999.0  -9999.0  -9999.0  -9999.0  -9999.0  -9999.0  -9999.0  -9999.0  -9999.0  -9999.0  -9999.0  -9999.0  -9999.0  0.75488875767  1.57893265346  3.08125625077  0.694436042731  0.684760676644  0.529115814109  1.08094071937  0.513872159375  0.493676221614  0.460068994865  0.458232853415  0.852273626577  1.68293831308  0.749864689435  0.78019704141  1.11389298451  0.268394372539  0.150973171648  -9999.0  -9999.0  -9999.0  -9999.0  -9999.0  -9999.0  -9999.0  -9999.0  -9999.0  -9999.0  -9999.0  -9999.0  -9999.0  -9999.0  -9999.0  -9999.0  -9999.0  -9999.0  -9999.0  -9999.0  -9999.0  -9999.0  -9999.0
-9999.0  -9999.0  -9999.0  -9999.0  -9999.0  -9999.0  -9999.0  -9999.0  -9999.0  -9999.0  -9999.0  -9999.0  -9999.0  -9999.0  -9999.0  -9999.0  -9999.0  -9999.0  -9999.0  -9999.0  -9999.0  -9999.0  -9999.0  -9999.0  -9999.0  -9999.0  -9999.0  -9999.0  -9999.0  -9999.0  -9999.0  -9999.0  -9999.0  -9999.0  -9999.0  -9999.0  -9999.0  -9999.0  -9999.0  -9999.0  0.783046288914  0.73379919122  -9999.0  -9999.0  -9999.0  -9999.0  -9999.0  -9999.0  -9999.0  -9999.0  0.432448978518  0.409306914172  0.353684424868  0.372162202707  -9999.0  -9999.0  -9999.0  -9999.0  -9999.0  -9999.0  -9999.0  -9999.0  -9999.0  -9999.0  -9999.0  -9999.0  -9999.0  -9999.0  -9999.0  -9999.0  -9999.0  -9999.0  -9999.0  -9999.0  -9999.0  -9999.0  -9999.0  -9999.0  -9999.0  -9999.0
-9999.0  -9999.0  -9999.0  -9999.0  -9999.0  -9999.0  -9999.0  -9999.0  -9999.0  -9999.0  -9999.0  -9999.0  -9999.0  -9999.0  -9999.0  -9999.0  -9999.0  -9999.0  -9999.0  -9999.0  -9999.0  -9999.0  -9999.0  -9999.0  -9999.0  -9999.0  -9999.0  -9999.0  -9999.0  -9999.0  -9999.0  -9999.0  -9999.0  -9999.0  -9999.0  -9999.0  -9999.0  -9999.0  -9999.0  -9999.0  -9999.0  -9999.0  -9999.0  -9999.0  -9999.0  -9999.0  -9999.0  -9999.0  -9999.0  -9999.0  -9999.0  -9999.0  -9999.0  -9999.0  -9999.0  -9999.0  -9999.0  -9999.0  -9999.0  -9999.0  -9999.0  -9999.0  -9999.0  -9999.0  -9999.0  -9999.0  -9999.0  -9999.0  -9999.0  -9999.0  -9999.0  -9999.0  -9999.0  -9999.0  -9999.0  -9999.0  -9999.0  -9999.0  -9999.0  -9999.0
-9999.0  -9999.0  -9999.0  -9999.0  -9999.0  -9999.0  -9999.0  -9999.0  -9999.0  -9999.0  -9999.0  -9999.0  -9999.0  -9999.0  -9999.0  -9999.0  -9999.0  -9999.0  -9999.0  -9999.0  -9999.0  -9999.0  -9999.0  -9999.0  -9999.0  -9999.0  -9999.0  -9999.0  -9999.0  -9999.0  -9999.0  -9999.0  -9999.0  -9999.0  -9999.0  -9999.0  -9999.0  -9999.0  -9999.0  -9999.0  -9999.0  -9999.0  -9999.0  -9999.0  -9999.0  -9999.0  -9999.0  -9999.0  -9999.0  -9999.0  -9999.0  -9999.0  -9999.0  -9999.0  -9999.0  -9999.0  -9999.0  -9999.0  -9999.0  -9999.0  -9999.0  -9999.0  -9999.0  -9999.0  -9999.0  -9999.0  -9999.0  -9999.0  -9999.0  -9999.0  -9999.0  -9999.0  -9999.0  -9999.0  -9999.0  -9999.0  -9999.0  -9999.0  -9999.0  -9999.0
-9999.0  -9999.0  -9999.0  -9999.0  -9999.0  -9999.0  -9999.0  -9999.0  -9999.0  -9999.0  -9999.0  -9999.0  -9999.0  -9999.0  -9999.0  -9999.0  -9999.0  -9999.0  -9999.0  -9999.0  -9999.0  -9999.0  -9999.0  -9999.0  -9999.0  -9999.0  -9999.0  -9999.0  -9999.0  -9999.0  -9999.0  -9999.0  -9999.0  -9999.0  -9999.0  -9999.0  -9999.0  -9999.0  -9999.0  -9999.0  -9999.0  -9999.0  -9999.0  -9999.0  -9999.0  -9999.0  -9999.0  -9999.0  -9999.0  -9999.0  -9999.0  -9999.0  -9999.0  -9999.0  -9999.0  -9999.0  -9999.0  -9999.0  -9999.0  -9999.0  -9999.0  -9999.0  -9999.0  -9999.0  -9999.0  -9999.0  -9999.0  -9999.0  -9999.0  -9999.0  -9999.0  -9999.0  -9999.0  -9999.0  -9999.0  -9999.0  -9999.0  -9999.0  -9999.0  -9999.0
-9999.0  -9999.0  -9999.0  -9999.0  -9999.0  -9999.0  -9999.0  -9999.0  -9999.0  -9999.0  -9999.0  -9999.0  -9999.0  -9999.0  -9999.0  -9999.0  -9999.0  -9999.0  -9999.0  -9999.0  -9999.0  -9999.0  -9999.0  -9999.0  -9999.0  -9999.0  -9999.0  -9999.0  -9999.0  -9999.0  -9999.0  -9999.0  -9999.0  -9999.0  -9999.0  -9999.0  -9999.0  -9999.0  -9999.0  -9999.0  -9999.0  -9999.0  -9999.0  -9999.0  -9999.0  -9999.0  -9999.0  -9999.0  -9999.0  -9999.0  -9999.0  -9999.0  -9999.0  -9999.0  -9999.0  -9999.0  -9999.0  -9999.0  -9999.0  -9999.0  -9999.0  -9999.0  -9999.0  -9999.0  -9999.0  -9999.0  -9999.0  -9999.0  -9999.0  -9999.0  -9999.0  -9999.0  -9999.0  -9999.0  -9999.0  -9999.0  -9999.0  -9999.0  -9999.0  -9999.0
-9999.0  -9999.0  -9999.0  -9999.0  -9999.0  -9999.0  -9999.0  -9999.0  -9999.0  -9999.0  -9999.0  -9999.0  -9999.0  -9999.0  -9999.0  -9999.0  -9999.0  -9999.0  -9999.0  -9999.0  -9999.0  -9999.0  -9999.0  -9999.0  -9999.0  -9999.0  -9999.0  -9999.0  -9999.0  -9999.0  -9999.0  -9999.0  -9999.0  -9999.0  -9999.0  -9999.0  -9999.0  -9999.0  -9999.0  -9999.0  -9999.0  -9999.0  -9999.0  -9999.0  -9999.0  -9999.0  -9999.0  -9999.0  -9999.0  -9999.0  -9999.0  -9999.0  -9999.0  -9999.0  -9999.0  -9999.0  -9999.0  -9999.0  -9999.0  -9999.0  -9999.0  -9999.0  -9999.0  -9999.0  -9999.0  -9999.0  -9999.0  -9999.0  -9999.0  -9999.0  -9999.0  -9999.0  -9999.0  -9999.0  -9999.0  -9999.0  -9999.0  -9999.0  -9999.0  -9999.0
-9999.0  -9999.0  -9999.0  -9999.0  -9999.0  -9999.0  -9999.0  -9999.0  -9999.0  -9999.0  -9999.0  -9999.0  -9999.0  -9999.0  -9999.0  -9999.0  -9999.0  -9999.0  -9999.0  -9999.0  -9999.0  -9999.0  -9999.0  -9999.0  -9999.0  -9999.0  -9999.0  -9999.0  -9999.0  -9999.0  -9999.0  -9999.0  -9999.0  -9999.0  -9999.0  -9999.0  -9999.0  -9999.0  -9999.0  -9999.0  -9999.0  -9999.0  -9999.0  -9999.0  -9999.0  -9999.0  -9999.0  -9999.0  -9999.0  -9999.0  -9999.0  -9999.0  -9999.0  -9999.0  -9999.0  -9999.0  -9999.0  -9999.0  -9999.0  -9999.0  -9999.0  -9999.0  -9999.0  -9999.0  -9999.0  -9999.0  -9999.0  -9999.0  -9999.0  -9999.0  -9999.0  -9999.0  -9999.0  -9999.0  -9999.0  -9999.0  -9999.0  -9999.0  -9999.0  -9999.0
