ncols                  80
nrows                 72
xllcorner      4374000.0
yllcorner      5656000.0
cellsize            500
NODATA_value       -9999
-9999.0  -9999.0  -9999.0  -9999.0  -9999.0  -9999.0  -9999.0  -9999.0  -9999.0  -9999.0  -9999.0  -9999.0  1.08515447368  0.824208305011  -9999.0  -9999.0  -9999.0  -9999.0  -9999.0  -9999.0  -9999.0  -9999.0  -9999.0  -9999.0  -9999.0  -9999.0  -9999.0  -9999.0  -9999.0  -9999.0  -9999.0  -9999.0  -9999.0  -9999.0  -9999.0  -9999.0  -9999.0  -9999.0  -9999.0  -9999.0  -9999.0  -9999.0  -9999.0  -9999.0  -9999.0  -9999.0  -9999.0  -9999.0  -9999.0  -9999.0  -9999.0  -9999.0  -9999.0  -9999.0  -9999.0  -9999.0  -9999.0  -9999.0  -9999.0  -9999.0  -9999.0  -9999.0  -9999.0  -9999.0  -9999.0  -9999.0  -9999.0  -9999.0  -9999.0  -9999.0  -9999.0  -9999.0  -9999.0  -9999.0  -9999.0  -9999.0  -9999.0  -9999.0  -9999.0  -9999.0
-9999.0  -9999.0  -9999.0  -9999.0  -9999.0  -9999.0  -9999.0  -9999.0  -9999.0  -9999.0  -9999.0  -9999.0  2.17726282333  4.57213024687  0.687299038693  -9999.0  0.580019025214  -9999.0  -9999.0  -9999.0  -9999.0  -9999.0  -9999.0  -9999.0  -9999.0  -9999.0  -9999.0  -9999.0  -9999.0  -9999.0  -9999.0  -9999.0  -9999.0  -9999.0  -9999.0  -9999.0  -9999.0  -9999.0  -9999.0  -9999.0  -9999.0  -9999.0  -9999.0  -9999.0  -9999.0  -9999.0  -9999.0  -9999.0  -9999.0  -9999.0  -9999.0  -9999.0  -9999.0  -9999.0  -9999.0  -9999.0  -9999.0  -9999.0  -9999.0  -9999.0  -9999.0  -9999.0  -9999.0  -9999.0  -9999.0  -9999.0  -9999.0  -9999.0  -9999.0  -9999.0  -9999.0  -9999.0  -9999.0  -9999.0  -9999.0  -9999.0  -9999.0  -9999.0  -9999.0  -9999.0
-9999.0  -9999.0  -9999.0  -9999.0  -9999.0  -9999.0  -9999.0  -9999.0  -9999.0  -9999.0  1.03581881389  0.994456763427  1.04356527622  1.02917080977  6.4894701913  7.18303579193  1.57558995378  0.497170504723  -9999.0  -9999.0  -9999.0  -9999.0  -9999.0  -9999.0  -9999.0  -9999.0  -9999.0  -9999.0  -9999.0  -9999.0  -9999.0  -9999.0  -9999.0  -9999.0  -9999.0  -9999.0  -9999.0  -9999.0  -9999.0  -9999.0  -9999.0  -9999.0  -9999.0  -9999.0  -9999.0  -9999.0  -9999.0  -9999.0  -9999.0  -9999.0  -9999.0  -9999.0  -9999.0  -9999.0  -9999.0  -9999.0  -9999.0  -9999.0  -9999.0  -9999.0  -9999.0  -9999.0  -9999.0  -9999.0  -9999.0  -9999.0  -9999.0  -9999.0  -9999.0  -9999.0  -9999.0  -9999.0  -9999.0  -9999.0  -9999.0  -9999.0  -9999.0  -9999.0  -9999.0  -9999.0
-9999.0  -9999.0  -9999.0  -9999.0  -9999.0  -9999.0  -9999.0  -9999.0  -9999.0  1.00141070151  2.03896850102  4.04553690082  2.02073765514  0.985264875602  1.91902312732  8.09036370353  10.8304464273  0.565768205593  -9999.0  0.992325090858  -9999.0  -9999.0  -9999.0  -9999.0  1.11142559397  0.569461079883  -9999.0  -9999.0  -9999.0  -9999.0  -9999.0  -9999.0  -9999.0  -9999.0  -9999.0  -9999.0  -9999.0  -9999.0  -9999.0  -9999.0  -9999.0  -9999.0  -9999.0  -9999.0  -9999.0  -9999.0  -9999.0  -9999.0  -9999.0  -9999.0  -9999.0  -9999.0  -9999.0  -9999.0  -9999.0  -9999.0  -9999.0  -9999.0  -9999.0  -9999.0  -9999.0  -9999.0  -9999.0  -9999.0  -9999.0  -9999.0  -9999.0  -9999.0  -9999.0  -9999.0  -9999.0  -9999.0  -9999.0  -9999.0  -9999.0  -9999.0  -9999.0  -9999.0  -9999.0  -9999.0
-9999.0  -9999.0  -9999.0  -9999.0  -9999.0  -9999.0  -9999.0  -9999.0  1.10848942803  3.16182101869  4.12206492958  5.09928429333  7.00344090406  0.912573056705  3.69532191409  4.56304935617  16.7314940815  0.721805891949  0.806005284813  1.8611673356  2.70424050545  0.875010413487  -9999.0  2.8845550003  2.37827262156  0.655511376181  -9999.0  -9999.0  -9999.0  -9999.0  -9999.0  -9999.0  -9999.0  -9999.0  -9999.0  -9999.0  -9999.0  -9999.0  -9999.0  -9999.0  -9999.0  -9999.0  -9999.0  -9999.0  -9999.0  -9999.0  -9999.0  -9999.0  -9999.0  -9999.0  -9999.0  -9999.0  -9999.0  -9999.0  -9999.0  -9999.0  -9999.0  -9999.0  -9999.0  -9999.0  -9999.0  -9999.0  -9999.0  -9999.0  -9999.0  -9999.0  -9999.0  -9999.0  -9999.0  -9999.0  -9999.0  -9999.0  -9999.0  -9999.0  -9999.0  -9999.0  -9999.0  -9999.0  -9999.0  -9999.0
-9999.0  -9999.0  -9999.0  -9999.0  -9999.0  -9999.0  1.11696350608  1.03053577981  0.996667595977  1.01207139017  1.01125698884  7.14613318107  15.1193539612  16.0755280893  16.9120043451  0.830987851175  18.3425845447  19.1457377627  1.71564570537  0.86004562744  3.53297364227  6.08989937202  0.820060371966  5.35349314723  0.916457141803  0.868657874022  0.958238825032  -9999.0  -9999.0  -9999.0  -9999.0  -9999.0  -9999.0  -9999.0  -9999.0  -9999.0  -9999.0  -9999.0  -9999.0  -9999.0  -9999.0  -9999.0  -9999.0  -9999.0  -9999.0  -9999.0  -9999.0  -9999.0  -9999.0  -9999.0  -9999.0  -9999.0  -9999.0  -9999.0  -9999.0  -9999.0  -9999.0  -9999.0  -9999.0  -9999.0  -9999.0  -9999.0  -9999.0  -9999.0  -9999.0  -9999.0  -9999.0  -9999.0  -9999.0  -9999.0  -9999.0  -9999.0  -9999.0  -9999.0  -9999.0  -9999.0  -9999.0  -9999.0  -9999.0  -9999.0
-9999.0  -9999.0  -9999.0  -9999.0  -9999.0  -9999.0  2.25158337551  3.33767476059  7.52475665553  10.4848039292  0.91750592779  0.957511180887  0.896337044095  2.64744671702  20.3479263736  0.760102680321  19.92325515  23.3045961722  2.6315880563  1.6074697211  6.85764408344  0.82386942401  6.1859045677  1.66614924201  0.841685069694  1.68126953307  1.89775108725  0.969508120727  1.00184759188  0.981269737752  1.02680778432  2.05531386528  -9999.0  -9999.0  -9999.0  -9999.0  -9999.0  -9999.0  -9999.0  -9999.0  -9999.0  -9999.0  -9999.0  -9999.0  -9999.0  -9999.0  -9999.0  -9999.0  -9999.0  -9999.0  -9999.0  -9999.0  -9999.0  -9999.0  -9999.0  -9999.0  -9999.0  -9999.0  -9999.0  -9999.0  -9999.0  -9999.0  -9999.0  -9999.0  -9999.0  -9999.0  -9999.0  -9999.0  -9999.0  -9999.0  -9999.0  -9999.0  -9999.0  -9999.0  -9999.0  -9999.0  -9999.0  -9999.0  -9999.0  -9999.0
-9999.0  -9999.0  -9999.0  -9999.0  -9999.0  1.20530310017  2.34629028059  1.13274117078  2.19351638191  11.5528301121  13.4837028621  15.415859982  49.807613355  0.899448762801  21.1847351558  77.84368651  78.5038788287  102.978276598  0.753152010731  2.37523754248  7.62944100649  0.765367438434  15.6149122336  8.61706156666  5.31199260061  4.45421597665  0.927752012301  2.89198111421  2.93549051305  1.9554393058  0.950964985503  3.03098386638  0.940719190646  0.92792775638  -9999.0  -9999.0  -9999.0  -9999.0  -9999.0  -9999.0  -9999.0  -9999.0  -9999.0  -9999.0  -9999.0  -9999.0  -9999.0  -9999.0  -9999.0  -9999.0  -9999.0  -9999.0  -9999.0  -9999.0  -9999.0  -9999.0  -9999.0  -9999.0  -9999.0  -9999.0  -9999.0  -9999.0  -9999.0  -9999.0  -9999.0  -9999.0  -9999.0  -9999.0  -9999.0  -9999.0  -9999.0  -9999.0  -9999.0  -9999.0  -9999.0  -9999.0  -9999.0  -9999.0  -9999.0  -9999.0
-9999.0  -9999.0  -9999.0  -9999.0  -9999.0  1.22591500575  3.59201768521  7.10670671143  8.19863234565  16.2579577939  17.2798770054  20.4504219165  33.5207127735  52.5381788548  54.3073011586  55.1239530836  1.47572298906  105.708513982  107.21108291  111.153278496  137.494875  17.9609315196  16.4413964901  6.12871864496  0.820826460863  5.42227772112  3.71968643844  0.796749656387  3.79738207748  0.873602744322  1.87852183609  4.90960188278  5.80827271724  1.81490406453  0.882417343831  0.874075995938  -9999.0  -9999.0  -9999.0  -9999.0  0.571451626757  0.504211805629  -9999.0  -9999.0  -9999.0  -9999.0  -9999.0  -9999.0  -9999.0  -9999.0  -9999.0  -9999.0  -9999.0  -9999.0  -9999.0  -9999.0  -9999.0  -9999.0  -9999.0  -9999.0  -9999.0  -9999.0  -9999.0  -9999.0  -9999.0  -9999.0  -9999.0  -9999.0  -9999.0  -9999.0  -9999.0  -9999.0  -9999.0  -9999.0  -9999.0  -9999.0  -9999.0  -9999.0  -9999.0  -9999.0
-9999.0  -9999.0  -9999.0  -9999.0  -9999.0  1.20268848423  1.15571340606  4.75613944362  5.86043442928  6.98976841361  1.07273661427  2.12930538069  12.3330723566  2.18022513659  0.971027564217  0.891689244928  0.776942475294  0.939202486413  0.925695498056  0.841580962119  138.285264643  140.574230414  0.767709586798  2.39216835177  1.63522873843  6.21217334713  1.61212185849  0.775375647748  4.66969809382  1.73177552889  4.23905957263  10.1225003937  9.37821294442  2.68096646131  2.59792977505  0.895402125085  0.886159206362  -9999.0  -9999.0  0.893068261003  1.28481734334  2.84521793187  0.532165224767  -9999.0  -9999.0  -9999.0  -9999.0  -9999.0  -9999.0  -9999.0  -9999.0  -9999.0  -9999.0  -9999.0  -9999.0  -9999.0  -9999.0  -9999.0  -9999.0  -9999.0  -9999.0  -9999.0  -9999.0  -9999.0  -9999.0  -9999.0  -9999.0  -9999.0  -9999.0  -9999.0  -9999.0  -9999.0  -9999.0  -9999.0  -9999.0  -9999.0  -9999.0  -9999.0  -9999.0  -9999.0
-9999.0  -9999.0  -9999.0  -9999.0  -9999.0  -9999.0  1.2343530489  1.22568678184  2.38071602548  3.54207419836  8.04022724893  10.2495059435  11.371140714  1.19389147343  0.906087025917  12.1397878169  14.7689739516  15.5959222331  19.0519212582  19.844486564  0.781057276255  141.358989091  145.285766334  3.15088245138  0.697479234166  6.95014413229  15.4458484129  6.17381188654  1.53308907023  0.774498331875  15.892201596  10.9176222516  0.770927185188  0.772188550343  3.39072395855  2.60649659407  0.830385111751  0.784424604849  0.853224103953  1.7306937415  0.818068889924  3.45103902746  4.227688758  0.718534901992  -9999.0  -9999.0  -9999.0  -9999.0  0.788019180999  0.748368387643  0.2371914537  -9999.0  -9999.0  -9999.0  -9999.0  -9999.0  -9999.0  -9999.0  -9999.0  -9999.0  -9999.0  -9999.0  -9999.0  -9999.0  -9999.0  -9999.0  -9999.0  -9999.0  -9999.0  -9999.0  -9999.0  -9999.0  -9999.0  -9999.0  -9999.0  -9999.0  -9999.0  -9999.0  -9999.0  -9999.0
-9999.0  -9999.0  -9999.0  -9999.0  -9999.0  -9999.0  -9999.0  1.21397413565  1.11710517478  2.29190315558  3.42488859401  1.11166646247  1.07261492931  6.47683561317  8.39972937242  10.3597079998  0.902954862022  1.80580977203  0.871993076905  20.6603406879  45.3091762696  45.8371472656  192.527738774  0.765950068726  2.0537208524  0.659565212704  16.1708252188  0.744755946037  2.31698142157  0.760192875852  16.6528191185  17.4118403105  1.5492269122  1.54361330667  8.49568602532  4.27164220713  1.61556589907  0.829198613505  1.70231766317  2.56976962362  4.16994961936  0.767203279933  5.61592016895  6.23441698316  0.553220028112  0.594271034959  0.617215614971  0.55953320181  0.525231581886  2.15984735166  0.868632748529  0.541176890579  -9999.0  -9999.0  -9999.0  -9999.0  -9999.0  -9999.0  -9999.0  -9999.0  -9999.0  -9999.0  -9999.0  -9999.0  -9999.0  -9999.0  -9999.0  -9999.0  -9999.0  -9999.0  -9999.0  -9999.0  -9999.0  -9999.0  -9999.0  -9999.0  -9999.0  -9999.0  -9999.0  -9999.0
-9999.0  -9999.0  -9999.0  -9999.0  -9999.0  -9999.0  -9999.0  -9999.0  2.35747546762  3.44735992104  1.12191039022  2.26702891655  3.32269040293  5.48532731669  1.04212614939  1.01644878437  0.887177658611  0.896400986184  0.812416379396  22.9874286569  0.904254314383  1.7731919345  194.867486912  196.388925814  0.712916841297  3.48670064777  20.3456235538  1.45886283954  2.99544564784  1.39627088695  2.06160755288  20.3155049714  2.23690757255  12.2141022993  9.99603189454  0.778070624124  4.00012232073  1.61497542836  2.47109423352  0.762253401711  4.8940700483  6.31191611286  6.83610927496  7.33240787953  8.28887070806  1.03846266965  1.09282136393  0.998070430197  0.927182435207  2.65584461632  0.534145741935  1.95848619368  2.43595723807  -9999.0  -9999.0  -9999.0  -9999.0  -9999.0  -9999.0  -9999.0  -9999.0  -9999.0  -9999.0  -9999.0  -9999.0  -9999.0  -9999.0  -9999.0  -9999.0  -9999.0  -9999.0  -9999.0  -9999.0  -9999.0  -9999.0  -9999.0  -9999.0  -9999.0  -9999.0  -9999.0
-9999.0  -9999.0  -9999.0  -9999.0  -9999.0  -9999.0  -9999.0  -9999.0  1.19061644162  5.80048073779  6.90256921039  1.1033673158  2.14390797156  1.03951160153  0.964957463553  0.951288840428  11.8261484161  15.6474415924  19.0626405002  22.4132946972  0.816044481313  0.883808619898  0.885552946138  200.086942044  201.647629818  202.297608954  27.0098283577  5.88484927072  5.14607065058  0.63614613094  2.69121047352  23.6640707401  0.649382698263  12.8813764876  0.736643123191  5.23070884859  4.80860543366  0.77502659098  3.23743140175  1.52380041089  2.26372650173  0.654778387001  0.490488286691  7.82221037485  8.26267301662  8.72810544737  1.56473032381  1.44630109219  1.35882899727  3.23254752692  4.31586833347  0.540993663026  2.94602903719  0.561828514918  1.04497030145  0.498157770082  -9999.0  -9999.0  -9999.0  -9999.0  -9999.0  -9999.0  -9999.0  -9999.0  -9999.0  -9999.0  -9999.0  -9999.0  -9999.0  -9999.0  -9999.0  -9999.0  -9999.0  -9999.0  -9999.0  -9999.0  -9999.0  -9999.0  -9999.0  -9999.0
-9999.0  -9999.0  -9999.0  -9999.0  -9999.0  -9999.0  -9999.0  -9999.0  -9999.0  1.19388726759  8.03510192046  9.12235659723  3.19318922606  5.26788640221  7.19405175102  8.15697365627  0.970475504022  2.93431423942  1.95040391039  0.990151097012  0.977941915663  0.909708163537  1.78119367617  3.00955745226  0.940584724098  230.962777287  231.699577633  0.663425242018  0.551765279012  1.2886591806  1.92012403877  25.5666307321  1.27229654435  13.461855801  7.94797842188  6.5813097153  0.722987261367  1.48264476802  3.92413034385  0.685797837415  2.92627535876  1.30172560269  0.875834180745  0.433847978698  9.53432750453  18.6122749788  1.87657859131  1.76664432051  1.77679857457  0.435083836305  4.74276867094  0.414881810539  3.90676008289  0.473486610132  1.51361594158  2.32092651709  0.240976989754  0.248210359954  0.299763737254  0.323177679967  0.207560664419  -9999.0  -9999.0  0.145039928187  0.119596230777  -9999.0  -9999.0  -9999.0  -9999.0  -9999.0  -9999.0  -9999.0  -9999.0  -9999.0  -9999.0  -9999.0  -9999.0  -9999.0  -9999.0  -9999.0
-9999.0  -9999.0  -9999.0  -9999.0  -9999.0  -9999.0  -9999.0  -9999.0  -9999.0  -9999.0  1.08505322328  11.302892022  1.04419381642  2.0778310704  3.0131598925  4.87156685339  0.948728565196  1.95370490632  0.966626766021  0.91483306119  0.87320765018  1.72653817589  0.777375939226  0.848860266403  1.66193249718  0.913578788283  232.429290091  233.761807643  235.730915792  2.53095248745  0.648792033645  1.29401915341  26.2328523806  24.596420374  9.32947072729  0.685626681678  2.90380574898  2.1897358711  4.61241714631  1.37068241983  5.55672035438  1.9550366082  1.40343427652  0.385967725971  0.45250784238  19.0929966786  19.4962408934  23.4868420533  3.14230555657  0.904449837715  5.20480400993  6.07259273054  10.3739986779  0.923636265801  0.429667476304  2.61655752989  3.09442033429  0.237315178336  0.450256630474  0.825640641221  0.40841345548  0.20151380738  0.196348303103  0.301212034264  0.251393175905  0.122125921892  -9999.0  -9999.0  -9999.0  -9999.0  -9999.0  -9999.0  -9999.0  -9999.0  -9999.0  -9999.0  -9999.0  -9999.0  -9999.0  -9999.0
-9999.0  -9999.0  -9999.0  -9999.0  -9999.0  -9999.0  -9999.0  -9999.0  -9999.0  -9999.0  -9999.0  0.61818420895  12.6532472178  1.05390163252  1.97609106553  8.70011789978  0.948502854049  0.940685781905  0.850428840169  1.80176014145  0.889521349537  3.49343168868  5.05371916133  5.77729014112  2.33757669065  2.94557918687  0.701086422441  0.858895098421  0.726348466001  239.570932638  241.599050888  26.8053236221  25.7267754093  25.1686857592  1.19766318526  0.58037300732  3.54114299002  9.43356423249  5.25613004539  2.00845909369  8.17213767027  3.28363699408  2.70660961122  0.784425913346  0.313852499283  0.295518223528  0.304790203203  25.0013866226  29.3894995759  0.431809137542  0.374255455148  0.430360474277  10.7835017519  12.1003588813  0.768203907537  0.327067853907  3.2963129585  0.425074019006  1.05874999381  2.08723105336  2.67857751902  3.05457064552  0.806064919586  0.457986860571  0.396245606802  0.254964739121  0.142422303506  -9999.0  -9999.0  -9999.0  -9999.0  -9999.0  -9999.0  -9999.0  -9999.0  -9999.0  -9999.0  -9999.0  -9999.0  -9999.0
-9999.0  -9999.0  -9999.0  -9999.0  -9999.0  -9999.0  -9999.0  -9999.0  -9999.0  -9999.0  -9999.0  0.576680359732  14.028835028  17.1200301306  0.934778537515  10.5616206451  0.88539687001  0.855202012101  1.72575433966  4.41584754459  0.869675596076  0.904266356224  0.778109798759  7.30966947794  8.03568345081  11.749554272  13.1447206066  13.8921303287  14.54871938  15.182823344  257.405144788  285.474979434  312.313719523  312.737327435  0.522283788304  0.590401157107  10.712219981  10.0767062617  0.634492932407  0.64279149536  8.88197451635  12.7746430757  0.526909149436  6.2133206127  5.70035055717  1.5879174924  0.698722469594  1.14441480896  0.451843870182  30.1330194685  0.379512175706  1.16711692251  1.44519544711  14.636408541  15.7322884134  16.3943369286  19.9709432073  0.262846297782  0.212722961365  0.188545652118  0.170132585466  3.41918966699  4.38643200616  0.173171043221  0.942901934476  0.394652010418  0.261015992662  0.0900931637004  0.0792507131827  -9999.0  -9999.0  -9999.0  -9999.0  -9999.0  -9999.0  -9999.0  -9999.0  -9999.0  -9999.0  -9999.0
-9999.0  -9999.0  -9999.0  -9999.0  -9999.0  -9999.0  -9999.0  -9999.0  -9999.0  -9999.0  -9999.0  1.11596509402  2.13211354599  18.1174408315  19.8902670945  0.885708948878  12.1012059629  0.761464762541  2.38077273033  5.21051073444  1.68082251926  0.808161878195  1.63569163844  0.684336997069  1.33415865316  0.671507693435  0.644490825596  0.605105813078  0.576303009339  0.568569386505  0.549234992783  0.674279735005  0.737070132323  0.749171181232  314.423813699  12.721975595  11.5429877815  0.389828179245  1.81576528057  0.443601032156  0.450853533662  13.3385264639  21.2480043972  6.81429791262  4.98005884896  0.933972853104  0.377231627762  0.34429621641  0.708089364641  31.2192047642  31.9147041849  0.363318385885  0.368653629783  0.376518831006  0.343557797873  0.641369590825  20.9465059053  21.4701603597  21.9311249211  0.438245751973  0.232761815409  0.189191887187  4.55511717086  4.86634728496  1.0613595584  0.125297565963  0.367791957858  0.169585049359  0.147537034807  -9999.0  -9999.0  -9999.0  -9999.0  -9999.0  -9999.0  -9999.0  -9999.0  -9999.0  -9999.0  -9999.0
-9999.0  -9999.0  -9999.0  -9999.0  -9999.0  -9999.0  -9999.0  -9999.0  -9999.0  -9999.0  -9999.0  -9999.0  0.972068842579  12.8835428319  33.7046840104  36.5348601096  49.4349318352  50.0762720484  11.5071974334  8.52708955798  2.50251161966  0.798823765457  3.20016647647  3.94474610946  5.96097877511  1.36933023193  1.30456562771  1.27500555345  2.50197039488  1.21011121033  1.17414762436  0.600157194093  0.522661921563  0.508328368387  314.91546949  328.040426827  328.660230941  0.391525240536  4.69650994174  2.07957372843  0.601834719927  23.0746078629  1.27998326845  0.658567813939  2.79612785827  0.626108386575  0.46031960874  0.845606485595  1.16231221759  1.51131708545  32.5007683505  0.274168125013  0.235348303715  0.235613259089  0.191549868018  0.216442103902  0.573446031718  0.728889887725  23.0722016403  24.8056614765  0.977072806162  0.460533078357  0.25557046629  0.185739689893  6.28823064759  8.17874141321  1.62671902286  0.793892309629  0.471600815591  -9999.0  -9999.0  -9999.0  -9999.0  -9999.0  -9999.0  -9999.0  -9999.0  -9999.0  -9999.0  -9999.0
-9999.0  -9999.0  -9999.0  -9999.0  -9999.0  -9999.0  -9999.0  -9999.0  -9999.0  -9999.0  -9999.0  1.04641135344  9.80949761855  11.8966366434  1.90675187384  0.628420801971  1.4491315711  52.3438598177  52.9929664991  65.1186095068  0.716778721381  1.50935572826  0.666690802449  0.676546142269  6.62124082018  8.64941282648  10.587050319  0.612824464548  3.11337983548  4.92470422458  2.92618385071  1.18079467461  1.05321045045  0.998453303968  0.928881645425  0.442453618622  329.022041874  329.303141806  334.606938986  0.979159008022  0.527188226771  23.4505940266  1.38929655887  0.70705345952  0.754545635454  0.748703401749  0.668847691295  1.16896457593  3.23085180689  5.12139691206  37.9038465148  0.201817349343  0.606145551849  0.410969890885  0.346591199578  0.166933411369  0.198356964702  0.224692431496  0.140213893837  25.0229004964  0.107660497186  0.35115266177  0.225702002777  0.152411308136  0.118172600718  8.31234659573  0.316862496016  0.138330788288  0.198100285338  0.0861680788726  -9999.0  -9999.0  -9999.0  -9999.0  -9999.0  -9999.0  -9999.0  -9999.0  -9999.0  -9999.0
-9999.0  -9999.0  -9999.0  -9999.0  -9999.0  -9999.0  -9999.0  -9999.0  -9999.0  -9999.0  -9999.0  1.06644086379  6.76448815612  1.06463486899  0.94114601511  4.90009043776  5.72761637692  6.56770612463  7.34767494013  87.9973151127  88.7508747444  90.2486880502  100.793388087  102.856395432  104.062504434  104.737170244  116.897118661  118.696641454  119.349535317  124.946295033  128.516084574  129.099041045  131.284564843  1.54780082571  1.43071343497  0.369591067294  0.316416977689  329.655379852  336.25531254  1.3691147064  26.8715143982  26.4173922743  2.60558780237  0.631365994158  0.63763310792  0.613838283486  0.602278890549  1.2095531034  1.68656910327  0.444040267583  38.169480253  38.4508654084  39.7023985079  39.9253250684  40.4744730704  40.8296713969  0.140914447271  0.172758822569  0.150798399915  25.1884048941  25.4259060229  25.9156655884  26.5315785969  0.287956769536  9.01356705718  8.62290724755  0.154142429548  3.24093401379  3.14357648871  0.252574072386  0.157445724667  -9999.0  -9999.0  -9999.0  -9999.0  -9999.0  -9999.0  -9999.0  -9999.0  -9999.0
-9999.0  -9999.0  -9999.0  -9999.0  -9999.0  -9999.0  -9999.0  -9999.0  -9999.0  -9999.0  -9999.0  3.47120043934  4.59855524472  2.17010216195  3.18211532556  0.999493066176  11.356263037  12.2319467495  13.9542280004  14.7397726704  5.74171003921  97.1617348194  97.8704858559  0.692595512822  0.532500740876  0.513629492682  1.09165823183  0.604179927969  0.505427915651  0.495514652805  0.500511715602  129.685344155  131.863734322  133.927572758  135.807275388  137.020132943  0.546632937005  0.170426675747  364.142149244  27.6268699761  27.3519992012  0.549671458418  0.510241540064  0.455897806407  1.10304365558  1.08018173522  0.494193105168  0.505958228716  0.44769333089  0.884582568464  1.14674980654  0.206580242576  0.376746289863  0.143492515379  0.119887111568  40.9604846488  41.251972387  41.5994186032  41.9336410938  42.1070540835  42.3687737191  42.4774616239  0.100217315797  27.0053061466  0.284534831428  12.64660159  3.44581831098  0.225078136812  2.80754772797  2.41289618171  0.179654241803  -9999.0  -9999.0  -9999.0  -9999.0  -9999.0  -9999.0  -9999.0  -9999.0  -9999.0
-9999.0  -9999.0  -9999.0  -9999.0  -9999.0  -9999.0  -9999.0  -9999.0  -9999.0  -9999.0  -9999.0  -9999.0  2.3489483421  1.1121595609  1.02121285771  9.60590842771  10.5050841217  0.903926922771  3.52116394299  4.34406547022  5.10089890406  0.815635165246  0.641414405694  14.7593197712  15.2925445534  15.8173223921  40.3756032186  40.8360811425  41.7532003414  45.9587154848  48.528863179  48.9504172439  0.447753831178  0.46147655727  0.419840182909  137.456043349  0.209616499797  368.553054155  368.244418681  3.8425210401  3.48489649931  2.09827159867  0.531412198532  0.916048625268  1.57020482081  1.55046088594  0.956812326294  0.485790022987  0.924207247139  0.899850940846  1.52529450288  0.268729918228  0.667595145389  1.03657394411  1.28821914339  1.42880852535  0.126366436558  0.127324038556  0.119213190818  0.121095890875  0.133678950887  42.639430818  42.8749693133  70.0245393474  70.1284563048  13.7026236548  0.870745948873  0.545481054468  0.201332039557  2.0897727252  1.94108842  -9999.0  -9999.0  -9999.0  -9999.0  -9999.0  -9999.0  -9999.0  -9999.0  -9999.0
-9999.0  -9999.0  -9999.0  -9999.0  -9999.0  -9999.0  -9999.0  -9999.0  -9999.0  -9999.0  -9999.0  -9999.0  1.20350515597  3.4105745068  4.45920525014  7.60020878121  0.909229950416  1.8448237984  2.71176561536  10.6865338879  11.4562437457  12.1439181936  12.8445657004  13.5616461281  20.6363547124  22.8323386008  24.1040587951  0.551202614239  3.30190262901  3.82521157728  47.2052307223  49.4070065028  50.3935889486  51.3899918471  52.2031835405  189.888586074  0.268258313127  369.698347378  0.659655232916  0.318144986065  2.97326479551  2.54601791802  0.404542655723  1.33925729506  1.98954177986  1.95038402261  1.31947945567  2.16650931608  3.41207708652  1.26360323533  3.11310984881  0.278848772771  0.462014346496  0.0908026303294  0.0661711200463  1.63897229214  1.70121287907  0.205908451044  0.205273415546  0.308574892886  0.0998285452425  0.099307241459  0.0792248979774  93.0489940114  92.9622851049  22.6237323302  0.272562458605  1.32250389454  1.05043963876  0.685637448308  1.82677980039  1.33688903636  -9999.0  -9999.0  -9999.0  -9999.0  -9999.0  -9999.0  -9999.0  -9999.0
-9999.0  -9999.0  -9999.0  -9999.0  -9999.0  -9999.0  -9999.0  -9999.0  -9999.0  -9999.0  -9999.0  -9999.0  1.14160005231  2.27603036628  1.05973834243  2.11481341122  0.929259243721  7.16443301217  8.9370756972  9.83924125396  0.823846097192  1.60903115148  15.5483756776  19.2851165755  19.9960692783  1.43030929161  1.59808341384  2.37350433294  0.469701642616  0.433544845094  0.811197070992  0.341717502178  23.3087186447  23.6966328197  24.0160647444  190.227282424  372.456770849  370.056287513  0.493668311978  0.233867925032  0.206667809939  0.89241162495  0.69784925488  1.72200443115  2.38349556406  4.75490341082  0.414487239883  0.411310217785  3.77443802364  4.15305235376  7.88307810828  8.08033701184  8.63625463332  8.80435073547  0.154444424169  0.229710900403  1.7568241167  97.032672717  95.0256146391  94.6539298949  94.1551282629  0.0762588513596  93.6065973429  0.160923195217  0.110788585277  8.50002667203  2.10887952375  1.98167899945  0.371011358706  0.407404677826  0.314205923238  1.17279069579  -9999.0  -9999.0  -9999.0  -9999.0  -9999.0  -9999.0  -9999.0  -9999.0
-9999.0  -9999.0  -9999.0  -9999.0  -9999.0  -9999.0  -9999.0  -9999.0  -9999.0  -9999.0  -9999.0  -9999.0  -9999.0  1.09980792582  2.1915517026  3.28884465253  5.22723621769  1.00711756418  0.914356234446  6.17160891294  7.00658250782  14.0309581057  14.8668109564  2.33621413981  0.770233012139  0.707603774721  0.718717338942  20.8501823984  21.3355199118  21.8219473521  22.2248674114  22.9489582596  4.16398859511  4.43880224515  28.8683358756  591.724515807  1.89534903227  1.485869076  0.730977827113  0.190793511898  0.168598254079  1.29100675285  1.41810059767  2.05133878229  0.168012199262  4.97832321098  0.709423000038  0.697416889993  0.150320990612  0.09598647525  0.078319665721  0.0699826818462  0.0763367585409  8.88130014046  113.410959862  104.131033427  103.843766802  97.1014987278  0.0911082590705  0.0751974669262  0.11775531374  93.7322428221  0.249762492232  0.109944309556  0.111030208759  0.112067457059  6.11842007207  5.8818650489  0.672348955528  0.346581589196  0.448161988905  0.448062402067  -9999.0  -9999.0  -9999.0  -9999.0  -9999.0  -9999.0  -9999.0  -9999.0
-9999.0  -9999.0  -9999.0  -9999.0  -9999.0  -9999.0  -9999.0  -9999.0  -9999.0  -9999.0  -9999.0  -9999.0  -9999.0  -9999.0  1.04854303497  1.92357240142  2.68053242174  3.43915520283  4.35043981877  5.28610160764  2.73075938763  4.54959875802  0.831231704434  0.795245826999  17.3255856073  18.8525107568  19.5502234299  20.2900425572  0.555544439398  1.02302690709  2.67833814185  3.29872481761  3.77825058135  0.344287475362  0.206325295517  592.555252042  0.37544750142  0.499984956567  0.306360894884  0.849647122761  0.372142482808  0.23126162589  3.62991637464  3.74433425239  0.0911590298408  5.07751761877  5.94317651311  0.930882916764  117.215850104  116.961319947  116.769021137  116.418228028  116.287535099  114.044903092  113.911627813  0.206864133338  6.69861812193  6.24563249506  5.8879025  5.801927396  3.11779578525  3.03517552174  2.84471868028  0.778833902188  0.695324165217  0.476073594128  0.124720502932  5.66459888317  4.84383009787  0.314650534714  0.600222505225  0.25833088872  -9999.0  -9999.0  -9999.0  -9999.0  -9999.0  -9999.0  -9999.0  -9999.0
-9999.0  -9999.0  -9999.0  -9999.0  -9999.0  -9999.0  -9999.0  -9999.0  -9999.0  -9999.0  -9999.0  -9999.0  -9999.0  -9999.0  0.208259515813  0.470060036146  0.780124734916  7.0493515435  7.99847642722  0.961134493907  0.923150629008  0.919014241526  14.0659127972  15.7949999692  0.825444699349  0.832804968221  0.680128438408  2.81796604621  3.49871150507  1.7142999657  2.21516361394  16.4610973458  16.9969575905  17.7736971169  28.1945384465  620.949184204  0.38237584525  0.234609547215  1.34512107293  1.10324420941  0.12325118194  0.490932158044  0.617426187747  3.88022646135  3.98500587947  10.1586467849  5.99155987071  1.04208455728  119.714352597  0.904823831976  116.605465379  116.517467967  2.11756285092  0.0650782791029  0.36743535189  0.253033545317  0.225024049614  0.287591057324  0.138924317084  2.60596785476  2.18785120448  0.130294895635  2.00230986142  0.265182070918  0.154882482805  0.363424139332  0.175487632525  0.552154390317  3.79348079276  3.16591416038  0.241921853521  0.339700576735  0.17049054212  -9999.0  -9999.0  -9999.0  -9999.0  -9999.0  -9999.0  -9999.0
-9999.0  -9999.0  -9999.0  -9999.0  -9999.0  -9999.0  -9999.0  -9999.0  -9999.0  -9999.0  -9999.0  -9999.0  -9999.0  -9999.0  1.02278664933  1.69131673411  3.54168478525  6.16386667082  8.68415785673  10.5394571925  11.4529814635  12.3780330367  13.2600662971  0.84873208694  0.763526365923  1.50290352962  1.40272212487  0.735341816397  14.2907819194  14.9554486532  15.5622711448  16.1374336444  9.18720603705  9.74506672647  10.1946504379  621.125848304  0.629804129683  0.818704404542  2.33900090915  0.244248302321  0.249796838857  0.128813684015  0.116822015298  0.728578506103  0.0827817333336  0.0887401733062  130.372390332  120.14951458  120.060711069  0.384892533076  0.771167578355  0.499093075363  0.113129184246  1.9651524118  0.526847473133  0.426432825123  0.3176366051  0.223210354321  0.126457389605  0.311144371821  2.07645981284  1.74968235664  1.44001693444  1.616762588  1.5136975124  1.43463261271  0.107073092208  0.226882316702  0.270033099127  2.32946559221  1.7891021457  1.00759213016  0.136767703864  -9999.0  -9999.0  -9999.0  -9999.0  -9999.0  -9999.0  -9999.0
-9999.0  -9999.0  -9999.0  -9999.0  -9999.0  -9999.0  -9999.0  -9999.0  -9999.0  -9999.0  -9999.0  -9999.0  -9999.0  -9999.0  0.714022302039  0.673175433217  1.32386409807  1.99945547044  0.988279039124  1.0863880874  2.05260423223  3.00383855441  4.78356869149  5.65765724859  6.41349496636  8.69788220911  9.39162883485  10.1543022065  0.69264641545  7.00855312274  7.59997884252  8.18035422333  0.503703469243  0.348047764127  0.595518070595  631.937809945  632.105690439  633.112078624  3.00033579951  0.48954078286  0.568272702548  0.1614315761  0.203856418156  0.818731580282  0.975674764019  0.158259161814  130.762159445  0.1202933115  0.204699845634  0.23438538973  0.154187497061  0.299098713803  0.11701658622  1.32365662848  1.04278255976  0.773641451351  0.393305611109  0.275420246728  0.151933720402  0.180162379075  0.199223147878  0.201821157543  1.32329170641  1.01418230668  0.715338669063  0.401181248937  1.34425349666  1.0157647481  0.225840043699  0.294137601997  0.278463548169  0.498102573223  0.240976783026  -9999.0  -9999.0  -9999.0  -9999.0  -9999.0  -9999.0  -9999.0
-9999.0  -9999.0  -9999.0  -9999.0  -9999.0  -9999.0  -9999.0  -9999.0  -9999.0  -9999.0  -9999.0  -9999.0  -9999.0  -9999.0  -9999.0  0.640432895745  1.25940521294  0.620840629229  1.32343486697  8.04155607558  8.88691664114  9.80007360817  0.885285904124  0.883559674988  1.64265325458  2.42580851692  3.79101242818  4.50278371558  4.97826843735  5.6591614319  0.551384562799  0.537835553988  9.25433472092  9.58937755354  9.81773929573  10.0295336007  7.99741057996  641.94539619  646.188456145  646.37121328  647.097219778  647.871695185  648.14636527  0.0742136298918  1.04674110393  130.829235858  0.157901809671  0.0813793010797  0.0856517755285  0.0855853181035  0.149100983776  0.15149422353  0.0895366971613  0.149101645941  0.140632383336  0.27253003173  0.125164292704  0.0920477384839  0.329936903713  0.237039655482  0.126973921087  0.124014848079  0.138886200626  0.149745173497  0.169773921625  0.236847075418  0.26263453855  0.484824790486  0.154100843912  0.445401337287  0.16969283482  0.176672227975  -9999.0  -9999.0  -9999.0  -9999.0  -9999.0  -9999.0  -9999.0  -9999.0
-9999.0  -9999.0  -9999.0  -9999.0  -9999.0  -9999.0  -9999.0  -9999.0  -9999.0  -9999.0  -9999.0  -9999.0  -9999.0  -9999.0  -9999.0  -9999.0  1.86874978692  2.50904521783  4.44746549146  5.96351253084  0.826662162228  11.6337279298  12.4963028097  13.3102869656  0.785585964829  1.54788008838  0.673642596705  5.16274147939  5.57796181503  6.25412419487  6.98809391409  8.54794529168  8.81756486733  0.173649229001  7.20874758541  7.62173693182  7.80548333215  8.65546006984  1.0710497769  0.674897623163  0.419079419737  0.358006320568  648.561569742  648.694178133  650.405142108  130.88758632  0.443873848007  0.234139151881  0.151986773026  0.0517774459121  0.474026951953  0.258330851264  0.0788696294776  0.449635670868  0.385087394706  0.06655012154  0.675695618704  0.608971025692  0.433005132309  0.092000962095  0.266701149395  0.198227118336  0.0777968833437  0.230953926158  0.152651482065  0.221774083615  0.213275998996  0.124458736499  0.273114035699  1.88577250997  1.02755294639  0.657570873431  0.270106371506  -9999.0  -9999.0  -9999.0  -9999.0  -9999.0  -9999.0  -9999.0
-9999.0  -9999.0  -9999.0  -9999.0  -9999.0  -9999.0  -9999.0  -9999.0  -9999.0  -9999.0  -9999.0  -9999.0  -9999.0  -9999.0  -9999.0  -9999.0  0.650871177909  3.15165298396  3.83813606103  0.864998998926  0.955408518176  1.93828761215  2.82827165541  16.9744144575  0.787577444215  3.15136241293  3.85101385746  4.53562523073  0.46435144348  1.07774160847  1.42914471585  5.74211651132  6.44838171972  6.62722061619  0.209126764427  0.214560156553  0.261435290976  0.468444231159  0.215306746457  0.230513895668  0.33505855864  0.255601368447  0.280402948766  0.600844466347  650.522784436  781.682272894  0.608911605829  0.204591393723  0.0602019374514  1.51774594795  1.4026575277  0.845531647587  0.761332181021  0.571767406613  0.144537486219  0.101573184798  0.742277004937  0.32771426563  0.255253862206  0.0784361676249  0.336180782933  0.626427943982  0.535938370967  0.337449144573  0.151131909373  0.602357857644  0.432013441303  0.22941558992  2.30401504172  2.21916463792  0.185662969153  0.169102333941  0.152861666718  0.139836526834  -9999.0  -9999.0  -9999.0  -9999.0  -9999.0  -9999.0
-9999.0  -9999.0  -9999.0  -9999.0  -9999.0  -9999.0  -9999.0  -9999.0  -9999.0  -9999.0  -9999.0  -9999.0  -9999.0  -9999.0  -9999.0  0.550825929708  1.78657795852  0.584382599988  0.982767980007  1.04918510629  2.01749346616  2.9756426393  3.75984807624  21.3332381542  22.083967422  0.77152350034  1.46417939328  2.16343732138  2.67158940069  3.24096321911  5.15206020264  5.52535672755  0.469392511396  0.320733291159  0.26011661767  0.153829849798  0.338352574005  0.325742328426  0.384979205521  0.435341176065  1.05897941575  0.403805662085  0.102441740873  0.0977779412984  0.098467908973  0.182330687062  786.771991595  4.35981427755  1.86140921683  0.151827701443  0.0690978630303  0.0497363151369  0.183829368762  0.129630486504  0.0678745330839  0.0670196454425  0.888407897372  1.30222158761  1.42642742987  0.0572321472715  1.12065895677  0.72679820536  0.0897057039414  0.0750371760662  0.147009305739  1.22484993197  0.533714806849  0.308271723778  2.38944131192  0.092278178457  0.108718521142  0.597097376477  0.302919832102  0.518360453168  0.228479336239  -9999.0  -9999.0  -9999.0  -9999.0  -9999.0
-9999.0  -9999.0  -9999.0  -9999.0  -9999.0  -9999.0  -9999.0  -9999.0  -9999.0  -9999.0  -9999.0  -9999.0  -9999.0  -9999.0  0.581364254426  1.11943854798  4.01316127022  0.542142746894  1.76143039235  2.786886288  3.73516800205  0.975263817742  1.81646778373  2.52800304045  25.1664747369  0.732444047718  1.38542872722  2.05331522629  0.616818815751  1.22747844264  1.68797130731  2.05830405088  46.5041046264  47.1469698918  47.8734025834  50.4282874658  51.1381676491  52.725950374  0.837387923398  1.75987592014  1.44610351693  58.1739077582  58.3661873806  0.088503063096  0.156962063249  0.221855218247  786.831559938  4.00784607887  1.94503516115  1.85548703529  1.40789421174  1.1999202445  0.243233400089  0.0569942230503  0.112150455207  0.0593592631115  0.0609961259845  0.144301946007  1.51471163542  2.78087673236  1.2048049404  0.250060233251  0.170560847203  0.0869154425296  1.67026515641  1.44027889553  0.118773273463  3.00584972315  2.4833117931  0.177075955393  1.10644071428  0.70974283741  0.786486391864  0.67160385187  0.144988678003  -9999.0  -9999.0  -9999.0  -9999.0  -9999.0
-9999.0  -9999.0  -9999.0  -9999.0  -9999.0  -9999.0  -9999.0  -9999.0  -9999.0  -9999.0  -9999.0  -9999.0  -9999.0  -9999.0  0.59324704212  1.79618568062  6.39910176629  9.41266971733  0.475158422978  12.2655501994  16.5908806387  0.910024470685  1.73995867482  2.48913267139  32.1387640509  32.6965061427  0.552107778044  3.1697072357  3.68943903448  4.2059620517  42.3202426826  43.5088532573  44.0931845016  0.289893578688  1.6866981927  2.0667735795  0.703397265671  1.00049379652  54.0668694733  56.2258331499  56.4340268839  56.6256173979  58.5597744699  0.0939452000949  0.0806132301995  0.364127213416  786.909610519  0.110864364115  0.126445150641  0.3750636347  0.143773448596  1.08819337887  0.829118822377  0.493809602366  0.354623437311  0.151047182199  0.0659539952884  0.215956697594  0.0633808370312  2.87170093483  0.382252042645  0.312244160241  0.0557961644022  0.144854570993  1.73999977041  0.059586149006  0.0916013268132  3.0949579116  0.0686624804787  1.27135107785  1.20128247056  1.08141144028  0.997585269705  0.101404082131  0.388869999878  0.124789427706  -9999.0  -9999.0  -9999.0  -9999.0
-9999.0  -9999.0  -9999.0  -9999.0  -9999.0  -9999.0  -9999.0  -9999.0  -9999.0  -9999.0  -9999.0  -9999.0  -9999.0  -9999.0  -9999.0  -9999.0  1.24517876738  2.49011216137  11.111326259  11.7256959932  17.1243902558  17.7189696118  0.88133799116  1.7618644488  4.00160826908  33.1790830273  34.3020403339  34.749645938  0.348050750935  36.41079389  37.6485539593  0.746266259131  0.273578394881  0.52033753215  1.0013194588  0.238093940502  0.459985497823  0.94965074312  1.17395910851  0.224781883763  0.140208349641  0.270907559482  59.7119448268  60.2207752235  60.2877625686  60.8575393215  786.976092295  0.0739416485542  0.084267220359  0.101750311987  0.0971660553968  0.100329934065  0.0835444197767  0.153870163212  0.0465478154508  0.119461436059  0.0708728406431  0.0765016899315  0.373509939338  3.45895515491  4.00542666558  4.08657464189  4.35271958859  0.0608100273707  1.79988938255  0.277924939127  0.157697034771  3.16006303901  3.29078774438  1.33569020488  1.42034044071  1.25682740517  0.719107636861  0.623810226719  0.521235396027  -9999.0  -9999.0  -9999.0  -9999.0  -9999.0
-9999.0  -9999.0  -9999.0  -9999.0  -9999.0  -9999.0  -9999.0  -9999.0  -9999.0  -9999.0  -9999.0  -9999.0  -9999.0  -9999.0  -9999.0  -9999.0  0.645843347126  0.628244084082  0.614121408177  1.22378057354  0.527552079618  18.771702296  19.3075431226  0.77140398092  1.54318415634  0.713717393436  0.550837366117  0.529927251446  35.7061285015  0.422627727795  0.852320636559  0.381798492439  0.281951394638  0.244030170349  0.178299823607  0.186923419144  0.564668551437  0.776327376233  0.14151016903  0.121933436752  0.266250211904  0.450817588739  0.625012873134  0.264468690383  60.4175176917  60.9264661948  787.020647651  0.377933745323  0.226170115001  0.0573585331782  0.141924547737  0.0459305963036  0.0346222975301  0.192046258615  0.244203703659  0.155221269306  0.0340085544156  0.0355642669241  0.0937096963203  0.0473466260959  0.0584615750879  0.0720104569199  0.0742201595831  6.77057845877  2.13518739556  0.0548600546674  0.0905101056379  0.0429633704994  7.51554422427  4.17607212379  4.11891801575  1.36299866401  0.963343571239  0.0800135855317  -9999.0  -9999.0  -9999.0  -9999.0  -9999.0  -9999.0
-9999.0  -9999.0  -9999.0  -9999.0  -9999.0  -9999.0  -9999.0  -9999.0  -9999.0  -9999.0  -9999.0  -9999.0  -9999.0  -9999.0  -9999.0  -9999.0  -9999.0  -9999.0  0.621282495678  1.78205760489  2.26127837064  2.77319645465  19.8133191729  20.3357649206  20.8489712884  21.4419812807  21.9541873932  23.0170343865  23.4135620633  23.8143621491  24.1239125702  0.251735080736  0.227616370379  0.239300695195  0.803371613608  0.212295513348  0.195747930583  0.148172047554  0.42409434654  0.168661006195  0.12537506895  0.1151936543  0.095179960633  0.189913059533  0.275141364085  61.4884280602  848.935967469  0.073238909745  0.134945862089  0.0461675782328  0.192869313223  0.106937643472  0.0696403910749  0.636400687124  0.41118607781  0.117126310432  0.0722272793093  0.167314745315  0.0394349239368  0.135503438601  0.0956294684065  0.195066696249  0.0669333952157  0.084676307327  6.83695904206  7.03956063116  9.41853163999  9.36782569244  9.30530913948  0.069237094609  1.26296177486  1.18541816512  0.112741800671  -9999.0  -9999.0  -9999.0  -9999.0  -9999.0  -9999.0  -9999.0
-9999.0  -9999.0  -9999.0  -9999.0  -9999.0  -9999.0  -9999.0  -9999.0  -9999.0  -9999.0  -9999.0  -9999.0  -9999.0  -9999.0  -9999.0  -9999.0  -9999.0  -9999.0  -9999.0  0.497769027768  4.06713538945  7.94075096224  8.46857913314  0.784326530909  1.54937803767  2.32946161738  2.93886341229  7.10134969022  7.38172732302  0.267413131461  0.25600690947  24.7975558472  25.292230884  25.4901745087  0.942003740263  0.118850270697  0.308774152324  0.450657666011  1.36456444903  1.67579944507  1.91250831883  0.214720927349  0.297809394594  0.100810105752  0.20116515027  0.104596333912  849.112480318  0.0574610183789  0.252883809315  0.103571958663  0.337790407809  0.83049153197  0.933380698492  1.60642270363  0.468785031879  0.421422263347  0.291262967412  0.262728626036  0.0649177986394  0.160792232695  0.246235737899  0.224308022306  0.0306628332847  16.9951116772  16.8853386207  16.8293413261  9.62382784506  0.106008173754  1.61550599503  1.15204660128  0.758398241744  0.471145623684  0.0809882915309  -9999.0  -9999.0  -9999.0  -9999.0  -9999.0  -9999.0  -9999.0
-9999.0  -9999.0  -9999.0  -9999.0  -9999.0  -9999.0  -9999.0  -9999.0  -9999.0  -9999.0  -9999.0  -9999.0  -9999.0  -9999.0  -9999.0  -9999.0  -9999.0  -9999.0  0.570334525066  1.8332066195  3.57751363683  4.65940984826  11.80482282  12.4616066563  1.62346504109  2.41203627191  3.06736513177  3.67522790463  7.72610916126  8.29448913418  14.89383331  15.4318753833  15.8333759679  25.6811030957  27.0692446878  0.299523789131  0.20714480479  0.193616291862  0.363981267722  0.161383244574  2.22450108691  2.33552818121  0.398766850662  0.58011674208  0.249816282764  167.645272583  167.909813694  1017.1228982  1017.45408812  0.0702600940972  0.485498220831  0.197506282135  0.161558377498  1.91641711463  2.44700214468  0.38133797793  0.330008966382  0.0643224846267  0.0341586296677  0.193569153994  17.4454517915  17.1752194361  17.143122234  17.0660674378  0.0792493877416  0.0899011786206  0.101930622761  0.1146370667  0.369657803171  0.247736511091  0.221171406478  0.330078346365  0.100073825029  -9999.0  -9999.0  -9999.0  -9999.0  -9999.0  -9999.0  -9999.0
-9999.0  -9999.0  -9999.0  -9999.0  -9999.0  -9999.0  -9999.0  -9999.0  -9999.0  -9999.0  -9999.0  -9999.0  -9999.0  -9999.0  -9999.0  -9999.0  -9999.0  -9999.0  -9999.0  0.661107778488  0.643540921338  1.20250517893  2.83484676937  12.9951433657  0.832989714323  0.823280443527  1.45648310816  2.11274705304  5.20502505747  5.67951089851  0.358426481069  0.328565835797  16.1288572538  16.3239876437  43.6586858631  43.9246115073  0.0946306793143  0.0816251211652  0.0662537917634  0.0669477101313  0.0792535557204  165.15532039  165.867723284  166.586628073  166.998755422  167.463460433  0.124307239774  0.456624818671  0.539877161659  1018.16141237  1018.19507898  1018.22549237  1018.33460049  1018.47324524  2.6779674205  0.031358400273  0.127599448992  0.101346854164  0.0259176146465  0.219327556769  17.5565677993  0.0796662334483  0.0448437333592  0.383206729546  0.341551632489  0.281482380774  0.22087602593  0.127735837277  0.146936437331  0.138147693296  0.11608888108  0.12428779218  -9999.0  -9999.0  -9999.0  -9999.0  -9999.0  -9999.0  -9999.0  -9999.0
-9999.0  -9999.0  -9999.0  -9999.0  -9999.0  -9999.0  -9999.0  -9999.0  -9999.0  -9999.0  -9999.0  -9999.0  -9999.0  -9999.0  -9999.0  -9999.0  -9999.0  -9999.0  -9999.0  -9999.0  0.578904355806  0.611887898793  1.12431462579  15.1835440693  15.7360474261  0.808389379646  1.4378271583  2.10772041724  2.67024452915  0.512006223891  0.920031857023  36.2169971173  36.4257640549  36.7453389998  38.6736041837  82.8405832278  160.775279126  161.019029744  161.233336328  161.437588788  162.393191477  162.712176346  0.612368800468  0.2693241871  0.166871818887  0.31123927219  0.228852103414  0.363363200673  0.111191116358  2.65467889595  3.00801231352  3.26474690261  3.2999859008  1018.50542593  1021.34158357  1021.58729994  0.166788596528  0.0269466136748  0.29642734621  0.249232647395  17.6203783708  0.0332921193041  0.781246582915  0.347494314838  0.296288514581  0.211848574634  0.11080817364  0.187938087562  0.0961699006799  -9999.0  -9999.0  -9999.0  -9999.0  -9999.0  -9999.0  -9999.0  -9999.0  -9999.0  -9999.0  -9999.0
-9999.0  -9999.0  -9999.0  -9999.0  -9999.0  -9999.0  -9999.0  -9999.0  -9999.0  -9999.0  -9999.0  -9999.0  -9999.0  -9999.0  -9999.0  -9999.0  -9999.0  -9999.0  -9999.0  -9999.0  -9999.0  0.590389079616  1.12684964314  1.66813021473  16.1844678335  0.577799810448  22.1150540375  22.8046341275  23.332766551  23.7882719214  34.4495688004  34.9115810413  0.228771996909  1.35993645763  1.68288930681  0.231435256331  77.6984001831  77.2895489068  0.114097983426  0.269589334647  0.766611977389  0.176717068105  0.19563027891  0.138749880639  0.119284368638  0.0909597326653  0.109682180154  2.30043112433  2.41588027299  2.55824170691  0.284680578739  0.206310842385  3.39185409924  3.44168033516  3.46780696224  1021.61770023  1021.6483933  0.370682216633  0.320789398503  18.4885747883  18.4644086229  0.813739371548  0.0808003788211  0.0422907782399  0.581949045523  0.50651139399  0.408995229331  0.28096657964  0.150239285031  0.069126901114  -9999.0  -9999.0  -9999.0  -9999.0  -9999.0  -9999.0  -9999.0  -9999.0  -9999.0  -9999.0
-9999.0  -9999.0  -9999.0  -9999.0  -9999.0  -9999.0  -9999.0  -9999.0  -9999.0  -9999.0  -9999.0  -9999.0  -9999.0  -9999.0  -9999.0  -9999.0  -9999.0  -9999.0  -9999.0  -9999.0  -9999.0  0.52934923268  0.492948559667  2.57063166579  19.8056219587  20.9138228913  21.4879037978  0.644203743867  9.37171878245  9.88245654721  10.1248405184  0.411036173838  0.683585761728  0.909694649225  17.8113169818  17.9828271128  18.1237663205  77.0398724272  47.3222816773  0.149713607425  0.169434123244  0.16163388754  0.128128412395  1.39978866717  1.67477048421  1.91339204688  2.04997589117  2.18079750005  18.9829251467  19.0819288145  19.2792264228  19.663323621  21.075821253  21.1132455704  24.6181066516  0.0274193833568  1021.67465767  1021.71001296  0.400667203557  18.5092600611  0.0501113212095  0.0254351693236  0.115464723573  0.87964772451  0.844106795379  0.179554263231  0.0907099940808  0.328138483196  0.238827010887  0.0684058807616  0.0572226749819  0.0562350945651  -9999.0  -9999.0  -9999.0  -9999.0  -9999.0  -9999.0  -9999.0  -9999.0
-9999.0  -9999.0  -9999.0  -9999.0  -9999.0  -9999.0  -9999.0  -9999.0  -9999.0  -9999.0  -9999.0  -9999.0  -9999.0  -9999.0  -9999.0  -9999.0  -9999.0  -9999.0  -9999.0  -9999.0  -9999.0  -9999.0  1.03255565614  1.58465639506  0.567974159168  0.826626627908  7.10854618813  7.77717435763  8.23584567675  3.62534171182  4.05050226201  4.48228633974  4.74777560108  17.4178988068  17.6708123544  11.0904398207  29.4053142578  29.5806714594  47.2041541509  0.349667450265  0.181597947216  0.122253617912  0.976932098034  1.1483856386  0.101635076959  0.0941514971833  18.5375518118  18.7793715148  18.8968224969  0.147066915184  0.25318246663  20.8210476208  0.100070299733  0.314885476173  0.343739400268  25.0166552193  25.044916762  25.4385216687  1047.57673812  18.5840763891  1.12690356241  1.1015846142  1.06659814898  0.91391257415  0.0437636191823  0.477902858223  0.416825829479  0.137071124259  0.0632476362769  0.119224008895  0.262350668183  0.147537988289  -9999.0  -9999.0  -9999.0  -9999.0  -9999.0  -9999.0  -9999.0  -9999.0
-9999.0  -9999.0  -9999.0  -9999.0  -9999.0  -9999.0  -9999.0  -9999.0  -9999.0  -9999.0  -9999.0  -9999.0  -9999.0  -9999.0  -9999.0  -9999.0  -9999.0  -9999.0  -9999.0  -9999.0  -9999.0  -9999.0  0.518185485685  1.02371681388  4.33857510504  4.93712451211  5.58935036728  2.70378173395  3.19845576507  0.445556285711  11.6818777021  12.0733516708  12.4261601553  0.281708476378  10.6257573739  10.8895952425  0.185455482227  46.2944821111  0.39565154918  0.19675458594  0.538303131958  0.720589481345  0.137677945447  0.109911835412  17.2582039696  18.3197075404  18.4646898403  0.151212913812  0.331963948513  0.413072858967  0.527086157728  1.00757645361  0.115205426485  0.262030833213  0.0471537568795  0.0921553867154  25.3754812895  25.4092553851  1047.61494602  1067.55211964  1.31820141357  0.13907912928  0.113295845504  0.0696827690743  0.0349367650267  0.524007016534  0.277766294424  0.21117564522  0.771495831507  0.698004283606  0.486753620608  0.111461338198  0.0590930209171  -9999.0  -9999.0  -9999.0  -9999.0  -9999.0  -9999.0  -9999.0
-9999.0  -9999.0  -9999.0  -9999.0  -9999.0  -9999.0  -9999.0  -9999.0  -9999.0  -9999.0  -9999.0  -9999.0  -9999.0  -9999.0  -9999.0  -9999.0  -9999.0  -9999.0  -9999.0  -9999.0  -9999.0  -9999.0  0.508289634823  1.60469448628  2.81078696442  0.685705334246  1.4360415472  2.11958950347  9.91083630654  10.4337305267  10.8531138877  0.383171122598  8.70007891366  9.83053261386  10.1383721248  0.233757476908  45.4648471231  45.9378373127  0.221425226052  0.199547228273  0.401684021489  0.161419029382  16.4796062119  16.7656044456  16.9473348148  0.68627085695  0.848035488417  0.138564341392  0.244491487648  0.106936643897  0.763068209694  0.109051939946  0.0706100936044  0.0735769103231  0.0751917181909  0.153708444513  0.202054231492  88.6528335008  88.7629058  1156.4368034  1156.45674347  1156.53684771  0.131515561438  1.07372846031  0.98278437012  0.396448950096  0.367342198128  0.047492497257  0.916519452842  0.0691771919221  0.0609533259208  0.0505820657093  0.218507568115  0.094717441187  -9999.0  -9999.0  -9999.0  -9999.0  -9999.0  -9999.0
-9999.0  -9999.0  -9999.0  -9999.0  -9999.0  -9999.0  -9999.0  -9999.0  -9999.0  -9999.0  -9999.0  -9999.0  -9999.0  -9999.0  -9999.0  -9999.0  -9999.0  -9999.0  -9999.0  -9999.0  -9999.0  -9999.0  -9999.0  0.558264053667  0.62959281726  0.782033922075  6.85114501019  7.49281765971  9.35956255598  0.529731693764  7.03404806036  7.98046513039  0.396846043616  0.806477099494  0.291183636442  44.7263819496  0.303988666472  0.754831379613  0.92031544747  1.10056031894  15.3523144337  16.0043283369  16.1987735252  0.196687793179  0.367024834684  0.518888663653  0.0912446281104  0.0822556948101  44.2438128109  44.3266631074  44.3926319565  45.1247436059  45.2083244101  45.3095581879  45.3670189196  75.474582401  75.5382430074  88.6173000752  0.0719193758835  0.0831023666391  0.135279917943  1156.69454821  1156.987565  1158.11754754  1158.13667605  0.0576920446613  0.0341709698011  1.02849894385  0.993302655988  0.0477242625354  0.123496769717  0.94263471867  0.600989805874  0.525613552795  0.139924216391  -9999.0  -9999.0  -9999.0  -9999.0  -9999.0
-9999.0  -9999.0  -9999.0  -9999.0  -9999.0  -9999.0  -9999.0  -9999.0  -9999.0  -9999.0  -9999.0  -9999.0  -9999.0  -9999.0  -9999.0  -9999.0  -9999.0  -9999.0  -9999.0  -9999.0  -9999.0  -9999.0  -9999.0  0.467773909356  1.26508242352  2.77551141192  6.13845621847  0.740506339991  1.33550548696  5.56683643188  6.08217659233  0.497669267857  10.7574920611  11.1723680166  43.7826940576  44.1168930853  0.278097886967  0.51626234804  2.39100334294  13.3424693758  14.1261908715  0.488673582363  0.225121637077  0.171566267441  38.2276132709  38.5476381917  38.7967227766  39.0475336048  44.1681474924  0.266448802844  45.045774752  0.146801620702  0.0910846141133  0.224192880642  29.9626524962  30.0652486263  12.7415339962  13.0015258072  0.171057591627  0.0831595265494  0.094406582  0.106904108085  0.141658782877  0.0364493921632  1222.25598008  1222.33474622  1.39663730689  1.09393409054  0.0357149294695  1.41682477807  1.32218958009  1.12258955023  0.101225556438  0.129109926506  0.151940386544  -9999.0  -9999.0  -9999.0  -9999.0  -9999.0
-9999.0  -9999.0  -9999.0  -9999.0  -9999.0  -9999.0  -9999.0  -9999.0  -9999.0  -9999.0  -9999.0  -9999.0  -9999.0  -9999.0  -9999.0  -9999.0  -9999.0  -9999.0  -9999.0  -9999.0  -9999.0  -9999.0  -9999.0  -9999.0  0.972310873384  1.87751292162  2.65341926833  4.31720084199  4.93653837493  8.14388699619  9.28937140185  9.79803667088  10.2884532321  31.8687997449  32.2670859985  0.274217681439  1.83041407553  2.1364446084  10.3563879693  10.6565015237  0.496069983925  0.19202960767  37.0636583323  37.7184196175  37.9227928523  0.175138962712  4.67656515333  4.82672894907  4.98952216105  0.138649468718  0.100375918771  0.0820923441719  0.167738351196  29.4952718367  29.6730624835  0.0725086448856  12.6736284499  12.2099271371  12.1461740593  0.0652092811173  0.182444563336  0.123474793518  0.175237303049  63.7158074179  64.0884695864  1223.76124875  0.134790088152  0.0420344004695  1.49472589959  0.0470600884681  0.249899525093  0.176488149447  0.0934109275748  -9999.0  -9999.0  -9999.0  -9999.0  -9999.0  -9999.0  -9999.0
-9999.0  -9999.0  -9999.0  -9999.0  -9999.0  -9999.0  -9999.0  -9999.0  -9999.0  -9999.0  -9999.0  -9999.0  -9999.0  -9999.0  -9999.0  -9999.0  -9999.0  -9999.0  -9999.0  -9999.0  -9999.0  -9999.0  -9999.0  -9999.0  0.922418413685  2.80012006194  3.54874294087  5.21945293048  6.77063432771  7.53304795316  0.578001466715  7.98246527761  30.8889451049  31.4460022394  0.48865976883  0.907703319046  1.59901819754  9.73997370263  10.1028255421  23.8992414692  24.4440544427  36.649152777  36.8715286376  0.376960436444  3.87869496082  4.3469758507  4.55450317271  0.160351524452  25.6676202132  25.8082684542  26.2756835661  28.2963869396  29.0938807924  29.2420711983  0.133712741447  0.234237986811  0.31576308337  10.5681569363  12.0296410771  1.00759216397  0.934311995597  0.100916259119  0.137366418148  63.4980432625  0.338015242672  0.0619660190196  1223.83500472  0.0180031200671  0.0189526536406  1.83743809967  0.309757380337  0.059305356681  0.0592206133058  -9999.0  -9999.0  -9999.0  -9999.0  -9999.0  -9999.0  -9999.0
-9999.0  -9999.0  -9999.0  -9999.0  -9999.0  -9999.0  -9999.0  -9999.0  -9999.0  -9999.0  -9999.0  -9999.0  -9999.0  -9999.0  -9999.0  -9999.0  -9999.0  -9999.0  -9999.0  -9999.0  -9999.0  -9999.0  -9999.0  -9999.0  0.999021524436  0.962735264805  3.60800668427  4.3552306544  0.78363926658  6.62242949815  7.34112517306  0.65167606117  21.6932572236  0.613347583786  4.13882752373  8.98634011816  9.40816741993  21.9213712618  22.2653301612  23.6022177893  0.350563188924  11.9899283993  0.257203763341  0.60350674747  3.69977196093  0.270424190905  5.97093644417  25.3849096657  0.196537808852  0.367712848438  1.63443924908  0.205631571328  0.282051643437  0.213208765293  0.0999930797222  9.48605287201  10.1998064014  10.4912796703  0.367010507361  0.233682117572  0.474327362395  0.127505123634  63.1087031163  63.1955157058  0.168357290089  0.0383304481994  0.01461578857  1223.94750066  1226.12617841  2.14339648522  0.279963967823  0.242464093355  0.132299326033  -9999.0  -9999.0  -9999.0  -9999.0  -9999.0  -9999.0  -9999.0
-9999.0  -9999.0  -9999.0  -9999.0  -9999.0  -9999.0  -9999.0  -9999.0  -9999.0  -9999.0  -9999.0  -9999.0  -9999.0  -9999.0  -9999.0  -9999.0  -9999.0  -9999.0  -9999.0  -9999.0  -9999.0  -9999.0  -9999.0  -9999.0  -9999.0  0.936250177011  0.974979281519  0.944375393912  4.98386503546  5.84776348633  9.79170589042  21.1190921093  0.761820155914  2.31020599568  3.01228602847  4.39265480955  1.12162325372  21.4966481301  0.495113333641  0.973147143294  11.2531460077  0.422366334191  1.84332376483  2.32815568663  0.426356271785  0.276840036349  5.82048758453  19.2231875066  0.266689736913  0.949342036049  1.49956219553  0.182995850001  0.153099341533  8.5081219921  8.97054906518  0.326144519295  0.61801381479  0.166986544296  0.264805221276  0.135192381394  0.157826550172  0.0960101507686  63.0310317464  0.27032165541  -9999.0  -9999.0  0.0395397069641  0.0689072688363  1226.13824758  1226.15126602  1226.30219766  0.101732037741  -9999.0  -9999.0  -9999.0  -9999.0  -9999.0  -9999.0  -9999.0  -9999.0
-9999.0  -9999.0  -9999.0  -9999.0  -9999.0  -9999.0  -9999.0  -9999.0  -9999.0  -9999.0  -9999.0  -9999.0  -9999.0  -9999.0  -9999.0  -9999.0  -9999.0  -9999.0  -9999.0  -9999.0  -9999.0  -9999.0  -9999.0  -9999.0  -9999.0  -9999.0  0.801822522488  2.52353363827  3.2307262057  9.10625271366  3.08358917348  10.5982483334  6.90242929603  0.771083933342  2.33821348095  3.76199254175  0.616232612498  19.8923996695  7.87542535437  9.78525838314  1.08834211184  1.08841098368  0.427477478516  0.319255624864  5.01419628819  5.29571211791  18.4431455752  18.6971822651  0.47093699155  0.723630349691  0.190206461914  6.67881692262  7.62325816437  8.40121326659  0.349274381527  0.16133815073  0.451970567359  0.158681845985  0.114754439166  0.0812425148177  62.0965145865  62.3926043965  62.5830632951  0.183051160726  -9999.0  -9999.0  -9999.0  -9999.0  -9999.0  0.0130369042789  1226.30898778  1226.32131359  -9999.0  -9999.0  -9999.0  -9999.0  -9999.0  -9999.0  -9999.0  -9999.0
-9999.0  -9999.0  -9999.0  -9999.0  -9999.0  -9999.0  -9999.0  -9999.0  -9999.0  -9999.0  -9999.0  -9999.0  -9999.0  -9999.0  -9999.0  -9999.0  -9999.0  -9999.0  -9999.0  -9999.0  -9999.0  -9999.0  -9999.0  -9999.0  -9999.0  -9999.0  1.03835977425  0.963339489715  8.4534553231  0.717713048891  2.46199458991  4.44991748008  6.17803210598  0.856880134016  0.790077981322  0.736400435469  18.5268196559  19.2517275944  7.29131671715  1.38419332184  0.661821149965  0.656664219471  4.24141455082  4.74068598205  16.4441019356  17.2183091607  17.8910861332  0.316140938748  0.24341485986  6.17354904402  6.33653335172  6.52900340981  0.820803801615  0.418916099006  0.192360293538  0.184161456148  0.128002505005  1.09049032275  1.17041648279  61.913127064  62.0233280164  0.203461519272  0.0967801360248  0.0924098781357  -9999.0  -9999.0  -9999.0  -9999.0  -9999.0  -9999.0  -9999.0  -9999.0  -9999.0  -9999.0  -9999.0  -9999.0  -9999.0  -9999.0  -9999.0  -9999.0
-9999.0  -9999.0  -9999.0  -9999.0  -9999.0  -9999.0  -9999.0  -9999.0  -9999.0  -9999.0  -9999.0  -9999.0  -9999.0  -9999.0  -9999.0  -9999.0  -9999.0  -9999.0  -9999.0  -9999.0  -9999.0  -9999.0  -9999.0  -9999.0  -9999.0  -9999.0  -9999.0  2.00812100701  6.75723555942  3.81589110772  0.896111152611  3.68550747861  0.875870534115  2.70336936217  3.40484511505  16.5167303631  17.9415327161  5.94198870482  6.62787758651  0.691577061097  3.02525577409  3.64785052204  10.2534873733  15.5758755465  16.1023550424  0.467024307901  0.348842193746  4.73942083972  5.3528818104  6.00097046473  0.236513278454  0.434646778805  0.644934553191  0.20581367721  0.450489573658  0.719021006408  0.833685215536  1.00151176972  0.0996412042233  60.5081757064  0.232258734354  0.107466929902  -9999.0  -9999.0  -9999.0  -9999.0  -9999.0  -9999.0  -9999.0  -9999.0  -9999.0  -9999.0  -9999.0  -9999.0  -9999.0  -9999.0  -9999.0  -9999.0  -9999.0  -9999.0
-9999.0  -9999.0  -9999.0  -9999.0  -9999.0  -9999.0  -9999.0  -9999.0  -9999.0  -9999.0  -9999.0  -9999.0  -9999.0  -9999.0  -9999.0  -9999.0  -9999.0  -9999.0  -9999.0  -9999.0  -9999.0  -9999.0  -9999.0  -9999.0  -9999.0  -9999.0  -9999.0  1.03831063754  0.976917353568  1.89157520875  0.951006355362  1.85051111619  1.87379975125  10.3596885824  10.982867586  1.54866272357  0.810734661215  5.25281334778  1.58328724949  2.37864237806  8.4060817204  9.0477546323  9.69715772278  4.76964417838  1.8165553213  2.80814083725  3.62934881601  4.50711131085  0.414181001622  0.348191596065  35.5138463687  35.7670551837  35.9585596121  0.17130960063  0.303401089104  0.158657334759  0.108532127066  57.6933478538  58.4087321022  1.66366619331  1.46803439697  0.138105375478  -9999.0  -9999.0  -9999.0  -9999.0  -9999.0  -9999.0  -9999.0  -9999.0  -9999.0  -9999.0  -9999.0  -9999.0  -9999.0  -9999.0  -9999.0  -9999.0  -9999.0  -9999.0
-9999.0  -9999.0  -9999.0  -9999.0  -9999.0  -9999.0  -9999.0  -9999.0  -9999.0  -9999.0  -9999.0  -9999.0  -9999.0  -9999.0  -9999.0  -9999.0  -9999.0  -9999.0  -9999.0  -9999.0  -9999.0  -9999.0  -9999.0  -9999.0  -9999.0  -9999.0  -9999.0  -9999.0  -9999.0  0.887193160127  0.87780444389  0.971806117429  3.89889780698  9.51074365966  4.71340710088  0.866900127438  3.60970801864  4.45599371916  0.782049913421  7.0584045171  7.74017643095  2.18402066877  3.47987306789  0.664757607228  1.20206373881  0.537053095015  0.414108703138  0.40661661913  34.7000756988  35.0407513554  35.2837326702  1.22304594612  37.644789563  37.8453825501  38.014147596  38.1758368142  38.4569779788  57.6086628396  57.8654121642  0.438297648261  1.3233724028  0.35050688287  -9999.0  -9999.0  -9999.0  -9999.0  -9999.0  -9999.0  -9999.0  -9999.0  -9999.0  -9999.0  -9999.0  -9999.0  -9999.0  -9999.0  -9999.0  -9999.0  -9999.0  -9999.0
-9999.0  -9999.0  -9999.0  -9999.0  -9999.0  -9999.0  -9999.0  -9999.0  -9999.0  -9999.0  -9999.0  -9999.0  -9999.0  -9999.0  -9999.0  -9999.0  -9999.0  -9999.0  -9999.0  -9999.0  -9999.0  -9999.0  -9999.0  -9999.0  -9999.0  -9999.0  -9999.0  -9999.0  -9999.0  -9999.0  -9999.0  1.00623913084  2.01631249877  1.9928967155  1.96094827303  1.90676427318  2.82376737282  4.66328578493  5.46004451205  6.3211904669  0.750975781485  1.51932684586  0.667021503695  0.602489290907  21.8509829653  26.4017134107  27.4068094398  27.8710936665  34.3935040838  0.370231563727  0.66914382739  1.03021794088  6.00950399119  6.3954084856  6.56551177466  14.1089043197  17.3731178153  18.979740455  0.234863286258  0.244623603207  0.812940773057  0.202293799928  -9999.0  -9999.0  -9999.0  -9999.0  -9999.0  -9999.0  -9999.0  -9999.0  -9999.0  -9999.0  -9999.0  -9999.0  -9999.0  -9999.0  -9999.0  -9999.0  -9999.0  -9999.0
-9999.0  -9999.0  -9999.0  -9999.0  -9999.0  -9999.0  -9999.0  -9999.0  -9999.0  -9999.0  -9999.0  -9999.0  -9999.0  -9999.0  -9999.0  -9999.0  -9999.0  -9999.0  -9999.0  -9999.0  -9999.0  -9999.0  -9999.0  -9999.0  -9999.0  -9999.0  -9999.0  -9999.0  -9999.0  -9999.0  -9999.0  -9999.0  1.01885151822  1.01533075917  0.990421537032  0.960552941421  1.92892141037  3.78458661078  3.6424630394  4.4456609137  5.14409956197  11.848499545  12.4976034901  20.9104855679  21.4469447577  4.12914890768  0.498076134189  5.6722002806  6.09384016428  2.35997731782  4.55121684849  5.31958901542  5.64565140297  0.279458920573  7.40084126377  14.7215763028  17.2475895278  0.240821439363  1.18850413021  0.211222338921  0.623969409845  -9999.0  -9999.0  -9999.0  -9999.0  -9999.0  -9999.0  -9999.0  -9999.0  -9999.0  -9999.0  -9999.0  -9999.0  -9999.0  -9999.0  -9999.0  -9999.0  -9999.0  -9999.0  -9999.0
-9999.0  -9999.0  -9999.0  -9999.0  -9999.0  -9999.0  -9999.0  -9999.0  -9999.0  -9999.0  -9999.0  -9999.0  -9999.0  -9999.0  -9999.0  -9999.0  -9999.0  -9999.0  -9999.0  -9999.0  -9999.0  -9999.0  -9999.0  -9999.0  -9999.0  -9999.0  -9999.0  -9999.0  -9999.0  -9999.0  -9999.0  -9999.0  -9999.0  -9999.0  -9999.0  1.02427242473  0.951139902165  0.957673594415  2.79691579227  2.66212394989  5.1782046396  6.01851467891  0.750794388875  7.7422360856  2.96935221251  3.59802005117  3.57904322107  5.2383720264  1.46934366966  0.476860376912  1.88951034541  0.448883539177  4.03150930671  4.80022629976  6.88991111605  0.337283414394  1.48848659711  0.555387730964  0.732748223922  0.228608857502  0.42942294166  -9999.0  -9999.0  -9999.0  -9999.0  -9999.0  -9999.0  -9999.0  -9999.0  -9999.0  -9999.0  -9999.0  -9999.0  -9999.0  -9999.0  -9999.0  -9999.0  -9999.0  -9999.0  -9999.0
-9999.0  -9999.0  -9999.0  -9999.0  -9999.0  -9999.0  -9999.0  -9999.0  -9999.0  -9999.0  -9999.0  -9999.0  -9999.0  -9999.0  -9999.0  -9999.0  -9999.0  -9999.0  -9999.0  -9999.0  -9999.0  -9999.0  -9999.0  -9999.0  -9999.0  -9999.0  -9999.0  -9999.0  -9999.0  -9999.0  -9999.0  -9999.0  -9999.0  -9999.0  -9999.0  -9999.0  -9999.0  0.940770775422  0.88166583171  1.78427819263  1.71610317642  4.60578821959  6.20674684048  1.61250006175  2.29246395918  1.86621233253  3.05247409752  1.13043773312  1.03410724071  1.03353225724  0.443812288848  2.39965769553  3.66922694516  0.415971593159  1.72725864129  0.688968319498  0.482673574293  0.255360634184  0.239422110312  0.254497166385  -9999.0  -9999.0  -9999.0  -9999.0  -9999.0  -9999.0  -9999.0  -9999.0  -9999.0  -9999.0  -9999.0  -9999.0  -9999.0  -9999.0  -9999.0  -9999.0  -9999.0  -9999.0  -9999.0  -9999.0
-9999.0  -9999.0  -9999.0  -9999.0  -9999.0  -9999.0  -9999.0  -9999.0  -9999.0  -9999.0  -9999.0  -9999.0  -9999.0  -9999.0  -9999.0  -9999.0  -9999.0  -9999.0  -9999.0  -9999.0  -9999.0  -9999.0  -9999.0  -9999.0  -9999.0  -9999.0  -9999.0  -9999.0  -9999.0  -9999.0  -9999.0  -9999.0  -9999.0  -9999.0  -9999.0  -9999.0  -9999.0  -9999.0  -9999.0  0.889932642206  1.94373226008  3.77319156925  0.829861713437  0.823759781942  0.636900251929  1.2837863641  0.604043256484  0.571158139237  0.54120404901  0.541639084053  1.01042210632  1.99585444327  0.906839041785  0.941767379911  1.35522503372  0.357720900218  0.235332790117  -9999.0  -9999.0  -9999.0  -9999.0  -9999.0  -9999.0  -9999.0  -9999.0  -9999.0  -9999.0  -9999.0  -9999.0  -9999.0  -9999.0  -9999.0  -9999.0  -9999.0  -9999.0  -9999.0  -9999.0  -9999.0  -9999.0  -9999.0
-9999.0  -9999.0  -9999.0  -9999.0  -9999.0  -9999.0  -9999.0  -9999.0  -9999.0  -9999.0  -9999.0  -9999.0  -9999.0  -9999.0  -9999.0  -9999.0  -9999.0  -9999.0  -9999.0  -9999.0  -9999.0  -9999.0  -9999.0  -9999.0  -9999.0  -9999.0  -9999.0  -9999.0  -9999.0  -9999.0  -9999.0  -9999.0  -9999.0  -9999.0  -9999.0  -9999.0  -9999.0  -9999.0  -9999.0  -9999.0  0.92273812981  0.877985956904  -9999.0  -9999.0  -9999.0  -9999.0  -9999.0  -9999.0  -9999.0  -9999.0  0.512380975217  0.485714796964  0.424208832454  0.445002112484  -9999.0  -9999.0  -9999.0  -9999.0  -9999.0  -9999.0  -9999.0  -9999.0  -9999.0  -9999.0  -9999.0  -9999.0  -9999.0  -9999.0  -9999.0  -9999.0  -9999.0  -9999.0  -9999.0  -9999.0  -9999.0  -9999.0  -9999.0  -9999.0  -9999.0  -9999.0
-9999.0  -9999.0  -9999.0  -9999.0  -9999.0  -9999.0  -9999.0  -9999.0  -9999.0  -9999.0  -9999.0  -9999.0  -9999.0  -9999.0  -9999.0  -9999.0  -9999.0  -9999.0  -9999.0  -9999.0  -9999.0  -9999.0  -9999.0  -9999.0  -9999.0  -9999.0  -9999.0  -9999.0  -9999.0  -9999.0  -9999.0  -9999.0  -9999.0  -9999.0  -9999.0  -9999.0  -9999.0  -9999.0  -9999.0  -9999.0  -9999.0  -9999.0  -9999.0  -9999.0  -9999.0  -9999.0  -9999.0  -9999.0  -9999.0  -9999.0  -9999.0  -9999.0  -9999.0  -9999.0  -9999.0  -9999.0  -9999.0  -9999.0  -9999.0  -9999.0  -9999.0  -9999.0  -9999.0  -9999.0  -9999.0  -9999.0  -9999.0  -9999.0  -9999.0  -9999.0  -9999.0  -9999.0  -9999.0  -9999.0  -9999.0  -9999.0  -9999.0  -9999.0  -9999.0  -9999.0
-9999.0  -9999.0  -9999.0  -9999.0  -9999.0  -9999.0  -9999.0  -9999.0  -9999.0  -9999.0  -9999.0  -9999.0  -9999.0  -9999.0  -9999.0  -9999.0  -9999.0  -9999.0  -9999.0  -9999.0  -9999.0  -9999.0  -9999.0  -9999.0  -9999.0  -9999.0  -9999.0  -9999.0  -9999.0  -9999.0  -9999.0  -9999.0  -9999.0  -9999.0  -9999.0  -9999.0  -9999.0  -9999.0  -9999.0  -9999.0  -9999.0  -9999.0  -9999.0  -9999.0  -9999.0  -9999.0  -9999.0  -9999.0  -9999.0  -9999.0  -9999.0  -9999.0  -9999.0  -9999.0  -9999.0  -9999.0  -9999.0  -9999.0  -9999.0  -9999.0  -9999.0  -9999.0  -9999.0  -9999.0  -9999.0  -9999.0  -9999.0  -9999.0  -9999.0  -9999.0  -9999.0  -9999.0  -9999.0  -9999.0  -9999.0  -9999.0  -9999.0  -9999.0  -9999.0  -9999.0
-9999.0  -9999.0  -9999.0  -9999.0  -9999.0  -9999.0  -9999.0  -9999.0  -9999.0  -9999.0  -9999.0  -9999.0  -9999.0  -9999.0  -9999.0  -9999.0  -9999.0  -9999.0  -9999.0  -9999.0  -9999.0  -9999.0  -9999.0  -9999.0  -9999.0  -9999.0  -9999.0  -9999.0  -9999.0  -9999.0  -9999.0  -9999.0  -9999.0  -9999.0  -9999.0  -9999.0  -9999.0  -9999.0  -9999.0  -9999.0  -9999.0  -9999.0  -9999.0  -9999.0  -9999.0  -9999.0  -9999.0  -9999.0  -9999.0  -9999.0  -9999.0  -9999.0  -9999.0  -9999.0  -9999.0  -9999.0  -9999.0  -9999.0  -9999.0  -9999.0  -9999.0  -9999.0  -9999.0  -9999.0  -9999.0  -9999.0  -9999.0  -9999.0  -9999.0  -9999.0  -9999.0  -9999.0  -9999.0  -9999.0  -9999.0  -9999.0  -9999.0  -9999.0  -9999.0  -9999.0
-9999.0  -9999.0  -9999.0  -9999.0  -9999.0  -9999.0  -9999.0  -9999.0  -9999.0  -9999.0  -9999.0  -9999.0  -9999.0  -9999.0  -9999.0  -9999.0  -9999.0  -9999.0  -9999.0  -9999.0  -9999.0  -9999.0  -9999.0  -9999.0  -9999.0  -9999.0  -9999.0  -9999.0  -9999.0  -9999.0  -9999.0  -9999.0  -9999.0  -9999.0  -9999.0  -9999.0  -9999.0  -9999.0  -9999.0  -9999.0  -9999.0  -9999.0  -9999.0  -9999.0  -9999.0  -9999.0  -9999.0  -9999.0  -9999.0  -9999.0  -9999.0  -9999.0  -9999.0  -9999.0  -9999.0  -9999.0  -9999.0  -9999.0  -9999.0  -9999.0  -9999.0  -9999.0  -9999.0  -9999.0  -9999.0  -9999.0  -9999.0  -9999.0  -9999.0  -9999.0  -9999.0  -9999.0  -9999.0  -9999.0  -9999.0  -9999.0  -9999.0  -9999.0  -9999.0  -9999.0
-9999.0  -9999.0  -9999.0  -9999.0  -9999.0  -9999.0  -9999.0  -9999.0  -9999.0  -9999.0  -9999.0  -9999.0  -9999.0  -9999.0  -9999.0  -9999.0  -9999.0  -9999.0  -9999.0  -9999.0  -9999.0  -9999.0  -9999.0  -9999.0  -9999.0  -9999.0  -9999.0  -9999.0  -9999.0  -9999.0  -9999.0  -9999.0  -9999.0  -9999.0  -9999.0  -9999.0  -9999.0  -9999.0  -9999.0  -9999.0  -9999.0  -9999.0  -9999.0  -9999.0  -9999.0  -9999.0  -9999.0  -9999.0  -9999.0  -9999.0  -9999.0  -9999.0  -9999.0  -9999.0  -9999.0  -9999.0  -9999.0  -9999.0  -9999.0  -9999.0  -9999.0  -9999.0  -9999.0  -9999.0  -9999.0  -9999.0  -9999.0  -9999.0  -9999.0  -9999.0  -9999.0  -9999.0  -9999.0  -9999.0  -9999.0  -9999.0  -9999.0  -9999.0  -9999.0  -9999.0
-9999.0  -9999.0  -9999.0  -9999.0  -9999.0  -9999.0  -9999.0  -9999.0  -9999.0  -9999.0  -9999.0  -9999.0  -9999.0  -9999.0  -9999.0  -9999.0  -9999.0  -9999.0  -9999.0  -9999.0  -9999.0  -9999.0  -9999.0  -9999.0  -9999.0  -9999.0  -9999.0  -9999.0  -9999.0  -9999.0  -9999.0  -9999.0  -9999.0  -9999.0  -9999.0  -9999.0  -9999.0  -9999.0  -9999.0  -9999.0  -9999.0  -9999.0  -9999.0  -9999.0  -9999.0  -9999.0  -9999.0  -9999.0  -9999.0  -9999.0  -9999.0  -9999.0  -9999.0  -9999.0  -9999.0  -9999.0  -9999.0  -9999.0  -9999.0  -9999.0  -9999.0  -9999.0  -9999.0  -9999.0  -9999.0  -9999.0  -9999.0  -9999.0  -9999.0  -9999.0  -9999.0  -9999.0  -9999.0  -9999.0  -9999.0  -9999.0  -9999.0  -9999.0  -9999.0  -9999.0
