ncols                  80
nrows                 72
xllcorner      4374000.0
yllcorner      5656000.0
cellsize            500
NODATA_value       -9999
-9999.0  -9999.0  -9999.0  -9999.0  -9999.0  -9999.0  -9999.0  -9999.0  -9999.0  -9999.0  -9999.0  -9999.0  0.794898318818  0.730614936435  -9999.0  -9999.0  -9999.0  -9999.0  -9999.0  -9999.0  -9999.0  -9999.0  -9999.0  -9999.0  -9999.0  -9999.0  -9999.0  -9999.0  -9999.0  -9999.0  -9999.0  -9999.0  -9999.0  -9999.0  -9999.0  -9999.0  -9999.0  -9999.0  -9999.0  -9999.0  -9999.0  -9999.0  -9999.0  -9999.0  -9999.0  -9999.0  -9999.0  -9999.0  -9999.0  -9999.0  -9999.0  -9999.0  -9999.0  -9999.0  -9999.0  -9999.0  -9999.0  -9999.0  -9999.0  -9999.0  -9999.0  -9999.0  -9999.0  -9999.0  -9999.0  -9999.0  -9999.0  -9999.0  -9999.0  -9999.0  -9999.0  -9999.0  -9999.0  -9999.0  -9999.0  -9999.0  -9999.0  -9999.0  -9999.0  -9999.0
-9999.0  -9999.0  -9999.0  -9999.0  -9999.0  -9999.0  -9999.0  -9999.0  -9999.0  -9999.0  -9999.0  -9999.0  1.613792824  3.7281139719  0.635218973026  -9999.0  0.515572429107  -9999.0  -9999.0  -9999.0  -9999.0  -9999.0  -9999.0  -9999.0  -9999.0  -9999.0  -9999.0  -9999.0  -9999.0  -9999.0  -9999.0  -9999.0  -9999.0  -9999.0  -9999.0  -9999.0  -9999.0  -9999.0  -9999.0  -9999.0  -9999.0  -9999.0  -9999.0  -9999.0  -9999.0  -9999.0  -9999.0  -9999.0  -9999.0  -9999.0  -9999.0  -9999.0  -9999.0  -9999.0  -9999.0  -9999.0  -9999.0  -9999.0  -9999.0  -9999.0  -9999.0  -9999.0  -9999.0  -9999.0  -9999.0  -9999.0  -9999.0  -9999.0  -9999.0  -9999.0  -9999.0  -9999.0  -9999.0  -9999.0  -9999.0  -9999.0  -9999.0  -9999.0  -9999.0  -9999.0
-9999.0  -9999.0  -9999.0  -9999.0  -9999.0  -9999.0  -9999.0  -9999.0  -9999.0  -9999.0  0.737019022471  0.703265229268  0.753027168111  0.747324823938  5.08408734263  5.70552819373  1.40935855157  0.442477505783  -9999.0  -9999.0  -9999.0  -9999.0  -9999.0  -9999.0  -9999.0  -9999.0  -9999.0  -9999.0  -9999.0  -9999.0  -9999.0  -9999.0  -9999.0  -9999.0  -9999.0  -9999.0  -9999.0  -9999.0  -9999.0  -9999.0  -9999.0  -9999.0  -9999.0  -9999.0  -9999.0  -9999.0  -9999.0  -9999.0  -9999.0  -9999.0  -9999.0  -9999.0  -9999.0  -9999.0  -9999.0  -9999.0  -9999.0  -9999.0  -9999.0  -9999.0  -9999.0  -9999.0  -9999.0  -9999.0  -9999.0  -9999.0  -9999.0  -9999.0  -9999.0  -9999.0  -9999.0  -9999.0  -9999.0  -9999.0  -9999.0  -9999.0  -9999.0  -9999.0  -9999.0  -9999.0
-9999.0  -9999.0  -9999.0  -9999.0  -9999.0  -9999.0  -9999.0  -9999.0  -9999.0  0.701712240071  1.4432584886  2.86439813928  1.43579641856  0.691481558215  1.34047511424  6.32776558103  8.83637832843  0.531120880193  -9999.0  0.691781298891  -9999.0  -9999.0  -9999.0  -9999.0  0.974060682677  0.493243392507  -9999.0  -9999.0  -9999.0  -9999.0  -9999.0  -9999.0  -9999.0  -9999.0  -9999.0  -9999.0  -9999.0  -9999.0  -9999.0  -9999.0  -9999.0  -9999.0  -9999.0  -9999.0  -9999.0  -9999.0  -9999.0  -9999.0  -9999.0  -9999.0  -9999.0  -9999.0  -9999.0  -9999.0  -9999.0  -9999.0  -9999.0  -9999.0  -9999.0  -9999.0  -9999.0  -9999.0  -9999.0  -9999.0  -9999.0  -9999.0  -9999.0  -9999.0  -9999.0  -9999.0  -9999.0  -9999.0  -9999.0  -9999.0  -9999.0  -9999.0  -9999.0  -9999.0  -9999.0  -9999.0
-9999.0  -9999.0  -9999.0  -9999.0  -9999.0  -9999.0  -9999.0  -9999.0  0.832193328016  2.29434792975  2.96009464891  3.63563722058  4.94669774074  0.612575574795  2.51909645886  3.090688409  13.047139165  0.553815573856  0.504826846359  1.25243426168  1.78964144007  0.572581301955  -9999.0  2.58542449517  2.12475674888  0.595549090967  -9999.0  -9999.0  -9999.0  -9999.0  -9999.0  -9999.0  -9999.0  -9999.0  -9999.0  -9999.0  -9999.0  -9999.0  -9999.0  -9999.0  -9999.0  -9999.0  -9999.0  -9999.0  -9999.0  -9999.0  -9999.0  -9999.0  -9999.0  -9999.0  -9999.0  -9999.0  -9999.0  -9999.0  -9999.0  -9999.0  -9999.0  -9999.0  -9999.0  -9999.0  -9999.0  -9999.0  -9999.0  -9999.0  -9999.0  -9999.0  -9999.0  -9999.0  -9999.0  -9999.0  -9999.0  -9999.0  -9999.0  -9999.0  -9999.0  -9999.0  -9999.0  -9999.0  -9999.0  -9999.0
-9999.0  -9999.0  -9999.0  -9999.0  -9999.0  -9999.0  0.816219467467  0.719194729089  0.6902354969  0.710461072805  0.726208240468  5.1142556887  10.7489982849  11.4172539315  11.9210112234  0.481928393762  14.0813918181  14.6007512324  1.0591151841  0.55694191474  2.31303443711  3.97177068554  0.569560090944  4.33703262776  0.587313903438  0.598464474967  0.60740489344  -9999.0  -9999.0  -9999.0  -9999.0  -9999.0  -9999.0  -9999.0  -9999.0  -9999.0  -9999.0  -9999.0  -9999.0  -9999.0  -9999.0  -9999.0  -9999.0  -9999.0  -9999.0  -9999.0  -9999.0  -9999.0  -9999.0  -9999.0  -9999.0  -9999.0  -9999.0  -9999.0  -9999.0  -9999.0  -9999.0  -9999.0  -9999.0  -9999.0  -9999.0  -9999.0  -9999.0  -9999.0  -9999.0  -9999.0  -9999.0  -9999.0  -9999.0  -9999.0  -9999.0  -9999.0  -9999.0  -9999.0  -9999.0  -9999.0  -9999.0  -9999.0  -9999.0  -9999.0
-9999.0  -9999.0  -9999.0  -9999.0  -9999.0  -9999.0  1.64024495454  2.4081685078  5.37568919738  7.41194731941  0.605992333481  0.641209082584  0.598485411925  1.74241570863  14.1656558066  0.435086178397  15.0677255702  17.0446981869  1.54044793796  1.00717345132  4.43879818719  0.528117280116  4.84957655851  1.02453220778  0.515603011944  1.08979895637  1.19897248661  0.606316240283  0.624284547033  0.596788036483  0.655831841476  1.30904232028  -9999.0  -9999.0  -9999.0  -9999.0  -9999.0  -9999.0  -9999.0  -9999.0  -9999.0  -9999.0  -9999.0  -9999.0  -9999.0  -9999.0  -9999.0  -9999.0  -9999.0  -9999.0  -9999.0  -9999.0  -9999.0  -9999.0  -9999.0  -9999.0  -9999.0  -9999.0  -9999.0  -9999.0  -9999.0  -9999.0  -9999.0  -9999.0  -9999.0  -9999.0  -9999.0  -9999.0  -9999.0  -9999.0  -9999.0  -9999.0  -9999.0  -9999.0  -9999.0  -9999.0  -9999.0  -9999.0  -9999.0  -9999.0
-9999.0  -9999.0  -9999.0  -9999.0  -9999.0  0.915058625887  1.75647906017  0.833730548241  1.60049684565  8.19527432286  9.53249625592  10.8585149925  35.9779531866  0.585063989331  14.7241527598  55.4163348832  55.8120883453  73.5595795912  0.441827216991  1.45862603957  4.90835613814  0.461398686846  10.7338193664  5.39169264694  3.35947053189  2.83331439434  0.579516867285  1.79136302633  1.79543217095  1.19159789555  0.565465210207  1.89900578058  0.549093919413  0.532963746699  -9999.0  -9999.0  -9999.0  -9999.0  -9999.0  -9999.0  -9999.0  -9999.0  -9999.0  -9999.0  -9999.0  -9999.0  -9999.0  -9999.0  -9999.0  -9999.0  -9999.0  -9999.0  -9999.0  -9999.0  -9999.0  -9999.0  -9999.0  -9999.0  -9999.0  -9999.0  -9999.0  -9999.0  -9999.0  -9999.0  -9999.0  -9999.0  -9999.0  -9999.0  -9999.0  -9999.0  -9999.0  -9999.0  -9999.0  -9999.0  -9999.0  -9999.0  -9999.0  -9999.0  -9999.0  -9999.0
-9999.0  -9999.0  -9999.0  -9999.0  -9999.0  0.924861470309  2.67651459478  5.30176373433  6.09353542913  12.0669644374  12.7900723429  15.0879991962  24.5508978037  37.8934662963  39.1545350274  39.7402261125  0.960358643027  75.3068644807  76.1783788022  78.6148477767  96.1363258983  12.1712317767  11.2511134912  3.86278581614  0.490799643307  3.31108235145  2.28698532222  0.463260766748  2.29870358192  0.49920845597  1.04719225114  2.94120996631  3.4630606586  1.03937634408  0.50673594913  0.48644822203  -9999.0  -9999.0  -9999.0  -9999.0  0.496826378031  0.435154933596  -9999.0  -9999.0  -9999.0  -9999.0  -9999.0  -9999.0  -9999.0  -9999.0  -9999.0  -9999.0  -9999.0  -9999.0  -9999.0  -9999.0  -9999.0  -9999.0  -9999.0  -9999.0  -9999.0  -9999.0  -9999.0  -9999.0  -9999.0  -9999.0  -9999.0  -9999.0  -9999.0  -9999.0  -9999.0  -9999.0  -9999.0  -9999.0  -9999.0  -9999.0  -9999.0  -9999.0  -9999.0  -9999.0
-9999.0  -9999.0  -9999.0  -9999.0  -9999.0  0.887769776993  0.839745668172  3.55684042884  4.36956968335  5.21329801731  0.784960824896  1.54846647455  8.96768488781  1.55460444328  0.698584528223  0.606282990599  0.509178209238  0.597338889391  0.537041429141  0.568392444968  96.6292682223  97.9980389432  0.449459538095  1.40928056024  0.973881409784  3.77180393702  0.943466465302  0.444374632803  2.81384102711  0.97879673258  2.37414882499  5.96039530864  5.51182294901  1.53438195906  1.47494485423  0.514863337538  0.507896573313  -9999.0  -9999.0  0.512437632416  1.07179276665  2.4287237436  0.467610118761  -9999.0  -9999.0  -9999.0  -9999.0  -9999.0  -9999.0  -9999.0  -9999.0  -9999.0  -9999.0  -9999.0  -9999.0  -9999.0  -9999.0  -9999.0  -9999.0  -9999.0  -9999.0  -9999.0  -9999.0  -9999.0  -9999.0  -9999.0  -9999.0  -9999.0  -9999.0  -9999.0  -9999.0  -9999.0  -9999.0  -9999.0  -9999.0  -9999.0  -9999.0  -9999.0  -9999.0  -9999.0
-9999.0  -9999.0  -9999.0  -9999.0  -9999.0  -9999.0  0.938481998223  0.945517481246  1.77009302335  2.61940181638  5.89127099497  7.49228820324  8.28851019106  0.825339407761  0.594163554127  8.36244252075  10.1357778858  10.6621296494  12.9192313827  13.3991284876  0.474906460863  98.483738297  100.754769323  1.80335382663  0.276813398578  4.14531392893  9.13880642645  3.66856255091  0.837729998436  0.42252335622  9.19593789659  6.40929260654  0.427135394216  0.424067049047  1.91971992849  1.48890560468  0.466269974868  0.436860542782  0.49135838011  0.987936090369  0.464205142827  2.95772340982  3.40241004456  0.404297712721  -9999.0  -9999.0  -9999.0  -9999.0  0.497567520438  0.4580800369  0.142445018107  -9999.0  -9999.0  -9999.0  -9999.0  -9999.0  -9999.0  -9999.0  -9999.0  -9999.0  -9999.0  -9999.0  -9999.0  -9999.0  -9999.0  -9999.0  -9999.0  -9999.0  -9999.0  -9999.0  -9999.0  -9999.0  -9999.0  -9999.0  -9999.0  -9999.0  -9999.0  -9999.0  -9999.0  -9999.0
-9999.0  -9999.0  -9999.0  -9999.0  -9999.0  -9999.0  -9999.0  0.902237771778  0.785297885536  1.66928079376  2.51486136449  0.805161770133  0.690508093411  4.49870431615  5.83275228102  7.21129983869  0.627576355042  1.19431878772  0.588943566517  13.9179870469  30.8432766387  31.3235551248  133.03042202  0.441603722752  0.791815196568  0.237107945803  9.53136915813  0.414597022972  1.27027858069  0.411468603478  9.60982194482  10.0261089682  0.860566037239  0.841792493069  4.8225328661  2.42829057842  0.913459198253  0.473338949088  0.975548682216  1.46336523801  2.36016970915  0.4252467595  4.20743160359  4.60396405757  0.360949734772  0.391683242977  0.41453579437  0.36979841975  0.350730551858  1.33135145219  0.499741715195  0.318628340432  -9999.0  -9999.0  -9999.0  -9999.0  -9999.0  -9999.0  -9999.0  -9999.0  -9999.0  -9999.0  -9999.0  -9999.0  -9999.0  -9999.0  -9999.0  -9999.0  -9999.0  -9999.0  -9999.0  -9999.0  -9999.0  -9999.0  -9999.0  -9999.0  -9999.0  -9999.0  -9999.0  -9999.0
-9999.0  -9999.0  -9999.0  -9999.0  -9999.0  -9999.0  -9999.0  -9999.0  1.67375098398  2.39653847249  0.799286838363  1.63987775862  2.39153856974  3.87359144707  0.743246948094  0.704488868707  0.563953770447  0.569484742438  0.483426862699  15.8715429924  0.603565046738  1.15959367463  134.713304036  135.796975262  0.422051105589  1.63831919086  11.5352588869  0.794157595346  1.61217384214  0.720952451042  1.05602806007  11.5886431316  1.21960679403  6.78897563663  5.60443885111  0.399504118115  2.248860565  0.912387480987  1.39644042284  0.413073884214  2.76618718911  3.57579358414  3.91702723702  4.23711517624  5.95012458735  0.681335517045  0.731008193202  0.657576866736  0.614904595339  1.62567166339  0.294664335106  1.12370784563  1.37735429912  -9999.0  -9999.0  -9999.0  -9999.0  -9999.0  -9999.0  -9999.0  -9999.0  -9999.0  -9999.0  -9999.0  -9999.0  -9999.0  -9999.0  -9999.0  -9999.0  -9999.0  -9999.0  -9999.0  -9999.0  -9999.0  -9999.0  -9999.0  -9999.0  -9999.0  -9999.0  -9999.0
-9999.0  -9999.0  -9999.0  -9999.0  -9999.0  -9999.0  -9999.0  -9999.0  0.889426556414  4.14273931079  4.91379898433  0.769880282964  1.4860232037  0.713352378971  0.627528102831  0.614936391189  7.94177503167  10.487584716  12.8585355395  15.3462530521  0.613681060974  0.575446852513  0.549928679001  138.349681137  139.561849855  140.001692794  15.1863336527  3.18709947859  2.76713742804  0.317078827176  1.36376992804  13.2819234584  0.326719470402  7.12590648454  0.39173397014  2.90616327901  2.70033820777  0.427540952706  1.81699414376  0.827826259879  1.23253216699  0.37100237795  0.310662137681  4.55227082418  4.83891207512  6.23586828428  1.04463087797  0.952897908351  0.895490063891  1.94335455451  2.5445690563  0.299979740502  1.65121452692  0.30116133086  0.553357396501  0.264966936927  -9999.0  -9999.0  -9999.0  -9999.0  -9999.0  -9999.0  -9999.0  -9999.0  -9999.0  -9999.0  -9999.0  -9999.0  -9999.0  -9999.0  -9999.0  -9999.0  -9999.0  -9999.0  -9999.0  -9999.0  -9999.0  -9999.0  -9999.0  -9999.0
-9999.0  -9999.0  -9999.0  -9999.0  -9999.0  -9999.0  -9999.0  -9999.0  -9999.0  0.913456610831  5.73983099208  6.48495741223  2.20381209512  3.62913142745  4.9011162751  5.55022090651  0.668949772821  1.97179647041  1.31138975537  0.691063829228  0.659834239832  0.566217654514  1.11807803503  1.89464556187  0.637707311277  156.313873976  156.736817979  0.384795830867  0.279839491131  0.634318122027  0.943276449774  14.224989542  0.634357000596  7.40226078901  4.33665079053  3.62802529178  0.38741584769  0.798052131755  2.17341304784  0.356696225965  1.57677444179  0.712768607274  0.496675782592  0.198322603373  5.51187282361  11.9761776189  1.24917055189  1.16158341466  1.13036913147  0.233288652337  2.77638480173  0.222945447555  2.17148783868  0.244481381666  0.803255416653  1.25707733644  0.151994488074  0.154947536144  0.169379059409  0.168676993065  0.132529049782  -9999.0  -9999.0  0.0746508884058  0.0377232748334  -9999.0  -9999.0  -9999.0  -9999.0  -9999.0  -9999.0  -9999.0  -9999.0  -9999.0  -9999.0  -9999.0  -9999.0  -9999.0  -9999.0  -9999.0
-9999.0  -9999.0  -9999.0  -9999.0  -9999.0  -9999.0  -9999.0  -9999.0  -9999.0  -9999.0  0.762414358913  8.01645661818  0.70863716684  1.4132164389  2.02435147848  3.20939092719  0.60644453213  1.28173258229  0.624572440604  0.56655578155  0.52524249678  1.03779545867  0.442953752159  0.506314505273  0.986559978607  0.557028229969  157.232832706  158.05027525  159.17583506  1.26668278993  0.315386248631  0.628675512584  14.5657107454  13.3417863869  5.05954288682  0.353133012358  1.54781636461  1.16858076167  2.53123840561  0.710936888569  2.99550966884  1.06043183512  0.7704738807  0.128710304881  0.217607901582  12.2885930652  12.5636244874  15.2006650563  1.87541655895  0.488063459286  3.03560216549  3.5103480761  5.89553854646  0.482576305394  0.217999090057  1.4415685912  1.74204190879  0.148916465453  0.279576539794  0.46324347616  0.259397997938  0.12740618445  0.124379473235  0.143665169425  0.0795148570712  0.0363901114433  -9999.0  -9999.0  -9999.0  -9999.0  -9999.0  -9999.0  -9999.0  -9999.0  -9999.0  -9999.0  -9999.0  -9999.0  -9999.0  -9999.0
-9999.0  -9999.0  -9999.0  -9999.0  -9999.0  -9999.0  -9999.0  -9999.0  -9999.0  -9999.0  -9999.0  0.399798161129  8.83648498698  0.655377050264  1.25075195266  5.63210303633  0.605745436445  0.59397741851  0.493117027018  1.09531012968  0.544808834363  2.1161801552  2.99903737972  3.3851439883  1.34442641816  1.68922949083  0.401970864153  0.505795241223  0.480095236604  161.223558649  162.142853129  14.8420474612  13.9029571091  13.6267985717  0.584845817743  0.278713924629  1.8653556638  5.04217142959  2.86002922809  1.03291019541  4.34962911741  1.46936482106  1.17124107479  0.234393497406  0.102145600402  0.0959772747834  0.122462289963  15.9142031848  18.5509015512  0.231473136073  0.204820474713  0.228264451722  6.11203942203  6.79146129175  0.37603492786  0.140726963201  1.81706002623  0.210459278802  0.555283789164  1.11431209883  1.47766059473  1.71458586894  0.456447853445  0.239975387333  0.138432346559  0.0800100696317  0.088418024012  -9999.0  -9999.0  -9999.0  -9999.0  -9999.0  -9999.0  -9999.0  -9999.0  -9999.0  -9999.0  -9999.0  -9999.0  -9999.0
-9999.0  -9999.0  -9999.0  -9999.0  -9999.0  -9999.0  -9999.0  -9999.0  -9999.0  -9999.0  -9999.0  0.362194795312  9.69823164834  11.8278425707  0.609677363501  6.82922087752  0.542580751399  0.501445240663  1.01133232466  2.64323762289  0.513705200363  0.556880331224  0.428438320941  4.22923908583  4.61424844081  6.73064908755  7.48465796421  7.86743777832  8.24306749604  8.62231215235  171.18782441  186.680613433  201.204459571  201.517696726  0.287353774302  0.284742969051  5.68213292241  5.36500453552  0.320709208539  0.322078689479  4.67479962878  6.47434816359  0.25108865253  2.9251043999  2.74653073221  0.576188699962  0.283030283178  0.489101284491  0.305765054215  19.0496903918  0.255353462572  0.658057658194  0.836640250113  8.18963820928  8.65624767583  8.9160668987  10.804861056  0.0653735714514  0.0544625659182  0.0503302328343  0.0533767328627  1.86443035233  2.41900129894  0.110471938217  0.33112611744  0.128905540377  0.1654105991  0.0326635228926  0.0259858173792  -9999.0  -9999.0  -9999.0  -9999.0  -9999.0  -9999.0  -9999.0  -9999.0  -9999.0  -9999.0  -9999.0
-9999.0  -9999.0  -9999.0  -9999.0  -9999.0  -9999.0  -9999.0  -9999.0  -9999.0  -9999.0  -9999.0  0.801002709468  1.51238421076  12.5127230656  13.6200608752  0.5588663658  7.92692166518  0.428377593753  1.34645989311  3.09426250096  0.972574886877  0.454842585791  0.943799341032  0.348829317327  0.65927657005  0.320171196249  0.277752871184  0.206001779684  0.179398362996  0.163335841891  0.162153059862  0.250905852248  0.340719191526  0.432323545395  202.553511033  6.70171936079  6.19256724375  0.234064063797  0.907716634825  0.23286594723  0.208284874391  6.76208754567  10.5907185286  3.2662075759  2.53327769295  0.351691176492  0.147809380493  0.126539722402  0.346156902149  19.6542944136  20.1351332414  0.253111914886  0.259714881423  0.200222488102  0.106285969892  0.198892819756  11.0660954016  11.1917941421  11.3067193224  0.110631271655  0.0616742239461  0.0486220007014  2.48092801049  2.64550874264  0.376719136462  0.0676140523149  0.230582699318  0.0681346626168  0.0471251608346  -9999.0  -9999.0  -9999.0  -9999.0  -9999.0  -9999.0  -9999.0  -9999.0  -9999.0  -9999.0  -9999.0
-9999.0  -9999.0  -9999.0  -9999.0  -9999.0  -9999.0  -9999.0  -9999.0  -9999.0  -9999.0  -9999.0  -9999.0  0.625166437825  9.17556306602  23.4057702062  25.2633224989  33.7109615827  34.2500825291  6.84497089415  5.00241590448  1.43896387963  0.443282542804  1.80559960896  2.20679978381  3.2000440761  0.669522312601  0.584388543702  0.523713947605  1.00580848902  0.456278558041  0.438380034463  0.215022153165  0.119435856244  0.143671383545  202.864878658  209.748048806  210.062636723  0.243775553786  2.45681415206  1.04626478183  0.314768688195  11.6297207365  0.75561999717  0.395538462775  1.67490743665  0.305714863592  0.249747787428  0.472721708782  0.670039206328  0.902442848745  20.5303239233  0.183962448798  0.155735472978  0.155408128393  0.10438658225  0.0666062730937  0.185179105113  0.2068420573  11.6279626192  12.0332931796  0.24255658944  0.118878513118  0.0753003965169  0.0674490700196  3.20397827235  4.22399595441  0.866174157234  0.368066989296  0.203280527236  -9999.0  -9999.0  -9999.0  -9999.0  -9999.0  -9999.0  -9999.0  -9999.0  -9999.0  -9999.0  -9999.0
-9999.0  -9999.0  -9999.0  -9999.0  -9999.0  -9999.0  -9999.0  -9999.0  -9999.0  -9999.0  -9999.0  0.727587542571  7.02254904355  8.507839497  1.29902658524  0.394797823973  0.859692773233  35.604474836  36.0707422807  43.4300270727  0.374544007085  0.810835563457  0.323299534984  0.331210953485  3.52037661337  4.50848448985  5.3696169197  0.267393667773  1.27347488894  1.98917959041  1.14799763341  0.467041321601  0.305200728328  0.255932907309  0.267644307031  0.155921812748  210.320224949  210.511597797  213.363556574  0.496276362891  0.266926912899  11.9504997933  0.812953033461  0.424892408768  0.481515274752  0.476979386841  0.400245215541  0.680490786573  1.91167904382  3.07061577668  23.7876166236  0.12883129571  0.390915316471  0.266864464791  0.203033307216  0.103603185653  0.0932814321901  0.0855993665225  0.0276579846119  12.0773833606  0.0251282567874  0.0960163491999  0.0372899296552  0.0392921350776  0.0614474916257  4.30916551531  0.171944898129  0.0577942712791  0.0934613915174  0.0381227862836  -9999.0  -9999.0  -9999.0  -9999.0  -9999.0  -9999.0  -9999.0  -9999.0  -9999.0  -9999.0
-9999.0  -9999.0  -9999.0  -9999.0  -9999.0  -9999.0  -9999.0  -9999.0  -9999.0  -9999.0  -9999.0  0.750423676269  4.97023020648  0.768744456392  0.625708210058  3.44285316486  3.97452951765  4.49495952671  4.93945817161  58.7611033625  59.1617262875  59.9223786618  65.9355001662  66.9533850821  67.4980262948  67.8370035713  73.8416259729  74.5475798018  74.8472954511  77.1592731424  78.6258854463  78.8791221351  79.6186637001  0.489375494624  0.404567026425  0.0802891487583  0.0925998528237  210.731094034  214.289288347  0.733769515092  14.0344363297  13.7793146383  1.50076858553  0.347871956541  0.359410909562  0.341292406806  0.340474319076  0.689029065154  0.975765225067  0.283007770009  23.9641098339  24.1552662029  24.971362808  25.1208602146  25.4611210168  25.6902905386  0.0897474186881  0.0908117259386  0.0557978885942  12.1341094125  12.1990695102  12.3399948947  12.4681982358  0.0670695815655  4.63995879527  4.51677173509  0.10225935536  2.02646361851  1.98170025226  0.132196039748  0.0881512864088  -9999.0  -9999.0  -9999.0  -9999.0  -9999.0  -9999.0  -9999.0  -9999.0  -9999.0
-9999.0  -9999.0  -9999.0  -9999.0  -9999.0  -9999.0  -9999.0  -9999.0  -9999.0  -9999.0  -9999.0  2.59272925996  3.41953025791  1.55959836789  2.27156527374  0.698248198105  7.88202955212  8.44356299838  9.54098511709  9.941806612  3.50505676659  64.0852702423  64.4609798665  0.333682331691  0.209294507316  0.179791901657  0.405164373122  0.182663210359  0.120405568084  0.103911580721  0.117966713342  79.084402094  79.8454603087  80.6267820454  81.2674980539  81.6036064966  0.141074701315  0.042757109087  228.937268649  14.4724156128  14.3089208272  0.280250345734  0.268069798621  0.240160565443  0.605848052721  0.589088496546  0.254960208898  0.257769526677  0.22480608428  0.498924758289  0.648147496925  0.119275134947  0.211457347896  0.0705040578955  0.0293361182084  25.7311799873  25.8838478166  26.0608941304  26.215940947  26.2981266946  26.3797596179  26.4087539319  0.0281778199613  12.5675795431  0.0678914746737  6.88591068176  2.16890830722  0.168045149007  1.81280908889  1.56343605098  0.104430575376  -9999.0  -9999.0  -9999.0  -9999.0  -9999.0  -9999.0  -9999.0  -9999.0  -9999.0
-9999.0  -9999.0  -9999.0  -9999.0  -9999.0  -9999.0  -9999.0  -9999.0  -9999.0  -9999.0  -9999.0  -9999.0  1.75339559416  0.810654199784  0.708691651453  6.75425787318  7.35064761835  0.593854794862  2.25549580828  2.75594831903  3.14847055911  0.464425358948  0.320836729785  9.11851053575  9.37076688452  9.60202887815  24.6126431253  24.7666648902  25.0028234368  26.6413504639  27.31137514  27.3982098707  0.0850777091419  0.0934221846643  0.0974180112621  81.8709633776  0.0977661049037  231.08303296  230.922624975  1.83136480514  1.62020677865  1.05001008979  0.262827896005  0.476350774882  0.855571686332  0.841209522619  0.492963258269  0.241987436963  0.462462899374  0.440322848483  0.826880398699  0.10799614051  0.304900063489  0.506597534683  0.571417327907  0.607419326017  0.0317814605952  0.0321979226228  0.0309967976258  0.0318853572344  0.0425350112774  26.4706961229  26.5463027898  39.133976565  39.1570452212  7.43678923053  0.493757235455  0.352678577842  0.128425977265  1.38101890834  1.29828426742  -9999.0  -9999.0  -9999.0  -9999.0  -9999.0  -9999.0  -9999.0  -9999.0  -9999.0
-9999.0  -9999.0  -9999.0  -9999.0  -9999.0  -9999.0  -9999.0  -9999.0  -9999.0  -9999.0  -9999.0  -9999.0  0.908084795295  2.46031566671  3.18915913383  5.37587474671  0.591893322923  1.21068089332  1.76011610047  7.04494870907  7.44218422157  7.70445658079  8.05940051312  8.50615350523  13.0206709322  14.2437664785  14.8419652311  0.206838087428  1.35342239353  1.54073087564  27.0136085125  27.5462470277  27.789018652  28.0371350374  28.2275306337  110.235635071  0.156236315481  231.635993367  0.224533262997  0.0917537592241  1.36668389665  1.22057401964  0.133900318324  0.661709241841  1.04717923779  1.02935741204  0.663106882618  1.07541800156  1.68655956702  0.603807473805  1.57882930208  0.0948250581527  0.147906448177  0.0225538635036  0.0170841301341  0.66341935522  0.677959428146  0.0499325326662  0.0502214191488  0.0778318553639  0.0260934180222  0.0278504937958  0.0363502316325  51.2538617714  51.2330324255  12.0064337019  0.114883133604  0.822533766084  0.675242608544  0.463577860499  1.23779707605  0.889414684157  -9999.0  -9999.0  -9999.0  -9999.0  -9999.0  -9999.0  -9999.0  -9999.0
-9999.0  -9999.0  -9999.0  -9999.0  -9999.0  -9999.0  -9999.0  -9999.0  -9999.0  -9999.0  -9999.0  -9999.0  0.826313621226  1.64196563504  0.743780374261  1.4839400089  0.598261527955  4.86083859752  5.95878029393  6.53419738925  0.495019001617  0.927275828309  10.170379809  12.3277250771  12.6610233898  0.829580370384  0.760449602756  1.05506576738  0.152791826627  0.130166731063  0.234690374581  0.109084109184  15.9292921715  16.0427295563  16.1328323194  110.437530229  232.596282792  231.719106679  0.132857016139  0.0677177035867  0.0583036807511  0.238791853079  0.194493413578  0.750151493603  1.1856185613  2.40590614255  0.189589857351  0.187262645988  1.82178531093  1.96385187527  3.79887393644  3.88048648414  4.05456165731  4.09671510375  0.0362034437129  0.0571805763841  0.714127667403  52.9121364952  52.1291439263  52.0226726197  51.8426741923  0.0310288301226  51.5843719078  0.0842600367177  0.0457182191255  4.43020064315  1.25572014699  1.19970513583  0.217096937849  0.249974224714  0.22328019987  0.791951705519  -9999.0  -9999.0  -9999.0  -9999.0  -9999.0  -9999.0  -9999.0  -9999.0
-9999.0  -9999.0  -9999.0  -9999.0  -9999.0  -9999.0  -9999.0  -9999.0  -9999.0  -9999.0  -9999.0  -9999.0  -9999.0  0.760685059888  1.52600343174  2.30480343142  3.58897905449  0.677488242747  0.57801981148  4.53318998028  5.02998974268  9.35911556035  9.89027985369  1.43561417384  0.453796040275  0.398089035532  0.362162224576  15.1251662004  15.3188223707  15.4848475471  15.6046677571  15.8275031177  1.71781832574  1.84795255907  18.0821752723  361.207581548  0.652910447576  0.510357609324  0.224729288814  0.0610372859601  0.0438823182898  0.351982144716  0.382911139371  0.823551336119  0.0344892672862  2.45301327612  0.267266304767  0.258122554559  0.0288047563148  0.0185719631673  0.0176874356087  0.0292282586128  0.0195433422547  4.1199696917  60.5678867752  56.3685901402  56.2428490139  52.9635594716  0.0334003693497  0.0533451262304  0.0552230073138  51.6587777196  0.151109158269  0.0626301649223  0.0883980640946  0.0860911981594  3.05210014352  2.89128011205  0.377086414774  0.197230080142  0.280808214818  0.280711035524  -9999.0  -9999.0  -9999.0  -9999.0  -9999.0  -9999.0  -9999.0  -9999.0
-9999.0  -9999.0  -9999.0  -9999.0  -9999.0  -9999.0  -9999.0  -9999.0  -9999.0  -9999.0  -9999.0  -9999.0  -9999.0  -9999.0  0.716129237465  1.45847663363  2.12852606299  2.80206952772  3.38384968331  3.99179886208  1.71477914521  2.86432533169  0.509167683487  0.472039532821  13.1229756678  14.0082427325  14.3921037601  14.8251431719  0.280817938327  0.475628988374  1.27769246155  1.44455637969  1.58384498276  0.167517533046  0.151006826617  361.658095876  0.150118971002  0.195192271834  0.0943535066781  0.248537073946  0.113467237648  0.0714144632054  1.27269067486  1.35302477682  0.0372170953064  2.50347040745  2.79201620789  0.278790490269  61.9545299595  61.9087509772  61.8683592813  61.7636684261  61.7090464413  60.7293096563  60.6858053425  0.0932347766472  3.24312415139  3.11552008518  2.97585769879  2.94536766241  1.7345233889  1.70355925174  1.62575304744  0.609522646063  0.571119307083  0.393078001872  0.0964680613043  2.77547097344  2.4040641996  0.171034475112  0.337808352555  0.144966654601  -9999.0  -9999.0  -9999.0  -9999.0  -9999.0  -9999.0  -9999.0  -9999.0
-9999.0  -9999.0  -9999.0  -9999.0  -9999.0  -9999.0  -9999.0  -9999.0  -9999.0  -9999.0  -9999.0  -9999.0  -9999.0  -9999.0  0.184196498955  0.411928111093  0.676064331422  6.3098224584  6.90931605141  0.617765561399  0.5802972565  0.576800322212  11.1625987621  12.2362414685  0.503425356062  0.51127460733  0.350755798485  1.49273689557  1.8454502272  0.849423048713  1.05343371637  9.27685742137  9.47058805241  9.94065454561  15.1710712444  376.950876709  0.155208763007  0.0706963548804  0.381805439371  0.314178879838  0.060221388505  0.200142945713  0.264209870205  1.42767332891  1.48731272691  4.37922452842  2.81321133505  0.298163347677  62.9988281419  0.490075394251  61.8287175316  61.799330314  0.928862713689  0.0717712923535  0.0492454656937  0.0252604922965  0.0698114959431  0.118780373271  0.0587703118005  1.18432215947  1.00829287896  0.0578630285917  0.990884784291  0.169313445386  0.117540217226  0.301144733017  0.14482077223  0.301804620287  1.88122322194  1.59150634385  0.128490217377  0.218681394847  0.116115963721  -9999.0  -9999.0  -9999.0  -9999.0  -9999.0  -9999.0  -9999.0
-9999.0  -9999.0  -9999.0  -9999.0  -9999.0  -9999.0  -9999.0  -9999.0  -9999.0  -9999.0  -9999.0  -9999.0  -9999.0  -9999.0  0.954149580669  1.55224553363  3.18807451447  5.61433931204  7.5482221206  8.96434215154  9.5396700921  10.1324962635  10.6907628695  0.514687634968  0.434353346853  0.84026847048  0.748379238659  0.399362423236  8.25506032797  8.58991970219  8.8836583112  9.16138230386  4.55959544434  4.70413044378  5.00995690937  377.05731948  0.298456205965  0.222297108243  0.65658454045  0.0586253036505  0.161174870245  0.0946643103489  0.056614499188  0.335729913196  0.0427188094893  0.0461476753475  67.6672895616  63.2584473155  63.2129058748  0.234063360136  0.468148084348  0.279086269659  0.047685147318  0.774764613825  0.174840518176  0.147381477879  0.115219557569  0.0844551266741  0.0517799623103  0.135040747898  0.961495865088  0.809024850455  0.666489412794  0.764010514495  0.71891973359  0.685927201544  0.0735355969155  0.143750993894  0.129108406204  1.15912477079  0.913049369818  0.556390652725  0.0906599457077  -9999.0  -9999.0  -9999.0  -9999.0  -9999.0  -9999.0  -9999.0
-9999.0  -9999.0  -9999.0  -9999.0  -9999.0  -9999.0  -9999.0  -9999.0  -9999.0  -9999.0  -9999.0  -9999.0  -9999.0  -9999.0  0.671404050226  0.618499020961  1.20830272566  1.84408810458  0.731271163696  0.737545299277  1.35084587305  1.94152305968  3.01886483356  3.55097050978  3.98877899343  5.29113920269  5.66997379006  6.10561838044  0.353996170895  3.78581756729  4.04578120948  4.25944095785  0.139809112851  0.061641178819  0.105319117061  382.030611992  382.128186972  382.616325821  0.839379805284  0.128717892901  0.218443089467  0.0512617451386  0.0971084836954  0.382712887522  0.460495372669  0.0803200340705  67.894296274  0.0870283963247  0.131604689323  0.14397347645  0.117347241613  0.187831350701  0.0740684749155  0.569810209881  0.415483616218  0.29497396911  0.152915167047  0.110459835295  0.0649859270222  0.0806849467284  0.0963187443403  0.0977882243825  0.613989711343  0.463409609798  0.318803209271  0.165419026475  0.641294534062  0.484203447052  0.133131967557  0.151818931756  0.124605418041  0.267396286071  0.131129415488  -9999.0  -9999.0  -9999.0  -9999.0  -9999.0  -9999.0  -9999.0
-9999.0  -9999.0  -9999.0  -9999.0  -9999.0  -9999.0  -9999.0  -9999.0  -9999.0  -9999.0  -9999.0  -9999.0  -9999.0  -9999.0  -9999.0  0.577520512227  1.14077624487  0.559382582193  1.16330820582  7.2671442261  7.84412268516  8.39524795973  0.535834281398  0.538032107298  0.973425695875  1.42343937776  2.14707397511  2.53361969502  2.77276116021  3.10107449913  0.231131337449  0.188477880488  4.50563801044  4.58188164124  4.65883893901  4.758349249  3.94897967589  386.968276213  388.364683676  388.410195057  388.661237415  388.897641964  389.029988163  0.0373058862841  0.49516269613  67.9281729451  0.0855116954528  0.0444034695532  0.0682213676059  0.0693592046603  0.111164320955  0.0825603587269  0.0516525392213  0.0933906330065  0.0753977149869  0.107253582656  0.0463572419672  0.0293507024163  0.127862316867  0.0958305286792  0.0546130496244  0.0528627949064  0.0658413452234  0.072513107281  0.0840097287326  0.0862512776635  0.0951071087757  0.246696588347  0.0694408509174  0.238187640249  0.103793688698  0.0922878000342  -9999.0  -9999.0  -9999.0  -9999.0  -9999.0  -9999.0  -9999.0  -9999.0
-9999.0  -9999.0  -9999.0  -9999.0  -9999.0  -9999.0  -9999.0  -9999.0  -9999.0  -9999.0  -9999.0  -9999.0  -9999.0  -9999.0  -9999.0  -9999.0  1.69784126297  2.30035888542  4.1134765601  5.47463888267  0.72375312741  9.78833294061  10.3107305087  10.7898785002  0.460858607072  0.89307426396  0.359215088518  2.9251090038  3.13159255002  3.45099772904  3.7241751773  4.3204587058  4.41607088526  0.0596372673699  3.52874791141  3.73781305623  3.85535432077  4.25050881998  0.46842509849  0.282323427509  0.148871146683  0.136127082382  389.171919293  389.231526575  390.062985124  67.9610734557  0.257884788857  0.143311023606  0.100764710593  0.0233839969832  0.286788259156  0.142237587041  0.0423643598661  0.24820322586  0.215296492527  0.0305111965233  0.236547968272  0.219077544387  0.164626410935  0.0310286800485  0.0987041334708  0.0772450143793  0.0280725234883  0.0749897651185  0.0466520594981  0.0675832034862  0.0662834166706  0.0405343155463  0.112312760737  1.11953373637  0.701410250815  0.455711839715  0.211575336289  -9999.0  -9999.0  -9999.0  -9999.0  -9999.0  -9999.0  -9999.0
-9999.0  -9999.0  -9999.0  -9999.0  -9999.0  -9999.0  -9999.0  -9999.0  -9999.0  -9999.0  -9999.0  -9999.0  -9999.0  -9999.0  -9999.0  -9999.0  0.614225129849  2.90567284613  3.54711222996  0.750671023715  0.596432201794  1.23506902527  1.78720399889  13.0836595846  0.45211462321  1.8281309757  2.21158260307  2.59031302079  0.212316458139  0.496736303407  0.62343918218  2.87690189885  3.14552609709  3.25825186947  0.11192825812  0.0912513352385  0.095687689477  0.177947754492  0.0681143576982  0.068303517747  0.0947567433407  0.0733563589965  0.0951647586812  0.302947627139  390.134460563  458.26151319  0.315753259789  0.0556158771861  0.0264362813989  0.877151561207  0.823162175264  0.488034740713  0.43686695188  0.320022510832  0.0902516636669  0.0547439582552  0.253949400242  0.102846905202  0.0828560029339  0.0243528345632  0.127069287768  0.249042392092  0.197022841466  0.117328594791  0.0436753829545  0.182125305015  0.134243043857  0.0832045410653  1.37845819811  1.34736476294  0.129203718166  0.112624268038  0.0989051523016  0.0870316844789  -9999.0  -9999.0  -9999.0  -9999.0  -9999.0  -9999.0
-9999.0  -9999.0  -9999.0  -9999.0  -9999.0  -9999.0  -9999.0  -9999.0  -9999.0  -9999.0  -9999.0  -9999.0  -9999.0  -9999.0  -9999.0  0.503068080995  1.67884219688  0.561137797807  0.744208397923  0.690837682385  1.3067814209  1.90833125966  2.46597107574  16.0952381888  16.5196284195  0.443464995772  0.827395008414  1.21928374324  1.48904062545  1.75222094995  2.50145149511  2.76018591349  0.124388351699  0.115543654808  0.0847938258467  0.110750915382  0.100383363784  0.126766818445  0.0987826107581  0.121532983855  0.374313295336  0.180734572536  0.09055436142  0.0874433159934  0.0645034865799  0.114847664846  461.260860015  2.65145246967  1.08561918341  0.135512311979  0.0621264697103  0.0377814950005  0.116763515225  0.0735631739849  0.0347478082723  0.0341893931238  0.321125173646  0.448063979993  0.481097599119  0.0147786129205  0.43858555097  0.292050793157  0.0299337234472  0.0222853263399  0.0540240162259  0.42586058724  0.191809846497  0.123507829221  1.42749576908  0.0587871699808  0.072208502376  0.389631554738  0.195395088079  0.351966061913  0.170263479533  -9999.0  -9999.0  -9999.0  -9999.0  -9999.0
-9999.0  -9999.0  -9999.0  -9999.0  -9999.0  -9999.0  -9999.0  -9999.0  -9999.0  -9999.0  -9999.0  -9999.0  -9999.0  -9999.0  0.536660144511  1.02309809  3.74221751808  0.52640646169  1.45233568888  2.11239585302  2.70027208997  0.626414571128  1.13585178993  1.72439935631  18.7384681331  0.404273713714  0.748575719744  1.10590588001  0.309795311012  0.60405699207  0.711574252377  0.914627566129  30.9331282072  31.1855653909  31.4039612894  32.6305974034  32.9364058889  33.7536788615  0.15710687045  0.357295621993  0.444111938186  35.9278403628  36.0746452935  0.0770094842187  0.114744314857  0.151018835504  461.320923874  2.55907916953  1.28867664251  1.20940350443  0.928698110264  0.78037971153  0.154034716036  0.041403045366  0.0651479631009  0.0292141857431  0.0295203889974  0.0515900926949  0.506515396387  0.990006062423  0.468637436977  0.0782759231025  0.054976004464  0.0324385006745  0.620509411396  0.524542016869  0.051127131275  1.66089228604  1.48760421325  0.11125536862  0.72616432556  0.466989986484  0.542495039035  0.462914478118  0.0967528039932  -9999.0  -9999.0  -9999.0  -9999.0  -9999.0
-9999.0  -9999.0  -9999.0  -9999.0  -9999.0  -9999.0  -9999.0  -9999.0  -9999.0  -9999.0  -9999.0  -9999.0  -9999.0  -9999.0  0.554999332433  1.66818763567  5.95557718179  8.77374264232  0.463065510653  11.5258425007  14.7856063402  0.56903241839  1.07080322366  1.6474756473  23.3992623005  23.8469153009  0.315300066677  1.74793257549  2.02628627297  2.25025715511  29.1242126577  29.5944541465  29.9253861394  0.163247180172  0.888338232427  1.05773139624  0.433094993539  0.61817646187  34.5727034104  35.1770820667  35.3075411003  35.427132843  36.1838143711  0.052891695563  0.0432570423715  0.230070106881  461.383459267  0.105568556815  0.071692739255  0.216985939475  0.0922106087244  0.687816461984  0.582712584576  0.351277817503  0.238110967365  0.0916381246989  0.0325976264555  0.0717342816355  0.0147601840784  1.00896247926  0.112719144983  0.0940005272136  0.0142530509172  0.0477102839164  0.64360778582  0.0171783383431  0.0138089848552  1.67818077673  0.0304496935722  0.828004484217  0.787413102011  0.734924109661  0.683033165714  0.0664390637886  0.258604186981  0.0798183705275  -9999.0  -9999.0  -9999.0  -9999.0
-9999.0  -9999.0  -9999.0  -9999.0  -9999.0  -9999.0  -9999.0  -9999.0  -9999.0  -9999.0  -9999.0  -9999.0  -9999.0  -9999.0  -9999.0  -9999.0  1.16185567485  2.32793944547  10.3955838064  10.9916457435  15.2970284078  15.8697539848  0.553054758885  1.10678658963  2.55857978782  24.313045011  25.0490447214  25.3196408572  0.205790044656  26.2549934838  26.7392772697  0.320599204727  0.166300480511  0.305317743856  0.597012334734  0.144318885952  0.279727673617  0.574925679457  0.715249518798  0.138286392141  0.0777396580442  0.150509777714  36.7364884216  36.8801457456  36.9142467148  37.259059919  461.432503245  0.0669212436983  0.0378634470367  0.0526424864655  0.0504378292895  0.0529362140756  0.0425292077783  0.0756636914137  0.0389225091799  0.0831660614162  0.0423334771608  0.0369964789119  0.133740005679  1.18327653123  1.32434313887  1.34874140405  1.42919666193  0.0164775647215  0.660870550489  0.0612781040939  0.0264143537395  1.69889809345  1.7502771841  0.859160341334  0.911833152896  0.785600690121  0.482007184659  0.42095635182  0.3534235889  -9999.0  -9999.0  -9999.0  -9999.0  -9999.0
-9999.0  -9999.0  -9999.0  -9999.0  -9999.0  -9999.0  -9999.0  -9999.0  -9999.0  -9999.0  -9999.0  -9999.0  -9999.0  -9999.0  -9999.0  -9999.0  0.607630565615  0.590967731618  0.586874681423  1.19085322207  0.522169632133  16.9079111885  17.4225196017  0.519004255758  0.993279534173  0.457876855827  0.358279221467  0.34355465608  25.8630168457  0.158097251526  0.328030833615  0.180586162877  0.165275418855  0.148227068677  0.103635478598  0.110210600799  0.338625821581  0.470450687736  0.0796666221178  0.0653614639605  0.145493391591  0.255017081592  0.313546430877  0.0734803624141  36.9835036412  37.2954740379  461.46237803  0.20747436208  0.0787747114628  0.021717706943  0.0660685320212  0.0162625598275  0.0114821685516  0.0889006324858  0.180220183288  0.108536866327  0.0179548341727  0.01544517052  0.037291613091  0.0189321278326  0.0149596439332  0.0200400928596  0.023258829406  2.25404802883  0.738738629115  0.0154490592309  0.0242498074635  0.0111403132119  4.21774745008  2.45314666783  2.43371941806  0.815655432534  0.571589580587  0.0485577233249  -9999.0  -9999.0  -9999.0  -9999.0  -9999.0  -9999.0
-9999.0  -9999.0  -9999.0  -9999.0  -9999.0  -9999.0  -9999.0  -9999.0  -9999.0  -9999.0  -9999.0  -9999.0  -9999.0  -9999.0  -9999.0  -9999.0  -9999.0  -9999.0  0.582126057459  1.71782024894  2.17877206875  2.68280296999  17.916417065  18.4183297357  18.9101177283  19.4300764282  19.7601405198  20.4547209763  20.6029910786  20.7451616017  20.8606662632  0.132453294104  0.119591841389  0.135416677421  0.468718622392  0.129661544626  0.119508401412  0.0832784237289  0.237154997394  0.0994912450896  0.066785826371  0.0596179918095  0.0448295002351  0.0893563362021  0.127743987023  37.5576563835  499.25657558  0.0577524492598  0.108794856911  0.0148142541842  0.0841640914199  0.0369803965084  0.0231145174579  0.397588818041  0.2861867909  0.0688422848217  0.0332027896287  0.0678907669495  0.0164001297403  0.0412954975066  0.0246563817325  0.0532350345169  0.0195887830486  0.0288659719653  2.27494505609  2.33102027952  5.07930279414  5.06132764847  5.04098615386  0.0256314465315  0.666350630195  0.634435083292  0.0399754891531  -9999.0  -9999.0  -9999.0  -9999.0  -9999.0  -9999.0  -9999.0
-9999.0  -9999.0  -9999.0  -9999.0  -9999.0  -9999.0  -9999.0  -9999.0  -9999.0  -9999.0  -9999.0  -9999.0  -9999.0  -9999.0  -9999.0  -9999.0  -9999.0  -9999.0  -9999.0  0.472627532599  3.84232190351  7.56823598922  8.09637898973  0.693612563715  1.22101443167  1.69981243554  2.05016493673  4.60312194046  4.74592356179  0.138336663514  0.133554312882  21.1414568372  21.3753708877  21.479431025  0.545949831775  0.0702941929314  0.196543198372  0.283559428531  0.83244451556  1.01619742736  1.1415569379  0.110013952637  0.147270289902  0.0484320179304  0.0945367470982  0.0486259364179  499.327851284  0.0468860926338  0.199276019936  0.0593836173282  0.158630794518  0.394977501521  0.442297332103  0.86647478737  0.229707406864  0.19615568766  0.113885350469  0.103975067973  0.025294956522  0.0501061040108  0.0667771593623  0.0592364680135  0.0064755631241  7.63538442572  7.59482679542  7.57539269325  5.17161447114  0.0467037956463  0.751667858479  0.529471726076  0.352149287699  0.21889470238  0.0351131869525  -9999.0  -9999.0  -9999.0  -9999.0  -9999.0  -9999.0  -9999.0
-9999.0  -9999.0  -9999.0  -9999.0  -9999.0  -9999.0  -9999.0  -9999.0  -9999.0  -9999.0  -9999.0  -9999.0  -9999.0  -9999.0  -9999.0  -9999.0  -9999.0  -9999.0  0.539106086754  1.73542441281  3.3810207495  4.39903298185  11.2375145966  11.8512986419  1.02818804202  1.51406759183  1.88861012843  2.24285381084  4.88543425411  5.16403387229  8.7104912506  8.95312026848  9.06746801688  21.592895352  22.4195962627  0.188014251748  0.137621256224  0.12831694719  0.23917374938  0.102761351148  1.33107909004  1.38942195205  0.191834264287  0.233855936576  0.0375245867922  119.408198776  119.504016315  618.877879518  619.134227758  0.0508495042775  0.268159959688  0.0718693167857  0.0563792196658  0.952549339505  1.20986954324  0.166662434062  0.128610135911  0.023581154796  0.0129420676494  0.0623688305299  7.76276681045  7.687831029  7.67947282568  7.66118071714  0.0347510749764  0.0355957289733  0.0455234864546  0.0529278508693  0.18144583162  0.122526379416  0.109134178481  0.165332890153  0.049506995376  -9999.0  -9999.0  -9999.0  -9999.0  -9999.0  -9999.0  -9999.0
-9999.0  -9999.0  -9999.0  -9999.0  -9999.0  -9999.0  -9999.0  -9999.0  -9999.0  -9999.0  -9999.0  -9999.0  -9999.0  -9999.0  -9999.0  -9999.0  -9999.0  -9999.0  -9999.0  0.627402064377  0.605960839587  1.13213476909  2.66774927066  12.3617072413  0.536782143151  0.528578807439  0.898023715014  1.28916859864  2.96902842158  3.16706332923  0.146659820943  0.174329919164  9.23838553066  9.36690158266  31.8840587435  31.9659616999  0.0580919642012  0.0482955753189  0.0368306207221  0.0373349702781  0.0399074802972  118.423709811  118.78065425  119.059363685  119.140103523  119.373516834  0.0548473670576  0.191840708298  0.224896008631  619.434835624  619.449073197  619.496162121  619.513237012  619.534845868  1.23790805694  0.0099480074609  0.044750846964  0.0364506847985  0.00855210012377  0.0708514612643  7.79602239571  0.0222823894134  0.0111774558786  0.143061768748  0.133064270026  0.115005388116  0.0966025182382  0.0597364622208  0.0774345127276  0.0703341193312  0.0577958022152  0.0640676778408  -9999.0  -9999.0  -9999.0  -9999.0  -9999.0  -9999.0  -9999.0  -9999.0
-9999.0  -9999.0  -9999.0  -9999.0  -9999.0  -9999.0  -9999.0  -9999.0  -9999.0  -9999.0  -9999.0  -9999.0  -9999.0  -9999.0  -9999.0  -9999.0  -9999.0  -9999.0  -9999.0  -9999.0  0.54530331485  0.576168006948  1.05782913902  14.426733987  14.956989156  0.512712797307  0.882318109167  1.28857941222  1.52325681065  0.18775979444  0.357343336782  30.3198208591  30.4468255374  30.5643898345  31.5614564311  63.624819053  115.843838846  115.996628804  116.127971995  116.250241137  116.797333833  116.979535066  0.314127078834  0.131218572261  0.0847112905871  0.154640424549  0.0935945392954  0.154548324973  0.0462927759173  1.16844859095  1.33353078324  1.45631828239  1.46756418358  619.535172245  620.782918047  620.855074741  0.0583687771022  0.00845767921224  0.0960710058319  0.0809808699063  7.81865573718  0.0120924466462  0.320835035122  0.16439259204  0.150799755938  0.107481379801  0.0535899404598  0.0774672567255  0.0413355428043  -9999.0  -9999.0  -9999.0  -9999.0  -9999.0  -9999.0  -9999.0  -9999.0  -9999.0  -9999.0  -9999.0
-9999.0  -9999.0  -9999.0  -9999.0  -9999.0  -9999.0  -9999.0  -9999.0  -9999.0  -9999.0  -9999.0  -9999.0  -9999.0  -9999.0  -9999.0  -9999.0  -9999.0  -9999.0  -9999.0  -9999.0  -9999.0  0.557595218705  1.06290560899  1.572260199  15.3827377902  0.480777783112  20.7066784714  21.1350530607  21.319440541  21.5117897521  29.5716801778  29.7873829393  0.151950626168  0.760693463985  0.91418051869  0.155054655853  52.070459991  51.8027540856  0.0675231928867  0.16851566773  0.451010793023  0.102161234659  0.105478074367  0.0653708235066  0.0490859025347  0.0338343350856  0.0417083246461  1.02642301131  1.07060339291  1.12955699444  0.130548087804  0.0922376229937  1.52048478537  1.5415028994  1.54847574941  620.854418432  620.854316871  0.117809603375  0.103146953463  8.16699494004  8.16050582367  0.3321217865  0.0202600134266  0.00995593816763  0.268579579257  0.23345581273  0.185303617811  0.113398327513  0.0557127718155  0.0243902171458  -9999.0  -9999.0  -9999.0  -9999.0  -9999.0  -9999.0  -9999.0  -9999.0  -9999.0  -9999.0
-9999.0  -9999.0  -9999.0  -9999.0  -9999.0  -9999.0  -9999.0  -9999.0  -9999.0  -9999.0  -9999.0  -9999.0  -9999.0  -9999.0  -9999.0  -9999.0  -9999.0  -9999.0  -9999.0  -9999.0  -9999.0  0.500528014641  0.465528283889  2.42945441181  18.8304601926  19.8289660268  20.3440973963  0.414606151778  7.59398510933  7.78438479535  7.88650423258  0.19641405848  0.370654154878  0.520643490927  12.0199043188  12.124924547  12.2095748772  51.6529289612  32.4456033422  0.0985920568863  0.0975900818937  0.0908617941486  0.0594936037209  0.650799418971  0.770464135379  0.869960644953  0.926312282112  0.979419639494  8.94760278317  8.98043719402  9.02233347638  9.11026699996  9.45151151616  9.46178446912  11.0209084207  0.00744183509857  620.852539245  620.854239317  0.127071794262  8.1722073554  0.0161399900821  0.00831915871229  0.0311781527747  0.400504608568  0.392910250933  0.0883555977339  0.0457210586651  0.129832718043  0.0915950149426  0.024000756048  0.0197127358086  0.0191781794387  -9999.0  -9999.0  -9999.0  -9999.0  -9999.0  -9999.0  -9999.0  -9999.0
-9999.0  -9999.0  -9999.0  -9999.0  -9999.0  -9999.0  -9999.0  -9999.0  -9999.0  -9999.0  -9999.0  -9999.0  -9999.0  -9999.0  -9999.0  -9999.0  -9999.0  -9999.0  -9999.0  -9999.0  -9999.0  -9999.0  0.976624109021  1.49875977388  0.562600632095  0.538627510148  6.24625662443  6.68548882635  6.95703263822  2.4911294981  2.64340562347  2.8126900705  2.96527023504  11.771759408  11.9336975889  6.69575896522  19.020556491  19.1239251618  32.3749210963  0.188388462665  0.093082103968  0.0535829151119  0.456786890015  0.535014324605  0.0345684402283  0.0310081932422  8.78553915576  8.87403989081  8.91740101572  0.0430834798936  0.063297178158  9.41232852462  0.0277787860643  0.0863837239107  0.0934753866533  11.1281229786  11.1351212459  11.2436944128  632.223151942  8.19445479011  0.471394981529  0.463896496706  0.452133822122  0.40765365298  0.0112334206465  0.198953441511  0.173372710572  0.05603136606  0.0217218202749  0.0394950545935  0.0992507526468  0.0596619027062  -9999.0  -9999.0  -9999.0  -9999.0  -9999.0  -9999.0  -9999.0  -9999.0
-9999.0  -9999.0  -9999.0  -9999.0  -9999.0  -9999.0  -9999.0  -9999.0  -9999.0  -9999.0  -9999.0  -9999.0  -9999.0  -9999.0  -9999.0  -9999.0  -9999.0  -9999.0  -9999.0  -9999.0  -9999.0  -9999.0  0.490265431144  0.969086818952  4.18009102163  4.76146377604  5.28236706692  1.99469284017  2.32105139413  0.193293197392  8.34158677409  8.50176540923  8.65020943873  0.154670401343  6.40385013032  6.5744323027  0.109478045375  31.8652406786  0.230888627931  0.113879130175  0.254497397173  0.34804544029  0.0573003629262  0.0412527079335  8.31726277069  8.70598334144  8.76292653394  0.0575183671251  0.101987568847  0.125073027242  0.141245102451  0.278693559509  0.030318114881  0.0717395862736  0.0132846994856  0.0258131060996  11.2274544372  11.2363557925  632.225295316  640.92645369  0.506381599855  0.0231393745928  0.0106754652067  0.0186292894086  0.00780258632686  0.210761593421  0.115641344726  0.0905169680658  0.321468038845  0.287210788635  0.210123095609  0.0548518380529  0.0217600668173  -9999.0  -9999.0  -9999.0  -9999.0  -9999.0  -9999.0  -9999.0
-9999.0  -9999.0  -9999.0  -9999.0  -9999.0  -9999.0  -9999.0  -9999.0  -9999.0  -9999.0  -9999.0  -9999.0  -9999.0  -9999.0  -9999.0  -9999.0  -9999.0  -9999.0  -9999.0  -9999.0  -9999.0  -9999.0  0.482250627854  1.53748219388  2.72006853309  0.636223537483  1.12306770208  1.60033008337  7.56131979096  7.81812459899  7.99415192953  0.14948986476  5.48900820956  5.97429964995  6.12404179744  0.0885837696131  31.3959603883  31.6555616998  0.114704821964  0.0991500472586  0.191669029363  0.0670857605811  8.02919821836  8.14007914957  8.20831593419  0.256250980567  0.311252351839  0.0439932739903  0.075030582558  0.0314387679057  0.215229621137  0.0338151314438  0.0185181364839  0.0194226475426  0.0211708664741  0.0435273313783  0.0567108923392  41.2249430222  41.2605279023  682.217501411  682.218948358  682.217744185  0.0146553620076  0.401540591251  0.376496931194  0.150949354213  0.144859028085  0.0179938773664  0.379908532298  0.0248673007221  0.0217461330705  0.0164189668311  0.0923995178777  0.0453470702394  -9999.0  -9999.0  -9999.0  -9999.0  -9999.0  -9999.0
-9999.0  -9999.0  -9999.0  -9999.0  -9999.0  -9999.0  -9999.0  -9999.0  -9999.0  -9999.0  -9999.0  -9999.0  -9999.0  -9999.0  -9999.0  -9999.0  -9999.0  -9999.0  -9999.0  -9999.0  -9999.0  -9999.0  -9999.0  0.545606369797  0.619178954335  0.660882289941  5.41098379223  5.86707132217  7.18423937642  0.28972601977  4.79207737744  5.21943151666  0.162848134458  0.349466978963  0.11718094081  31.0832123076  0.131822848946  0.328587237599  0.398321706294  0.461625661658  7.62568170714  7.84321713305  7.92326166233  0.0815923457211  0.143703686991  0.196054601575  0.0246055949646  0.021271041233  23.8599255604  23.8814238125  23.8980285885  24.1130565525  24.1372592552  24.1662683676  24.1808680527  37.0562338161  37.0745284454  41.2173066613  0.0263508340672  0.0311865187851  0.0530165710099  682.265266824  682.309143397  682.716217214  682.710771212  0.0135886876318  0.0077350389345  0.417057790703  0.408328921996  0.014204295785  0.0450247554675  0.470631162044  0.334273428794  0.302305231801  0.0843755094069  -9999.0  -9999.0  -9999.0  -9999.0  -9999.0
-9999.0  -9999.0  -9999.0  -9999.0  -9999.0  -9999.0  -9999.0  -9999.0  -9999.0  -9999.0  -9999.0  -9999.0  -9999.0  -9999.0  -9999.0  -9999.0  -9999.0  -9999.0  -9999.0  -9999.0  -9999.0  -9999.0  -9999.0  0.4699429875  1.14931990844  2.49239354987  4.95486846472  0.532245169558  0.94928998627  4.05900129122  4.32401166314  0.229495180187  7.21311912533  7.3812509105  30.6952366777  30.8315627159  0.104542956024  0.192790134731  0.914333869338  6.92393524401  7.12853212188  0.166291912349  0.0800804429183  0.054306674277  22.2937058286  22.3873592022  22.4587417726  22.5308129558  23.8409476133  0.0768110141689  24.0918676109  0.0466079239702  0.026044460644  0.0458726466035  12.8333919362  12.8659745257  4.02225643076  4.11848666682  0.0663502350271  0.0321482219733  0.0401490176059  0.0251189878295  0.0350035340631  0.0113588338912  715.179743359  715.187646019  0.491749740048  0.43268884729  0.00968410424333  0.672813293519  0.64149215206  0.557773967493  0.049461662513  0.0707578599761  0.0944094867484  -9999.0  -9999.0  -9999.0  -9999.0  -9999.0
-9999.0  -9999.0  -9999.0  -9999.0  -9999.0  -9999.0  -9999.0  -9999.0  -9999.0  -9999.0  -9999.0  -9999.0  -9999.0  -9999.0  -9999.0  -9999.0  -9999.0  -9999.0  -9999.0  -9999.0  -9999.0  -9999.0  -9999.0  -9999.0  0.696894969408  1.35338711941  1.8937571004  3.20073847487  3.61774343502  5.9683769857  6.69054766356  6.86691727242  7.03538515525  23.0178038594  23.1752375385  0.0948845595382  0.753695292877  0.866248573661  5.88413330181  5.96567320062  0.123658754827  0.0382066786666  22.0716131365  22.1524356361  22.2043457259  0.0538644153482  1.17744321019  1.22121463581  1.27373663177  0.0410636840419  0.0277430050911  0.0184816710729  0.0134708690109  12.7363080836  12.7698345913  0.0207624847289  4.00190052063  3.87431113859  3.85488560269  0.0235916401669  0.0315297788346  0.0212390678426  0.0362999993084  32.4108569463  32.4711742602  715.676415686  0.0351475819752  0.0147920923106  0.694894882554  0.0142992769607  0.121347951118  0.0842997643062  0.0436999625024  -9999.0  -9999.0  -9999.0  -9999.0  -9999.0  -9999.0  -9999.0
-9999.0  -9999.0  -9999.0  -9999.0  -9999.0  -9999.0  -9999.0  -9999.0  -9999.0  -9999.0  -9999.0  -9999.0  -9999.0  -9999.0  -9999.0  -9999.0  -9999.0  -9999.0  -9999.0  -9999.0  -9999.0  -9999.0  -9999.0  -9999.0  0.635385592618  2.03078855157  2.68657209847  3.95531880312  5.01333386457  5.54702238151  0.390902522527  5.9152282084  22.5150997586  22.8454707257  0.246829873691  0.42515135368  0.685570919078  5.68820330876  5.80470536841  15.4818218096  15.6450291287  22.014970471  22.0514954514  0.0504223569737  0.999631752868  1.08399158299  1.14528352252  0.0424591754629  11.8922488551  11.9303693346  12.0438048974  12.5365808083  12.6745451288  12.6991465171  0.0276470197264  0.0583696723048  0.0834519678416  3.40489252552  3.81474557111  0.269462251787  0.245354025085  0.0174217731387  0.0205487905386  32.3619819597  0.0495560530903  0.0217897834593  715.688802019  0.00578790259851  0.00573824649376  0.850194103494  0.146525127319  0.0278993102609  0.0219005040397  -9999.0  -9999.0  -9999.0  -9999.0  -9999.0  -9999.0  -9999.0
-9999.0  -9999.0  -9999.0  -9999.0  -9999.0  -9999.0  -9999.0  -9999.0  -9999.0  -9999.0  -9999.0  -9999.0  -9999.0  -9999.0  -9999.0  -9999.0  -9999.0  -9999.0  -9999.0  -9999.0  -9999.0  -9999.0  -9999.0  -9999.0  0.721527094434  0.688499429045  2.6840684013  3.36640276558  0.56319810773  5.01112767595  5.47242145352  0.417692553148  15.8198412755  0.386902296642  2.53861259192  5.35553896172  5.57819041349  14.654895336  14.7760313251  15.3990287931  0.1325150259  6.3304448593  0.0302630083038  0.0673845537033  0.97509621283  0.0540484424424  2.44176217871  11.8187898632  0.0395160594631  0.0881785426972  0.397665396536  0.052609950143  0.0549029003182  0.040764483695  0.0245105836156  3.11283237868  3.30237824423  3.38191823362  0.110957947824  0.0886514996886  0.158156157271  0.0292025777631  32.29044706  32.3110601434  0.0298793175176  0.0136040537784  0.00491407494397  715.716577107  716.693264888  0.978228202289  0.121426554307  0.110879620083  0.0596732766355  -9999.0  -9999.0  -9999.0  -9999.0  -9999.0  -9999.0  -9999.0
-9999.0  -9999.0  -9999.0  -9999.0  -9999.0  -9999.0  -9999.0  -9999.0  -9999.0  -9999.0  -9999.0  -9999.0  -9999.0  -9999.0  -9999.0  -9999.0  -9999.0  -9999.0  -9999.0  -9999.0  -9999.0  -9999.0  -9999.0  -9999.0  -9999.0  0.672430321277  0.711950246767  0.672676749934  3.92641740798  4.51313217294  7.19440777165  15.4666330345  0.473304481191  1.44457014081  1.84567484636  2.54798637352  0.560787018487  14.4268380306  0.233725633972  0.475746033624  6.08074996644  0.16856148352  0.70538607335  0.794093076995  0.0645697702693  0.0516363992978  2.41887761139  9.34553795949  0.0670133822089  0.217020994277  0.357872053215  0.0538632229159  0.031582286622  2.8750269179  2.98799477565  0.0814602946495  0.168580506756  0.0481125462429  0.0774579282168  0.0535494467799  0.0403409021876  0.0232355590136  32.2749229352  0.0721974220833  -9999.0  -9999.0  0.0153655165998  0.0262564175684  716.684869897  716.675898225  716.68065573  0.0102018526639  -9999.0  -9999.0  -9999.0  -9999.0  -9999.0  -9999.0  -9999.0  -9999.0
-9999.0  -9999.0  -9999.0  -9999.0  -9999.0  -9999.0  -9999.0  -9999.0  -9999.0  -9999.0  -9999.0  -9999.0  -9999.0  -9999.0  -9999.0  -9999.0  -9999.0  -9999.0  -9999.0  -9999.0  -9999.0  -9999.0  -9999.0  -9999.0  -9999.0  -9999.0  0.649703884656  2.0813914863  2.67547206801  6.75372368721  2.41556387592  7.78312459516  4.84561355511  0.479595571479  1.39465564524  2.17591159133  0.292932518312  13.6143403858  4.54643416703  5.44749743654  0.481593071718  0.48481525007  0.158341168558  0.0691762238932  2.26461863194  2.31818486334  9.17323213855  9.22481367466  0.105948840078  0.166051736613  0.0403145605372  2.44915566904  2.65853535875  2.85826483614  0.091417142441  0.0399628656615  0.120978319406  0.0438915914567  0.0287310992186  0.0183880119818  32.0758354619  32.1266339214  32.1626567522  0.0508544319419  -9999.0  -9999.0  -9999.0  -9999.0  -9999.0  0.00400459935735  716.668871364  716.657522821  -9999.0  -9999.0  -9999.0  -9999.0  -9999.0  -9999.0  -9999.0  -9999.0
-9999.0  -9999.0  -9999.0  -9999.0  -9999.0  -9999.0  -9999.0  -9999.0  -9999.0  -9999.0  -9999.0  -9999.0  -9999.0  -9999.0  -9999.0  -9999.0  -9999.0  -9999.0  -9999.0  -9999.0  -9999.0  -9999.0  -9999.0  -9999.0  -9999.0  -9999.0  0.783660386919  0.69566025662  6.16326046971  0.654225825391  1.89915275938  3.2076869839  4.36056002869  0.557589200198  0.471745404906  0.40862155741  12.9174694747  13.3065552299  4.30466772914  0.682796062668  0.301335286437  0.297531635446  2.04150456716  2.21805022152  8.58674730226  8.83684094024  9.0443941299  0.0846595809002  0.057387896378  2.35167721678  2.38198385922  2.4231474618  0.187656848569  0.109232621582  0.0539516707218  0.0497608757026  0.029903274066  0.235705143159  0.248626052838  32.0534092671  32.0673193698  0.0375371342476  0.0198308606041  0.0262192081428  -9999.0  -9999.0  -9999.0  -9999.0  -9999.0  -9999.0  -9999.0  -9999.0  -9999.0  -9999.0  -9999.0  -9999.0  -9999.0  -9999.0  -9999.0  -9999.0
-9999.0  -9999.0  -9999.0  -9999.0  -9999.0  -9999.0  -9999.0  -9999.0  -9999.0  -9999.0  -9999.0  -9999.0  -9999.0  -9999.0  -9999.0  -9999.0  -9999.0  -9999.0  -9999.0  -9999.0  -9999.0  -9999.0  -9999.0  -9999.0  -9999.0  -9999.0  -9999.0  1.49261316096  4.83135539832  2.6785841064  0.628947679288  2.58378734162  0.580587892846  1.84161141282  2.21216383006  11.627202308  12.5548244393  3.66571632308  3.99643625339  0.347477697721  1.56393535134  1.82825340069  5.83815461471  8.29854300949  8.47998229683  0.174701547822  0.118438371816  1.90853194715  2.13060892686  2.32244635391  0.0558230370358  0.0957137212847  0.146995873138  0.0510666659738  0.0932045314784  0.147910357398  0.172182269253  0.219451134253  0.0207098614984  31.7676863102  0.0600540666589  0.0214703302192  -9999.0  -9999.0  -9999.0  -9999.0  -9999.0  -9999.0  -9999.0  -9999.0  -9999.0  -9999.0  -9999.0  -9999.0  -9999.0  -9999.0  -9999.0  -9999.0  -9999.0  -9999.0
-9999.0  -9999.0  -9999.0  -9999.0  -9999.0  -9999.0  -9999.0  -9999.0  -9999.0  -9999.0  -9999.0  -9999.0  -9999.0  -9999.0  -9999.0  -9999.0  -9999.0  -9999.0  -9999.0  -9999.0  -9999.0  -9999.0  -9999.0  -9999.0  -9999.0  -9999.0  -9999.0  0.793149477733  0.701877473262  1.30214410931  0.686154906948  1.29180062376  1.32485972937  7.32493243238  7.83954317333  1.12551396472  0.467905117371  3.31703212457  0.864814664328  1.29572297865  5.06392392886  5.36455592574  5.64792146411  2.27978492562  0.747971339948  1.15174850435  1.48317465094  1.86254483187  0.180315736061  0.109726094461  20.4507218613  20.5168312944  20.5599514452  0.0354371752271  0.0610486767076  0.0347639628763  0.0211414099091  30.7796421834  31.0458255557  0.610432846217  0.529013157878  0.0418585026382  -9999.0  -9999.0  -9999.0  -9999.0  -9999.0  -9999.0  -9999.0  -9999.0  -9999.0  -9999.0  -9999.0  -9999.0  -9999.0  -9999.0  -9999.0  -9999.0  -9999.0  -9999.0
-9999.0  -9999.0  -9999.0  -9999.0  -9999.0  -9999.0  -9999.0  -9999.0  -9999.0  -9999.0  -9999.0  -9999.0  -9999.0  -9999.0  -9999.0  -9999.0  -9999.0  -9999.0  -9999.0  -9999.0  -9999.0  -9999.0  -9999.0  -9999.0  -9999.0  -9999.0  -9999.0  -9999.0  -9999.0  0.558942717064  0.579963098532  0.725146802667  2.80987868419  6.79107873686  3.37456498932  0.553988738055  2.34811501127  2.86086254638  0.417437586742  4.43099835453  4.76068165163  1.12574352687  1.70730491043  0.296782457937  0.493999523617  0.217042769619  0.170550558664  0.167924046926  20.1771116115  20.301612542  20.3960418208  0.535772152354  21.1910499082  21.2587798331  21.3106566869  21.3613041611  21.4442663238  30.7639655673  30.8440748209  0.169872717418  0.484796325116  0.125976218549  -9999.0  -9999.0  -9999.0  -9999.0  -9999.0  -9999.0  -9999.0  -9999.0  -9999.0  -9999.0  -9999.0  -9999.0  -9999.0  -9999.0  -9999.0  -9999.0  -9999.0  -9999.0
-9999.0  -9999.0  -9999.0  -9999.0  -9999.0  -9999.0  -9999.0  -9999.0  -9999.0  -9999.0  -9999.0  -9999.0  -9999.0  -9999.0  -9999.0  -9999.0  -9999.0  -9999.0  -9999.0  -9999.0  -9999.0  -9999.0  -9999.0  -9999.0  -9999.0  -9999.0  -9999.0  -9999.0  -9999.0  -9999.0  -9999.0  0.770809477493  1.45985015933  1.43704260279  1.37358508431  1.30783964676  1.90758573324  3.08251006082  3.52690312668  4.0607106556  0.389208288263  0.796615418336  0.307298426645  0.251522536243  13.3284805866  15.8294392918  16.2697340376  16.4824358732  20.0636510506  0.169528877258  0.298987424623  0.465260781829  3.05518232786  3.13050573195  3.18964436863  7.18382697599  8.61081967366  9.25935942951  0.100096117194  0.0974223846386  0.307001640681  0.0788667985502  -9999.0  -9999.0  -9999.0  -9999.0  -9999.0  -9999.0  -9999.0  -9999.0  -9999.0  -9999.0  -9999.0  -9999.0  -9999.0  -9999.0  -9999.0  -9999.0  -9999.0  -9999.0
-9999.0  -9999.0  -9999.0  -9999.0  -9999.0  -9999.0  -9999.0  -9999.0  -9999.0  -9999.0  -9999.0  -9999.0  -9999.0  -9999.0  -9999.0  -9999.0  -9999.0  -9999.0  -9999.0  -9999.0  -9999.0  -9999.0  -9999.0  -9999.0  -9999.0  -9999.0  -9999.0  -9999.0  -9999.0  -9999.0  -9999.0  -9999.0  0.734956251127  0.737207167131  0.693360307187  0.663664402486  1.30582004481  2.54432592063  2.46172350087  2.93079044113  3.26319553766  7.51291220216  7.81306391516  12.8918613494  13.165420044  2.32699335881  0.249986358804  3.17189442739  3.37848172  1.26882311723  2.43058075356  2.81309269689  2.9651720234  0.121019352024  3.94850634162  7.46766192751  8.57078392622  0.103348301273  0.481597810052  0.0734297524685  0.23965980998  -9999.0  -9999.0  -9999.0  -9999.0  -9999.0  -9999.0  -9999.0  -9999.0  -9999.0  -9999.0  -9999.0  -9999.0  -9999.0  -9999.0  -9999.0  -9999.0  -9999.0  -9999.0  -9999.0
-9999.0  -9999.0  -9999.0  -9999.0  -9999.0  -9999.0  -9999.0  -9999.0  -9999.0  -9999.0  -9999.0  -9999.0  -9999.0  -9999.0  -9999.0  -9999.0  -9999.0  -9999.0  -9999.0  -9999.0  -9999.0  -9999.0  -9999.0  -9999.0  -9999.0  -9999.0  -9999.0  -9999.0  -9999.0  -9999.0  -9999.0  -9999.0  -9999.0  -9999.0  -9999.0  0.728903202205  0.650082011024  0.672978517906  1.94100605032  1.78289660911  3.38231139211  3.92430557679  0.41622457113  4.75656620841  1.69428862426  2.05831796374  2.04145236445  2.95858765416  0.805494450067  0.261235229559  1.03139172716  0.240651291078  2.1968843242  2.59274273819  3.73333892356  0.162029189282  0.659875099878  0.235354374593  0.300269830601  0.0897504193439  0.166651193867  -9999.0  -9999.0  -9999.0  -9999.0  -9999.0  -9999.0  -9999.0  -9999.0  -9999.0  -9999.0  -9999.0  -9999.0  -9999.0  -9999.0  -9999.0  -9999.0  -9999.0  -9999.0  -9999.0
-9999.0  -9999.0  -9999.0  -9999.0  -9999.0  -9999.0  -9999.0  -9999.0  -9999.0  -9999.0  -9999.0  -9999.0  -9999.0  -9999.0  -9999.0  -9999.0  -9999.0  -9999.0  -9999.0  -9999.0  -9999.0  -9999.0  -9999.0  -9999.0  -9999.0  -9999.0  -9999.0  -9999.0  -9999.0  -9999.0  -9999.0  -9999.0  -9999.0  -9999.0  -9999.0  -9999.0  -9999.0  0.653026018316  0.580226182175  1.19860224519  1.11010614916  2.93244043542  3.89055521756  0.96908389314  1.32671147452  1.08286778282  1.76129175841  0.626438495741  0.576897951005  0.586407178922  0.229397834974  1.33288198507  2.01560424861  0.222310301751  0.95473907245  0.322925388397  0.185527835288  0.103189222166  0.0978403296343  0.109140902254  -9999.0  -9999.0  -9999.0  -9999.0  -9999.0  -9999.0  -9999.0  -9999.0  -9999.0  -9999.0  -9999.0  -9999.0  -9999.0  -9999.0  -9999.0  -9999.0  -9999.0  -9999.0  -9999.0  -9999.0
-9999.0  -9999.0  -9999.0  -9999.0  -9999.0  -9999.0  -9999.0  -9999.0  -9999.0  -9999.0  -9999.0  -9999.0  -9999.0  -9999.0  -9999.0  -9999.0  -9999.0  -9999.0  -9999.0  -9999.0  -9999.0  -9999.0  -9999.0  -9999.0  -9999.0  -9999.0  -9999.0  -9999.0  -9999.0  -9999.0  -9999.0  -9999.0  -9999.0  -9999.0  -9999.0  -9999.0  -9999.0  -9999.0  -9999.0  0.602934228184  1.25305578009  2.45018451496  0.52577268737  0.51073049895  0.35777112117  0.757993326633  0.360778409802  0.327492058897  0.310166909799  0.317724891837  0.575426942104  1.13242825974  0.503564729169  0.534307564572  0.761365065969  0.170011805457  0.0879135011677  -9999.0  -9999.0  -9999.0  -9999.0  -9999.0  -9999.0  -9999.0  -9999.0  -9999.0  -9999.0  -9999.0  -9999.0  -9999.0  -9999.0  -9999.0  -9999.0  -9999.0  -9999.0  -9999.0  -9999.0  -9999.0  -9999.0  -9999.0
-9999.0  -9999.0  -9999.0  -9999.0  -9999.0  -9999.0  -9999.0  -9999.0  -9999.0  -9999.0  -9999.0  -9999.0  -9999.0  -9999.0  -9999.0  -9999.0  -9999.0  -9999.0  -9999.0  -9999.0  -9999.0  -9999.0  -9999.0  -9999.0  -9999.0  -9999.0  -9999.0  -9999.0  -9999.0  -9999.0  -9999.0  -9999.0  -9999.0  -9999.0  -9999.0  -9999.0  -9999.0  -9999.0  -9999.0  -9999.0  0.640094799902  0.571477525078  -9999.0  -9999.0  -9999.0  -9999.0  -9999.0  -9999.0  -9999.0  -9999.0  0.293336956005  0.273283208355  0.228065961964  0.25006056636  -9999.0  -9999.0  -9999.0  -9999.0  -9999.0  -9999.0  -9999.0  -9999.0  -9999.0  -9999.0  -9999.0  -9999.0  -9999.0  -9999.0  -9999.0  -9999.0  -9999.0  -9999.0  -9999.0  -9999.0  -9999.0  -9999.0  -9999.0  -9999.0  -9999.0  -9999.0
-9999.0  -9999.0  -9999.0  -9999.0  -9999.0  -9999.0  -9999.0  -9999.0  -9999.0  -9999.0  -9999.0  -9999.0  -9999.0  -9999.0  -9999.0  -9999.0  -9999.0  -9999.0  -9999.0  -9999.0  -9999.0  -9999.0  -9999.0  -9999.0  -9999.0  -9999.0  -9999.0  -9999.0  -9999.0  -9999.0  -9999.0  -9999.0  -9999.0  -9999.0  -9999.0  -9999.0  -9999.0  -9999.0  -9999.0  -9999.0  -9999.0  -9999.0  -9999.0  -9999.0  -9999.0  -9999.0  -9999.0  -9999.0  -9999.0  -9999.0  -9999.0  -9999.0  -9999.0  -9999.0  -9999.0  -9999.0  -9999.0  -9999.0  -9999.0  -9999.0  -9999.0  -9999.0  -9999.0  -9999.0  -9999.0  -9999.0  -9999.0  -9999.0  -9999.0  -9999.0  -9999.0  -9999.0  -9999.0  -9999.0  -9999.0  -9999.0  -9999.0  -9999.0  -9999.0  -9999.0
-9999.0  -9999.0  -9999.0  -9999.0  -9999.0  -9999.0  -9999.0  -9999.0  -9999.0  -9999.0  -9999.0  -9999.0  -9999.0  -9999.0  -9999.0  -9999.0  -9999.0  -9999.0  -9999.0  -9999.0  -9999.0  -9999.0  -9999.0  -9999.0  -9999.0  -9999.0  -9999.0  -9999.0  -9999.0  -9999.0  -9999.0  -9999.0  -9999.0  -9999.0  -9999.0  -9999.0  -9999.0  -9999.0  -9999.0  -9999.0  -9999.0  -9999.0  -9999.0  -9999.0  -9999.0  -9999.0  -9999.0  -9999.0  -9999.0  -9999.0  -9999.0  -9999.0  -9999.0  -9999.0  -9999.0  -9999.0  -9999.0  -9999.0  -9999.0  -9999.0  -9999.0  -9999.0  -9999.0  -9999.0  -9999.0  -9999.0  -9999.0  -9999.0  -9999.0  -9999.0  -9999.0  -9999.0  -9999.0  -9999.0  -9999.0  -9999.0  -9999.0  -9999.0  -9999.0  -9999.0
-9999.0  -9999.0  -9999.0  -9999.0  -9999.0  -9999.0  -9999.0  -9999.0  -9999.0  -9999.0  -9999.0  -9999.0  -9999.0  -9999.0  -9999.0  -9999.0  -9999.0  -9999.0  -9999.0  -9999.0  -9999.0  -9999.0  -9999.0  -9999.0  -9999.0  -9999.0  -9999.0  -9999.0  -9999.0  -9999.0  -9999.0  -9999.0  -9999.0  -9999.0  -9999.0  -9999.0  -9999.0  -9999.0  -9999.0  -9999.0  -9999.0  -9999.0  -9999.0  -9999.0  -9999.0  -9999.0  -9999.0  -9999.0  -9999.0  -9999.0  -9999.0  -9999.0  -9999.0  -9999.0  -9999.0  -9999.0  -9999.0  -9999.0  -9999.0  -9999.0  -9999.0  -9999.0  -9999.0  -9999.0  -9999.0  -9999.0  -9999.0  -9999.0  -9999.0  -9999.0  -9999.0  -9999.0  -9999.0  -9999.0  -9999.0  -9999.0  -9999.0  -9999.0  -9999.0  -9999.0
-9999.0  -9999.0  -9999.0  -9999.0  -9999.0  -9999.0  -9999.0  -9999.0  -9999.0  -9999.0  -9999.0  -9999.0  -9999.0  -9999.0  -9999.0  -9999.0  -9999.0  -9999.0  -9999.0  -9999.0  -9999.0  -9999.0  -9999.0  -9999.0  -9999.0  -9999.0  -9999.0  -9999.0  -9999.0  -9999.0  -9999.0  -9999.0  -9999.0  -9999.0  -9999.0  -9999.0  -9999.0  -9999.0  -9999.0  -9999.0  -9999.0  -9999.0  -9999.0  -9999.0  -9999.0  -9999.0  -9999.0  -9999.0  -9999.0  -9999.0  -9999.0  -9999.0  -9999.0  -9999.0  -9999.0  -9999.0  -9999.0  -9999.0  -9999.0  -9999.0  -9999.0  -9999.0  -9999.0  -9999.0  -9999.0  -9999.0  -9999.0  -9999.0  -9999.0  -9999.0  -9999.0  -9999.0  -9999.0  -9999.0  -9999.0  -9999.0  -9999.0  -9999.0  -9999.0  -9999.0
-9999.0  -9999.0  -9999.0  -9999.0  -9999.0  -9999.0  -9999.0  -9999.0  -9999.0  -9999.0  -9999.0  -9999.0  -9999.0  -9999.0  -9999.0  -9999.0  -9999.0  -9999.0  -9999.0  -9999.0  -9999.0  -9999.0  -9999.0  -9999.0  -9999.0  -9999.0  -9999.0  -9999.0  -9999.0  -9999.0  -9999.0  -9999.0  -9999.0  -9999.0  -9999.0  -9999.0  -9999.0  -9999.0  -9999.0  -9999.0  -9999.0  -9999.0  -9999.0  -9999.0  -9999.0  -9999.0  -9999.0  -9999.0  -9999.0  -9999.0  -9999.0  -9999.0  -9999.0  -9999.0  -9999.0  -9999.0  -9999.0  -9999.0  -9999.0  -9999.0  -9999.0  -9999.0  -9999.0  -9999.0  -9999.0  -9999.0  -9999.0  -9999.0  -9999.0  -9999.0  -9999.0  -9999.0  -9999.0  -9999.0  -9999.0  -9999.0  -9999.0  -9999.0  -9999.0  -9999.0
-9999.0  -9999.0  -9999.0  -9999.0  -9999.0  -9999.0  -9999.0  -9999.0  -9999.0  -9999.0  -9999.0  -9999.0  -9999.0  -9999.0  -9999.0  -9999.0  -9999.0  -9999.0  -9999.0  -9999.0  -9999.0  -9999.0  -9999.0  -9999.0  -9999.0  -9999.0  -9999.0  -9999.0  -9999.0  -9999.0  -9999.0  -9999.0  -9999.0  -9999.0  -9999.0  -9999.0  -9999.0  -9999.0  -9999.0  -9999.0  -9999.0  -9999.0  -9999.0  -9999.0  -9999.0  -9999.0  -9999.0  -9999.0  -9999.0  -9999.0  -9999.0  -9999.0  -9999.0  -9999.0  -9999.0  -9999.0  -9999.0  -9999.0  -9999.0  -9999.0  -9999.0  -9999.0  -9999.0  -9999.0  -9999.0  -9999.0  -9999.0  -9999.0  -9999.0  -9999.0  -9999.0  -9999.0  -9999.0  -9999.0  -9999.0  -9999.0  -9999.0  -9999.0  -9999.0  -9999.0
