ncols                  80
nrows                 72
xllcorner      4374000.0
yllcorner      5656000.0
cellsize            500
NODATA_value       -9999
-9999.0  -9999.0  -9999.0  -9999.0  -9999.0  -9999.0  -9999.0  -9999.0  -9999.0  -9999.0  -9999.0  -9999.0  1.136075114  1.04906190186  -9999.0  -9999.0  -9999.0  -9999.0  -9999.0  -9999.0  -9999.0  -9999.0  -9999.0  -9999.0  -9999.0  -9999.0  -9999.0  -9999.0  -9999.0  -9999.0  -9999.0  -9999.0  -9999.0  -9999.0  -9999.0  -9999.0  -9999.0  -9999.0  -9999.0  -9999.0  -9999.0  -9999.0  -9999.0  -9999.0  -9999.0  -9999.0  -9999.0  -9999.0  -9999.0  -9999.0  -9999.0  -9999.0  -9999.0  -9999.0  -9999.0  -9999.0  -9999.0  -9999.0  -9999.0  -9999.0  -9999.0  -9999.0  -9999.0  -9999.0  -9999.0  -9999.0  -9999.0  -9999.0  -9999.0  -9999.0  -9999.0  -9999.0  -9999.0  -9999.0  -9999.0  -9999.0  -9999.0  -9999.0  -9999.0  -9999.0
-9999.0  -9999.0  -9999.0  -9999.0  -9999.0  -9999.0  -9999.0  -9999.0  -9999.0  -9999.0  -9999.0  -9999.0  2.13995947621  5.17643874738  0.932856561294  -9999.0  0.762121298321  -9999.0  -9999.0  -9999.0  -9999.0  -9999.0  -9999.0  -9999.0  -9999.0  -9999.0  -9999.0  -9999.0  -9999.0  -9999.0  -9999.0  -9999.0  -9999.0  -9999.0  -9999.0  -9999.0  -9999.0  -9999.0  -9999.0  -9999.0  -9999.0  -9999.0  -9999.0  -9999.0  -9999.0  -9999.0  -9999.0  -9999.0  -9999.0  -9999.0  -9999.0  -9999.0  -9999.0  -9999.0  -9999.0  -9999.0  -9999.0  -9999.0  -9999.0  -9999.0  -9999.0  -9999.0  -9999.0  -9999.0  -9999.0  -9999.0  -9999.0  -9999.0  -9999.0  -9999.0  -9999.0  -9999.0  -9999.0  -9999.0  -9999.0  -9999.0  -9999.0  -9999.0  -9999.0  -9999.0
-9999.0  -9999.0  -9999.0  -9999.0  -9999.0  -9999.0  -9999.0  -9999.0  -9999.0  -9999.0  0.981984616844  0.947983361458  0.979346071719  0.952162508654  6.99197022467  7.93049101932  2.12017775152  0.671099427261  -9999.0  -9999.0  -9999.0  -9999.0  -9999.0  -9999.0  -9999.0  -9999.0  -9999.0  -9999.0  -9999.0  -9999.0  -9999.0  -9999.0  -9999.0  -9999.0  -9999.0  -9999.0  -9999.0  -9999.0  -9999.0  -9999.0  -9999.0  -9999.0  -9999.0  -9999.0  -9999.0  -9999.0  -9999.0  -9999.0  -9999.0  -9999.0  -9999.0  -9999.0  -9999.0  -9999.0  -9999.0  -9999.0  -9999.0  -9999.0  -9999.0  -9999.0  -9999.0  -9999.0  -9999.0  -9999.0  -9999.0  -9999.0  -9999.0  -9999.0  -9999.0  -9999.0  -9999.0  -9999.0  -9999.0  -9999.0  -9999.0  -9999.0  -9999.0  -9999.0  -9999.0  -9999.0
-9999.0  -9999.0  -9999.0  -9999.0  -9999.0  -9999.0  -9999.0  -9999.0  -9999.0  0.951882829516  1.93641658408  3.83670028005  1.9033621432  0.930962863674  1.82242332115  8.81348142752  12.5748452775  0.784007235476  -9999.0  0.948363056448  -9999.0  -9999.0  -9999.0  -9999.0  1.45158885225  0.73351772032  -9999.0  -9999.0  -9999.0  -9999.0  -9999.0  -9999.0  -9999.0  -9999.0  -9999.0  -9999.0  -9999.0  -9999.0  -9999.0  -9999.0  -9999.0  -9999.0  -9999.0  -9999.0  -9999.0  -9999.0  -9999.0  -9999.0  -9999.0  -9999.0  -9999.0  -9999.0  -9999.0  -9999.0  -9999.0  -9999.0  -9999.0  -9999.0  -9999.0  -9999.0  -9999.0  -9999.0  -9999.0  -9999.0  -9999.0  -9999.0  -9999.0  -9999.0  -9999.0  -9999.0  -9999.0  -9999.0  -9999.0  -9999.0  -9999.0  -9999.0  -9999.0  -9999.0  -9999.0  -9999.0
-9999.0  -9999.0  -9999.0  -9999.0  -9999.0  -9999.0  -9999.0  -9999.0  1.01088524654  2.93598793574  3.84680387124  4.77193773103  6.63120897711  0.875123547025  3.51376790559  4.36892595608  18.7423726738  0.91459371161  0.85679102315  1.80060416251  2.63015561964  0.855078604767  -9999.0  3.85388731974  3.14604051107  0.885811174218  -9999.0  -9999.0  -9999.0  -9999.0  -9999.0  -9999.0  -9999.0  -9999.0  -9999.0  -9999.0  -9999.0  -9999.0  -9999.0  -9999.0  -9999.0  -9999.0  -9999.0  -9999.0  -9999.0  -9999.0  -9999.0  -9999.0  -9999.0  -9999.0  -9999.0  -9999.0  -9999.0  -9999.0  -9999.0  -9999.0  -9999.0  -9999.0  -9999.0  -9999.0  -9999.0  -9999.0  -9999.0  -9999.0  -9999.0  -9999.0  -9999.0  -9999.0  -9999.0  -9999.0  -9999.0  -9999.0  -9999.0  -9999.0  -9999.0  -9999.0  -9999.0  -9999.0  -9999.0  -9999.0
-9999.0  -9999.0  -9999.0  -9999.0  -9999.0  -9999.0  1.00953043374  0.958012029301  0.94312680047  0.950211556784  0.943710395372  6.67262355599  14.2182211304  15.1264746357  15.8401691101  0.644998017225  20.244830557  21.0600684147  1.66860658344  0.836458824285  3.44583579252  5.95431296217  0.892700133022  6.62853058576  0.929319341406  0.967602722828  0.9525856715  -9999.0  -9999.0  -9999.0  -9999.0  -9999.0  -9999.0  -9999.0  -9999.0  -9999.0  -9999.0  -9999.0  -9999.0  -9999.0  -9999.0  -9999.0  -9999.0  -9999.0  -9999.0  -9999.0  -9999.0  -9999.0  -9999.0  -9999.0  -9999.0  -9999.0  -9999.0  -9999.0  -9999.0  -9999.0  -9999.0  -9999.0  -9999.0  -9999.0  -9999.0  -9999.0  -9999.0  -9999.0  -9999.0  -9999.0  -9999.0  -9999.0  -9999.0  -9999.0  -9999.0  -9999.0  -9999.0  -9999.0  -9999.0  -9999.0  -9999.0  -9999.0  -9999.0  -9999.0
-9999.0  -9999.0  -9999.0  -9999.0  -9999.0  -9999.0  2.01848935128  3.00417043066  6.86734208332  9.67276682347  0.880723797784  0.905969423645  0.864526969047  2.49306504854  19.117890691  0.705939343677  21.802141557  24.7624032264  2.36845828032  1.60335773262  6.72896773935  0.818311326657  7.44755878187  1.69626079907  0.870667002672  1.82418367203  1.87758660926  0.919188732701  0.924565609803  0.913719514434  0.937008354987  1.88059616093  -9999.0  -9999.0  -9999.0  -9999.0  -9999.0  -9999.0  -9999.0  -9999.0  -9999.0  -9999.0  -9999.0  -9999.0  -9999.0  -9999.0  -9999.0  -9999.0  -9999.0  -9999.0  -9999.0  -9999.0  -9999.0  -9999.0  -9999.0  -9999.0  -9999.0  -9999.0  -9999.0  -9999.0  -9999.0  -9999.0  -9999.0  -9999.0  -9999.0  -9999.0  -9999.0  -9999.0  -9999.0  -9999.0  -9999.0  -9999.0  -9999.0  -9999.0  -9999.0  -9999.0  -9999.0  -9999.0  -9999.0  -9999.0
-9999.0  -9999.0  -9999.0  -9999.0  -9999.0  1.05023281189  2.06417127412  1.00823451957  1.98377780526  10.6491959954  12.4652601751  14.2798859117  44.5854314793  0.7894397187  19.9515012447  70.6598071616  71.1931460146  96.8421427651  0.565071123696  2.35806546521  7.50956315377  0.776814500875  16.9854336423  8.73661643216  5.42579545377  4.56909135885  0.917412963498  2.74765204791  2.7183208609  1.81513875392  0.889720184132  2.79151823397  0.888083889165  0.883275756031  -9999.0  -9999.0  -9999.0  -9999.0  -9999.0  -9999.0  -9999.0  -9999.0  -9999.0  -9999.0  -9999.0  -9999.0  -9999.0  -9999.0  -9999.0  -9999.0  -9999.0  -9999.0  -9999.0  -9999.0  -9999.0  -9999.0  -9999.0  -9999.0  -9999.0  -9999.0  -9999.0  -9999.0  -9999.0  -9999.0  -9999.0  -9999.0  -9999.0  -9999.0  -9999.0  -9999.0  -9999.0  -9999.0  -9999.0  -9999.0  -9999.0  -9999.0  -9999.0  -9999.0  -9999.0  -9999.0
-9999.0  -9999.0  -9999.0  -9999.0  -9999.0  1.05477071845  3.10686232538  6.18844610767  7.17205319047  14.2567758352  15.194131155  18.0757918219  29.4932849856  46.8234949171  48.4873097205  49.2410362502  1.4167220073  99.3130205776  100.541422049  104.382838996  131.952280076  19.3243644786  17.7954192557  6.23290242526  0.80207936641  5.30823350019  3.60135362254  0.836520711051  3.53555141189  0.740498646115  1.59873313219  4.45072079655  5.29491848888  1.72454498839  0.860689600147  0.855091761049  -9999.0  -9999.0  -9999.0  -9999.0  0.766934945192  0.667218725057  -9999.0  -9999.0  -9999.0  -9999.0  -9999.0  -9999.0  -9999.0  -9999.0  -9999.0  -9999.0  -9999.0  -9999.0  -9999.0  -9999.0  -9999.0  -9999.0  -9999.0  -9999.0  -9999.0  -9999.0  -9999.0  -9999.0  -9999.0  -9999.0  -9999.0  -9999.0  -9999.0  -9999.0  -9999.0  -9999.0  -9999.0  -9999.0  -9999.0  -9999.0  -9999.0  -9999.0  -9999.0  -9999.0
-9999.0  -9999.0  -9999.0  -9999.0  -9999.0  1.04024263234  1.01641013296  4.11826508484  5.10610908088  6.11380685613  0.971369329086  1.93361095972  10.7876960826  1.79478519479  0.90787406143  0.860853978541  0.778079117223  0.804726616946  0.779109657812  0.830000371775  132.697629179  135.021993616  0.771183447148  2.36624987251  1.60063048502  6.10599387297  1.67072423072  0.823397037234  4.37156874731  1.48578545177  3.60418087029  9.3996361984  8.70190118062  2.57360598246  2.58064586158  0.860132487786  0.865345114479  -9999.0  -9999.0  0.870720445291  1.69005434483  3.75325690062  0.705499704145  -9999.0  -9999.0  -9999.0  -9999.0  -9999.0  -9999.0  -9999.0  -9999.0  -9999.0  -9999.0  -9999.0  -9999.0  -9999.0  -9999.0  -9999.0  -9999.0  -9999.0  -9999.0  -9999.0  -9999.0  -9999.0  -9999.0  -9999.0  -9999.0  -9999.0  -9999.0  -9999.0  -9999.0  -9999.0  -9999.0  -9999.0  -9999.0  -9999.0  -9999.0  -9999.0  -9999.0  -9999.0
-9999.0  -9999.0  -9999.0  -9999.0  -9999.0  -9999.0  1.05918087654  1.04366845752  2.06713592718  3.08583182205  7.00254188774  8.97650138406  9.88841274365  0.890263306704  0.844747699605  11.0299881234  13.5685175177  14.3846614879  17.728404275  18.5249830141  0.790188452176  135.810360995  139.579304843  2.99288749883  0.420562371724  6.778286066  15.2187342029  5.98886961079  1.54718017002  0.766905930643  14.5037896041  10.1761591031  0.784661553032  0.774720925571  3.36940629891  2.52529142762  0.842231851589  0.842490497434  0.847493167463  1.7058832849  0.827581847751  4.56724652865  5.41255681158  0.831768625511  -9999.0  -9999.0  -9999.0  -9999.0  0.910623837536  0.886205482001  0.233302233016  -9999.0  -9999.0  -9999.0  -9999.0  -9999.0  -9999.0  -9999.0  -9999.0  -9999.0  -9999.0  -9999.0  -9999.0  -9999.0  -9999.0  -9999.0  -9999.0  -9999.0  -9999.0  -9999.0  -9999.0  -9999.0  -9999.0  -9999.0  -9999.0  -9999.0  -9999.0  -9999.0  -9999.0  -9999.0
-9999.0  -9999.0  -9999.0  -9999.0  -9999.0  -9999.0  -9999.0  1.05172276829  0.929163493499  1.94755373434  2.94888881331  0.9952701023  0.875440641469  5.68128173218  7.50207881277  9.34099446522  0.862174748628  1.71471708705  0.835299974066  19.3230439578  43.3350396231  44.0839332324  185.273884528  0.766015767044  1.31247557818  0.418098592818  15.9844114232  0.762933538911  2.32139415967  0.764593424056  15.282897808  16.0512935698  1.56424075258  1.54543736472  8.3523426041  4.17812890643  1.66210734494  0.829715045288  1.69716276471  2.54506009484  4.20117663941  0.838035563298  7.09311710217  7.92129977628  0.794925285906  0.821326606854  0.84170206772  0.813438745739  0.790726627124  2.6199606636  1.00316915879  0.66526416693  -9999.0  -9999.0  -9999.0  -9999.0  -9999.0  -9999.0  -9999.0  -9999.0  -9999.0  -9999.0  -9999.0  -9999.0  -9999.0  -9999.0  -9999.0  -9999.0  -9999.0  -9999.0  -9999.0  -9999.0  -9999.0  -9999.0  -9999.0  -9999.0  -9999.0  -9999.0  -9999.0  -9999.0
-9999.0  -9999.0  -9999.0  -9999.0  -9999.0  -9999.0  -9999.0  -9999.0  1.9793411578  2.8755941781  0.997075952138  2.00420417693  2.95624421478  4.80957213549  0.946621401618  0.934743284641  0.844401233267  0.856410236343  0.804182378296  22.3980227383  0.843371496246  1.66657552294  187.841987917  190.033926893  1.0874912089  3.4407675648  20.2125152327  1.49780013317  3.04514956756  1.49272737333  2.20328480833  19.0671268379  2.29199640959  12.1164038289  9.83593080612  0.72500258913  4.04339312236  1.61509646247  2.48450889881  0.786690087352  5.01323895884  6.66948604109  7.44262827614  8.19840099633  11.0043312432  1.54786340052  1.58949745935  1.54042319829  1.49331652144  3.37029335568  0.745715208867  2.42247367672  3.12045494649  -9999.0  -9999.0  -9999.0  -9999.0  -9999.0  -9999.0  -9999.0  -9999.0  -9999.0  -9999.0  -9999.0  -9999.0  -9999.0  -9999.0  -9999.0  -9999.0  -9999.0  -9999.0  -9999.0  -9999.0  -9999.0  -9999.0  -9999.0  -9999.0  -9999.0  -9999.0  -9999.0
-9999.0  -9999.0  -9999.0  -9999.0  -9999.0  -9999.0  -9999.0  -9999.0  1.03539528794  4.92221995407  5.90716163232  0.987932761233  1.93843612925  0.950904000607  0.905847289287  0.891787638998  10.9490023186  14.6078319287  18.1339806849  21.6073533768  0.9016285277  0.83230799304  0.984475740241  194.266010216  196.69420972  197.841246713  27.4013790455  6.12118485695  5.3097768119  0.739054185512  2.93261790476  22.731717945  0.739943650104  12.8581219306  0.742455044252  5.15380509083  4.8366796155  0.77844067593  3.26498476459  1.5656157748  2.34235833634  0.809314407005  0.74608841633  8.95007865976  9.67888410475  11.7311861145  2.33502207533  2.27204002758  2.21749923387  4.13171170989  5.62259142764  0.741685343819  3.80913656735  0.691876418665  1.35009493038  0.666865132275  -9999.0  -9999.0  -9999.0  -9999.0  -9999.0  -9999.0  -9999.0  -9999.0  -9999.0  -9999.0  -9999.0  -9999.0  -9999.0  -9999.0  -9999.0  -9999.0  -9999.0  -9999.0  -9999.0  -9999.0  -9999.0  -9999.0  -9999.0  -9999.0
-9999.0  -9999.0  -9999.0  -9999.0  -9999.0  -9999.0  -9999.0  -9999.0  -9999.0  1.0272788323  6.90391603265  7.88493657766  2.89629947657  4.79215732657  6.59453802367  7.49070805755  0.89393496977  2.80988062141  1.84388570172  0.902005181699  0.898363577855  0.866061882477  1.73636864991  3.00685126639  1.25674651514  227.649897353  228.772513662  1.0555754232  0.780723884062  1.44665555486  2.15395255048  24.8810407757  1.43776591663  13.5620103871  7.97375787858  6.53146211824  0.754470865988  1.52515528538  4.00868987794  0.739037554732  3.07816245933  1.54784306149  1.26459496875  0.459521030466  11.3188398998  23.7247321222  2.97854061009  2.92006052208  2.90554878269  0.685061068755  6.30014948289  0.671094073216  5.18933751332  0.648127782142  1.99771792547  3.25841187333  0.5347089837  0.541285534483  0.559489049183  0.559389230765  0.488673592878  -9999.0  -9999.0  0.361154050071  0.191349531845  -9999.0  -9999.0  -9999.0  -9999.0  -9999.0  -9999.0  -9999.0  -9999.0  -9999.0  -9999.0  -9999.0  -9999.0  -9999.0  -9999.0  -9999.0
-9999.0  -9999.0  -9999.0  -9999.0  -9999.0  -9999.0  -9999.0  -9999.0  -9999.0  -9999.0  0.968253577161  9.81003120087  0.948872705456  1.87353865796  2.75499645223  4.56971154416  0.948300671209  1.91840689388  0.951077613339  0.926554718882  0.882981334346  1.75421897999  0.831812482608  0.957772764317  2.10131975203  1.21050010957  229.934291336  232.113123818  235.091757541  2.97774499356  0.711602691079  1.41753496353  25.5897651375  25.1044664978  9.42770284177  0.725627550316  3.01586964029  2.27006323402  4.75421908636  1.48261364044  6.09966207948  2.28141067482  1.9261850268  0.28211689447  0.482312135643  24.4419629447  25.1442171599  31.7097367083  4.97982062956  1.38560266642  7.00990388731  8.37082601262  14.2074941004  1.2900551637  0.613872342467  3.84457846137  4.91025262469  0.530046707866  1.02917959837  1.60760673799  0.967033803839  0.479783614073  0.467737642175  0.676402756761  0.381558101409  0.192300676653  -9999.0  -9999.0  -9999.0  -9999.0  -9999.0  -9999.0  -9999.0  -9999.0  -9999.0  -9999.0  -9999.0  -9999.0  -9999.0  -9999.0
-9999.0  -9999.0  -9999.0  -9999.0  -9999.0  -9999.0  -9999.0  -9999.0  -9999.0  -9999.0  -9999.0  0.452494928759  10.7800993816  0.901312018978  1.7749923034  8.17359224587  0.945957017339  0.945713832165  0.847757182609  1.77749675432  0.835660053498  3.4207926057  5.05661760156  5.85513616528  2.92987205888  3.93184159555  1.11859063879  1.15887070993  1.11097095429  239.850003749  242.103906626  26.2661165409  26.4538155385  25.7822183996  1.42655161232  0.703343893961  3.71771583092  9.88946631199  5.47162063806  2.20012263063  9.00776495112  3.57295972479  2.88538327884  0.555340548009  0.268985997935  0.29500007744  0.378269285872  33.3769504615  40.3337489774  0.657057621989  0.63832504902  0.637198020133  14.8171559478  16.6918649177  1.13801906433  0.481814449586  5.25177412962  0.761792285231  2.03248169951  3.99993051404  5.38351839712  6.31342860544  1.9787470173  1.09718817679  0.661541062392  0.374772410209  0.385567294925  -9999.0  -9999.0  -9999.0  -9999.0  -9999.0  -9999.0  -9999.0  -9999.0  -9999.0  -9999.0  -9999.0  -9999.0  -9999.0
-9999.0  -9999.0  -9999.0  -9999.0  -9999.0  -9999.0  -9999.0  -9999.0  -9999.0  -9999.0  -9999.0  0.458816724494  11.9134837999  14.7493697618  0.881382036786  9.95313171004  0.900016324348  0.87472349549  1.67823829522  4.29405166531  0.826828671487  0.850743696524  0.801903949699  7.47751502486  8.26073160824  12.976746449  14.8622230733  15.7214779536  16.7397257617  17.6993564244  260.851359145  288.762147836  316.883060921  317.765259078  0.787490464637  0.690120044484  11.2931499273  10.5973895437  0.705864496877  0.674667620696  9.62870038854  13.8986369437  0.614151983999  5.68163238709  5.23361472638  1.20536984508  0.681884919515  1.07123746261  0.679069296981  41.6580289247  0.664866788637  1.8877933156  2.47334006719  20.6127683911  21.9953916638  22.8665285774  28.3224751142  0.215504855357  0.208674722008  0.207528317604  0.207489280713  6.88259995943  9.28286048804  0.441775486667  1.55039733759  0.601968628197  0.720876882879  0.173454663326  0.129744475691  -9999.0  -9999.0  -9999.0  -9999.0  -9999.0  -9999.0  -9999.0  -9999.0  -9999.0  -9999.0  -9999.0
-9999.0  -9999.0  -9999.0  -9999.0  -9999.0  -9999.0  -9999.0  -9999.0  -9999.0  -9999.0  -9999.0  0.998355707536  1.9349631344  15.6757922576  17.3935850957  0.862098974232  11.7810112955  0.837475802369  2.51381782978  5.09677300962  1.62410994225  0.795917815026  1.61657249644  0.781700204329  1.493911496  0.713177561776  0.641436592738  0.48391973118  0.407377700091  0.396158476685  0.418151200711  0.600988477012  0.806075566708  1.04082864902  320.543535477  14.7712986904  13.1122332496  0.856585090318  2.06864069021  0.513871570347  0.40529019006  14.5709831765  22.2498910148  6.38655239518  4.6840519091  0.623997919818  0.295353279126  0.282691772049  0.867525103431  43.1923806874  44.5132128028  0.672472270469  0.664774714011  0.495812026668  0.262192833  0.429739450011  28.8889704365  29.2769813208  29.6538010827  0.363825792536  0.173379676404  0.1974526222  9.53419100753  10.2448101985  1.80165614122  0.338621971282  1.04169336594  0.378025737192  0.247057149494  -9999.0  -9999.0  -9999.0  -9999.0  -9999.0  -9999.0  -9999.0  -9999.0  -9999.0  -9999.0  -9999.0
-9999.0  -9999.0  -9999.0  -9999.0  -9999.0  -9999.0  -9999.0  -9999.0  -9999.0  -9999.0  -9999.0  -9999.0  0.922438802368  11.765513586  30.0453857498  32.6682523482  45.306959025  46.2187324779  11.7280059741  8.33337899788  2.43260035476  0.790600127522  3.17470766434  3.93396171914  6.14586542823  1.44397770699  1.34829276571  1.19664675589  2.30376876289  1.08993557769  1.07776435813  0.500418257095  0.268355352084  0.399192369448  321.397149023  336.650000095  337.654014499  0.931593837968  6.16028020054  2.30857707999  0.702959432739  24.3539967273  1.44774336173  0.737523111471  2.89844127484  0.577530713266  0.588440602198  1.16265409542  1.76196544231  2.40556979072  45.7391047009  0.602696183586  0.560308838825  0.560104793401  0.438657913768  0.245528399539  0.701032984288  0.781941016654  30.7460848099  31.9324759685  0.685250224872  0.357517828847  0.167522256534  0.197914868533  12.6710050817  16.92356524  3.52618041473  1.49473854521  0.764679621574  -9999.0  -9999.0  -9999.0  -9999.0  -9999.0  -9999.0  -9999.0  -9999.0  -9999.0  -9999.0  -9999.0
-9999.0  -9999.0  -9999.0  -9999.0  -9999.0  -9999.0  -9999.0  -9999.0  -9999.0  -9999.0  -9999.0  0.97383066507  8.92912624329  10.847321628  1.79106487401  0.489384539337  1.17697474912  48.2141637931  49.0663668778  61.6503310471  0.745615782705  1.53178252964  0.709556928273  0.71945403788  6.85052373187  8.99851143578  11.0061551106  0.672859193821  2.97580582049  4.72759764957  2.87696418567  1.15269465077  0.791438303797  0.702179184421  0.812590669455  0.536707652977  338.543228253  339.408184875  347.199300926  1.30738865093  0.664548229351  25.0255783989  1.5044384815  0.764339027936  0.788142517359  0.78026158522  0.750537636864  1.33623123643  4.09047676512  7.15641748436  53.4895539476  0.527741310816  1.57777941363  1.05700375674  0.904550249504  0.465867637312  0.36890818322  0.234460079914  0.128560815581  32.1649564937  0.155290057481  0.241493877182  0.109744768128  0.139258109783  0.308378202446  17.3025277796  0.595114306817  0.191962692443  0.333041042618  0.154031772329  -9999.0  -9999.0  -9999.0  -9999.0  -9999.0  -9999.0  -9999.0  -9999.0  -9999.0  -9999.0
-9999.0  -9999.0  -9999.0  -9999.0  -9999.0  -9999.0  -9999.0  -9999.0  -9999.0  -9999.0  -9999.0  0.989490082508  6.0736460696  0.972584260431  0.893336452188  4.45905554666  5.2656255549  6.10418772625  6.89702025493  83.0603629684  83.6648174121  85.0227768677  95.213994909  97.2497238062  98.3831685132  99.1063032609  111.326783234  112.822061532  113.471933018  118.853523267  122.424962147  123.083059141  124.95657834  1.33633226901  1.19085543671  0.281621178625  0.434913728441  340.197263017  350.105378836  2.03944954036  29.2782123105  28.6191090391  2.95472211411  0.735225851506  0.747274525164  0.730792698082  0.705472160383  1.41782133636  2.09366486778  0.683882476241  54.0796364635  54.6840107992  57.88024266  58.4314710961  59.8601352443  60.8340618898  0.437604241864  0.412704795541  0.262687355098  32.3738846309  32.7141072035  33.1474341795  33.6879426354  0.277970003252  18.7723904124  18.1202980307  0.403657651384  5.23777297296  5.00631217671  0.372858077276  0.209684994201  -9999.0  -9999.0  -9999.0  -9999.0  -9999.0  -9999.0  -9999.0  -9999.0  -9999.0
-9999.0  -9999.0  -9999.0  -9999.0  -9999.0  -9999.0  -9999.0  -9999.0  -9999.0  -9999.0  -9999.0  3.08398341768  4.08438609246  1.93943516543  2.86862284075  0.9194696825  10.5377660871  11.4142840617  13.1288306637  13.7368693793  5.61327540738  91.6551509957  92.265661935  0.585148141754  0.417988252997  0.320961136683  0.763496991982  0.355279355113  0.254085971347  0.241460111721  0.309800837836  123.528749212  125.463735175  127.446349102  129.242786966  130.789919666  0.731828198852  0.381011765343  381.56501454  30.6189384105  29.9429964224  0.662789373639  0.671139326633  0.663494059049  1.41890267379  1.40671352085  0.643955162081  0.643008485597  0.630699971613  1.31041260304  1.87270719982  0.541722575147  1.00260549508  0.383628253593  0.173530845272  61.0694943749  61.8120381312  62.6038031259  63.2609952317  63.6065840296  63.973218067  64.1381847025  0.156485653354  34.2327819594  0.331384647151  24.8403519354  5.71476516203  0.50645856405  4.4747784324  3.76995524416  0.22266123141  -9999.0  -9999.0  -9999.0  -9999.0  -9999.0  -9999.0  -9999.0  -9999.0  -9999.0
-9999.0  -9999.0  -9999.0  -9999.0  -9999.0  -9999.0  -9999.0  -9999.0  -9999.0  -9999.0  -9999.0  -9999.0  2.06967537442  0.987127583602  0.942696289641  8.78642700231  9.68958422624  0.884632556315  3.50923943493  4.30098383205  4.97813884915  0.724714047262  0.65918814441  14.0058768758  14.5843694007  15.1083869389  39.6336823486  39.9881565801  40.4951703006  43.590100398  45.1334081971  45.3678372803  0.219950040634  0.226961805288  0.285602801825  131.973232494  0.522112804241  388.135791161  387.151921223  4.89398263785  4.19328424934  2.63845856304  0.670338277648  1.32360600001  2.08557950813  2.07471758683  1.28131032653  0.625874521292  1.2507902039  1.25555365984  2.45555147504  0.340735812623  1.3535066977  2.25350661717  2.6123279734  2.79853797265  0.175870776411  0.176748958719  0.170555798149  0.172241698637  0.184607360425  64.3598310465  64.7465574601  99.066864632  99.1598152598  26.4991145418  1.4234899861  1.03719154678  0.38165747378  3.34337300309  3.11497519515  -9999.0  -9999.0  -9999.0  -9999.0  -9999.0  -9999.0  -9999.0  -9999.0  -9999.0
-9999.0  -9999.0  -9999.0  -9999.0  -9999.0  -9999.0  -9999.0  -9999.0  -9999.0  -9999.0  -9999.0  -9999.0  1.05237769065  3.00386592255  3.97571683462  6.90659771283  0.916906675972  1.83843527082  2.69639119712  10.1643515765  10.8095591833  11.186664734  11.8744675128  12.6865015632  20.6722184648  23.0024169571  24.0861775775  0.341215430342  2.56407086388  2.85189438616  44.3551296899  45.6374387903  46.1290877671  46.6218125559  47.1845721446  179.780135417  0.735085798109  390.318819778  0.77833744237  0.29422050525  3.54751289298  3.15676663605  0.443099854477  1.90115035323  2.67764433263  2.66535669459  1.85230834009  3.04353968224  4.83603807212  1.82201690103  4.82109103706  0.39987372398  0.530563654265  0.162453398923  0.139366609962  3.13348170194  3.26172194868  0.316347134229  0.311082819977  0.468631029823  0.154072592211  0.179264052896  0.218567273077  140.347600055  140.240346712  40.8365901769  0.346728185554  2.15915940272  1.67039428132  1.12323622623  2.93406360424  2.01609379067  -9999.0  -9999.0  -9999.0  -9999.0  -9999.0  -9999.0  -9999.0  -9999.0
-9999.0  -9999.0  -9999.0  -9999.0  -9999.0  -9999.0  -9999.0  -9999.0  -9999.0  -9999.0  -9999.0  -9999.0  1.00503894705  2.00584278551  0.966131872104  1.94348780545  0.893077289383  6.66184700575  8.43670138484  9.31540958857  0.823210861369  1.53282021358  15.6625434294  19.2838358486  19.9210161464  1.55656889691  1.47543633747  2.02626872564  0.270406592184  0.259013477776  0.501484152596  0.311992429234  25.0401331193  25.4052125688  25.8769889311  180.354349998  393.79310578  390.689373824  0.51429664616  0.215736026303  0.203630892755  0.862980859471  0.661485889817  2.18925110424  3.15067576511  6.40892735914  0.591906131902  0.593429830424  5.31356726663  5.79008112518  11.5610294773  11.9369748057  12.6362300901  12.9501448748  0.284595766745  0.435159366549  3.48115288518  148.65726271  144.686380543  144.045397478  143.034023922  0.214042039854  141.733708653  0.308055894965  0.167257429937  13.8950711299  3.46853060405  3.20845933626  0.550014568976  0.577518708561  0.550779968741  1.76748045775  -9999.0  -9999.0  -9999.0  -9999.0  -9999.0  -9999.0  -9999.0  -9999.0
-9999.0  -9999.0  -9999.0  -9999.0  -9999.0  -9999.0  -9999.0  -9999.0  -9999.0  -9999.0  -9999.0  -9999.0  -9999.0  0.988527383425  1.97751837726  2.96413800997  4.80039969857  0.969112952268  0.909555163138  6.72633974791  7.56571847151  14.3676132567  15.1666186475  2.27790828437  0.810002146741  0.791959702787  0.74655542753  23.1177858097  23.5623883575  23.8718369227  24.1225727344  24.7096539153  3.81754230161  4.31747450913  30.7420318702  605.15735838  2.44326634157  2.00457441671  0.832349393956  0.244987763549  0.196881741704  1.27340623262  1.45200159381  2.57162197261  0.188508618845  6.64594021063  0.934159282191  0.915337602981  0.189290823297  0.158545685776  0.148149085241  0.223950223803  0.148731166114  13.0954251273  174.819238184  161.186210854  160.65216318  148.922712739  0.166755695406  0.258060465337  0.228485885793  142.067686628  0.618462465946  0.276068798003  0.356360914259  0.319641310125  9.95454608632  9.3859033306  1.05594966186  0.539636537104  0.607386631144  0.602262804189  -9999.0  -9999.0  -9999.0  -9999.0  -9999.0  -9999.0  -9999.0  -9999.0
-9999.0  -9999.0  -9999.0  -9999.0  -9999.0  -9999.0  -9999.0  -9999.0  -9999.0  -9999.0  -9999.0  -9999.0  -9999.0  -9999.0  0.960923767417  2.00474010153  2.98690958554  4.00130687418  4.90886140944  5.83233980499  2.69676434048  4.43492485645  0.802631203551  0.795101968009  19.3564197119  20.9112017946  21.6604774697  22.4474681094  0.627985284968  1.11363380834  2.81442489973  3.1041896776  3.42550824835  0.51354371424  0.616553934751  606.680227829  0.485842473283  0.746185797921  0.367417045155  1.02193919617  0.477642396408  0.324758652256  4.31961846904  4.68059706539  0.253227544754  6.9405207887  8.03368274159  1.05466850309  182.016514591  181.671221616  181.343824728  180.554592004  180.107717526  175.567279109  175.283535435  0.277467566381  11.5186927335  10.9346991009  10.3830505106  10.2210040194  6.50239499712  6.34433743092  6.0144671213  2.31065504817  2.08895133829  1.35802762506  0.322453608474  8.95229934734  7.66843803821  0.506308629514  1.06319027477  0.510070266781  -9999.0  -9999.0  -9999.0  -9999.0  -9999.0  -9999.0  -9999.0  -9999.0
-9999.0  -9999.0  -9999.0  -9999.0  -9999.0  -9999.0  -9999.0  -9999.0  -9999.0  -9999.0  -9999.0  -9999.0  -9999.0  -9999.0  0.246026852855  0.569611764564  0.984982208379  8.86440345505  9.80206379537  0.939547685508  0.906727137955  0.874694065694  16.1155754217  17.7809886761  0.801052522557  0.797090049297  0.73205639109  2.90779985933  3.61080453377  1.83928650164  2.24267775936  16.3349964668  16.8289127024  17.9138619585  28.3034907743  635.29176223  0.504599194119  0.343758817035  1.57347042986  1.28701761468  0.277867525763  0.899098942294  1.19548854566  5.01461064193  5.32864760496  14.0416918586  8.19373704415  1.17096246378  186.92960711  2.66071319274  181.011875292  180.792064096  4.16624276261  0.259072112142  0.263118034986  0.131646167921  0.29976733814  0.407432586085  0.201511468069  3.56510543255  2.96740874616  0.196709096028  3.53003080202  0.645175717951  0.418577157735  0.979857891246  0.480817832272  0.986199475749  6.19165744274  5.38636509518  0.464694285744  0.872755331183  0.433179146659  -9999.0  -9999.0  -9999.0  -9999.0  -9999.0  -9999.0  -9999.0
-9999.0  -9999.0  -9999.0  -9999.0  -9999.0  -9999.0  -9999.0  -9999.0  -9999.0  -9999.0  -9999.0  -9999.0  -9999.0  -9999.0  1.30114743338  2.12647600206  4.45006219043  7.82151390771  10.726461216  12.6866212237  13.5714239589  14.4586951253  15.3076062416  0.830895351604  0.779004041349  1.52856121141  1.46236171296  0.735200834219  14.1533733016  14.8462683561  15.5014970825  16.112871862  8.68746075326  9.03851405109  9.73132594256  635.550297624  0.8383932779  0.888963987363  2.60870485608  0.239246952625  0.644069644654  0.343499186628  0.280808562234  1.50596523988  0.265947138937  0.280095201958  202.404027803  188.120277037  187.82967917  0.947241841007  2.46442666368  1.55647959216  0.346331071193  3.58008721976  0.995542114452  0.76214694459  0.539239854986  0.363779485744  0.193837737632  0.418457645805  2.78420352741  2.35750270192  1.94428856039  2.64871879121  2.46520400473  2.2962000621  0.330298158804  0.513566498662  0.426381896892  3.97816776552  3.24111778611  2.14782993746  0.377722066567  -9999.0  -9999.0  -9999.0  -9999.0  -9999.0  -9999.0  -9999.0
-9999.0  -9999.0  -9999.0  -9999.0  -9999.0  -9999.0  -9999.0  -9999.0  -9999.0  -9999.0  -9999.0  -9999.0  -9999.0  -9999.0  0.906719367074  0.847761611617  1.65462459661  2.52500868215  0.956356220879  0.912751586896  1.82713903138  2.72895841897  4.41879979493  5.26070581408  6.05670411691  8.38664008405  9.11733607234  9.86601593806  0.670780029488  6.9848621232  7.5560456951  7.97917727147  0.279235112157  0.105306972363  0.227768088392  645.048775739  645.297633457  646.647361253  3.24236206578  0.462275546423  1.02970779544  0.323738264023  0.518951997973  1.75953448952  2.25480868  0.51690633671  203.691795612  0.43708304353  0.540914947349  0.567620198756  0.527366024051  0.872309319536  0.389933791607  2.33144511238  1.68341322273  1.1880792473  0.581964407978  0.396954725685  0.208073530676  0.221922287225  0.231571502932  0.232717577434  1.75493924128  1.33144665927  0.912406920173  0.477973008383  2.07135830581  1.49122189299  0.497963619917  0.488919287136  0.337327601367  0.959732372919  0.590784538478  -9999.0  -9999.0  -9999.0  -9999.0  -9999.0  -9999.0  -9999.0
-9999.0  -9999.0  -9999.0  -9999.0  -9999.0  -9999.0  -9999.0  -9999.0  -9999.0  -9999.0  -9999.0  -9999.0  -9999.0  -9999.0  -9999.0  0.804261086577  1.59485405506  0.798690176496  1.62677558049  10.2134659048  11.1482950333  12.0498695759  0.851651546133  0.842788563726  1.64176326719  2.42855669138  3.89557889265  4.61481518652  4.98079487479  5.63068006379  0.580664473886  0.468614997602  8.50250508291  8.59940635269  8.7901387008  9.01199520729  7.50721528417  655.082249556  659.791908459  659.994947598  661.215966317  662.299227218  663.181760561  0.293891649027  2.50431670153  203.991133714  0.761190084881  0.388556267787  0.416293920863  0.356214425204  0.609777550881  0.508519167267  0.281606843427  0.353124497829  0.303992805761  0.429880587187  0.190140084282  0.163458584878  0.540094826292  0.374666219589  0.194261749867  0.192111498432  0.203300857555  0.209714214024  0.224375950832  0.242566154043  0.24781432314  0.746501459194  0.274022591035  0.867486025224  0.429777155062  0.387496923466  -9999.0  -9999.0  -9999.0  -9999.0  -9999.0  -9999.0  -9999.0  -9999.0
-9999.0  -9999.0  -9999.0  -9999.0  -9999.0  -9999.0  -9999.0  -9999.0  -9999.0  -9999.0  -9999.0  -9999.0  -9999.0  -9999.0  -9999.0  -9999.0  2.36832688766  3.22948259712  5.76639373971  7.67037126756  1.01830009863  13.9892574356  14.830055366  15.6697738686  0.81654438899  1.61815779344  0.742238006223  5.41397867819  5.76508600872  6.32464453636  6.88482600299  8.2290395488  8.32124492138  0.0745043543605  6.6021778411  7.04974390252  7.28766111829  8.18158284081  1.22345517218  0.807055838791  0.505299344035  0.479260045861  664.017944223  664.482919824  668.744292968  204.325110132  2.00090854365  0.931678445189  0.646203999448  0.19665058509  1.65144674493  0.809849197367  0.257767358466  1.3181632051  1.08937469284  0.216909172108  1.16617777788  1.03180104175  0.714081084368  0.163948098963  0.477801541597  0.338427611364  0.151843918396  0.342142856001  0.189660375311  0.201470299446  0.199049665802  0.177391062884  0.451513865042  3.98169089655  2.34612001202  1.43528831175  0.554393553307  -9999.0  -9999.0  -9999.0  -9999.0  -9999.0  -9999.0  -9999.0
-9999.0  -9999.0  -9999.0  -9999.0  -9999.0  -9999.0  -9999.0  -9999.0  -9999.0  -9999.0  -9999.0  -9999.0  -9999.0  -9999.0  -9999.0  -9999.0  0.869706734746  4.07625398805  4.96762348372  1.06601093535  0.905582139964  1.80285702895  2.63132548986  19.1377323482  0.816978513106  3.26621874479  4.02124473376  4.76107418272  0.365654112329  0.897636130636  1.14050150975  5.43346979734  5.90454166904  6.09168212302  0.213855382888  0.209209486616  0.23674892237  0.431320599139  0.177872362991  0.194203548698  0.424278464945  0.319428929046  0.401353508091  1.38769782797  669.234393865  874.818630461  2.50811408115  0.306505813501  0.236638360304  4.85807305093  4.43764905246  2.51061249705  2.22820802794  1.63959887355  0.344853424523  0.282032847221  1.30041333938  0.611434167103  0.470063824106  0.149561094538  0.683288273939  1.14486518654  0.848490410971  0.512992228176  0.181068019858  0.623298769635  0.434984806653  0.382001646658  4.99879417886  4.8384925971  0.463087034009  0.442238149317  0.420252255286  0.398838855414  -9999.0  -9999.0  -9999.0  -9999.0  -9999.0  -9999.0
-9999.0  -9999.0  -9999.0  -9999.0  -9999.0  -9999.0  -9999.0  -9999.0  -9999.0  -9999.0  -9999.0  -9999.0  -9999.0  -9999.0  -9999.0  0.7237770804  2.39918707628  0.802528565952  1.05982776071  0.977352346857  1.901991592  2.80553380076  3.69539838844  23.6675118042  24.464126804  0.811579120543  1.56684534977  2.32047815496  2.81447611775  3.33103538182  4.70863758363  5.21855121812  0.211415044726  0.292587572183  0.26987751657  0.423464984172  0.425094551729  0.392025819917  0.342028235672  0.376162589683  1.70754863174  0.78821467066  0.466174813915  0.454864148407  0.427075957327  0.811854880363  889.613560053  12.029399635  5.90697744439  0.523930078886  0.230557908423  0.214449791975  0.700112112767  0.472343321389  0.232770565859  0.231067605858  1.74545009652  2.50218099499  2.75704104093  0.123249056057  2.23283297089  1.37926309905  0.147297648661  0.137446832718  0.35373679123  1.68346985282  0.765784539968  0.62724431359  5.27191523679  0.30229741098  0.33821397842  1.6558216662  0.840795983538  1.33997955904  0.520062308566  -9999.0  -9999.0  -9999.0  -9999.0  -9999.0
-9999.0  -9999.0  -9999.0  -9999.0  -9999.0  -9999.0  -9999.0  -9999.0  -9999.0  -9999.0  -9999.0  -9999.0  -9999.0  -9999.0  0.755187828684  1.46961758502  5.3990890405  0.79417814478  2.11318973423  3.08097895317  4.00739069443  0.932530247009  1.78096878837  2.69197750045  27.9480976205  0.787491957544  1.52032591899  2.24571583608  0.655659932701  1.28561901021  1.51091436076  1.97728164019  51.2037869335  51.8808558787  52.5447177492  55.7582823933  56.9552974931  59.5286571227  0.866748180188  1.74070879098  2.14505848547  68.4589177531  69.3278910225  0.429085124021  0.767516886215  1.09920443132  889.982271902  11.5280942425  4.8315141301  4.55682380745  4.05287470704  3.72016625162  0.934245604774  0.235000212859  0.435752103429  0.214107521554  0.202959691697  0.347663637248  2.89926200217  5.43292687183  2.41494328867  0.421249249732  0.285020680098  0.200455476817  2.87067604584  2.26537629152  0.32682938115  6.57678565907  5.57767380499  0.588637103901  3.26773299037  1.99996079323  2.11132640736  1.76014118654  0.413401077375  -9999.0  -9999.0  -9999.0  -9999.0  -9999.0
-9999.0  -9999.0  -9999.0  -9999.0  -9999.0  -9999.0  -9999.0  -9999.0  -9999.0  -9999.0  -9999.0  -9999.0  -9999.0  -9999.0  0.764635592042  2.31945657954  8.479434954  12.5012765372  0.726866328162  16.5717678926  21.4129645758  0.89559549001  1.73685776323  2.64101688768  35.5062725447  36.3114281969  0.701488124676  3.65206159977  4.29508813569  4.7823675014  47.2915048061  48.2029157278  48.9399591342  0.380526282769  2.23251786443  2.65249502028  1.28782725831  1.85567574057  62.2382994839  64.8887221019  65.407710323  65.9148678726  70.1006813414  0.379660264965  0.35445717028  1.77350636276  890.41285945  0.486501203333  0.0528991390871  0.277576968493  0.126583295691  3.29746848812  3.00833456401  1.7630762268  1.24864559969  0.514844426487  0.222408812326  0.505009197243  0.114183786413  5.55392004021  0.661049766752  0.536669711794  0.109387499932  0.318439057774  3.02593825905  0.117443670572  0.079790254291  6.70666244103  0.20771303136  3.8368304206  3.58113329631  3.07562697062  2.78586198016  0.329332005528  1.16121957035  0.381869757752  -9999.0  -9999.0  -9999.0  -9999.0
-9999.0  -9999.0  -9999.0  -9999.0  -9999.0  -9999.0  -9999.0  -9999.0  -9999.0  -9999.0  -9999.0  -9999.0  -9999.0  -9999.0  -9999.0  -9999.0  1.62456845439  3.28202932208  14.8818974797  15.7349101908  22.1701055478  23.0131829015  0.871281690004  1.73984041046  4.21035099389  37.0882294319  38.5497924678  39.1957698105  0.558171987361  41.3230371891  42.2213483368  0.613056507956  0.383821227545  0.756541819054  1.48497835342  0.363095667258  0.753942702274  1.75880004365  2.22775397689  0.420491746177  0.334012110891  0.683811154356  72.323580777  73.0305114064  73.3524209742  75.8562305174  890.808380592  0.406281419393  0.0352738085724  0.0980802591594  0.0964862454108  0.0987771369797  0.089420772542  0.167475995333  0.189311989  0.446253303954  0.251002090201  0.238728163324  0.89768831812  6.6414631278  7.44733656465  7.58581571526  8.13655096822  0.116307098202  3.14394239054  0.387079322068  0.150750045286  6.83379267209  7.16775333308  4.05635660395  4.35124379959  3.42536088354  2.19802516678  1.88154088453  1.55026727878  -9999.0  -9999.0  -9999.0  -9999.0  -9999.0
-9999.0  -9999.0  -9999.0  -9999.0  -9999.0  -9999.0  -9999.0  -9999.0  -9999.0  -9999.0  -9999.0  -9999.0  -9999.0  -9999.0  -9999.0  -9999.0  0.850315755523  0.836098730556  0.835105968262  1.73675734674  0.777367373655  24.5499368082  25.3240019036  0.86045829641  1.66422087718  0.804352822512  0.709326027736  0.699410892294  40.3368006594  0.275956775907  0.540196464278  0.364665026001  0.395964680058  0.366208598847  0.317080847957  0.324744048231  0.981924257911  1.32787771963  0.288436484032  0.266379573901  0.563078618293  0.90277425138  1.11364283782  0.283006126624  73.7209777028  76.1829892661  891.110781341  0.824519098387  0.172610807648  0.0603069081957  0.145722445475  0.0505759633126  0.0407841852099  0.212897760931  0.932767700577  0.605114347812  0.155788472989  0.153109582462  0.299162879414  0.127632988748  0.121058431539  0.128381976652  0.13497643113  12.3041450775  3.64801278841  0.113376083106  0.202933510135  0.0976581165437  18.8791090986  11.6012698476  11.4516239306  3.59445380859  2.83086991914  0.287843362029  -9999.0  -9999.0  -9999.0  -9999.0  -9999.0  -9999.0
-9999.0  -9999.0  -9999.0  -9999.0  -9999.0  -9999.0  -9999.0  -9999.0  -9999.0  -9999.0  -9999.0  -9999.0  -9999.0  -9999.0  -9999.0  -9999.0  -9999.0  -9999.0  0.82563977191  2.50883339419  3.21573079658  3.96712974506  26.0473852608  26.7598611861  27.497312469  28.3479261041  29.0344920272  30.4261436998  30.720108737  30.9729072758  31.2677388381  0.373649934997  0.357849075978  0.364584075246  1.33881744978  0.344641724026  0.334245863903  0.290426905628  0.856931764939  0.321924664703  0.272983597921  0.259341000192  0.229408947148  0.458132874228  0.674439101776  77.5961203344  969.855959838  0.241751484733  0.551197979718  0.0496540654302  0.170795483212  0.069357173853  0.0820901518234  1.91193125964  1.54700493515  0.474544548087  0.311504077303  0.607437082894  0.160354007235  0.402461463799  0.240883567971  0.365245685964  0.126195025175  0.146827529222  12.4337784971  12.8727302303  22.3137016484  22.1471911366  22.0192781806  0.13933966363  3.25144049588  3.09913009796  0.145150160278  -9999.0  -9999.0  -9999.0  -9999.0  -9999.0  -9999.0  -9999.0
-9999.0  -9999.0  -9999.0  -9999.0  -9999.0  -9999.0  -9999.0  -9999.0  -9999.0  -9999.0  -9999.0  -9999.0  -9999.0  -9999.0  -9999.0  -9999.0  -9999.0  -9999.0  -9999.0  0.710836922867  5.48769036899  10.9712862789  11.7694092353  0.973643087587  1.82167773795  2.62449206363  3.31798451709  7.80321161948  8.18175067442  0.373712192616  0.361457065311  32.0417188377  32.7611272151  33.0954355187  1.62697028279  0.275200481989  0.624647289831  0.923014827246  2.7546551203  3.36648453493  3.89093951478  0.493987419882  0.702724161604  0.237187272027  0.481064482776  0.242959479866  970.370578913  0.242322419854  1.0030164175  0.348245224521  0.710335662606  1.90152314777  2.11101625813  4.14660012917  1.72686326513  1.59316354434  1.13872554364  1.01438117361  0.276405099294  0.517758430243  0.556956853575  0.452123171431  0.0822958908305  36.5846745253  36.2584489589  36.0757172656  22.7424030185  0.17699210671  2.82456096083  2.06978710547  1.38650976951  0.864435680082  0.162786953521  -9999.0  -9999.0  -9999.0  -9999.0  -9999.0  -9999.0  -9999.0
-9999.0  -9999.0  -9999.0  -9999.0  -9999.0  -9999.0  -9999.0  -9999.0  -9999.0  -9999.0  -9999.0  -9999.0  -9999.0  -9999.0  -9999.0  -9999.0  -9999.0  -9999.0  0.77392077654  2.43983644851  4.79082372977  6.27861518307  16.3062881967  17.1979805478  1.64610788059  2.45134099614  3.15084338268  3.83903732937  8.49809994374  9.22751571813  15.5574229545  16.0246701221  16.3690453761  33.4419964132  36.0156232257  0.626376237094  0.369453719619  0.36120070631  0.704068823776  0.329925461201  4.52380954823  4.77498245186  0.945823523312  1.17471721795  0.272203009411  198.33336245  198.865483753  1169.62913116  1170.99350958  0.229647520568  1.18499756135  0.478175258999  0.384733712244  4.82862116391  6.79516081489  1.45418490005  1.29343707371  0.272762526572  0.14323089627  0.656945336595  37.7800648656  37.1085613911  36.9894142006  36.7922513496  0.244782915109  0.196823599126  0.186389784889  0.186307718769  0.585467640244  0.39400851072  0.382181817289  0.574795165449  0.18436203415  -9999.0  -9999.0  -9999.0  -9999.0  -9999.0  -9999.0  -9999.0
-9999.0  -9999.0  -9999.0  -9999.0  -9999.0  -9999.0  -9999.0  -9999.0  -9999.0  -9999.0  -9999.0  -9999.0  -9999.0  -9999.0  -9999.0  -9999.0  -9999.0  -9999.0  -9999.0  0.862415355365  0.83884965918  1.60465949075  3.83143030083  17.9159698412  0.835446005431  0.827334712555  1.53156287683  2.21761625099  5.11396864659  5.46490348095  0.226452097563  0.309056523073  16.7639581731  17.1343075825  53.4794843369  53.7894184298  0.253756531687  0.232230738446  0.205058878546  0.206621603538  0.213334494608  193.955082329  195.354375267  196.727549045  197.193076431  198.094800618  0.267343284837  1.01399243841  1.32990065726  1172.92505773  1173.15944494  1173.35249556  1173.63097024  1173.82275824  7.13086899718  0.152253189716  0.539812578433  0.421120678739  0.116667767076  0.773144343703  38.1654576175  0.24754504838  0.11147588455  0.788668253303  0.682485787183  0.537806378339  0.385721501388  0.204290445977  0.21566171333  0.209109446723  0.197062613736  0.204527531837  -9999.0  -9999.0  -9999.0  -9999.0  -9999.0  -9999.0  -9999.0  -9999.0
-9999.0  -9999.0  -9999.0  -9999.0  -9999.0  -9999.0  -9999.0  -9999.0  -9999.0  -9999.0  -9999.0  -9999.0  -9999.0  -9999.0  -9999.0  -9999.0  -9999.0  -9999.0  -9999.0  -9999.0  0.784351162425  0.813164115036  1.52162515952  20.8914722731  21.6824050857  0.819141129659  1.51304841161  2.20765982181  2.57898503899  0.31280149212  0.698512578685  45.7227483044  46.0888970472  46.3958600912  48.7754549812  102.850846938  184.819619664  185.373625806  185.892336103  186.394904511  188.329200826  188.932632913  1.1802002736  0.554462100881  0.315620284925  0.606537796287  0.503827296745  0.78416491407  0.258709112244  5.30166970908  6.11902825546  6.76710472136  6.97540906775  1174.05384266  1181.50589577  1182.70512627  0.772967604253  0.172458971218  1.17067084813  0.915972189186  38.4410086609  0.140507017749  1.98350122362  1.0702817883  0.943110874079  0.629113498532  0.294863354679  0.333166684658  0.171669359989  -9999.0  -9999.0  -9999.0  -9999.0  -9999.0  -9999.0  -9999.0  -9999.0  -9999.0  -9999.0  -9999.0
-9999.0  -9999.0  -9999.0  -9999.0  -9999.0  -9999.0  -9999.0  -9999.0  -9999.0  -9999.0  -9999.0  -9999.0  -9999.0  -9999.0  -9999.0  -9999.0  -9999.0  -9999.0  -9999.0  -9999.0  -9999.0  0.797421750564  1.53212520352  2.26890816137  22.3067878814  0.806601878951  30.3655338647  31.0791417207  31.4012251385  31.7925777012  44.1847648553  44.6130910355  0.379044719859  1.77929218478  2.14387207508  0.374873131783  81.4050628536  80.7116965302  0.252495895376  0.555966987788  1.4727574742  0.314813971935  0.332095460904  0.280501409961  0.255517604031  0.214256829759  0.243464073764  4.43960777272  4.6933895247  4.99098805016  0.479975838301  0.352650661671  7.20091432746  7.46866916775  7.64242310138  1182.94003394  1183.18079152  1.68076934122  1.34538793601  40.8792952424  40.7082833326  2.12447779189  0.252086438192  0.118651587194  1.47660882626  1.19521942509  0.884013297452  0.505586426174  0.296617076346  0.140538076638  -9999.0  -9999.0  -9999.0  -9999.0  -9999.0  -9999.0  -9999.0  -9999.0  -9999.0  -9999.0
-9999.0  -9999.0  -9999.0  -9999.0  -9999.0  -9999.0  -9999.0  -9999.0  -9999.0  -9999.0  -9999.0  -9999.0  -9999.0  -9999.0  -9999.0  -9999.0  -9999.0  -9999.0  -9999.0  -9999.0  -9999.0  0.737923156115  0.694628143867  3.58510691518  27.3451294397  28.8759492376  29.676721364  0.723482568522  11.6941757525  11.9523435578  12.0806489181  0.387570900422  0.796467212165  1.17948625421  19.0342901664  19.3456980128  19.627058385  80.1827875634  49.0991245638  0.298022247259  0.31009439106  0.301214973315  0.263168875888  2.57279064772  3.12766284691  3.63222739546  3.9107437272  4.18222612646  22.2063111438  22.4577826479  22.6659792813  23.1454078967  25.945514936  26.1398539622  34.0030450713  0.179531346126  1183.40232203  1183.6613582  1.88109036193  41.0368330479  0.260493789159  0.118411161557  0.393639642541  2.44241503801  2.34640756668  0.597845187833  0.304918117977  0.720813009357  0.461575410636  0.139513443055  0.128186941842  0.12666661379  -9999.0  -9999.0  -9999.0  -9999.0  -9999.0  -9999.0  -9999.0  -9999.0
-9999.0  -9999.0  -9999.0  -9999.0  -9999.0  -9999.0  -9999.0  -9999.0  -9999.0  -9999.0  -9999.0  -9999.0  -9999.0  -9999.0  -9999.0  -9999.0  -9999.0  -9999.0  -9999.0  -9999.0  -9999.0  -9999.0  1.44480833646  2.19783535067  0.800360804003  0.82785471635  9.22414665658  9.97918651584  10.5320037634  4.084167651  4.33275320048  4.62844031232  5.00232090962  18.3655460529  18.7346397669  10.5549284999  30.5034343618  30.8105542547  48.8462386024  0.618193314746  0.313776180429  0.251647139053  1.74707820276  2.04993597682  0.224485467924  0.21333426399  21.2248502636  21.7335786395  21.9943388561  0.242772418968  0.344587617523  25.3893926066  0.318442938639  1.44030513385  1.6246686184  35.985870649  36.1748695118  38.2438087852  1224.02039716  41.4759764776  3.41005691484  3.24749311366  3.09738852285  2.54381134481  0.134606661287  1.25246673458  1.0245462895  0.445922520793  0.176565946639  0.256060817002  0.56444386815  0.304541243541  -9999.0  -9999.0  -9999.0  -9999.0  -9999.0  -9999.0  -9999.0  -9999.0
-9999.0  -9999.0  -9999.0  -9999.0  -9999.0  -9999.0  -9999.0  -9999.0  -9999.0  -9999.0  -9999.0  -9999.0  -9999.0  -9999.0  -9999.0  -9999.0  -9999.0  -9999.0  -9999.0  -9999.0  -9999.0  -9999.0  0.722998137013  1.43282000484  6.01581431499  6.82704152595  7.653090912  3.1972850498  3.82493510615  0.269832349586  12.4739810546  12.7233079207  12.9902193842  0.331992815539  9.84798618573  10.2226006857  0.319287834663  47.2824114037  0.65283776434  0.327182899961  0.917068942044  1.23155777887  0.267760991885  0.233480366382  18.7955470882  20.7488639029  21.0388590918  0.290560812165  0.712193497377  0.908648739114  1.12141979809  2.09456494059  0.534295287766  1.17433068109  0.254160534819  0.501138706543  37.8374351764  38.0501848746  1224.29734171  1270.05589098  4.01632049678  0.296380138299  0.214629760157  0.252694109331  0.103411394952  1.35842727056  0.932492373817  0.715813854155  1.67473320281  1.40941508773  0.965603795959  0.19997772187  0.138008879124  -9999.0  -9999.0  -9999.0  -9999.0  -9999.0  -9999.0  -9999.0
-9999.0  -9999.0  -9999.0  -9999.0  -9999.0  -9999.0  -9999.0  -9999.0  -9999.0  -9999.0  -9999.0  -9999.0  -9999.0  -9999.0  -9999.0  -9999.0  -9999.0  -9999.0  -9999.0  -9999.0  -9999.0  -9999.0  0.718422586563  2.25054548738  3.87944501541  0.895305427145  1.68471898198  2.46785566423  11.3355538986  11.6993019507  11.9578223144  0.244642800814  8.14424148487  8.87438455517  9.18034835479  0.231360361403  45.9518804707  46.6559771961  0.340265936049  0.324592641392  0.648183838085  0.287092069869  17.2720675161  17.8117622253  18.1174799568  1.18293058729  1.47939020381  0.270724490153  0.503515667927  0.234275499201  1.62505125895  0.242730296929  0.295058025993  0.319606321392  0.332340803104  0.672404531231  0.93845845316  101.807514185  102.256150211  1372.84722594  1373.03912611  1373.2659164  0.342896685537  3.27782914086  2.90302584113  1.32393936524  1.2345230256  0.191103518986  2.08660932839  0.147714851968  0.140046417368  0.123034946279  0.479663190492  0.191167645073  -9999.0  -9999.0  -9999.0  -9999.0  -9999.0  -9999.0
-9999.0  -9999.0  -9999.0  -9999.0  -9999.0  -9999.0  -9999.0  -9999.0  -9999.0  -9999.0  -9999.0  -9999.0  -9999.0  -9999.0  -9999.0  -9999.0  -9999.0  -9999.0  -9999.0  -9999.0  -9999.0  -9999.0  -9999.0  0.788660535955  0.845144882273  0.933502994689  7.7090997093  8.46044907195  10.6413208445  0.484023088253  7.13474456201  7.67297619433  0.24962591955  0.505170771566  0.213625139451  45.161279726  0.262264873756  0.878859159052  1.15798987209  1.4473123277  15.5272138794  16.4276149838  16.746368771  0.317824073979  0.612699592574  0.888917983568  0.205604301694  0.191113814542  46.6034014142  46.8015528975  46.9747545775  48.4993842595  48.7159588968  49.0401428995  49.3191572741  82.1788497028  82.4025870671  101.585891726  0.208785332195  0.24908275612  0.514602266087  1374.0024041  1375.17633881  1378.92011471  1379.11437043  0.205659573711  0.0989797089944  2.38786341234  2.27125911934  0.114405774865  0.339499328756  1.8873149093  1.09449652361  0.92844030595  0.241452374461  -9999.0  -9999.0  -9999.0  -9999.0  -9999.0
-9999.0  -9999.0  -9999.0  -9999.0  -9999.0  -9999.0  -9999.0  -9999.0  -9999.0  -9999.0  -9999.0  -9999.0  -9999.0  -9999.0  -9999.0  -9999.0  -9999.0  -9999.0  -9999.0  -9999.0  -9999.0  -9999.0  -9999.0  0.722013897003  1.67756433652  3.53533122272  6.94345069569  0.790719713897  1.50588060063  5.95169453175  6.39163695519  0.268886176164  10.6211389623  10.8755257489  44.4952997322  44.722709651  0.257009349048  0.524667454781  2.07513601515  13.2443038069  13.864564885  0.65852713103  0.355069004879  0.305381549184  39.9694577886  40.5230900689  41.0097964079  41.497375994  46.4177229175  0.528117524877  48.3024979187  0.289081440854  0.221031739102  0.499357047237  32.406314032  32.6528333416  18.2319075013  18.9592051639  0.493724814459  0.246650818189  0.285646961297  0.378802045703  0.615849774354  0.250874081234  1462.83336495  1463.25152888  3.09920457395  2.5870499159  0.103095645635  3.31330578956  3.01181775044  2.37475758185  0.201184243833  0.229642359883  0.254900214296  -9999.0  -9999.0  -9999.0  -9999.0  -9999.0
-9999.0  -9999.0  -9999.0  -9999.0  -9999.0  -9999.0  -9999.0  -9999.0  -9999.0  -9999.0  -9999.0  -9999.0  -9999.0  -9999.0  -9999.0  -9999.0  -9999.0  -9999.0  -9999.0  -9999.0  -9999.0  -9999.0  -9999.0  -9999.0  0.93168754395  1.79621868335  2.57893986511  4.47751423378  5.21730735488  8.58109851745  9.83804104439  10.15105734  10.386300796  33.1386677038  33.3886598962  0.203931075465  1.71539305271  1.93404013908  10.8850496375  11.07381494  0.407127027423  0.186951553006  38.8153147177  39.1473773897  39.4147859276  0.291410278374  4.09047251922  4.3626824283  4.65590305334  0.268991056434  0.228514803751  0.212804649223  0.263480007068  31.4235755086  31.7237327041  0.195782795615  18.0382721181  16.9439711795  16.7554316998  0.211837624712  0.345131232682  0.205326441612  0.415482931705  82.4480443002  83.4366814605  1466.64686888  0.321216003259  0.179638215218  3.55839828201  0.132688577831  0.777949184019  0.487458437397  0.191980853643  -9999.0  -9999.0  -9999.0  -9999.0  -9999.0  -9999.0  -9999.0
-9999.0  -9999.0  -9999.0  -9999.0  -9999.0  -9999.0  -9999.0  -9999.0  -9999.0  -9999.0  -9999.0  -9999.0  -9999.0  -9999.0  -9999.0  -9999.0  -9999.0  -9999.0  -9999.0  -9999.0  -9999.0  -9999.0  -9999.0  -9999.0  0.906460550813  2.76317943982  3.68320512979  5.41350577581  7.05431454478  7.86325986508  0.647173964239  8.5566648165  32.27937568  32.8812200616  0.527662132554  0.929921064884  1.52954390329  10.4347389987  10.6872411673  25.3230673145  25.9601302827  38.5502441558  38.6190727317  0.166845639951  3.13562963007  3.53558187938  3.84975004067  0.279515728954  26.4596175765  26.7284453658  27.4457137674  30.0076156866  31.0185826058  31.1703295752  0.226153314369  0.470701172845  0.690793394175  13.3022684176  16.372055664  2.17276491429  1.95910995974  0.141238092722  0.221250181487  81.7446010374  0.736608730651  0.475467082031  1467.29970938  0.127709532002  0.11079905877  4.66864402004  1.00798310714  0.252267754976  0.174978360058  -9999.0  -9999.0  -9999.0  -9999.0  -9999.0  -9999.0  -9999.0
-9999.0  -9999.0  -9999.0  -9999.0  -9999.0  -9999.0  -9999.0  -9999.0  -9999.0  -9999.0  -9999.0  -9999.0  -9999.0  -9999.0  -9999.0  -9999.0  -9999.0  -9999.0  -9999.0  -9999.0  -9999.0  -9999.0  -9999.0  -9999.0  0.947279810325  0.912420617102  3.63247931746  4.56981703912  0.845434338148  7.10399271588  7.84516306701  0.714917437068  22.3229485239  0.690825551326  4.33757206202  9.56730040341  10.1736682301  23.0464024246  23.4244330616  25.1040785591  0.460637867658  12.4160055946  0.11904030423  0.274411197037  2.96049548242  0.206779099415  5.84405711209  25.9326608171  0.202225601761  0.490868018794  1.83440804744  0.298198279212  0.316539814539  0.252492340729  0.210902865611  11.7698487488  12.6961135318  13.0900163189  0.660500198936  0.561412469696  1.11443005886  0.188424091272  81.1473138291  81.2541303361  0.333167171438  0.276018379542  0.161419991359  1468.31887293  1474.5477088  5.92097869604  1.11369156751  0.989140847475  0.475684680621  -9999.0  -9999.0  -9999.0  -9999.0  -9999.0  -9999.0  -9999.0
-9999.0  -9999.0  -9999.0  -9999.0  -9999.0  -9999.0  -9999.0  -9999.0  -9999.0  -9999.0  -9999.0  -9999.0  -9999.0  -9999.0  -9999.0  -9999.0  -9999.0  -9999.0  -9999.0  -9999.0  -9999.0  -9999.0  -9999.0  -9999.0  -9999.0  0.899197679268  0.922152998936  0.903355859918  5.47152882491  6.31285957987  9.7629645231  21.6503044581  0.747201889248  2.24046564311  2.98271813589  4.58493172423  1.34996438214  22.4280151651  0.633389186957  1.22254846113  11.6900108446  0.492073894191  2.0053389719  2.34338541084  0.158183997657  0.200386772819  5.65499078777  19.8976208605  0.21294953632  0.841885425548  1.56390031405  0.263313881848  0.18973049717  10.4635923078  11.0009393098  0.3721843083  0.751827481488  0.195898044728  0.417020373503  0.306328741837  0.321509707461  0.116029655455  81.0467397867  0.313364798991  -9999.0  -9999.0  0.296261539671  0.546838067317  1474.75011942  1474.94961258  1475.57290695  0.293061819399  -9999.0  -9999.0  -9999.0  -9999.0  -9999.0  -9999.0  -9999.0  -9999.0
-9999.0  -9999.0  -9999.0  -9999.0  -9999.0  -9999.0  -9999.0  -9999.0  -9999.0  -9999.0  -9999.0  -9999.0  -9999.0  -9999.0  -9999.0  -9999.0  -9999.0  -9999.0  -9999.0  -9999.0  -9999.0  -9999.0  -9999.0  -9999.0  -9999.0  -9999.0  0.933698018479  2.81184659545  3.70555936693  8.98305578541  3.46823301399  11.0806129698  6.78447547458  0.746433535096  2.34870594779  3.84103681306  0.677901673492  20.4243874553  7.90933410353  9.95249885393  1.21376659546  1.21146315536  0.536501919381  0.277499532767  5.05522526986  5.25750331386  19.2826424346  19.4824565956  0.401397089631  0.608411405375  0.185517680573  8.55521917178  9.52626669324  10.3259996514  0.386486016619  0.18500002263  0.556434692136  0.191030808117  0.166805332953  0.177446030919  80.2063449249  80.4071360312  80.513965993  0.208353390771  -9999.0  -9999.0  -9999.0  -9999.0  -9999.0  0.151698589768  1475.71416891  1475.85077567  -9999.0  -9999.0  -9999.0  -9999.0  -9999.0  -9999.0  -9999.0  -9999.0
-9999.0  -9999.0  -9999.0  -9999.0  -9999.0  -9999.0  -9999.0  -9999.0  -9999.0  -9999.0  -9999.0  -9999.0  -9999.0  -9999.0  -9999.0  -9999.0  -9999.0  -9999.0  -9999.0  -9999.0  -9999.0  -9999.0  -9999.0  -9999.0  -9999.0  -9999.0  0.975164203324  0.922937902629  8.11872558282  0.92551973449  2.63704461496  4.38299815765  6.01793504999  0.824926297866  0.793661603731  0.763181450086  18.98463844  19.7321104823  7.25296285611  1.41537106119  0.658415373683  0.661443990423  4.30497476211  4.87011363526  17.0976984181  18.045747295  18.8697919904  0.220886636728  0.205211095518  8.02684400129  8.20192787962  8.39357526361  0.819842409828  0.415743143428  0.203292266915  0.19916332276  0.170373834137  1.41241992161  1.54405356445  80.0664266727  80.1242632617  0.146127526507  0.0482735379413  0.103008607896  -9999.0  -9999.0  -9999.0  -9999.0  -9999.0  -9999.0  -9999.0  -9999.0  -9999.0  -9999.0  -9999.0  -9999.0  -9999.0  -9999.0  -9999.0  -9999.0
-9999.0  -9999.0  -9999.0  -9999.0  -9999.0  -9999.0  -9999.0  -9999.0  -9999.0  -9999.0  -9999.0  -9999.0  -9999.0  -9999.0  -9999.0  -9999.0  -9999.0  -9999.0  -9999.0  -9999.0  -9999.0  -9999.0  -9999.0  -9999.0  -9999.0  -9999.0  -9999.0  1.90825648862  6.27976163114  3.47778743322  0.828879604802  3.46818976517  0.840794817065  2.57477687101  3.31677307888  16.603005272  18.2240530641  5.82898204844  6.54730028802  0.699556109125  3.0199946997  3.68102937369  10.3062097425  16.0465255717  16.6614544522  0.593543748487  0.484201231811  6.19851479925  7.15394138042  7.85500896319  0.217163176529  0.419661151619  0.632855737091  0.20943692173  0.562297704242  0.909925809598  1.07762816746  1.27657954513  0.168597151342  78.2626006769  0.337643806804  0.0988598190497  -9999.0  -9999.0  -9999.0  -9999.0  -9999.0  -9999.0  -9999.0  -9999.0  -9999.0  -9999.0  -9999.0  -9999.0  -9999.0  -9999.0  -9999.0  -9999.0  -9999.0  -9999.0
-9999.0  -9999.0  -9999.0  -9999.0  -9999.0  -9999.0  -9999.0  -9999.0  -9999.0  -9999.0  -9999.0  -9999.0  -9999.0  -9999.0  -9999.0  -9999.0  -9999.0  -9999.0  -9999.0  -9999.0  -9999.0  -9999.0  -9999.0  -9999.0  -9999.0  -9999.0  -9999.0  0.976978364433  0.936275655477  1.6351745691  0.872892567593  1.74957470194  1.74925895842  9.92121369233  10.7600120683  1.72704398792  0.80822478674  5.09993020326  1.56963652784  2.35317028293  8.27614121292  8.97015040905  9.67420043722  5.11237524586  2.06733013699  3.38725818622  4.62995675499  5.9016798938  0.626316899347  0.327713382752  38.458772394  38.7573856221  38.9938098679  0.199070334381  0.378617972673  0.191123042795  0.194982311677  73.473194748  75.2532853663  2.27765064019  1.79601140371  0.192946879972  -9999.0  -9999.0  -9999.0  -9999.0  -9999.0  -9999.0  -9999.0  -9999.0  -9999.0  -9999.0  -9999.0  -9999.0  -9999.0  -9999.0  -9999.0  -9999.0  -9999.0  -9999.0
-9999.0  -9999.0  -9999.0  -9999.0  -9999.0  -9999.0  -9999.0  -9999.0  -9999.0  -9999.0  -9999.0  -9999.0  -9999.0  -9999.0  -9999.0  -9999.0  -9999.0  -9999.0  -9999.0  -9999.0  -9999.0  -9999.0  -9999.0  -9999.0  -9999.0  -9999.0  -9999.0  -9999.0  -9999.0  0.687028825593  0.853011289275  0.875675810168  3.61471356274  9.0838764093  4.60869507181  0.844310721129  3.47689120467  4.30430403268  0.789676752505  6.84294750507  7.56240185531  2.28241008841  3.71188943663  0.7153453218  1.384299363  0.681622051523  0.628033447307  0.61901843932  37.2454962943  37.7566672525  38.2112352315  2.0992938641  41.6299925505  42.116992624  42.5384117908  42.968457124  43.6398381514  73.241133026  73.9569861521  0.939991549572  1.56789389446  0.430599147982  -9999.0  -9999.0  -9999.0  -9999.0  -9999.0  -9999.0  -9999.0  -9999.0  -9999.0  -9999.0  -9999.0  -9999.0  -9999.0  -9999.0  -9999.0  -9999.0  -9999.0  -9999.0
-9999.0  -9999.0  -9999.0  -9999.0  -9999.0  -9999.0  -9999.0  -9999.0  -9999.0  -9999.0  -9999.0  -9999.0  -9999.0  -9999.0  -9999.0  -9999.0  -9999.0  -9999.0  -9999.0  -9999.0  -9999.0  -9999.0  -9999.0  -9999.0  -9999.0  -9999.0  -9999.0  -9999.0  -9999.0  -9999.0  -9999.0  0.89957675561  1.88924299355  1.87335953705  1.84645944386  1.80731075639  2.68487728583  4.44914235567  5.2560532181  6.08166884142  0.782542694706  1.57642481137  0.737923741901  0.704318382174  21.2380835042  26.3618092716  27.6476529835  28.2865943042  36.6844354391  0.57810410322  1.1125324704  1.70428042183  8.59639979175  9.1267598213  9.58079291227  21.3307786417  26.4838319347  29.1244605901  0.555390155658  0.478507373309  0.923663950817  0.230421086953  -9999.0  -9999.0  -9999.0  -9999.0  -9999.0  -9999.0  -9999.0  -9999.0  -9999.0  -9999.0  -9999.0  -9999.0  -9999.0  -9999.0  -9999.0  -9999.0  -9999.0  -9999.0
-9999.0  -9999.0  -9999.0  -9999.0  -9999.0  -9999.0  -9999.0  -9999.0  -9999.0  -9999.0  -9999.0  -9999.0  -9999.0  -9999.0  -9999.0  -9999.0  -9999.0  -9999.0  -9999.0  -9999.0  -9999.0  -9999.0  -9999.0  -9999.0  -9999.0  -9999.0  -9999.0  -9999.0  -9999.0  -9999.0  -9999.0  -9999.0  0.960526637422  0.95325535001  0.934141565125  0.908130521551  1.82852080771  3.58735864433  3.3761346373  4.14013243883  4.8751110966  11.26888753  11.9733384986  19.9502634234  20.6319521248  4.50694334127  0.654107153288  7.18760976832  7.77893533312  3.22317420626  6.33999103911  7.50724436589  8.05392238423  0.52414517319  11.3206384837  22.4036173713  26.0638496783  0.525885293459  1.58793515596  0.283624941317  0.6935305079  -9999.0  -9999.0  -9999.0  -9999.0  -9999.0  -9999.0  -9999.0  -9999.0  -9999.0  -9999.0  -9999.0  -9999.0  -9999.0  -9999.0  -9999.0  -9999.0  -9999.0  -9999.0  -9999.0
-9999.0  -9999.0  -9999.0  -9999.0  -9999.0  -9999.0  -9999.0  -9999.0  -9999.0  -9999.0  -9999.0  -9999.0  -9999.0  -9999.0  -9999.0  -9999.0  -9999.0  -9999.0  -9999.0  -9999.0  -9999.0  -9999.0  -9999.0  -9999.0  -9999.0  -9999.0  -9999.0  -9999.0  -9999.0  -9999.0  -9999.0  -9999.0  -9999.0  -9999.0  -9999.0  0.954607099002  0.899554991436  0.883130761043  2.57916322155  2.47976310974  4.85978176211  5.65592926443  0.755226573263  7.25565852853  3.09939070293  3.83732313179  4.43665212169  6.59011267348  1.99355730618  0.637018712166  2.58471626217  0.627435878545  5.90107490313  7.11556963288  10.3014914228  0.541148293194  1.95719799539  0.66238638206  0.766108083089  0.235974977405  0.465424199044  -9999.0  -9999.0  -9999.0  -9999.0  -9999.0  -9999.0  -9999.0  -9999.0  -9999.0  -9999.0  -9999.0  -9999.0  -9999.0  -9999.0  -9999.0  -9999.0  -9999.0  -9999.0  -9999.0
-9999.0  -9999.0  -9999.0  -9999.0  -9999.0  -9999.0  -9999.0  -9999.0  -9999.0  -9999.0  -9999.0  -9999.0  -9999.0  -9999.0  -9999.0  -9999.0  -9999.0  -9999.0  -9999.0  -9999.0  -9999.0  -9999.0  -9999.0  -9999.0  -9999.0  -9999.0  -9999.0  -9999.0  -9999.0  -9999.0  -9999.0  -9999.0  -9999.0  -9999.0  -9999.0  -9999.0  -9999.0  0.864188516776  0.825461925856  1.66174278629  1.61191770338  4.14707219169  5.72632237197  1.59667535724  2.34090410465  2.2717180005  3.74986378099  1.47423653105  1.3771855248  1.34875083242  0.633141431579  3.37946476115  5.30459631007  0.624526728818  2.58736552599  0.962967143901  0.471680303882  0.230150953652  0.24049725083  0.247016135627  -9999.0  -9999.0  -9999.0  -9999.0  -9999.0  -9999.0  -9999.0  -9999.0  -9999.0  -9999.0  -9999.0  -9999.0  -9999.0  -9999.0  -9999.0  -9999.0  -9999.0  -9999.0  -9999.0  -9999.0
-9999.0  -9999.0  -9999.0  -9999.0  -9999.0  -9999.0  -9999.0  -9999.0  -9999.0  -9999.0  -9999.0  -9999.0  -9999.0  -9999.0  -9999.0  -9999.0  -9999.0  -9999.0  -9999.0  -9999.0  -9999.0  -9999.0  -9999.0  -9999.0  -9999.0  -9999.0  -9999.0  -9999.0  -9999.0  -9999.0  -9999.0  -9999.0  -9999.0  -9999.0  -9999.0  -9999.0  -9999.0  -9999.0  -9999.0  0.828325391466  1.67587809258  3.36162189078  0.814032606473  0.814324155968  0.769400472918  1.55221868316  0.74924475503  0.751479005217  0.719891010168  0.701505343899  1.38907440892  2.76112363168  1.32534244069  1.34459368568  1.98408771119  0.471404302698  0.234570650675  -9999.0  -9999.0  -9999.0  -9999.0  -9999.0  -9999.0  -9999.0  -9999.0  -9999.0  -9999.0  -9999.0  -9999.0  -9999.0  -9999.0  -9999.0  -9999.0  -9999.0  -9999.0  -9999.0  -9999.0  -9999.0  -9999.0  -9999.0
-9999.0  -9999.0  -9999.0  -9999.0  -9999.0  -9999.0  -9999.0  -9999.0  -9999.0  -9999.0  -9999.0  -9999.0  -9999.0  -9999.0  -9999.0  -9999.0  -9999.0  -9999.0  -9999.0  -9999.0  -9999.0  -9999.0  -9999.0  -9999.0  -9999.0  -9999.0  -9999.0  -9999.0  -9999.0  -9999.0  -9999.0  -9999.0  -9999.0  -9999.0  -9999.0  -9999.0  -9999.0  -9999.0  -9999.0  -9999.0  0.877915427044  0.846828532589  -9999.0  -9999.0  -9999.0  -9999.0  -9999.0  -9999.0  -9999.0  -9999.0  0.700019847568  0.684128804255  0.651943778749  0.663356338075  -9999.0  -9999.0  -9999.0  -9999.0  -9999.0  -9999.0  -9999.0  -9999.0  -9999.0  -9999.0  -9999.0  -9999.0  -9999.0  -9999.0  -9999.0  -9999.0  -9999.0  -9999.0  -9999.0  -9999.0  -9999.0  -9999.0  -9999.0  -9999.0  -9999.0  -9999.0
-9999.0  -9999.0  -9999.0  -9999.0  -9999.0  -9999.0  -9999.0  -9999.0  -9999.0  -9999.0  -9999.0  -9999.0  -9999.0  -9999.0  -9999.0  -9999.0  -9999.0  -9999.0  -9999.0  -9999.0  -9999.0  -9999.0  -9999.0  -9999.0  -9999.0  -9999.0  -9999.0  -9999.0  -9999.0  -9999.0  -9999.0  -9999.0  -9999.0  -9999.0  -9999.0  -9999.0  -9999.0  -9999.0  -9999.0  -9999.0  -9999.0  -9999.0  -9999.0  -9999.0  -9999.0  -9999.0  -9999.0  -9999.0  -9999.0  -9999.0  -9999.0  -9999.0  -9999.0  -9999.0  -9999.0  -9999.0  -9999.0  -9999.0  -9999.0  -9999.0  -9999.0  -9999.0  -9999.0  -9999.0  -9999.0  -9999.0  -9999.0  -9999.0  -9999.0  -9999.0  -9999.0  -9999.0  -9999.0  -9999.0  -9999.0  -9999.0  -9999.0  -9999.0  -9999.0  -9999.0
-9999.0  -9999.0  -9999.0  -9999.0  -9999.0  -9999.0  -9999.0  -9999.0  -9999.0  -9999.0  -9999.0  -9999.0  -9999.0  -9999.0  -9999.0  -9999.0  -9999.0  -9999.0  -9999.0  -9999.0  -9999.0  -9999.0  -9999.0  -9999.0  -9999.0  -9999.0  -9999.0  -9999.0  -9999.0  -9999.0  -9999.0  -9999.0  -9999.0  -9999.0  -9999.0  -9999.0  -9999.0  -9999.0  -9999.0  -9999.0  -9999.0  -9999.0  -9999.0  -9999.0  -9999.0  -9999.0  -9999.0  -9999.0  -9999.0  -9999.0  -9999.0  -9999.0  -9999.0  -9999.0  -9999.0  -9999.0  -9999.0  -9999.0  -9999.0  -9999.0  -9999.0  -9999.0  -9999.0  -9999.0  -9999.0  -9999.0  -9999.0  -9999.0  -9999.0  -9999.0  -9999.0  -9999.0  -9999.0  -9999.0  -9999.0  -9999.0  -9999.0  -9999.0  -9999.0  -9999.0
-9999.0  -9999.0  -9999.0  -9999.0  -9999.0  -9999.0  -9999.0  -9999.0  -9999.0  -9999.0  -9999.0  -9999.0  -9999.0  -9999.0  -9999.0  -9999.0  -9999.0  -9999.0  -9999.0  -9999.0  -9999.0  -9999.0  -9999.0  -9999.0  -9999.0  -9999.0  -9999.0  -9999.0  -9999.0  -9999.0  -9999.0  -9999.0  -9999.0  -9999.0  -9999.0  -9999.0  -9999.0  -9999.0  -9999.0  -9999.0  -9999.0  -9999.0  -9999.0  -9999.0  -9999.0  -9999.0  -9999.0  -9999.0  -9999.0  -9999.0  -9999.0  -9999.0  -9999.0  -9999.0  -9999.0  -9999.0  -9999.0  -9999.0  -9999.0  -9999.0  -9999.0  -9999.0  -9999.0  -9999.0  -9999.0  -9999.0  -9999.0  -9999.0  -9999.0  -9999.0  -9999.0  -9999.0  -9999.0  -9999.0  -9999.0  -9999.0  -9999.0  -9999.0  -9999.0  -9999.0
-9999.0  -9999.0  -9999.0  -9999.0  -9999.0  -9999.0  -9999.0  -9999.0  -9999.0  -9999.0  -9999.0  -9999.0  -9999.0  -9999.0  -9999.0  -9999.0  -9999.0  -9999.0  -9999.0  -9999.0  -9999.0  -9999.0  -9999.0  -9999.0  -9999.0  -9999.0  -9999.0  -9999.0  -9999.0  -9999.0  -9999.0  -9999.0  -9999.0  -9999.0  -9999.0  -9999.0  -9999.0  -9999.0  -9999.0  -9999.0  -9999.0  -9999.0  -9999.0  -9999.0  -9999.0  -9999.0  -9999.0  -9999.0  -9999.0  -9999.0  -9999.0  -9999.0  -9999.0  -9999.0  -9999.0  -9999.0  -9999.0  -9999.0  -9999.0  -9999.0  -9999.0  -9999.0  -9999.0  -9999.0  -9999.0  -9999.0  -9999.0  -9999.0  -9999.0  -9999.0  -9999.0  -9999.0  -9999.0  -9999.0  -9999.0  -9999.0  -9999.0  -9999.0  -9999.0  -9999.0
-9999.0  -9999.0  -9999.0  -9999.0  -9999.0  -9999.0  -9999.0  -9999.0  -9999.0  -9999.0  -9999.0  -9999.0  -9999.0  -9999.0  -9999.0  -9999.0  -9999.0  -9999.0  -9999.0  -9999.0  -9999.0  -9999.0  -9999.0  -9999.0  -9999.0  -9999.0  -9999.0  -9999.0  -9999.0  -9999.0  -9999.0  -9999.0  -9999.0  -9999.0  -9999.0  -9999.0  -9999.0  -9999.0  -9999.0  -9999.0  -9999.0  -9999.0  -9999.0  -9999.0  -9999.0  -9999.0  -9999.0  -9999.0  -9999.0  -9999.0  -9999.0  -9999.0  -9999.0  -9999.0  -9999.0  -9999.0  -9999.0  -9999.0  -9999.0  -9999.0  -9999.0  -9999.0  -9999.0  -9999.0  -9999.0  -9999.0  -9999.0  -9999.0  -9999.0  -9999.0  -9999.0  -9999.0  -9999.0  -9999.0  -9999.0  -9999.0  -9999.0  -9999.0  -9999.0  -9999.0
-9999.0  -9999.0  -9999.0  -9999.0  -9999.0  -9999.0  -9999.0  -9999.0  -9999.0  -9999.0  -9999.0  -9999.0  -9999.0  -9999.0  -9999.0  -9999.0  -9999.0  -9999.0  -9999.0  -9999.0  -9999.0  -9999.0  -9999.0  -9999.0  -9999.0  -9999.0  -9999.0  -9999.0  -9999.0  -9999.0  -9999.0  -9999.0  -9999.0  -9999.0  -9999.0  -9999.0  -9999.0  -9999.0  -9999.0  -9999.0  -9999.0  -9999.0  -9999.0  -9999.0  -9999.0  -9999.0  -9999.0  -9999.0  -9999.0  -9999.0  -9999.0  -9999.0  -9999.0  -9999.0  -9999.0  -9999.0  -9999.0  -9999.0  -9999.0  -9999.0  -9999.0  -9999.0  -9999.0  -9999.0  -9999.0  -9999.0  -9999.0  -9999.0  -9999.0  -9999.0  -9999.0  -9999.0  -9999.0  -9999.0  -9999.0  -9999.0  -9999.0  -9999.0  -9999.0  -9999.0
