ncols                  80
nrows                 72
xllcorner      4374000.0
yllcorner      5656000.0
cellsize            500
NODATA_value       -9999
-9999.0  -9999.0  -9999.0  -9999.0  -9999.0  -9999.0  -9999.0  -9999.0  -9999.0  -9999.0  -9999.0  -9999.0  0.932769216655  0.745639770452  -9999.0  -9999.0  -9999.0  -9999.0  -9999.0  -9999.0  -9999.0  -9999.0  -9999.0  -9999.0  -9999.0  -9999.0  -9999.0  -9999.0  -9999.0  -9999.0  -9999.0  -9999.0  -9999.0  -9999.0  -9999.0  -9999.0  -9999.0  -9999.0  -9999.0  -9999.0  -9999.0  -9999.0  -9999.0  -9999.0  -9999.0  -9999.0  -9999.0  -9999.0  -9999.0  -9999.0  -9999.0  -9999.0  -9999.0  -9999.0  -9999.0  -9999.0  -9999.0  -9999.0  -9999.0  -9999.0  -9999.0  -9999.0  -9999.0  -9999.0  -9999.0  -9999.0  -9999.0  -9999.0  -9999.0  -9999.0  -9999.0  -9999.0  -9999.0  -9999.0  -9999.0  -9999.0  -9999.0  -9999.0  -9999.0  -9999.0
-9999.0  -9999.0  -9999.0  -9999.0  -9999.0  -9999.0  -9999.0  -9999.0  -9999.0  -9999.0  -9999.0  -9999.0  1.83231159271  3.94799291048  0.614533907793  -9999.0  0.536368312497  -9999.0  -9999.0  -9999.0  -9999.0  -9999.0  -9999.0  -9999.0  -9999.0  -9999.0  -9999.0  -9999.0  -9999.0  -9999.0  -9999.0  -9999.0  -9999.0  -9999.0  -9999.0  -9999.0  -9999.0  -9999.0  -9999.0  -9999.0  -9999.0  -9999.0  -9999.0  -9999.0  -9999.0  -9999.0  -9999.0  -9999.0  -9999.0  -9999.0  -9999.0  -9999.0  -9999.0  -9999.0  -9999.0  -9999.0  -9999.0  -9999.0  -9999.0  -9999.0  -9999.0  -9999.0  -9999.0  -9999.0  -9999.0  -9999.0  -9999.0  -9999.0  -9999.0  -9999.0  -9999.0  -9999.0  -9999.0  -9999.0  -9999.0  -9999.0  -9999.0  -9999.0  -9999.0  -9999.0
-9999.0  -9999.0  -9999.0  -9999.0  -9999.0  -9999.0  -9999.0  -9999.0  -9999.0  -9999.0  0.871469579149  0.8443812964  0.879542201917  0.865956151126  5.60873977842  6.24188449666  1.51546511365  0.493651024256  -9999.0  -9999.0  -9999.0  -9999.0  -9999.0  -9999.0  -9999.0  -9999.0  -9999.0  -9999.0  -9999.0  -9999.0  -9999.0  -9999.0  -9999.0  -9999.0  -9999.0  -9999.0  -9999.0  -9999.0  -9999.0  -9999.0  -9999.0  -9999.0  -9999.0  -9999.0  -9999.0  -9999.0  -9999.0  -9999.0  -9999.0  -9999.0  -9999.0  -9999.0  -9999.0  -9999.0  -9999.0  -9999.0  -9999.0  -9999.0  -9999.0  -9999.0  -9999.0  -9999.0  -9999.0  -9999.0  -9999.0  -9999.0  -9999.0  -9999.0  -9999.0  -9999.0  -9999.0  -9999.0  -9999.0  -9999.0  -9999.0  -9999.0  -9999.0  -9999.0  -9999.0  -9999.0
-9999.0  -9999.0  -9999.0  -9999.0  -9999.0  -9999.0  -9999.0  -9999.0  -9999.0  0.841766273211  1.7185820675  3.41641598928  1.71251341177  0.838839928552  1.6540165865  7.05597032055  9.64341237377  0.517527284686  -9999.0  0.860130435401  -9999.0  -9999.0  -9999.0  -9999.0  1.04301143086  0.540039328278  -9999.0  -9999.0  -9999.0  -9999.0  -9999.0  -9999.0  -9999.0  -9999.0  -9999.0  -9999.0  -9999.0  -9999.0  -9999.0  -9999.0  -9999.0  -9999.0  -9999.0  -9999.0  -9999.0  -9999.0  -9999.0  -9999.0  -9999.0  -9999.0  -9999.0  -9999.0  -9999.0  -9999.0  -9999.0  -9999.0  -9999.0  -9999.0  -9999.0  -9999.0  -9999.0  -9999.0  -9999.0  -9999.0  -9999.0  -9999.0  -9999.0  -9999.0  -9999.0  -9999.0  -9999.0  -9999.0  -9999.0  -9999.0  -9999.0  -9999.0  -9999.0  -9999.0  -9999.0  -9999.0
-9999.0  -9999.0  -9999.0  -9999.0  -9999.0  -9999.0  -9999.0  -9999.0  0.925615357715  2.6498673805  3.47913047037  4.31620580952  5.94905716108  0.802145441866  3.23557057424  4.02110724309  14.8995829498  0.652073822069  0.738684244778  1.64033589909  2.41047029248  0.794873407779  -9999.0  2.63599304137  2.16593682085  0.578693745843  -9999.0  -9999.0  -9999.0  -9999.0  -9999.0  -9999.0  -9999.0  -9999.0  -9999.0  -9999.0  -9999.0  -9999.0  -9999.0  -9999.0  -9999.0  -9999.0  -9999.0  -9999.0  -9999.0  -9999.0  -9999.0  -9999.0  -9999.0  -9999.0  -9999.0  -9999.0  -9999.0  -9999.0  -9999.0  -9999.0  -9999.0  -9999.0  -9999.0  -9999.0  -9999.0  -9999.0  -9999.0  -9999.0  -9999.0  -9999.0  -9999.0  -9999.0  -9999.0  -9999.0  -9999.0  -9999.0  -9999.0  -9999.0  -9999.0  -9999.0  -9999.0  -9999.0  -9999.0  -9999.0
-9999.0  -9999.0  -9999.0  -9999.0  -9999.0  -9999.0  0.910759640032  0.866311892034  0.844727374569  0.854929353274  0.864160243395  6.05621451118  12.8486473498  13.6824145908  14.4246576239  0.724307914967  16.3681435852  17.1284375866  1.52828680022  0.776245557513  3.16981201419  5.51787429192  0.749630990815  4.82342514013  0.778107374576  0.744753896813  0.800903705631  -9999.0  -9999.0  -9999.0  -9999.0  -9999.0  -9999.0  -9999.0  -9999.0  -9999.0  -9999.0  -9999.0  -9999.0  -9999.0  -9999.0  -9999.0  -9999.0  -9999.0  -9999.0  -9999.0  -9999.0  -9999.0  -9999.0  -9999.0  -9999.0  -9999.0  -9999.0  -9999.0  -9999.0  -9999.0  -9999.0  -9999.0  -9999.0  -9999.0  -9999.0  -9999.0  -9999.0  -9999.0  -9999.0  -9999.0  -9999.0  -9999.0  -9999.0  -9999.0  -9999.0  -9999.0  -9999.0  -9999.0  -9999.0  -9999.0  -9999.0  -9999.0  -9999.0  -9999.0
-9999.0  -9999.0  -9999.0  -9999.0  -9999.0  -9999.0  1.82423336908  2.71421740469  6.22179548801  8.74223240138  0.803950652056  0.830423853151  0.806830881963  2.36605799425  17.5300703044  0.706078440239  17.8545695121  20.7656665461  2.25681615776  1.49599475705  6.2455152644  0.771128873059  5.58648029839  1.52570165273  0.749115778344  1.45278161977  1.5821155967  0.806260749602  0.840811840308  0.827583401835  0.858852969855  1.72007981596  -9999.0  -9999.0  -9999.0  -9999.0  -9999.0  -9999.0  -9999.0  -9999.0  -9999.0  -9999.0  -9999.0  -9999.0  -9999.0  -9999.0  -9999.0  -9999.0  -9999.0  -9999.0  -9999.0  -9999.0  -9999.0  -9999.0  -9999.0  -9999.0  -9999.0  -9999.0  -9999.0  -9999.0  -9999.0  -9999.0  -9999.0  -9999.0  -9999.0  -9999.0  -9999.0  -9999.0  -9999.0  -9999.0  -9999.0  -9999.0  -9999.0  -9999.0  -9999.0  -9999.0  -9999.0  -9999.0  -9999.0  -9999.0
-9999.0  -9999.0  -9999.0  -9999.0  -9999.0  0.979925993679  1.91045525058  0.923545106943  1.81273371443  9.64046281672  11.3164176569  12.9911304329  41.5644580963  0.784298574012  18.3065488945  65.9602914937  66.5459489956  88.3372729198  0.644188819675  2.2181108748  6.97614544782  0.725529275602  13.9612346748  7.62721062257  4.58603289828  3.81657174094  0.793687256779  2.39413883717  2.47227154835  1.64827949888  0.806030223344  2.54428571073  0.795687910906  0.786039700786  -9999.0  -9999.0  -9999.0  -9999.0  -9999.0  -9999.0  -9999.0  -9999.0  -9999.0  -9999.0  -9999.0  -9999.0  -9999.0  -9999.0  -9999.0  -9999.0  -9999.0  -9999.0  -9999.0  -9999.0  -9999.0  -9999.0  -9999.0  -9999.0  -9999.0  -9999.0  -9999.0  -9999.0  -9999.0  -9999.0  -9999.0  -9999.0  -9999.0  -9999.0  -9999.0  -9999.0  -9999.0  -9999.0  -9999.0  -9999.0  -9999.0  -9999.0  -9999.0  -9999.0  -9999.0  -9999.0
-9999.0  -9999.0  -9999.0  -9999.0  -9999.0  0.995360630776  2.91324723816  5.77129015728  6.68151296938  13.2972783637  14.1732532603  16.8738563918  27.790834724  43.8800865047  45.4842790678  46.2311814005  1.43723212381  90.9061398116  92.2332779342  95.9267308964  119.801055238  16.1809937128  14.7292216072  5.34607340207  0.756959112034  4.6264094546  3.11942842068  0.671580367824  3.21994670765  0.735782832705  1.53149313009  4.09008450667  4.86227683281  1.5493219942  0.757809056504  0.751278430543  -9999.0  -9999.0  -9999.0  -9999.0  0.502948112221  0.448051815644  -9999.0  -9999.0  -9999.0  -9999.0  -9999.0  -9999.0  -9999.0  -9999.0  -9999.0  -9999.0  -9999.0  -9999.0  -9999.0  -9999.0  -9999.0  -9999.0  -9999.0  -9999.0  -9999.0  -9999.0  -9999.0  -9999.0  -9999.0  -9999.0  -9999.0  -9999.0  -9999.0  -9999.0  -9999.0  -9999.0  -9999.0  -9999.0  -9999.0  -9999.0  -9999.0  -9999.0  -9999.0  -9999.0
-9999.0  -9999.0  -9999.0  -9999.0  -9999.0  0.975021443963  0.938848234303  3.86327866222  4.78210783894  5.72132081826  0.911572587718  1.81185066  10.2373114304  1.82042952954  0.877448040081  0.822706679295  0.754018918502  0.827584459712  0.797661793553  0.807028831347  120.550514946  122.734903909  0.721849702557  2.21579539757  1.50246644339  5.37245247389  1.39834559521  0.675522630293  3.95415534171  1.45609423785  3.54613444149  8.6072843203  7.91883247783  2.29178718783  2.18986469713  0.767510961004  0.761258063745  -9999.0  -9999.0  0.766341284315  1.11569166605  2.49733841691  0.46938374859  -9999.0  -9999.0  -9999.0  -9999.0  -9999.0  -9999.0  -9999.0  -9999.0  -9999.0  -9999.0  -9999.0  -9999.0  -9999.0  -9999.0  -9999.0  -9999.0  -9999.0  -9999.0  -9999.0  -9999.0  -9999.0  -9999.0  -9999.0  -9999.0  -9999.0  -9999.0  -9999.0  -9999.0  -9999.0  -9999.0  -9999.0  -9999.0  -9999.0  -9999.0  -9999.0  -9999.0  -9999.0
-9999.0  -9999.0  -9999.0  -9999.0  -9999.0  -9999.0  1.00225680423  0.997374293617  1.93882850991  2.8851223775  6.59659914207  8.45141417689  9.37805897663  0.941625886522  0.819043043853  10.487087638  12.9329250875  13.7143830345  16.948108571  17.7044717396  0.746469107009  123.485860014  127.132383625  2.91199130135  0.598205269412  6.05888017351  13.4108253217  5.29152480874  1.36404497545  0.702607146916  13.5437008777  9.32213987175  0.678167065208  0.699349146909  2.90370125394  2.24594713805  0.72861584375  0.648682433849  0.744802218263  1.49907189007  0.723198223208  3.02425789334  3.72568274484  0.631193298536  -9999.0  -9999.0  -9999.0  -9999.0  0.704485672832  0.67269025984  0.240464478494  -9999.0  -9999.0  -9999.0  -9999.0  -9999.0  -9999.0  -9999.0  -9999.0  -9999.0  -9999.0  -9999.0  -9999.0  -9999.0  -9999.0  -9999.0  -9999.0  -9999.0  -9999.0  -9999.0  -9999.0  -9999.0  -9999.0  -9999.0  -9999.0  -9999.0  -9999.0  -9999.0  -9999.0  -9999.0
-9999.0  -9999.0  -9999.0  -9999.0  -9999.0  -9999.0  -9999.0  0.989764479571  0.902690960581  1.85810012239  2.80669727057  0.933776968326  0.875345846899  5.42882800956  7.12222730014  8.86825709808  0.835539487258  1.66548870553  0.821887346836  18.4800942933  40.4596734557  40.9674686466  169.431681025  0.722920843639  1.78644701291  0.576313912855  14.0909380303  0.669174191894  2.07930793776  0.692317861096  14.2124917622  14.8732994792  1.3664413089  1.38185619411  7.33919808189  3.70555209873  1.3890043373  0.724474876503  1.48661487471  2.23302242052  3.63110692706  0.668627523982  4.93611286979  5.43537683612  0.438309323493  0.457317306216  0.504819399153  0.452836584832  0.430650571576  1.93812025761  0.778469444855  0.495651273298  -9999.0  -9999.0  -9999.0  -9999.0  -9999.0  -9999.0  -9999.0  -9999.0  -9999.0  -9999.0  -9999.0  -9999.0  -9999.0  -9999.0  -9999.0  -9999.0  -9999.0  -9999.0  -9999.0  -9999.0  -9999.0  -9999.0  -9999.0  -9999.0  -9999.0  -9999.0  -9999.0  -9999.0
-9999.0  -9999.0  -9999.0  -9999.0  -9999.0  -9999.0  -9999.0  -9999.0  1.88987095298  2.7736428188  0.93460455823  1.88643215648  2.78904344664  4.5941959103  0.921459640431  0.900908128768  0.81516176385  0.82206316139  0.764062526991  20.4187922451  0.83312390153  1.63745500004  171.586157389  172.822543007  0.510654405024  2.82564269289  17.5281737442  1.33747125199  2.71057104539  1.24174274036  1.87693612269  17.4936739745  2.00284424061  10.6634781913  8.65670346012  0.676279299533  3.50220248178  1.42496280899  2.17613513698  0.703146545336  4.29271253185  5.53012651466  5.94906168187  6.34368752933  7.05798566891  0.812953010371  0.892071956162  0.808424918154  0.759759689162  2.38701292465  0.514949660537  1.77294739735  2.19786634194  -9999.0  -9999.0  -9999.0  -9999.0  -9999.0  -9999.0  -9999.0  -9999.0  -9999.0  -9999.0  -9999.0  -9999.0  -9999.0  -9999.0  -9999.0  -9999.0  -9999.0  -9999.0  -9999.0  -9999.0  -9999.0  -9999.0  -9999.0  -9999.0  -9999.0  -9999.0  -9999.0
-9999.0  -9999.0  -9999.0  -9999.0  -9999.0  -9999.0  -9999.0  -9999.0  0.972943021353  4.70315111319  5.6231410936  0.921703468597  1.81689612161  0.894810371075  0.853963737593  0.843205061428  10.4031777153  13.7505141112  16.8349188311  19.87400526  0.758274047688  0.81639291968  0.743774314991  176.03819469  177.292523694  177.763016087  23.444414464  5.34987425915  4.69149409666  0.583406600156  2.37434352864  20.4634518849  0.508278363793  11.2613324495  0.668706852402  4.58390380877  4.21155318851  0.692342347465  2.86359832856  1.38692736785  2.05842753239  0.584595694195  0.389547291023  6.7327102835  7.08516918603  7.40942459019  1.27611791281  1.17220837081  1.120597468  2.92639531839  3.9666560414  0.519410084758  2.69457686627  0.587225599347  1.10346734592  0.528981189995  -9999.0  -9999.0  -9999.0  -9999.0  -9999.0  -9999.0  -9999.0  -9999.0  -9999.0  -9999.0  -9999.0  -9999.0  -9999.0  -9999.0  -9999.0  -9999.0  -9999.0  -9999.0  -9999.0  -9999.0  -9999.0  -9999.0  -9999.0  -9999.0
-9999.0  -9999.0  -9999.0  -9999.0  -9999.0  -9999.0  -9999.0  -9999.0  -9999.0  0.982044612155  6.56986036959  7.4866539497  2.72069237588  4.51144279425  6.22209523424  7.08092811565  0.868462256875  2.53179492179  1.70718113765  0.876868095539  0.865603600392  0.810960347967  1.59494012899  2.63413001788  0.764835890311  202.500856344  202.987781358  0.463297377865  0.45240223292  1.21842166327  1.82474719924  22.1687745638  1.10063417164  11.7894155499  7.07547920611  5.84080932658  0.661521460279  1.34106983514  3.49812762248  0.63374507491  2.67739594111  1.20591188213  0.711095558291  0.348652307118  8.13479513463  15.826064019  1.53083927152  1.43658590317  1.51994274836  0.426832777054  4.39099077425  0.413776612859  3.61632589404  0.502486941541  1.60734122078  2.43581567214  0.231325428553  0.240580608512  0.327567848591  0.371260906015  0.210481035906  -9999.0  -9999.0  0.14504645082  0.111636367688  -9999.0  -9999.0  -9999.0  -9999.0  -9999.0  -9999.0  -9999.0  -9999.0  -9999.0  -9999.0  -9999.0  -9999.0  -9999.0  -9999.0  -9999.0
-9999.0  -9999.0  -9999.0  -9999.0  -9999.0  -9999.0  -9999.0  -9999.0  -9999.0  -9999.0  0.910863416923  9.31780291314  0.900871563804  1.79508750512  2.63218427544  4.26124755444  0.810583398137  1.65929376295  0.835091718554  0.775966810645  0.750835977502  1.49097348926  0.651142938665  0.647358580189  1.21126870222  0.708358855639  203.522856694  204.425032528  205.878282277  2.30207548904  0.605259325471  1.2081366359  22.7869800341  21.7624628613  8.34884493113  0.63039912294  2.64365670305  1.98940964309  4.1339700882  1.26680102229  5.12512643673  1.81837375006  1.20819134523  0.291623755755  0.379422877919  16.222489361  16.5661306488  19.8332605421  2.87943115784  0.903000629139  4.84685477944  5.70816802127  9.68159690858  0.948354026386  0.469488723565  2.7170946399  3.17636081408  0.228253664029  0.442518592937  0.901327205627  0.415087293368  0.205204667606  0.210143827304  0.309663320502  0.249359834007  0.118418390904  -9999.0  -9999.0  -9999.0  -9999.0  -9999.0  -9999.0  -9999.0  -9999.0  -9999.0  -9999.0  -9999.0  -9999.0  -9999.0  -9999.0
-9999.0  -9999.0  -9999.0  -9999.0  -9999.0  -9999.0  -9999.0  -9999.0  -9999.0  -9999.0  -9999.0  0.542021257675  10.5003825328  0.871621401498  1.70040952356  7.60110853758  0.82875393614  0.823275398858  0.773584534636  1.58285645131  0.820220132019  3.12100612238  4.49878777132  5.15362490161  1.80139221948  2.23563470148  0.47181615327  0.629018542622  0.580896970258  209.304319699  210.950478061  23.2998686959  22.7463603601  22.2814032151  1.04495904199  0.486953388642  3.23613450635  8.56313715848  4.73533587595  1.8631397284  7.56520162194  2.86069611671  2.30780998509  0.621918805011  0.251492769565  0.239618539707  0.223118004998  21.0675641532  25.1449199116  0.451608471085  0.356401637494  0.459178163874  10.1384630975  11.5263681304  0.852451618177  0.365420716629  3.38458417897  0.401433867686  1.01740209678  2.11716219264  2.7204767256  3.10675992329  0.853917628741  0.478960249966  0.409153304932  0.26726473175  0.168675344619  -9999.0  -9999.0  -9999.0  -9999.0  -9999.0  -9999.0  -9999.0  -9999.0  -9999.0  -9999.0  -9999.0  -9999.0  -9999.0
-9999.0  -9999.0  -9999.0  -9999.0  -9999.0  -9999.0  -9999.0  -9999.0  -9999.0  -9999.0  -9999.0  0.514414429143  11.7241659532  14.4115895759  0.835193087396  9.27333638828  0.778922475519  0.747000837144  1.55908388327  3.93935921664  0.790188068947  0.817017627219  0.727597319046  6.56019684893  7.18328460953  10.1472696551  11.2098265941  11.7647025621  12.2087424152  12.8502899819  224.289829311  248.454071713  271.966959161  272.24218725  0.409311114053  0.52573765863  9.75175015907  9.16045265155  0.59367275435  0.587389060988  8.1483468166  11.5906551058  0.516616606939  5.60814043735  5.12480592879  1.30605449045  0.548218290297  0.911804098814  0.395382524153  25.7964293803  0.325294738369  1.11258288449  1.34884617719  13.8078985477  14.9905867759  15.7237759655  19.406476195  0.281214002406  0.226720418137  0.193285040765  0.169955354683  3.47248609067  4.49967262108  0.183812668972  0.993985267844  0.418674337856  0.297450136851  0.0966728440934  0.0860964007916  -9999.0  -9999.0  -9999.0  -9999.0  -9999.0  -9999.0  -9999.0  -9999.0  -9999.0  -9999.0  -9999.0
-9999.0  -9999.0  -9999.0  -9999.0  -9999.0  -9999.0  -9999.0  -9999.0  -9999.0  -9999.0  -9999.0  0.953660484471  1.84271657845  15.2879778372  16.9206667964  0.821974855052  10.6594512853  0.661943986643  2.10754844177  4.6799069905  1.53979602694  0.747331349651  1.51337873387  0.637331349448  1.24732595193  0.637905880117  0.60409712625  0.556295378085  0.51580796302  0.44478076876  0.375781885316  0.454749200778  0.518797813913  0.513692637132  273.504241947  11.0517143292  10.2924641895  0.262232528908  1.67190685994  0.481399528777  0.437812224534  12.1249907688  19.3851389505  6.19026367505  4.5253782128  0.768918139607  0.300086120056  0.275542282805  0.595135464687  26.7267134437  27.3166371447  0.305657587426  0.309168978102  0.28814069906  0.323643981505  0.646818922023  20.3265746352  20.8742723941  21.3672279354  0.453547445887  0.265708797492  0.212308900732  4.67744053054  5.00924152477  1.12821656858  0.143380543869  0.421762685153  0.185757964901  0.162192637575  -9999.0  -9999.0  -9999.0  -9999.0  -9999.0  -9999.0  -9999.0  -9999.0  -9999.0  -9999.0  -9999.0
-9999.0  -9999.0  -9999.0  -9999.0  -9999.0  -9999.0  -9999.0  -9999.0  -9999.0  -9999.0  -9999.0  -9999.0  0.862035584415  11.2701229111  29.0363184021  31.5607882806  42.9653404936  43.5636073773  10.3913960407  7.73267683371  2.29708795772  0.740208265827  2.98103220281  3.6997400163  5.59434611938  1.29721367776  1.22468685378  1.18525708267  2.3080700367  1.04354311804  0.955054168202  0.545341939174  0.394700076765  0.346477060745  273.914685872  285.366295341  285.660041791  0.247002331892  4.24802738247  2.04269601232  0.573770995217  21.1425073948  1.23095294988  0.631515122066  2.6507676216  0.592392040403  0.417371347762  0.752236675329  1.03460695397  1.3495210981  27.8217953982  0.231948356146  0.204176538941  0.198865669667  0.153460638355  0.222949740729  0.579423988569  0.755392139509  22.5057540723  24.1971425363  1.02509658666  0.492989251233  0.279688638734  0.18672240411  6.51233840923  8.54483333713  1.73368673626  0.811010704261  0.464538562155  -9999.0  -9999.0  -9999.0  -9999.0  -9999.0  -9999.0  -9999.0  -9999.0  -9999.0  -9999.0  -9999.0
-9999.0  -9999.0  -9999.0  -9999.0  -9999.0  -9999.0  -9999.0  -9999.0  -9999.0  -9999.0  -9999.0  0.92249982977  8.56899158326  10.399840913  1.71421069934  0.575658519563  1.30072845835  45.6494276788  46.2805490441  57.258330673  0.68451172479  1.41979913114  0.639444346847  0.646305729656  6.21801444455  8.13759644886  9.9416012611  0.571202710463  2.87169489262  4.47082611236  2.55277813216  1.07639459774  0.868793029523  0.758014866786  0.67399335381  0.2703948728  285.881276927  286.053038877  290.638701197  0.87367095368  0.497922103744  21.4778983528  1.30716714121  0.664869396658  0.708927774677  0.704440121115  0.637643046557  1.07507107932  3.04524642226  4.72178951597  32.7884961928  0.172721261756  0.525914070302  0.35290021097  0.294180646722  0.148822927288  0.166444740449  0.203088538136  0.187276760541  24.5455044735  0.110573830055  0.445800023798  0.19889553481  0.148803033375  0.134852911418  8.69458442073  0.333251623195  0.139021779652  0.185986328933  0.0838266369514  -9999.0  -9999.0  -9999.0  -9999.0  -9999.0  -9999.0  -9999.0  -9999.0  -9999.0  -9999.0
-9999.0  -9999.0  -9999.0  -9999.0  -9999.0  -9999.0  -9999.0  -9999.0  -9999.0  -9999.0  -9999.0  0.938697051042  5.87617686811  0.930505466479  0.84469897648  4.36109319813  5.14260366191  5.91717675523  6.65711399003  77.7164687334  78.3745316102  79.7078716423  89.5092366897  91.3686490538  92.395521893  93.0280982793  104.250685519  105.763633412  106.344584198  111.434771333  114.579991426  115.113647823  116.993550928  1.25603464062  1.10913892634  0.236633604407  0.178747589602  286.263363433  291.956200972  1.15483241557  24.6349870887  24.1999405012  2.39706070547  0.586139439164  0.604212387572  0.575953772929  0.589527345995  1.17996451428  1.64540519983  0.423266545491  33.0208058411  33.2571683239  34.3424494707  34.5349079246  35.008372976  35.3247208978  0.126825652457  0.172552208407  0.149904780763  24.7002317579  24.9398313633  25.5216912401  26.0993181765  0.261311695575  9.31038986752  9.03669839417  0.172019069912  3.22513938573  3.12002041925  0.2289102917  0.13871666132  -9999.0  -9999.0  -9999.0  -9999.0  -9999.0  -9999.0  -9999.0  -9999.0  -9999.0
-9999.0  -9999.0  -9999.0  -9999.0  -9999.0  -9999.0  -9999.0  -9999.0  -9999.0  -9999.0  -9999.0  3.00481821657  3.97743687482  1.87617749147  2.77314259467  0.888112907451  9.98560704337  10.7656215869  12.3398419518  13.0591295759  5.31729546914  86.1219589724  86.7910785983  0.551218085999  0.391151795218  0.363008158362  0.7906466361  0.428314778754  0.361813226508  0.368388007579  0.386458619137  115.629887124  117.508795241  119.23245493  120.741006699  121.476649836  0.304789738302  0.0965757462619  317.391914143  25.2809856583  25.0840851316  0.527180284395  0.487797648371  0.40857096326  0.994083821976  0.977469804255  0.460939617898  0.506972867109  0.457770142898  0.875246092551  1.13338013137  0.170574622068  0.317634666054  0.139987551772  0.120504815605  35.4499141382  35.7194679243  36.0630925118  36.3953381109  36.5677874296  36.826804916  36.9387060727  0.106268677669  26.3896401004  0.165513895217  12.9049264371  3.44738878922  0.237788364943  2.80852852783  2.43829155342  0.1532215478  -9999.0  -9999.0  -9999.0  -9999.0  -9999.0  -9999.0  -9999.0  -9999.0  -9999.0
-9999.0  -9999.0  -9999.0  -9999.0  -9999.0  -9999.0  -9999.0  -9999.0  -9999.0  -9999.0  -9999.0  -9999.0  2.02537042194  0.95839924157  0.903269237789  8.39351832928  9.20000967179  0.813067895531  3.19463366563  3.95998334525  4.67078814072  0.745018918815  0.515720871002  12.9621225487  13.3687622071  13.764697928  34.9273812297  35.253062997  35.8906680619  38.5025778097  40.285377729  40.5867943837  0.35297604183  0.365215162883  0.344753606084  121.739926968  0.123440932121  321.220818724  321.038037534  3.50006802434  3.24689129225  2.00258552826  0.51205674212  0.847899699899  1.43559702381  1.42159345575  0.869703911245  0.489664310131  0.939356774334  0.923081002443  1.53820776351  0.319053038617  0.594178206582  0.950997706248  1.18928484882  1.31862165138  0.121480340847  0.122219396226  0.118521849012  0.119983225121  0.131795171941  37.094707291  37.3355096724  63.880718156  64.007413813  14.09243696  0.980807874431  0.632226083085  0.202814761402  2.16126858237  2.03164215609  -9999.0  -9999.0  -9999.0  -9999.0  -9999.0  -9999.0  -9999.0  -9999.0  -9999.0
-9999.0  -9999.0  -9999.0  -9999.0  -9999.0  -9999.0  -9999.0  -9999.0  -9999.0  -9999.0  -9999.0  -9999.0  1.034904944  2.92854213874  3.84972888205  6.61793652201  0.812634849274  1.63815925597  2.42540453399  9.51977163127  10.2251975726  10.8295447461  11.4291388773  12.0067497871  18.3261920285  19.952573114  20.8323408687  0.381183092496  2.01001725042  2.35695071053  39.3118778919  40.8847388231  41.642780806  42.4386472066  43.0233696237  164.892930069  0.102436429841  321.842469608  0.391887382848  0.196268259738  2.77019877849  2.41527810486  0.387953777428  1.26508452463  1.86191676921  1.82477754476  1.247105612  2.10611888327  3.38442695234  1.30244042503  3.19020191975  0.303443825843  0.51338084432  0.0749383906021  0.0551775969218  1.50748038488  1.56571480761  0.198604307059  0.20853851804  0.314807601514  0.103565955578  0.10601717851  0.118203360185  88.1857403641  88.0745404542  23.7801072405  0.310129429818  1.53913775589  1.19647511667  0.758285022131  1.92649471849  1.42384645154  -9999.0  -9999.0  -9999.0  -9999.0  -9999.0  -9999.0  -9999.0  -9999.0
-9999.0  -9999.0  -9999.0  -9999.0  -9999.0  -9999.0  -9999.0  -9999.0  -9999.0  -9999.0  -9999.0  -9999.0  0.988944530262  1.96001852092  0.932876956349  1.86655293538  0.846314345369  6.32954334771  7.92145091555  8.74908783671  0.735776786585  1.4636425265  13.8893601156  17.2758180701  17.8551908307  1.11972849635  0.957565034462  1.40145265613  0.308181391799  0.283036079453  0.526869894675  0.231828282908  20.4886940161  20.7861264795  20.9199882534  165.189895314  323.416049635  322.006995123  0.293418198174  0.149961967047  0.139425042326  0.767227591076  0.631316773136  1.61001942758  2.24695578005  4.4859764973  0.416690215853  0.414134693769  3.75769138935  4.14358093239  7.98927560854  8.16515821496  8.75103660862  8.88731526363  0.112747505176  0.17373762394  1.61522670136  92.0310892644  90.1751579187  89.8244436346  89.3289047403  0.0790459611838  88.8192777323  0.189398468782  0.169338850848  9.21747893531  2.48653051346  2.34139153738  0.444021200707  0.47861838301  0.346780732948  1.28187283255  -9999.0  -9999.0  -9999.0  -9999.0  -9999.0  -9999.0  -9999.0  -9999.0
-9999.0  -9999.0  -9999.0  -9999.0  -9999.0  -9999.0  -9999.0  -9999.0  -9999.0  -9999.0  -9999.0  -9999.0  -9999.0  0.956038720145  1.90695969291  2.85805718296  4.60965576533  0.879801053079  0.80837728403  5.53251964914  6.26956091165  12.5031965391  13.2686754326  2.20115060735  0.631550268579  0.528561922948  0.471248845774  18.841461502  19.1708883048  19.4871634949  19.7404972544  20.2182824979  3.16563447658  3.32936383268  24.3611226914  513.147452741  1.14118128492  0.832574053889  0.446795038539  0.127640570168  0.114274547291  1.02348090352  1.10426280941  1.84941573534  0.130317486971  4.67871322525  0.709439784959  0.698206195528  0.132815646774  0.0765800688931  0.0600100650015  0.0556057663349  0.0589856760475  8.96836984503  107.102336609  97.8074791991  97.5669084403  92.0874327131  0.0724687831911  0.0630569595247  0.0959534752115  88.9119864578  0.193517550828  0.0939125764557  0.0974479614834  0.0950703224623  6.44870486861  6.24630086286  0.807333645108  0.413661583598  0.511678640651  0.511395827715  -9999.0  -9999.0  -9999.0  -9999.0  -9999.0  -9999.0  -9999.0  -9999.0
-9999.0  -9999.0  -9999.0  -9999.0  -9999.0  -9999.0  -9999.0  -9999.0  -9999.0  -9999.0  -9999.0  -9999.0  -9999.0  -9999.0  0.930923479136  1.71637998084  2.41676546349  3.10914089117  3.91982847394  4.75048677895  2.37487925862  3.98661805989  0.757371144644  0.740716246687  15.8958604678  17.2678532244  17.8474306328  18.4413924859  0.395912845532  0.715508397669  2.06289620173  2.47144440699  2.85607530443  0.216152785507  0.113566290084  513.785954052  0.27984282406  0.249296250185  0.1236965448  0.568036043821  0.281670742294  0.110748668041  3.05794340469  3.13518587744  0.0651734977847  4.74865366598  5.52351326281  0.775345655849  110.187394314  109.994507174  109.849618148  109.590638002  109.485481682  107.809196593  107.720759534  0.197876612817  5.4409615145  5.16906136992  4.90773275459  4.83834808295  2.76496322111  2.69551127242  2.54221064708  0.589324527817  0.52482770555  0.340937180694  0.104187189083  5.97974016324  5.48150812545  0.38783960357  0.691469689651  0.301953455388  -9999.0  -9999.0  -9999.0  -9999.0  -9999.0  -9999.0  -9999.0  -9999.0
-9999.0  -9999.0  -9999.0  -9999.0  -9999.0  -9999.0  -9999.0  -9999.0  -9999.0  -9999.0  -9999.0  -9999.0  -9999.0  -9999.0  0.206645585517  0.453555921955  0.700946343579  6.79554764649  7.62739098823  0.839715438643  0.789488048611  0.806758501902  12.9923895234  14.5317880729  0.729304188343  0.745220497575  0.603439697514  2.47890199763  3.0653725754  1.28255311939  1.74047316215  14.1777741923  14.6098794571  15.1691359791  23.5100750734  537.493716985  0.247935771236  0.0951336055949  0.87909903844  0.735607923607  0.098354047977  0.31073755899  0.402578124466  3.22541834906  3.29593805956  9.02329749636  5.59950523381  0.925559653567  112.083846743  0.564768952842  109.725459993  109.661322805  1.57598552615  0.143688705651  0.476205776245  0.253232789759  0.124231778072  0.20388564018  0.100407951816  2.00875605325  1.7078468148  0.0979795524631  1.89777575391  0.194797752347  0.114250383417  0.251586800587  0.119901630175  0.388718213818  4.29412674078  3.58923459515  0.293487176981  0.345077874623  0.165148048068  -9999.0  -9999.0  -9999.0  -9999.0  -9999.0  -9999.0  -9999.0
-9999.0  -9999.0  -9999.0  -9999.0  -9999.0  -9999.0  -9999.0  -9999.0  -9999.0  -9999.0  -9999.0  -9999.0  -9999.0  -9999.0  1.0078819264  1.67603701458  3.42838312629  5.99173701186  8.26363545961  9.8834715285  10.6928280018  11.5025051907  12.2819254482  0.758279976628  0.638970903625  1.28433943933  1.23670268977  0.646099007252  12.2736197113  12.8460099209  13.3629382527  13.8636137875  7.64659670882  7.93458766051  8.21242970081  537.664552456  0.462885260256  0.215081243076  1.24639932383  0.175490347965  0.179244557723  0.0921219398693  0.0861858505895  0.484346904685  0.0589771324745  0.0613889848608  121.437570608  112.366548686  112.30425326  0.242031729034  0.50318038855  0.328623505485  0.0766370181995  1.37073555295  0.383235849836  0.312150586869  0.236723070657  0.165578884579  0.0927883628473  0.219885404056  1.62159748276  1.38505630011  1.15891872526  1.60935256661  1.52803845788  1.46444589565  0.0884308302289  0.208478671252  0.269631975487  2.60126068815  2.01844946449  1.08956191729  0.132529570602  -9999.0  -9999.0  -9999.0  -9999.0  -9999.0  -9999.0  -9999.0
-9999.0  -9999.0  -9999.0  -9999.0  -9999.0  -9999.0  -9999.0  -9999.0  -9999.0  -9999.0  -9999.0  -9999.0  -9999.0  -9999.0  0.689887293644  0.66205400721  1.30751681219  1.95639817528  0.845082356646  0.929502331964  1.76624154813  2.578819811  4.12694648368  4.90104283502  5.53921707137  7.46269547341  8.00602246837  8.66100659563  0.566763973291  5.87835662322  6.36855927199  6.84487733264  0.392993268194  0.287659441396  0.497765775946  546.448789647  546.608870165  547.324322736  1.79028113024  0.382048928201  0.275460122662  0.0731752926089  0.150758660933  0.550803795608  0.664698815634  0.109837926236  121.695131237  0.0748548112931  0.124404948216  0.141530758027  0.0950086826541  0.190700125702  0.0775127839417  0.911228271962  0.721925681308  0.538505731475  0.276673467925  0.193358520416  0.106834689433  0.124352278978  0.140254004476  0.142037071542  1.06436262586  0.83572309988  0.613816384329  0.368890829327  1.39346205918  1.08426850386  0.231825892655  0.341180829252  0.319019253412  0.547864312069  0.246265128441  -9999.0  -9999.0  -9999.0  -9999.0  -9999.0  -9999.0  -9999.0
-9999.0  -9999.0  -9999.0  -9999.0  -9999.0  -9999.0  -9999.0  -9999.0  -9999.0  -9999.0  -9999.0  -9999.0  -9999.0  -9999.0  -9999.0  0.644527951518  1.2598612398  0.584868611954  1.19299072803  7.52450545183  8.25680770685  9.02085975719  0.767802239132  0.769433453431  1.42535311569  2.08867445071  3.18945260475  3.79810365125  4.22019909002  4.76337434669  0.45164292706  0.433370751465  7.4374705681  7.71237863234  7.91784987869  8.11191733726  6.95376503007  555.071794226  557.921672742  558.09642727  558.529053723  559.095738583  559.293320898  0.0505531481226  0.716858590565  121.740488346  0.105217921753  0.0538702789679  0.0566971362964  0.0579571879544  0.105533928141  0.112038990942  0.0644925758939  0.10061963057  0.0968987871708  0.186876790785  0.0875021953802  0.0687510601302  0.248502453394  0.17654986006  0.0946749795787  0.0928719155537  0.104347843733  0.111159622883  0.135391093746  0.250911360483  0.28830291324  0.486612784287  0.163224878868  0.498808591763  0.181351424934  0.193807094804  -9999.0  -9999.0  -9999.0  -9999.0  -9999.0  -9999.0  -9999.0  -9999.0
-9999.0  -9999.0  -9999.0  -9999.0  -9999.0  -9999.0  -9999.0  -9999.0  -9999.0  -9999.0  -9999.0  -9999.0  -9999.0  -9999.0  -9999.0  -9999.0  1.86804067584  2.48104859028  4.30782228511  5.69142555595  0.718997939511  10.6117374293  11.3609427103  12.0547218164  0.657952186446  1.27992798882  0.522564417091  4.18368125945  4.58136305416  5.10780053917  5.59588748287  6.87867146526  7.11443341118  0.161200134666  6.22120799429  6.60038395415  6.77394167094  7.57849178357  0.893385800963  0.518885740705  0.286460824014  0.284073098862  559.488164558  559.547648342  560.69252142  121.778754414  0.297427835944  0.156804967539  0.103509696463  0.0384109910177  0.335959330525  0.182385411428  0.0563318394713  0.31937206996  0.271197168471  0.0508880737196  0.504696841161  0.453004583099  0.322845889133  0.0682169227143  0.208710153693  0.152512513377  0.063403684939  0.224226760528  0.160508518871  0.257935175738  0.264296261467  0.125347026648  0.280916837043  1.93943005799  1.01829653877  0.644578302757  0.249753395208  -9999.0  -9999.0  -9999.0  -9999.0  -9999.0  -9999.0  -9999.0
-9999.0  -9999.0  -9999.0  -9999.0  -9999.0  -9999.0  -9999.0  -9999.0  -9999.0  -9999.0  -9999.0  -9999.0  -9999.0  -9999.0  -9999.0  -9999.0  0.632048052327  3.09838068458  3.73548354666  0.768435929212  0.815336433384  1.66263733731  2.45556479692  15.2436402674  0.656898264983  2.61677912518  3.17822106244  3.70860957536  0.403902368517  0.89807958341  1.24933169862  4.92878005721  5.50897300125  5.68438468386  0.192907591006  0.195649495603  0.240794689108  0.44583736277  0.200972257085  0.21115890966  0.220251443361  0.263054787613  0.226107919395  0.386915124733  560.759831583  682.697438391  0.35424375553  0.12355921143  0.0369712367405  1.06364616289  0.980133593884  0.587279700316  0.529944282445  0.400163854475  0.0958404878359  0.0706176455622  0.556310304459  0.24798510851  0.192984928226  0.0605633716303  0.268163480003  0.543390949232  0.469873766398  0.3111183919  0.162433419066  0.686479735033  0.521761481388  0.223851502314  2.33996141807  2.25891054889  0.179411967736  0.166791878844  0.153138566449  0.142340324924  -9999.0  -9999.0  -9999.0  -9999.0  -9999.0  -9999.0
-9999.0  -9999.0  -9999.0  -9999.0  -9999.0  -9999.0  -9999.0  -9999.0  -9999.0  -9999.0  -9999.0  -9999.0  -9999.0  -9999.0  -9999.0  0.57086250753  1.76263343336  0.568285412128  0.850811884139  0.892997938143  1.6891484511  2.4977848588  3.1610366769  18.9383024896  19.5733396906  0.650677597357  1.22103096012  1.8075928485  2.28196304152  2.78540730649  4.39873411099  4.71194794788  0.352837102343  0.29130626707  0.246100783911  0.159929481956  0.217132252147  0.258667717603  0.251270324102  0.398335328745  0.69560181892  0.341526673701  0.0582346754952  0.0559880435792  0.0558116859985  0.10511079237  686.137822624  2.91683151285  1.24668921021  0.097590791116  0.0467589100119  0.0342185829579  0.129163009888  0.0918381772704  0.0487296135876  0.0482632702441  0.662699263668  0.975427065439  1.07231206067  0.044705911631  0.937269402955  0.621061664873  0.0763186969237  0.0667470088797  0.134695631785  1.39095854046  0.622212383127  0.297511347501  2.41899771377  0.0839630481401  0.0985846850639  0.579977439514  0.296880764423  0.495192725281  0.207464168875  -9999.0  -9999.0  -9999.0  -9999.0  -9999.0
-9999.0  -9999.0  -9999.0  -9999.0  -9999.0  -9999.0  -9999.0  -9999.0  -9999.0  -9999.0  -9999.0  -9999.0  -9999.0  -9999.0  0.607735628486  1.159466676  4.04142396787  0.540841897398  1.55171522929  2.4270301289  3.23448350224  0.826060619035  1.54930277974  2.16529647944  22.2208539022  0.619487170623  1.15382595487  1.67797537362  0.525569808001  1.04430027932  1.38725850008  1.69363788858  39.0404891888  39.5193904851  39.9142724005  41.2129747063  41.8659118692  42.9510413886  0.309107513054  0.793842248603  0.801033104685  45.8627824762  45.9740999048  0.0515816511008  0.0938230105483  0.134310579099  686.186702148  2.63149215586  1.25985071697  1.19923055111  0.913864683316  0.778440062741  0.170937266021  0.0395149379323  0.0825016264973  0.0439493482649  0.049335526977  0.116736013525  1.14412092735  2.19901378837  1.0038986818  0.21353608242  0.146577890426  0.0776001920198  1.77906121972  1.56821462111  0.0913654253891  2.88695491787  2.50414274295  0.162399330119  1.03995598006  0.680119208587  0.734138182476  0.631427755226  0.135955751878  -9999.0  -9999.0  -9999.0  -9999.0  -9999.0
-9999.0  -9999.0  -9999.0  -9999.0  -9999.0  -9999.0  -9999.0  -9999.0  -9999.0  -9999.0  -9999.0  -9999.0  -9999.0  -9999.0  0.615553038313  1.85887272782  6.50275980387  9.61880539598  0.474024573575  12.4504110074  16.2263262737  0.78173629126  1.49905061844  2.14908499096  28.277650486  28.7620534054  0.399317097608  2.4659829954  2.85254917661  3.2871678044  35.9266330262  36.7149800101  37.0923888331  0.174390921373  0.981932378831  1.15345420031  0.419485299759  0.576192568668  43.7767436677  44.7949852853  44.9036186853  45.0036311547  46.0814557587  0.0524559542197  0.0456163032985  0.216817099438  686.228964764  0.0618118512197  0.0791521988978  0.23525848138  0.0899679456931  0.700972586457  0.54773031298  0.323251216184  0.234691834002  0.0984569987031  0.0463543262707  0.172707227667  0.0525069807345  2.25687032295  0.323060810233  0.266241172699  0.0492293236098  0.128670170771  1.83978677975  0.0523804110387  0.104060267104  2.98091678731  0.0622509617966  1.18501285268  1.12176027113  0.989503784189  0.915539489965  0.0877623412016  0.349306660276  0.111923238518  -9999.0  -9999.0  -9999.0  -9999.0
-9999.0  -9999.0  -9999.0  -9999.0  -9999.0  -9999.0  -9999.0  -9999.0  -9999.0  -9999.0  -9999.0  -9999.0  -9999.0  -9999.0  -9999.0  -9999.0  1.27922507464  2.56719864137  11.3311108904  11.9354025765  16.7486649031  17.2967481617  0.755624835541  1.5105625136  3.46900251138  29.1632143715  30.0065197286  30.3109904068  0.215407832349  31.4437246167  32.2709400902  0.486462756907  0.177556224162  0.352093609865  0.669431349235  0.154824580233  0.292037012608  0.613764162135  0.738102307568  0.133205248577  0.0849580924664  0.161664298311  46.8415619713  47.1033832152  47.1429091672  47.4723250323  686.266387058  0.047371637793  0.0566966805412  0.0658529317041  0.0647066830489  0.0663538530591  0.0579043264337  0.109039113675  0.0310783024598  0.0791669804066  0.0470055356976  0.0510817427545  0.280046099826  2.73688507119  3.13887683672  3.20381864527  3.43744112067  0.0525966315645  1.89238935604  0.315062936101  0.2095875083  3.03677676769  3.15384864651  1.24429459541  1.31861394161  1.08518864654  0.632006077711  0.548658666149  0.460089155853  -9999.0  -9999.0  -9999.0  -9999.0  -9999.0
-9999.0  -9999.0  -9999.0  -9999.0  -9999.0  -9999.0  -9999.0  -9999.0  -9999.0  -9999.0  -9999.0  -9999.0  -9999.0  -9999.0  -9999.0  -9999.0  0.666238546225  0.650368479824  0.620078110907  1.20429218091  0.502897123498  18.3064119296  18.8021880293  0.678465036407  1.35234593276  0.560172296921  0.402666893368  0.385308511502  30.9805409893  0.279354623555  0.559520129434  0.265596439418  0.199041809146  0.16330069904  0.118559436394  0.124114960442  0.376370488375  0.517882380124  0.093615057309  0.0795417403506  0.171500975068  0.288435439512  0.478609865904  0.169523907835  47.2123536388  47.5108370279  686.291796262  0.241498929229  0.141885800149  0.0400449777727  0.0986160040889  0.0345450518092  0.028028838908  0.139093191322  0.161166364645  0.102261592076  0.0244690025834  0.0260715468944  0.100082136972  0.0667713614857  0.0442375084153  0.0564019202792  0.058278544093  5.91958093324  2.25524868928  0.0461711595072  0.0801423639852  0.0385042074312  6.91916948206  3.72254669791  3.67276512552  1.20760274171  0.772710274809  0.0676312621869  -9999.0  -9999.0  -9999.0  -9999.0  -9999.0  -9999.0
-9999.0  -9999.0  -9999.0  -9999.0  -9999.0  -9999.0  -9999.0  -9999.0  -9999.0  -9999.0  -9999.0  -9999.0  -9999.0  -9999.0  -9999.0  -9999.0  -9999.0  -9999.0  0.638199389953  1.77737964329  2.25718708198  2.74963657571  19.2851588162  19.7772638047  20.2464923672  20.7604258599  21.132201965  21.9041843983  22.1699494945  22.4319081441  22.6419409157  0.17960379527  0.163336598952  0.166606993661  0.54155503859  0.140904165739  0.130684966226  0.100015016979  0.284409166201  0.107975691571  0.080789052249  0.0747307106665  0.0654720192429  0.130655756815  0.185790858326  47.8730171135  734.43410677  0.0496934057249  0.0826439466648  0.0338445693085  0.135512547316  0.0745135009136  0.0562936112843  0.436029984908  0.274978771592  0.080254262786  0.0522860166204  0.153871875906  0.0292798460817  0.103252618743  0.0737330891636  0.155332655609  0.0537172151105  0.0647914980994  5.97316469653  6.14755142818  8.32543763465  8.27971679373  8.2282359923  0.056347901322  1.07647545304  1.01375458453  0.120413943442  -9999.0  -9999.0  -9999.0  -9999.0  -9999.0  -9999.0  -9999.0
-9999.0  -9999.0  -9999.0  -9999.0  -9999.0  -9999.0  -9999.0  -9999.0  -9999.0  -9999.0  -9999.0  -9999.0  -9999.0  -9999.0  -9999.0  -9999.0  -9999.0  -9999.0  -9999.0  0.525469928794  4.18495841381  8.05279302072  8.54028983921  0.680946086913  1.35237293384  2.03790089223  2.53162045184  6.07652356417  6.28247556973  0.197051902911  0.186392611024  23.008208533  23.3247465761  23.4707681865  0.637541129446  0.0759632694238  0.189920452815  0.281469957207  0.865515357714  1.06677614871  1.2188940881  0.139229103553  0.192716329054  0.0634385143875  0.124700662632  0.063595945511  734.538702608  0.0330238573059  0.15356935993  0.0619426577542  0.222408269382  0.471528600299  0.54806428746  1.00681414854  0.353862313029  0.324250894662  0.244539135967  0.224018292444  0.0486211476198  0.122481128749  0.195856100238  0.178159841907  0.024471819366  14.8414975785  14.7663691431  14.7231924184  8.46485225192  0.0761155208642  1.17723450602  0.851886720947  0.564592172702  0.354977421991  0.0624270020297  -9999.0  -9999.0  -9999.0  -9999.0  -9999.0  -9999.0  -9999.0
-9999.0  -9999.0  -9999.0  -9999.0  -9999.0  -9999.0  -9999.0  -9999.0  -9999.0  -9999.0  -9999.0  -9999.0  -9999.0  -9999.0  -9999.0  -9999.0  -9999.0  -9999.0  0.590402292737  1.88603997627  3.67621688663  4.7886868012  11.9202911257  12.5041925064  1.42275025289  2.09161031245  2.67859364556  3.16838457573  6.52480868047  6.9398888445  12.6191200075  13.1480272452  13.3218920549  23.5988100859  24.5087130189  0.18406586283  0.124230070617  0.115811381198  0.215281953774  0.0966019096348  1.40948502573  1.48063806721  0.25245496578  0.38424235847  0.0828085555307  142.743731093  142.870809695  877.459292389  877.652412448  0.0439429025852  0.316095391464  0.0557422230095  0.0375144905784  1.08222938934  1.46463048353  0.300269835389  0.270162952879  0.045246295295  0.0238868993856  0.145662561941  15.1818342576  14.9670745966  14.9430083179  14.8864807048  0.050066997958  0.0535073501531  0.0617901317695  0.0796637298271  0.255890649683  0.171914549725  0.156914371167  0.235967175726  0.0740105187251  -9999.0  -9999.0  -9999.0  -9999.0  -9999.0  -9999.0  -9999.0
-9999.0  -9999.0  -9999.0  -9999.0  -9999.0  -9999.0  -9999.0  -9999.0  -9999.0  -9999.0  -9999.0  -9999.0  -9999.0  -9999.0  -9999.0  -9999.0  -9999.0  -9999.0  -9999.0  0.675558501941  0.650619279765  1.22342979364  2.87911424562  13.0249424941  0.730176753659  0.722910380383  1.24647110966  1.85323684132  4.52973202972  4.8905096584  0.358917022485  0.347035382227  13.5373124383  13.6577287779  38.3069288251  38.4279038815  0.0601181170426  0.0531786528638  0.0435184279538  0.043894561532  0.0509156149328  141.110597048  141.548593479  142.09472568  142.342082687  142.634659496  0.0692449821773  0.252319405416  0.290170509211  878.028401656  878.04561165  878.134892242  878.261867748  878.391839395  1.51809239256  0.0190145603456  0.0858479899264  0.0681152004903  0.0179594230393  0.16354477172  15.2555512739  0.0525799077227  0.0294675585507  0.236747722727  0.208791281338  0.170406410639  0.131542867277  0.0772656299517  0.098424348809  0.0932432679413  0.0803081974782  0.084959281224  -9999.0  -9999.0  -9999.0  -9999.0  -9999.0  -9999.0  -9999.0  -9999.0
-9999.0  -9999.0  -9999.0  -9999.0  -9999.0  -9999.0  -9999.0  -9999.0  -9999.0  -9999.0  -9999.0  -9999.0  -9999.0  -9999.0  -9999.0  -9999.0  -9999.0  -9999.0  -9999.0  -9999.0  0.591645253714  0.621978972962  1.14072435895  15.2434387025  15.7513003405  0.711207824652  1.24785429889  1.87092836775  2.36138848491  0.438530786304  0.79585357273  34.564711602  34.7218256279  34.9629216507  36.4860373942  75.112325741  138.311761593  138.470392947  138.606482671  138.739181015  139.358147138  139.561335784  0.357763909877  0.155568014629  0.0945827001443  0.176587926724  0.125138710994  0.199662217227  0.0603982794497  1.47681009531  1.59127195668  1.70385565888  1.72323203761  878.412098054  879.98957074  880.136320277  0.107067041579  0.016543710231  0.215300237562  0.182879806965  15.2982395553  0.0220021178208  0.487612314345  0.218722617008  0.186123613462  0.135151443609  0.0727145787995  0.127535297084  0.0657245000707  -9999.0  -9999.0  -9999.0  -9999.0  -9999.0  -9999.0  -9999.0  -9999.0  -9999.0  -9999.0  -9999.0
-9999.0  -9999.0  -9999.0  -9999.0  -9999.0  -9999.0  -9999.0  -9999.0  -9999.0  -9999.0  -9999.0  -9999.0  -9999.0  -9999.0  -9999.0  -9999.0  -9999.0  -9999.0  -9999.0  -9999.0  -9999.0  0.602172703367  1.14492801584  1.69233021223  16.2018508828  0.526456653423  21.9358077656  22.577109017  23.0321922112  23.4427777742  33.0392274171  33.4286946979  0.167097634991  1.10106691834  1.30277958808  0.148007491124  63.0499358788  62.7807852096  0.0772723723145  0.181832860205  0.495038474461  0.111312661348  0.11513382349  0.0783799209935  0.0651757311123  0.051108554025  0.0585109515882  1.2991428242  1.35909476943  1.4318845369  0.0834484318852  0.0888420649198  1.76689261108  1.78903108199  1.80341618591  880.152243452  880.168387689  0.259104574212  0.229291211666  15.83808413  15.8240525678  0.507316326512  0.0500382758307  0.0260035305297  0.373195369138  0.327049712899  0.266125666774  0.186676206283  0.100476224729  0.0468760937957  -9999.0  -9999.0  -9999.0  -9999.0  -9999.0  -9999.0  -9999.0  -9999.0  -9999.0  -9999.0
-9999.0  -9999.0  -9999.0  -9999.0  -9999.0  -9999.0  -9999.0  -9999.0  -9999.0  -9999.0  -9999.0  -9999.0  -9999.0  -9999.0  -9999.0  -9999.0  -9999.0  -9999.0  -9999.0  -9999.0  -9999.0  0.546006912842  0.503527538367  2.62124510973  19.8424873435  20.8712290632  21.3823910983  0.52990641633  8.5162367422  8.95532301145  9.20583888608  0.370501516862  0.558309851694  0.700321051389  14.5203598841  14.6380335274  14.7353579125  62.6120538089  38.9291728135  0.099186757917  0.106775372572  0.101876305237  0.0772666336988  0.815965952723  0.964911432531  1.09557077927  1.16711503707  1.23583187382  12.5500342794  12.5991512336  12.7200781661  13.040899518  13.7205326247  13.7396692567  15.5613415018  0.0148630260455  880.182918526  880.200657144  0.275222372408  15.8506845531  0.0317062740379  0.0165256863902  0.0719639210877  0.562027597218  0.539372408103  0.115462680791  0.0591830029432  0.216953204586  0.158176108767  0.0464668661586  0.0401912423865  0.0396256469401  -9999.0  -9999.0  -9999.0  -9999.0  -9999.0  -9999.0  -9999.0  -9999.0
-9999.0  -9999.0  -9999.0  -9999.0  -9999.0  -9999.0  -9999.0  -9999.0  -9999.0  -9999.0  -9999.0  -9999.0  -9999.0  -9999.0  -9999.0  -9999.0  -9999.0  -9999.0  -9999.0  -9999.0  -9999.0  -9999.0  1.05899655099  1.61469440777  0.531057122471  0.728502307619  6.70809341516  7.25309831143  7.6030689654  2.95810831489  3.26236500503  3.58165228144  3.77145538133  14.2560317876  14.4294041028  8.62130426402  23.4794194354  23.5915635341  38.8510713568  0.21168869206  0.108051193349  0.074027819071  0.570552425432  0.666409876132  0.0530393574055  0.0488818923592  12.3339811102  12.4509965395  12.5053319468  0.130475493486  0.218463160467  13.6486088689  0.0345737937019  0.116587123318  0.130565526582  15.7202651194  15.7341122251  15.8874085254  896.376959811  15.8952355332  0.706917935544  0.693338909302  0.674315717819  0.581893062406  0.0266331097965  0.307745564246  0.270316184189  0.0869121288239  0.0412038844304  0.0800956092695  0.174164669456  0.0958490000998  -9999.0  -9999.0  -9999.0  -9999.0  -9999.0  -9999.0  -9999.0  -9999.0
-9999.0  -9999.0  -9999.0  -9999.0  -9999.0  -9999.0  -9999.0  -9999.0  -9999.0  -9999.0  -9999.0  -9999.0  -9999.0  -9999.0  -9999.0  -9999.0  -9999.0  -9999.0  -9999.0  -9999.0  -9999.0  -9999.0  0.527088210183  1.04094900655  4.25434319815  4.80051069488  5.38998372134  2.27336188024  2.65418775632  0.315158085523  9.80687870007  10.076276943  10.3184360404  0.193334304152  8.30339998223  8.48511768966  0.121884100478  38.292195174  0.247511177553  0.124466377224  0.312337639564  0.420803822665  0.0775822401098  0.0631407258786  11.7088487575  12.2296260592  12.2975839673  0.073227221406  0.154201205101  0.196435011107  0.240028550479  0.48460715418  0.0438479699102  0.0952834049419  0.0195342941882  0.0384527618957  15.8575938902  15.8732297543  896.393982979  913.077693843  0.772375154074  0.0486645355799  0.0267223011302  0.0426030713084  0.0212417599111  0.335885000094  0.174933258359  0.132760569945  0.490193850721  0.443453302817  0.3075976941  0.0663614371252  0.0395873382002  -9999.0  -9999.0  -9999.0  -9999.0  -9999.0  -9999.0  -9999.0
-9999.0  -9999.0  -9999.0  -9999.0  -9999.0  -9999.0  -9999.0  -9999.0  -9999.0  -9999.0  -9999.0  -9999.0  -9999.0  -9999.0  -9999.0  -9999.0  -9999.0  -9999.0  -9999.0  -9999.0  -9999.0  -9999.0  0.519234884533  1.60902855518  2.72741063079  0.605429918247  1.27431571095  1.81766784727  8.54723606278  8.93785480713  9.22820103517  0.264601491143  7.02971700848  7.77078485026  7.9705858148  0.145038413669  37.7668588634  38.0601983474  0.132458904429  0.11866020724  0.230294624527  0.0888069556011  11.2953022511  11.4490470353  11.538217951  0.338689993468  0.411096969289  0.062372576966  0.110383134562  0.0484238030796  0.345646478126  0.0491222001397  0.024909844866  0.0247750257812  0.0247708196447  0.0503107372342  0.0685919738703  56.9837562258  57.0346287097  970.165487198  970.206634979  970.241144173  0.0360712225334  0.671980950145  0.617528025472  0.244803535686  0.228401483963  0.0287028386887  0.575325300138  0.0404143165153  0.0376280438814  0.0322716456497  0.135863094232  0.0559099955404  -9999.0  -9999.0  -9999.0  -9999.0  -9999.0  -9999.0
-9999.0  -9999.0  -9999.0  -9999.0  -9999.0  -9999.0  -9999.0  -9999.0  -9999.0  -9999.0  -9999.0  -9999.0  -9999.0  -9999.0  -9999.0  -9999.0  -9999.0  -9999.0  -9999.0  -9999.0  -9999.0  -9999.0  -9999.0  0.545435013159  0.576746630597  0.682174235826  6.09252816932  6.62671095393  8.11549164891  0.412167244789  5.87903119813  6.53996598006  0.266269966873  0.535773736209  0.174681778557  37.3140196624  0.183025324379  0.451163437834  0.549143552351  0.641674337975  10.7558044797  11.0466575551  11.1442061016  0.100393434836  0.18381301125  0.258356687001  0.0438424733665  0.038981035822  31.3329199287  31.3714283011  31.4029599006  31.715991024  31.7540232638  31.7893396237  31.8102955386  51.2702890727  51.2977568107  56.9689959229  0.0351315866066  0.037375042646  0.059598082325  970.31151418  970.396789064  971.09265409  971.103042228  0.0325687109198  0.0186028109594  0.641385497473  0.62018210427  0.0297314263101  0.0769581668352  0.551899856983  0.339437878465  0.293455396859  0.0795726439011  -9999.0  -9999.0  -9999.0  -9999.0  -9999.0
-9999.0  -9999.0  -9999.0  -9999.0  -9999.0  -9999.0  -9999.0  -9999.0  -9999.0  -9999.0  -9999.0  -9999.0  -9999.0  -9999.0  -9999.0  -9999.0  -9999.0  -9999.0  -9999.0  -9999.0  -9999.0  -9999.0  -9999.0  0.452084703563  1.15481782664  2.48317895031  5.45343162344  0.614659223099  1.07248120482  4.78564266554  5.17448494711  0.349116539519  9.08088457747  9.35826943986  36.7472729623  36.9469048759  0.160313692622  0.299435576842  1.38612351811  9.72505801918  10.0448593966  0.202795469212  0.0882461175894  0.0715413326333  28.3785248652  28.5229298763  28.6364403112  28.7468151596  31.2973233486  0.113156640696  31.6792128196  0.0608546451633  0.0394794901443  0.0709643943152  19.3980545686  19.4422118563  5.52000578803  5.63594174753  0.0768228793158  0.0374456410554  0.0423856561102  0.0262781451945  0.0392240880482  0.0139228564042  1009.45398003  1009.49884166  0.835060924582  0.676641821759  0.0206222535026  0.829219294293  0.77220425364  0.652756186407  0.0569078498277  0.0699920628653  0.0831067855315  -9999.0  -9999.0  -9999.0  -9999.0  -9999.0
-9999.0  -9999.0  -9999.0  -9999.0  -9999.0  -9999.0  -9999.0  -9999.0  -9999.0  -9999.0  -9999.0  -9999.0  -9999.0  -9999.0  -9999.0  -9999.0  -9999.0  -9999.0  -9999.0  -9999.0  -9999.0  -9999.0  -9999.0  -9999.0  0.843486524546  1.63437324118  2.32997442585  3.78676561432  4.2704499583  7.01126898321  8.01663289656  8.43949631444  8.79398856575  26.9279791936  27.1817434696  0.162903727023  1.08481742821  1.2493958836  7.94891293732  8.14690557557  0.195558164703  0.0739352041619  27.920665226  28.1560838442  28.2463138928  0.078826411044  2.35843683774  2.42486715894  2.49608856425  0.0599503378466  0.0442989770542  0.0332312874318  0.0323494537436  19.2531367847  19.2973899641  0.0324900279496  5.48908051703  5.28721636012  5.25796174374  0.0302610897848  0.0314704197743  0.0644943001501  0.0836117496994  38.2651475657  38.3386946674  1010.34839903  0.100863116755  0.0185279579576  0.873713938723  0.0269694979546  0.140376553452  0.0991640781191  0.0531398047472  -9999.0  -9999.0  -9999.0  -9999.0  -9999.0  -9999.0  -9999.0
-9999.0  -9999.0  -9999.0  -9999.0  -9999.0  -9999.0  -9999.0  -9999.0  -9999.0  -9999.0  -9999.0  -9999.0  -9999.0  -9999.0  -9999.0  -9999.0  -9999.0  -9999.0  -9999.0  -9999.0  -9999.0  -9999.0  -9999.0  -9999.0  0.803296208635  2.44139011827  3.10087731852  4.55900893379  5.93253941486  6.53701608929  0.55966368686  6.94179018069  26.2241822191  26.6443564508  0.335752879057  0.579510991546  0.958315924362  7.64296446697  7.80620473101  18.7282979978  18.9595263289  27.7204827014  27.8678566389  0.158986145237  2.03553873555  2.21608691436  2.30356536386  0.0673295567263  17.5688242916  17.6285346306  17.8218516289  18.6705047664  19.04883099  19.1553533871  0.0588732027787  0.101244593319  0.135502052165  4.58739578898  5.20283908077  0.425310291916  0.393973497236  0.0687097671103  0.050463924205  38.1661189598  0.060061757712  0.0221545597253  1010.3759446  0.00912151305979  0.0106442182498  1.06440237903  0.172745251783  0.0319776691626  0.0340752314374  -9999.0  -9999.0  -9999.0  -9999.0  -9999.0  -9999.0  -9999.0
-9999.0  -9999.0  -9999.0  -9999.0  -9999.0  -9999.0  -9999.0  -9999.0  -9999.0  -9999.0  -9999.0  -9999.0  -9999.0  -9999.0  -9999.0  -9999.0  -9999.0  -9999.0  -9999.0  -9999.0  -9999.0  -9999.0  -9999.0  -9999.0  0.867752825853  0.833296068898  3.14638603787  3.805155093  0.693888428662  5.79816061326  6.39845868236  0.529517612963  18.3258340617  0.480999812296  3.41660967473  7.27772033736  7.48837553728  17.7515982122  17.900983469  18.6024160022  0.161841866548  8.6764850727  0.167893863638  0.254841579831  1.96662924327  0.104150143491  3.95846122883  17.4489377994  0.0776919125529  0.149674680406  0.680381430193  0.0831897840407  0.162592602693  0.0726251545376  0.0445808964102  4.1467298315  4.43667256551  4.55488196767  0.153733874938  0.0974983592199  0.17714134633  0.093790825241  37.9679790965  38.0355684762  0.0428097408781  0.0120354088268  0.0061134287443  1010.41592689  1011.66523336  1.23059217825  0.152993147665  0.132813408636  0.0744474400022  -9999.0  -9999.0  -9999.0  -9999.0  -9999.0  -9999.0  -9999.0
-9999.0  -9999.0  -9999.0  -9999.0  -9999.0  -9999.0  -9999.0  -9999.0  -9999.0  -9999.0  -9999.0  -9999.0  -9999.0  -9999.0  -9999.0  -9999.0  -9999.0  -9999.0  -9999.0  -9999.0  -9999.0  -9999.0  -9999.0  -9999.0  -9999.0  0.819957393115  0.847187274803  0.819856325409  4.37638362396  5.12959441787  8.50476912623  17.8868523964  0.646373036221  2.02397305632  2.60295722028  3.59391929568  0.777534223857  17.5443002647  0.257583555378  0.530223409282  8.32640994719  0.210334562491  1.08881661451  1.42493029902  0.189375763678  0.104616233795  3.89748250715  13.4159240278  0.104978864618  0.372845552157  0.623031923363  0.102639199043  0.0628887490359  3.74906140874  3.93331809923  0.128482135353  0.248044406397  0.0668332999359  0.110708032301  0.0567436785191  0.0414797980766  0.0741248004089  37.9085535692  0.200070545072  -9999.0  -9999.0  0.0109082481376  0.0198312414807  1011.67014249  1011.67612131  1011.72145039  0.0253759129285  -9999.0  -9999.0  -9999.0  -9999.0  -9999.0  -9999.0  -9999.0  -9999.0
-9999.0  -9999.0  -9999.0  -9999.0  -9999.0  -9999.0  -9999.0  -9999.0  -9999.0  -9999.0  -9999.0  -9999.0  -9999.0  -9999.0  -9999.0  -9999.0  -9999.0  -9999.0  -9999.0  -9999.0  -9999.0  -9999.0  -9999.0  -9999.0  -9999.0  -9999.0  0.702850960101  2.22649222367  2.8485347051  7.93181606588  2.70741817513  8.76169210304  5.52148151632  0.684334501902  1.96539328011  3.16010799138  0.485751426323  16.4959443314  6.13636089351  7.42949424656  0.716633469311  0.708058747292  0.189401945154  0.219952883882  3.59252004498  3.69920004945  13.116283373  13.2125137149  0.18388865239  0.282588213158  0.0740873670613  3.09814058613  3.41271594233  3.70510962473  0.13791768327  0.0636059375552  0.181571429724  0.0637185986117  0.0481405144644  0.0366183342005  37.2031213062  37.4353600653  37.5747573596  0.135243735634  -9999.0  -9999.0  -9999.0  -9999.0  -9999.0  0.00618710661389  1011.7247719  1011.73239209  -9999.0  -9999.0  -9999.0  -9999.0  -9999.0  -9999.0  -9999.0  -9999.0
-9999.0  -9999.0  -9999.0  -9999.0  -9999.0  -9999.0  -9999.0  -9999.0  -9999.0  -9999.0  -9999.0  -9999.0  -9999.0  -9999.0  -9999.0  -9999.0  -9999.0  -9999.0  -9999.0  -9999.0  -9999.0  -9999.0  -9999.0  -9999.0  -9999.0  -9999.0  0.911608227797  0.841685019017  7.35499669241  0.630692561537  2.159580683  3.47025267365  4.8932954376  0.703049307138  0.664217388337  0.618186843301  15.4549200503  16.0459778224  5.73409358394  0.973517655242  0.508465437957  0.491966393246  3.20517776656  3.47520896159  12.2893815075  12.6405031166  12.9022073559  0.125331700844  0.0959123550201  2.90696351057  2.96773425801  3.03885329034  0.264642304325  0.150911954729  0.0761399786054  0.0729269906938  0.0516690210077  0.373214405544  0.407364370657  37.0654150879  37.1412014849  0.164476848383  0.0697099456584  0.0672101253579  -9999.0  -9999.0  -9999.0  -9999.0  -9999.0  -9999.0  -9999.0  -9999.0  -9999.0  -9999.0  -9999.0  -9999.0  -9999.0  -9999.0  -9999.0  -9999.0
-9999.0  -9999.0  -9999.0  -9999.0  -9999.0  -9999.0  -9999.0  -9999.0  -9999.0  -9999.0  -9999.0  -9999.0  -9999.0  -9999.0  -9999.0  -9999.0  -9999.0  -9999.0  -9999.0  -9999.0  -9999.0  -9999.0  -9999.0  -9999.0  -9999.0  -9999.0  -9999.0  1.76596661701  5.87368304656  3.29992417097  0.800295336426  2.85015946996  0.699709583883  2.16796606557  2.75598737524  13.8244034707  14.9831589304  4.84297650221  5.27831995115  0.531664981569  2.36369845643  2.80191856521  8.02290837038  11.8699811453  12.142537513  0.231483931593  0.131358996356  2.38207893888  2.61169845425  2.84093186209  0.0722568609878  0.132233147237  0.195999062014  0.0677627105522  0.142715946526  0.229482492647  0.2716961482  0.335417051505  0.0410412532913  36.5328961704  0.0896808855664  0.0933771682983  -9999.0  -9999.0  -9999.0  -9999.0  -9999.0  -9999.0  -9999.0  -9999.0  -9999.0  -9999.0  -9999.0  -9999.0  -9999.0  -9999.0  -9999.0  -9999.0  -9999.0  -9999.0
-9999.0  -9999.0  -9999.0  -9999.0  -9999.0  -9999.0  -9999.0  -9999.0  -9999.0  -9999.0  -9999.0  -9999.0  -9999.0  -9999.0  -9999.0  -9999.0  -9999.0  -9999.0  -9999.0  -9999.0  -9999.0  -9999.0  -9999.0  -9999.0  -9999.0  -9999.0  -9999.0  0.917741864492  0.849974066354  1.62914784654  0.792720949634  1.42506546925  1.51660238917  8.76312955649  9.28681041043  1.29303369005  0.658943994035  4.29807276717  1.24897859952  1.88383561435  6.73586717072  7.21791976523  7.68173187916  3.53714962843  1.1770191094  1.63846607158  1.9415888909  2.30573573155  0.16363085741  0.128495786494  25.7054076912  25.7892336969  25.8496631676  0.0510911043866  0.0897329343599  0.045290247466  0.0327528161423  35.4378589188  35.6609289267  0.6362004983  0.565020952  0.0547153218432  -9999.0  -9999.0  -9999.0  -9999.0  -9999.0  -9999.0  -9999.0  -9999.0  -9999.0  -9999.0  -9999.0  -9999.0  -9999.0  -9999.0  -9999.0  -9999.0  -9999.0  -9999.0
-9999.0  -9999.0  -9999.0  -9999.0  -9999.0  -9999.0  -9999.0  -9999.0  -9999.0  -9999.0  -9999.0  -9999.0  -9999.0  -9999.0  -9999.0  -9999.0  -9999.0  -9999.0  -9999.0  -9999.0  -9999.0  -9999.0  -9999.0  -9999.0  -9999.0  -9999.0  -9999.0  -9999.0  -9999.0  0.758800827963  0.611652174486  0.85634618886  3.34916720263  8.04967756213  3.94473548458  0.721891739773  2.96067062411  3.64939117049  0.612873156869  5.7220034115  6.24046138984  1.68049927365  2.61579779156  0.477876202271  0.814433598728  0.285991626067  0.156938831945  0.161376312614  25.4205400204  25.5461835321  25.6309080655  0.487135028562  26.4152135254  26.4779824538  26.5295119215  26.5790786655  26.6635174206  35.4079995714  35.4899460526  0.134095331406  0.507019164401  0.138849665921  -9999.0  -9999.0  -9999.0  -9999.0  -9999.0  -9999.0  -9999.0  -9999.0  -9999.0  -9999.0  -9999.0  -9999.0  -9999.0  -9999.0  -9999.0  -9999.0  -9999.0  -9999.0
-9999.0  -9999.0  -9999.0  -9999.0  -9999.0  -9999.0  -9999.0  -9999.0  -9999.0  -9999.0  -9999.0  -9999.0  -9999.0  -9999.0  -9999.0  -9999.0  -9999.0  -9999.0  -9999.0  -9999.0  -9999.0  -9999.0  -9999.0  -9999.0  -9999.0  -9999.0  -9999.0  -9999.0  -9999.0  -9999.0  -9999.0  0.861100169287  1.72770185766  1.68185647785  1.62772061614  1.57801995965  2.32174336578  3.80525234811  4.43763965932  5.14177014935  0.580802970373  1.17635291774  0.49069508603  0.415249510902  17.464285033  20.6603872759  21.2193476404  21.4512929879  25.3149702714  0.155466595627  0.27081223232  0.420724945737  2.92689981841  3.00940248967  3.07353031908  6.69459101327  8.09477910461  8.69038087553  0.0732141970901  0.0763971396345  0.313404599824  0.0805667288994  -9999.0  -9999.0  -9999.0  -9999.0  -9999.0  -9999.0  -9999.0  -9999.0  -9999.0  -9999.0  -9999.0  -9999.0  -9999.0  -9999.0  -9999.0  -9999.0  -9999.0  -9999.0
-9999.0  -9999.0  -9999.0  -9999.0  -9999.0  -9999.0  -9999.0  -9999.0  -9999.0  -9999.0  -9999.0  -9999.0  -9999.0  -9999.0  -9999.0  -9999.0  -9999.0  -9999.0  -9999.0  -9999.0  -9999.0  -9999.0  -9999.0  -9999.0  -9999.0  -9999.0  -9999.0  -9999.0  -9999.0  -9999.0  -9999.0  -9999.0  0.861852763421  0.858468848897  0.822656417235  0.795605253948  1.57347719883  3.09598070871  3.03488836462  3.7068497516  4.26052275231  9.77711369979  10.2718247853  16.9295036706  17.244010814  2.96463134672  0.276427041161  3.46969204779  3.67397105495  1.21543510665  2.33701805936  2.70000174841  2.83945097872  0.11822300268  3.56954887572  6.96471758708  8.05221089134  0.0907455346799  0.464197399975  0.0760733005753  0.24905869908  -9999.0  -9999.0  -9999.0  -9999.0  -9999.0  -9999.0  -9999.0  -9999.0  -9999.0  -9999.0  -9999.0  -9999.0  -9999.0  -9999.0  -9999.0  -9999.0  -9999.0  -9999.0  -9999.0
-9999.0  -9999.0  -9999.0  -9999.0  -9999.0  -9999.0  -9999.0  -9999.0  -9999.0  -9999.0  -9999.0  -9999.0  -9999.0  -9999.0  -9999.0  -9999.0  -9999.0  -9999.0  -9999.0  -9999.0  -9999.0  -9999.0  -9999.0  -9999.0  -9999.0  -9999.0  -9999.0  -9999.0  -9999.0  -9999.0  -9999.0  -9999.0  -9999.0  -9999.0  -9999.0  0.841614358017  0.775250319335  0.780507257721  2.33091945983  2.21007552066  4.28665180526  4.99155919345  0.600486015562  6.15471446303  2.24528581693  2.65116394121  2.29718522267  3.25531491821  0.76294279375  0.253077441338  0.989782905205  0.222917850293  1.9701922184  2.33908617123  3.3534537206  0.153033890782  0.6627709088  0.236840297901  0.302109005544  0.0931474724961  0.173915151547  -9999.0  -9999.0  -9999.0  -9999.0  -9999.0  -9999.0  -9999.0  -9999.0  -9999.0  -9999.0  -9999.0  -9999.0  -9999.0  -9999.0  -9999.0  -9999.0  -9999.0  -9999.0  -9999.0
-9999.0  -9999.0  -9999.0  -9999.0  -9999.0  -9999.0  -9999.0  -9999.0  -9999.0  -9999.0  -9999.0  -9999.0  -9999.0  -9999.0  -9999.0  -9999.0  -9999.0  -9999.0  -9999.0  -9999.0  -9999.0  -9999.0  -9999.0  -9999.0  -9999.0  -9999.0  -9999.0  -9999.0  -9999.0  -9999.0  -9999.0  -9999.0  -9999.0  -9999.0  -9999.0  -9999.0  -9999.0  0.803118853859  0.730831403114  1.4811736481  1.41256814176  3.63278193186  4.92331299312  1.29583475231  1.77809816511  1.24318138909  1.98523678956  0.65193770604  0.540375945583  0.573453644313  0.214699809557  1.23546685882  1.80637213371  0.203088728757  0.848195055577  0.321406043492  0.202647980734  0.106243287141  0.0981260599867  0.105228925298  -9999.0  -9999.0  -9999.0  -9999.0  -9999.0  -9999.0  -9999.0  -9999.0  -9999.0  -9999.0  -9999.0  -9999.0  -9999.0  -9999.0  -9999.0  -9999.0  -9999.0  -9999.0  -9999.0  -9999.0
-9999.0  -9999.0  -9999.0  -9999.0  -9999.0  -9999.0  -9999.0  -9999.0  -9999.0  -9999.0  -9999.0  -9999.0  -9999.0  -9999.0  -9999.0  -9999.0  -9999.0  -9999.0  -9999.0  -9999.0  -9999.0  -9999.0  -9999.0  -9999.0  -9999.0  -9999.0  -9999.0  -9999.0  -9999.0  -9999.0  -9999.0  -9999.0  -9999.0  -9999.0  -9999.0  -9999.0  -9999.0  -9999.0  -9999.0  0.740352684481  1.50218458329  2.96539175373  0.671034109995  0.664888316958  0.438425402985  0.874152766649  0.387449936927  0.345029916065  0.287182079035  0.309971273429  0.534615390717  1.04951064178  0.425170314908  0.474312408018  0.676603928663  0.171194399582  0.100046694101  -9999.0  -9999.0  -9999.0  -9999.0  -9999.0  -9999.0  -9999.0  -9999.0  -9999.0  -9999.0  -9999.0  -9999.0  -9999.0  -9999.0  -9999.0  -9999.0  -9999.0  -9999.0  -9999.0  -9999.0  -9999.0  -9999.0  -9999.0
-9999.0  -9999.0  -9999.0  -9999.0  -9999.0  -9999.0  -9999.0  -9999.0  -9999.0  -9999.0  -9999.0  -9999.0  -9999.0  -9999.0  -9999.0  -9999.0  -9999.0  -9999.0  -9999.0  -9999.0  -9999.0  -9999.0  -9999.0  -9999.0  -9999.0  -9999.0  -9999.0  -9999.0  -9999.0  -9999.0  -9999.0  -9999.0  -9999.0  -9999.0  -9999.0  -9999.0  -9999.0  -9999.0  -9999.0  -9999.0  0.754989624261  0.715777949759  -9999.0  -9999.0  -9999.0  -9999.0  -9999.0  -9999.0  -9999.0  -9999.0  0.273104640182  0.251670426203  0.184674434089  0.221680770618  -9999.0  -9999.0  -9999.0  -9999.0  -9999.0  -9999.0  -9999.0  -9999.0  -9999.0  -9999.0  -9999.0  -9999.0  -9999.0  -9999.0  -9999.0  -9999.0  -9999.0  -9999.0  -9999.0  -9999.0  -9999.0  -9999.0  -9999.0  -9999.0  -9999.0  -9999.0
-9999.0  -9999.0  -9999.0  -9999.0  -9999.0  -9999.0  -9999.0  -9999.0  -9999.0  -9999.0  -9999.0  -9999.0  -9999.0  -9999.0  -9999.0  -9999.0  -9999.0  -9999.0  -9999.0  -9999.0  -9999.0  -9999.0  -9999.0  -9999.0  -9999.0  -9999.0  -9999.0  -9999.0  -9999.0  -9999.0  -9999.0  -9999.0  -9999.0  -9999.0  -9999.0  -9999.0  -9999.0  -9999.0  -9999.0  -9999.0  -9999.0  -9999.0  -9999.0  -9999.0  -9999.0  -9999.0  -9999.0  -9999.0  -9999.0  -9999.0  -9999.0  -9999.0  -9999.0  -9999.0  -9999.0  -9999.0  -9999.0  -9999.0  -9999.0  -9999.0  -9999.0  -9999.0  -9999.0  -9999.0  -9999.0  -9999.0  -9999.0  -9999.0  -9999.0  -9999.0  -9999.0  -9999.0  -9999.0  -9999.0  -9999.0  -9999.0  -9999.0  -9999.0  -9999.0  -9999.0
-9999.0  -9999.0  -9999.0  -9999.0  -9999.0  -9999.0  -9999.0  -9999.0  -9999.0  -9999.0  -9999.0  -9999.0  -9999.0  -9999.0  -9999.0  -9999.0  -9999.0  -9999.0  -9999.0  -9999.0  -9999.0  -9999.0  -9999.0  -9999.0  -9999.0  -9999.0  -9999.0  -9999.0  -9999.0  -9999.0  -9999.0  -9999.0  -9999.0  -9999.0  -9999.0  -9999.0  -9999.0  -9999.0  -9999.0  -9999.0  -9999.0  -9999.0  -9999.0  -9999.0  -9999.0  -9999.0  -9999.0  -9999.0  -9999.0  -9999.0  -9999.0  -9999.0  -9999.0  -9999.0  -9999.0  -9999.0  -9999.0  -9999.0  -9999.0  -9999.0  -9999.0  -9999.0  -9999.0  -9999.0  -9999.0  -9999.0  -9999.0  -9999.0  -9999.0  -9999.0  -9999.0  -9999.0  -9999.0  -9999.0  -9999.0  -9999.0  -9999.0  -9999.0  -9999.0  -9999.0
-9999.0  -9999.0  -9999.0  -9999.0  -9999.0  -9999.0  -9999.0  -9999.0  -9999.0  -9999.0  -9999.0  -9999.0  -9999.0  -9999.0  -9999.0  -9999.0  -9999.0  -9999.0  -9999.0  -9999.0  -9999.0  -9999.0  -9999.0  -9999.0  -9999.0  -9999.0  -9999.0  -9999.0  -9999.0  -9999.0  -9999.0  -9999.0  -9999.0  -9999.0  -9999.0  -9999.0  -9999.0  -9999.0  -9999.0  -9999.0  -9999.0  -9999.0  -9999.0  -9999.0  -9999.0  -9999.0  -9999.0  -9999.0  -9999.0  -9999.0  -9999.0  -9999.0  -9999.0  -9999.0  -9999.0  -9999.0  -9999.0  -9999.0  -9999.0  -9999.0  -9999.0  -9999.0  -9999.0  -9999.0  -9999.0  -9999.0  -9999.0  -9999.0  -9999.0  -9999.0  -9999.0  -9999.0  -9999.0  -9999.0  -9999.0  -9999.0  -9999.0  -9999.0  -9999.0  -9999.0
-9999.0  -9999.0  -9999.0  -9999.0  -9999.0  -9999.0  -9999.0  -9999.0  -9999.0  -9999.0  -9999.0  -9999.0  -9999.0  -9999.0  -9999.0  -9999.0  -9999.0  -9999.0  -9999.0  -9999.0  -9999.0  -9999.0  -9999.0  -9999.0  -9999.0  -9999.0  -9999.0  -9999.0  -9999.0  -9999.0  -9999.0  -9999.0  -9999.0  -9999.0  -9999.0  -9999.0  -9999.0  -9999.0  -9999.0  -9999.0  -9999.0  -9999.0  -9999.0  -9999.0  -9999.0  -9999.0  -9999.0  -9999.0  -9999.0  -9999.0  -9999.0  -9999.0  -9999.0  -9999.0  -9999.0  -9999.0  -9999.0  -9999.0  -9999.0  -9999.0  -9999.0  -9999.0  -9999.0  -9999.0  -9999.0  -9999.0  -9999.0  -9999.0  -9999.0  -9999.0  -9999.0  -9999.0  -9999.0  -9999.0  -9999.0  -9999.0  -9999.0  -9999.0  -9999.0  -9999.0
-9999.0  -9999.0  -9999.0  -9999.0  -9999.0  -9999.0  -9999.0  -9999.0  -9999.0  -9999.0  -9999.0  -9999.0  -9999.0  -9999.0  -9999.0  -9999.0  -9999.0  -9999.0  -9999.0  -9999.0  -9999.0  -9999.0  -9999.0  -9999.0  -9999.0  -9999.0  -9999.0  -9999.0  -9999.0  -9999.0  -9999.0  -9999.0  -9999.0  -9999.0  -9999.0  -9999.0  -9999.0  -9999.0  -9999.0  -9999.0  -9999.0  -9999.0  -9999.0  -9999.0  -9999.0  -9999.0  -9999.0  -9999.0  -9999.0  -9999.0  -9999.0  -9999.0  -9999.0  -9999.0  -9999.0  -9999.0  -9999.0  -9999.0  -9999.0  -9999.0  -9999.0  -9999.0  -9999.0  -9999.0  -9999.0  -9999.0  -9999.0  -9999.0  -9999.0  -9999.0  -9999.0  -9999.0  -9999.0  -9999.0  -9999.0  -9999.0  -9999.0  -9999.0  -9999.0  -9999.0
-9999.0  -9999.0  -9999.0  -9999.0  -9999.0  -9999.0  -9999.0  -9999.0  -9999.0  -9999.0  -9999.0  -9999.0  -9999.0  -9999.0  -9999.0  -9999.0  -9999.0  -9999.0  -9999.0  -9999.0  -9999.0  -9999.0  -9999.0  -9999.0  -9999.0  -9999.0  -9999.0  -9999.0  -9999.0  -9999.0  -9999.0  -9999.0  -9999.0  -9999.0  -9999.0  -9999.0  -9999.0  -9999.0  -9999.0  -9999.0  -9999.0  -9999.0  -9999.0  -9999.0  -9999.0  -9999.0  -9999.0  -9999.0  -9999.0  -9999.0  -9999.0  -9999.0  -9999.0  -9999.0  -9999.0  -9999.0  -9999.0  -9999.0  -9999.0  -9999.0  -9999.0  -9999.0  -9999.0  -9999.0  -9999.0  -9999.0  -9999.0  -9999.0  -9999.0  -9999.0  -9999.0  -9999.0  -9999.0  -9999.0  -9999.0  -9999.0  -9999.0  -9999.0  -9999.0  -9999.0
