ncols                  80
nrows                 72
xllcorner      4374000.0
yllcorner      5656000.0
cellsize            500
NODATA_value       -9999
-9999.0  -9999.0  -9999.0  -9999.0  -9999.0  -9999.0  -9999.0  -9999.0  -9999.0  -9999.0  -9999.0  -9999.0  0.716245789381  0.722984251395  -9999.0  -9999.0  -9999.0  -9999.0  -9999.0  -9999.0  -9999.0  -9999.0  -9999.0  -9999.0  -9999.0  -9999.0  -9999.0  -9999.0  -9999.0  -9999.0  -9999.0  -9999.0  -9999.0  -9999.0  -9999.0  -9999.0  -9999.0  -9999.0  -9999.0  -9999.0  -9999.0  -9999.0  -9999.0  -9999.0  -9999.0  -9999.0  -9999.0  -9999.0  -9999.0  -9999.0  -9999.0  -9999.0  -9999.0  -9999.0  -9999.0  -9999.0  -9999.0  -9999.0  -9999.0  -9999.0  -9999.0  -9999.0  -9999.0  -9999.0  -9999.0  -9999.0  -9999.0  -9999.0  -9999.0  -9999.0  -9999.0  -9999.0  -9999.0  -9999.0  -9999.0  -9999.0  -9999.0  -9999.0  -9999.0  -9999.0
-9999.0  -9999.0  -9999.0  -9999.0  -9999.0  -9999.0  -9999.0  -9999.0  -9999.0  -9999.0  -9999.0  -9999.0  1.45335403808  3.44823630623  0.607332699512  -9999.0  0.606338067201  -9999.0  -9999.0  -9999.0  -9999.0  -9999.0  -9999.0  -9999.0  -9999.0  -9999.0  -9999.0  -9999.0  -9999.0  -9999.0  -9999.0  -9999.0  -9999.0  -9999.0  -9999.0  -9999.0  -9999.0  -9999.0  -9999.0  -9999.0  -9999.0  -9999.0  -9999.0  -9999.0  -9999.0  -9999.0  -9999.0  -9999.0  -9999.0  -9999.0  -9999.0  -9999.0  -9999.0  -9999.0  -9999.0  -9999.0  -9999.0  -9999.0  -9999.0  -9999.0  -9999.0  -9999.0  -9999.0  -9999.0  -9999.0  -9999.0  -9999.0  -9999.0  -9999.0  -9999.0  -9999.0  -9999.0  -9999.0  -9999.0  -9999.0  -9999.0  -9999.0  -9999.0  -9999.0  -9999.0
-9999.0  -9999.0  -9999.0  -9999.0  -9999.0  -9999.0  -9999.0  -9999.0  -9999.0  -9999.0  0.659650453854  0.641027170802  0.697295852119  0.693554920208  4.72128555389  5.27984447054  1.6426009318  0.521932741293  -9999.0  -9999.0  -9999.0  -9999.0  -9999.0  -9999.0  -9999.0  -9999.0  -9999.0  -9999.0  -9999.0  -9999.0  -9999.0  -9999.0  -9999.0  -9999.0  -9999.0  -9999.0  -9999.0  -9999.0  -9999.0  -9999.0  -9999.0  -9999.0  -9999.0  -9999.0  -9999.0  -9999.0  -9999.0  -9999.0  -9999.0  -9999.0  -9999.0  -9999.0  -9999.0  -9999.0  -9999.0  -9999.0  -9999.0  -9999.0  -9999.0  -9999.0  -9999.0  -9999.0  -9999.0  -9999.0  -9999.0  -9999.0  -9999.0  -9999.0  -9999.0  -9999.0  -9999.0  -9999.0  -9999.0  -9999.0  -9999.0  -9999.0  -9999.0  -9999.0  -9999.0  -9999.0
-9999.0  -9999.0  -9999.0  -9999.0  -9999.0  -9999.0  -9999.0  -9999.0  -9999.0  0.627133094652  1.29487257693  2.5768800589  1.32305676929  0.63519694539  1.24013244422  5.86371770657  8.61042866538  0.557870436068  -9999.0  0.678926696487  -9999.0  -9999.0  -9999.0  -9999.0  1.13407793293  0.586719177278  -9999.0  -9999.0  -9999.0  -9999.0  -9999.0  -9999.0  -9999.0  -9999.0  -9999.0  -9999.0  -9999.0  -9999.0  -9999.0  -9999.0  -9999.0  -9999.0  -9999.0  -9999.0  -9999.0  -9999.0  -9999.0  -9999.0  -9999.0  -9999.0  -9999.0  -9999.0  -9999.0  -9999.0  -9999.0  -9999.0  -9999.0  -9999.0  -9999.0  -9999.0  -9999.0  -9999.0  -9999.0  -9999.0  -9999.0  -9999.0  -9999.0  -9999.0  -9999.0  -9999.0  -9999.0  -9999.0  -9999.0  -9999.0  -9999.0  -9999.0  -9999.0  -9999.0  -9999.0  -9999.0
-9999.0  -9999.0  -9999.0  -9999.0  -9999.0  -9999.0  -9999.0  -9999.0  0.800053281605  2.14584352164  2.77531798861  3.40474385527  4.51042484223  0.57842774259  2.36967644638  2.92535891782  12.5795523464  0.519327923607  0.507336567735  1.24375957713  1.80401346943  0.597346393503  -9999.0  2.81939918473  2.32131093828  0.607945409123  -9999.0  -9999.0  -9999.0  -9999.0  -9999.0  -9999.0  -9999.0  -9999.0  -9999.0  -9999.0  -9999.0  -9999.0  -9999.0  -9999.0  -9999.0  -9999.0  -9999.0  -9999.0  -9999.0  -9999.0  -9999.0  -9999.0  -9999.0  -9999.0  -9999.0  -9999.0  -9999.0  -9999.0  -9999.0  -9999.0  -9999.0  -9999.0  -9999.0  -9999.0  -9999.0  -9999.0  -9999.0  -9999.0  -9999.0  -9999.0  -9999.0  -9999.0  -9999.0  -9999.0  -9999.0  -9999.0  -9999.0  -9999.0  -9999.0  -9999.0  -9999.0  -9999.0  -9999.0  -9999.0
-9999.0  -9999.0  -9999.0  -9999.0  -9999.0  -9999.0  0.738321846781  0.656137250224  0.643290340076  0.664364836912  0.69503109166  4.81134665144  9.9754620848  10.6080500428  11.1051275797  0.479187670069  13.6039249318  14.1241737523  1.07079057361  0.560615851386  2.34980731983  4.09946424049  0.586133205061  4.59917989621  0.62417966955  0.61521963488  0.662643313553  -9999.0  -9999.0  -9999.0  -9999.0  -9999.0  -9999.0  -9999.0  -9999.0  -9999.0  -9999.0  -9999.0  -9999.0  -9999.0  -9999.0  -9999.0  -9999.0  -9999.0  -9999.0  -9999.0  -9999.0  -9999.0  -9999.0  -9999.0  -9999.0  -9999.0  -9999.0  -9999.0  -9999.0  -9999.0  -9999.0  -9999.0  -9999.0  -9999.0  -9999.0  -9999.0  -9999.0  -9999.0  -9999.0  -9999.0  -9999.0  -9999.0  -9999.0  -9999.0  -9999.0  -9999.0  -9999.0  -9999.0  -9999.0  -9999.0  -9999.0  -9999.0  -9999.0  -9999.0
-9999.0  -9999.0  -9999.0  -9999.0  -9999.0  -9999.0  1.51092995262  2.23294388816  5.0396346517  6.95985294836  0.590775784485  0.613412964139  0.587387851907  1.74463221737  13.3674965593  0.452385703281  14.658183436  16.7904638934  1.64256525929  1.04193855008  4.60583842103  0.570585339045  5.16168990421  1.12446595306  0.563707048421  1.15255198451  1.31827600516  0.684245377897  0.705896390844  0.680288245286  0.755549487423  1.51190682487  -9999.0  -9999.0  -9999.0  -9999.0  -9999.0  -9999.0  -9999.0  -9999.0  -9999.0  -9999.0  -9999.0  -9999.0  -9999.0  -9999.0  -9999.0  -9999.0  -9999.0  -9999.0  -9999.0  -9999.0  -9999.0  -9999.0  -9999.0  -9999.0  -9999.0  -9999.0  -9999.0  -9999.0  -9999.0  -9999.0  -9999.0  -9999.0  -9999.0  -9999.0  -9999.0  -9999.0  -9999.0  -9999.0  -9999.0  -9999.0  -9999.0  -9999.0  -9999.0  -9999.0  -9999.0  -9999.0  -9999.0  -9999.0
-9999.0  -9999.0  -9999.0  -9999.0  -9999.0  0.864368582627  1.65787735667  0.787121407065  1.52632114804  7.7281169651  9.04553768265  10.3291677542  34.8684515443  0.597044457713  13.9359801353  53.6158472681  54.05266614  71.6434382338  0.502697734742  1.52649993785  5.11517048197  0.501401309117  11.6007083602  5.8981265233  3.65407118927  3.07282616083  0.639826491663  2.01862484312  2.04139634719  1.35683437443  0.671589658554  2.2093439672  0.67863057298  0.663163018975  -9999.0  -9999.0  -9999.0  -9999.0  -9999.0  -9999.0  -9999.0  -9999.0  -9999.0  -9999.0  -9999.0  -9999.0  -9999.0  -9999.0  -9999.0  -9999.0  -9999.0  -9999.0  -9999.0  -9999.0  -9999.0  -9999.0  -9999.0  -9999.0  -9999.0  -9999.0  -9999.0  -9999.0  -9999.0  -9999.0  -9999.0  -9999.0  -9999.0  -9999.0  -9999.0  -9999.0  -9999.0  -9999.0  -9999.0  -9999.0  -9999.0  -9999.0  -9999.0  -9999.0  -9999.0  -9999.0
-9999.0  -9999.0  -9999.0  -9999.0  -9999.0  0.882794144471  2.55858144613  5.05190604457  5.82468255125  11.6283052555  12.341471138  14.6193606589  23.9638450649  36.7902270187  38.0902026275  38.7044768944  1.05198621177  73.5731061907  74.5693722642  77.1529595082  96.0290787063  13.210697495  12.1827053628  4.22036868816  0.561266898895  3.73493312218  2.58053711368  0.528605939232  2.63683426262  0.595818270271  1.25899866094  3.49446935846  4.13461290956  1.28708879953  0.632366987376  0.604936836471  -9999.0  -9999.0  -9999.0  -9999.0  0.529171856268  0.48588410513  -9999.0  -9999.0  -9999.0  -9999.0  -9999.0  -9999.0  -9999.0  -9999.0  -9999.0  -9999.0  -9999.0  -9999.0  -9999.0  -9999.0  -9999.0  -9999.0  -9999.0  -9999.0  -9999.0  -9999.0  -9999.0  -9999.0  -9999.0  -9999.0  -9999.0  -9999.0  -9999.0  -9999.0  -9999.0  -9999.0  -9999.0  -9999.0  -9999.0  -9999.0  -9999.0  -9999.0  -9999.0  -9999.0
-9999.0  -9999.0  -9999.0  -9999.0  -9999.0  0.845501654725  0.806624674596  3.44639185574  4.23989535737  5.06464223771  0.778648542515  1.53546099938  8.84173490928  1.55079212725  0.720452627853  0.633068712306  0.551835315121  0.65812685306  0.617135521325  0.6208639714  96.6280663753  98.1773266456  0.508361075583  1.60936305093  1.11421919773  4.26656351981  1.07581879445  0.506365988785  3.24748884412  1.15447252224  2.81880027793  7.19507972533  6.67012343149  1.90460906602  1.83704008387  0.636029882645  0.62076097356  -9999.0  -9999.0  0.601587264474  1.11475508453  2.61826404172  0.51268220057  -9999.0  -9999.0  -9999.0  -9999.0  -9999.0  -9999.0  -9999.0  -9999.0  -9999.0  -9999.0  -9999.0  -9999.0  -9999.0  -9999.0  -9999.0  -9999.0  -9999.0  -9999.0  -9999.0  -9999.0  -9999.0  -9999.0  -9999.0  -9999.0  -9999.0  -9999.0  -9999.0  -9999.0  -9999.0  -9999.0  -9999.0  -9999.0  -9999.0  -9999.0  -9999.0  -9999.0  -9999.0
-9999.0  -9999.0  -9999.0  -9999.0  -9999.0  -9999.0  0.907035848017  0.925432702015  1.73260257204  2.55995096396  5.77936507968  7.37116644666  8.15527657617  0.814362968475  0.624138731516  8.60605574951  10.4995898152  11.0716296173  13.5184046731  14.0474944655  0.53797453687  98.7291700621  101.367976386  2.09889073977  0.378484978471  4.72599603957  10.4969765875  4.23920466185  1.02226555882  0.514147797544  11.0714346689  7.74958944826  0.532565207926  0.528869321169  2.38397651745  1.82683023405  0.559844379037  0.521260617169  0.56882940295  1.15287899624  0.52865950001  3.1684329185  3.66273086565  0.448789737606  -9999.0  -9999.0  -9999.0  -9999.0  0.500051807885  0.463318033124  0.132791732374  -9999.0  -9999.0  -9999.0  -9999.0  -9999.0  -9999.0  -9999.0  -9999.0  -9999.0  -9999.0  -9999.0  -9999.0  -9999.0  -9999.0  -9999.0  -9999.0  -9999.0  -9999.0  -9999.0  -9999.0  -9999.0  -9999.0  -9999.0  -9999.0  -9999.0  -9999.0  -9999.0  -9999.0  -9999.0
-9999.0  -9999.0  -9999.0  -9999.0  -9999.0  -9999.0  -9999.0  0.889124057133  0.768994331675  1.6271860358  2.46594348635  0.801052551668  0.716195750353  4.57417484239  5.95613710639  7.39798650033  0.675508979197  1.27551983259  0.645895538984  14.6157451634  32.5499176364  33.0381591482  135.435873724  0.513744160747  1.0777320735  0.325749577594  10.9725676248  0.500709643554  1.54689380276  0.505244475797  11.5916064483  12.1141107622  1.07264729026  1.05253755304  5.92960717675  2.96580395532  1.08870527765  0.566509185006  1.13117388622  1.70493335403  2.73242294856  0.484670315478  4.52187369547  4.90185039034  0.329476228598  0.362215192709  0.370721100007  0.325252799938  0.299742631761  1.32838912574  0.5038425104  0.314721073931  -9999.0  -9999.0  -9999.0  -9999.0  -9999.0  -9999.0  -9999.0  -9999.0  -9999.0  -9999.0  -9999.0  -9999.0  -9999.0  -9999.0  -9999.0  -9999.0  -9999.0  -9999.0  -9999.0  -9999.0  -9999.0  -9999.0  -9999.0  -9999.0  -9999.0  -9999.0  -9999.0  -9999.0
-9999.0  -9999.0  -9999.0  -9999.0  -9999.0  -9999.0  -9999.0  -9999.0  1.64425300049  2.36229604885  0.795835617737  1.63010725043  2.39983624863  3.92646863652  0.76415326645  0.729286058082  0.60343156335  0.609528656692  0.535776590553  16.754789508  0.666698037169  1.28626587432  137.219728181  138.150538802  0.342358494836  1.7767327642  13.166138782  0.970427133418  1.98429764803  0.89720489106  1.33159396319  14.0851172159  1.53092473381  8.41922890285  6.9281843295  0.518664350457  2.68342360971  1.08957564548  1.62250491723  0.483619387359  3.19138887257  4.07657674997  4.38895810405  4.67972124638  6.11919852233  0.618221061742  0.643011308587  0.571189022071  0.521915266535  1.61056547635  0.309808571762  1.13824378447  1.41758055332  -9999.0  -9999.0  -9999.0  -9999.0  -9999.0  -9999.0  -9999.0  -9999.0  -9999.0  -9999.0  -9999.0  -9999.0  -9999.0  -9999.0  -9999.0  -9999.0  -9999.0  -9999.0  -9999.0  -9999.0  -9999.0  -9999.0  -9999.0  -9999.0  -9999.0  -9999.0  -9999.0
-9999.0  -9999.0  -9999.0  -9999.0  -9999.0  -9999.0  -9999.0  -9999.0  0.873379737816  4.08310427858  4.85216159085  0.768117294431  1.4990075681  0.728131130725  0.650538238418  0.637591483504  8.31279104313  11.0557161277  13.5733052589  16.2212287238  0.637800673057  0.638676374897  0.547877192736  140.686036797  141.687322952  142.020925444  17.4511929874  3.87951929247  3.40144916799  0.397986800305  1.7318178677  16.2400043912  0.418008959238  8.849271205  0.485329829406  3.48114594537  3.21995117293  0.510921928778  2.11250779848  0.968185498967  1.43255806919  0.39335269723  0.283823593055  4.96555188951  5.21891280738  6.37168311983  0.912626040729  0.823891525899  0.762359208305  1.94593138472  2.57538933803  0.314117295907  1.72170626729  0.330893381365  0.618518193924  0.298143476456  -9999.0  -9999.0  -9999.0  -9999.0  -9999.0  -9999.0  -9999.0  -9999.0  -9999.0  -9999.0  -9999.0  -9999.0  -9999.0  -9999.0  -9999.0  -9999.0  -9999.0  -9999.0  -9999.0  -9999.0  -9999.0  -9999.0  -9999.0  -9999.0
-9999.0  -9999.0  -9999.0  -9999.0  -9999.0  -9999.0  -9999.0  -9999.0  -9999.0  0.89987741534  5.68019969748  6.43345352072  2.23764546204  3.71096989062  5.05539723096  5.75552411122  0.727992064696  2.12401065672  1.42022949608  0.751014771816  0.71969251265  0.624611405121  1.22712754699  1.99047512962  0.554623474727  160.38441588  160.734534042  0.31352018449  0.295076490042  0.808389254764  1.212099341  17.4594879401  0.816603585191  9.20399371888  5.2217491511  4.33783530985  0.463015344922  0.957201188353  2.53516955288  0.422413954639  1.83300497654  0.788085958512  0.46737109686  0.204910070373  5.86781213386  12.4350499703  1.08688089947  1.00284735583  1.00266409335  0.253013425318  2.82489184896  0.241270918946  2.28704103723  0.280894468198  0.900218020184  1.37139810941  0.134844697659  0.138729604566  0.171733479476  0.188354803686  0.117068036041  -9999.0  -9999.0  0.0705351724263  0.0352985619979  -9999.0  -9999.0  -9999.0  -9999.0  -9999.0  -9999.0  -9999.0  -9999.0  -9999.0  -9999.0  -9999.0  -9999.0  -9999.0  -9999.0  -9999.0
-9999.0  -9999.0  -9999.0  -9999.0  -9999.0  -9999.0  -9999.0  -9999.0  -9999.0  -9999.0  0.773804389839  7.98451019306  0.729638344018  1.46389619626  2.1223059594  3.39739792158  0.649930276578  1.37914463316  0.674968547886  0.608194046596  0.572339684487  1.12737315166  0.496091813103  0.503558198781  0.900418948116  0.47840714667  161.130509225  161.782246755  162.77857267  1.59217686979  0.411544196206  0.820743739143  17.895989745  16.4307601261  6.11821403211  0.440460044688  1.85771491418  1.40332850224  2.95927771686  0.843040815127  3.43795553231  1.19155197197  0.771639986322  0.146548930898  0.223755223387  12.7172307565  12.954583797  15.2395247233  1.81179395622  0.529317126591  3.09985706128  3.60971413511  6.1320377841  0.55309481118  0.253017151504  1.53681444261  1.80404132573  0.132588624175  0.252263197961  0.474012576818  0.230203288445  0.113521276426  0.108857214196  0.136839759697  0.0729470534476  0.0354404660048  -9999.0  -9999.0  -9999.0  -9999.0  -9999.0  -9999.0  -9999.0  -9999.0  -9999.0  -9999.0  -9999.0  -9999.0  -9999.0  -9999.0
-9999.0  -9999.0  -9999.0  -9999.0  -9999.0  -9999.0  -9999.0  -9999.0  -9999.0  -9999.0  -9999.0  0.419696161933  8.8719377627  0.697632680552  1.34416119055  6.00422256493  0.647272477751  0.634487867908  0.543936434364  1.18828520478  0.598927100331  2.31608073318  3.3118015613  3.75158748433  1.27274284386  1.53609484245  0.308049709326  0.429975041549  0.405459085733  165.132093229  166.25817794  18.2427064964  17.1493180512  16.795276419  0.722477888985  0.34732183546  2.24505102371  5.97910661675  3.34739299961  1.22463723632  5.03269533128  1.6133131327  1.26634502154  0.274419388215  0.0979868457912  0.0940950210363  0.121365138475  15.9294395662  18.4763829402  0.251976636984  0.22414858626  0.255467225714  6.37986540769  7.16412288226  0.445344178216  0.173035542232  1.88836580936  0.193173355581  0.508639238702  1.07606322661  1.40470721981  1.62006501007  0.425932935703  0.228428319419  0.133976817629  0.0746767544458  0.0827235296193  -9999.0  -9999.0  -9999.0  -9999.0  -9999.0  -9999.0  -9999.0  -9999.0  -9999.0  -9999.0  -9999.0  -9999.0  -9999.0
-9999.0  -9999.0  -9999.0  -9999.0  -9999.0  -9999.0  -9999.0  -9999.0  -9999.0  -9999.0  -9999.0  0.386362824861  9.79256597593  12.0072830537  0.655265025469  7.2917309996  0.579929363454  0.543878968676  1.11039333541  2.88301553842  0.568086466289  0.612909175905  0.490266371862  4.71074643785  5.1672211436  7.20421307292  7.90008038305  8.27032068097  8.58040249989  8.88408803059  175.478234516  194.311041182  212.002884298  212.244267809  0.273146676078  0.347041103746  6.75877024793  6.37197430395  0.379915445842  0.382110001343  5.43541263183  7.42880141686  0.29360440785  3.12702787407  2.89532451998  0.584488734489  0.279604531667  0.490611895396  0.273043630739  18.9048919414  0.217047795324  0.678490648645  0.839591599666  8.52309807392  9.07544703985  9.3981301296  11.3628517397  0.0746127627179  0.0593336537758  0.0528775470618  0.0522064931295  1.76546647122  2.28443458491  0.101293039811  0.322750575298  0.124176334213  0.151916475476  0.0324018628894  0.0239760346232  -9999.0  -9999.0  -9999.0  -9999.0  -9999.0  -9999.0  -9999.0  -9999.0  -9999.0  -9999.0  -9999.0
-9999.0  -9999.0  -9999.0  -9999.0  -9999.0  -9999.0  -9999.0  -9999.0  -9999.0  -9999.0  -9999.0  0.81969090812  1.56542570568  12.7285390852  13.9361049881  0.611709168409  8.41554686952  0.480765564999  1.50460016056  3.39691361368  1.0856717389  0.513863674069  1.06917329942  0.407682808675  0.799212819265  0.401849319207  0.363537956732  0.292000313323  0.269930204706  0.228418164649  0.202249194047  0.27715208278  0.339996781818  0.365640865462  213.113310599  7.77362718009  7.1394862187  0.179829797735  1.06443575468  0.253266202192  0.223862701497  7.75935218736  11.8930362033  3.49876690458  2.66933467905  0.366834312438  0.137474501443  0.115474529639  0.307691278161  19.4290768255  19.8195950466  0.20582498473  0.21055025744  0.186966797042  0.121471697153  0.214129565903  11.6646141581  11.8112825926  11.9414251501  0.141033270464  0.0643207512427  0.0562653144456  2.35085396188  2.51227872163  0.375701698082  0.07099774262  0.217368570081  0.0713726478895  0.0456960063491  -9999.0  -9999.0  -9999.0  -9999.0  -9999.0  -9999.0  -9999.0  -9999.0  -9999.0  -9999.0  -9999.0
-9999.0  -9999.0  -9999.0  -9999.0  -9999.0  -9999.0  -9999.0  -9999.0  -9999.0  -9999.0  -9999.0  -9999.0  0.657116450908  9.56712816894  24.1610518794  26.1958562611  35.1756192692  35.708388986  7.5317228137  5.53645441344  1.61164979696  0.503186289251  2.05795956445  2.52852527401  3.74214615267  0.830663370104  0.753095977478  0.692102003795  1.34716535509  0.603856064696  0.560182649106  0.301758172446  0.173017088745  0.169885211363  213.358402728  221.341060494  221.62632277  0.176194102895  2.61629148317  1.1801195064  0.357593976619  13.0423899924  0.823169407332  0.430964234194  1.76555094497  0.349772201746  0.239223440904  0.43333040787  0.602428773733  0.79738272731  20.1404996685  0.149163862091  0.127514024854  0.127660625093  0.0984216072571  0.0780455895583  0.205723474792  0.233346074397  12.3014845947  12.8506508975  0.313456116641  0.159989312529  0.0907648408103  0.0604561801705  3.05339445392  3.99585186112  0.786912396863  0.320050342105  0.161913615719  -9999.0  -9999.0  -9999.0  -9999.0  -9999.0  -9999.0  -9999.0  -9999.0  -9999.0  -9999.0  -9999.0
-9999.0  -9999.0  -9999.0  -9999.0  -9999.0  -9999.0  -9999.0  -9999.0  -9999.0  -9999.0  -9999.0  0.758279677405  7.3055920154  8.86751186926  1.40965516967  0.43791860324  0.960059215569  37.2286772412  37.7209737456  45.7707884709  0.448675965956  0.945673585222  0.405057650096  0.412672192004  4.14610987521  5.37912990077  6.49754537305  0.349631238769  1.69369584815  2.63534333112  1.50734930737  0.629647813627  0.433743587457  0.346782931808  0.322499720527  0.150421259455  221.807464526  221.942305595  224.838301273  0.56721757797  0.307434940354  13.3444436387  0.852456076723  0.445200234135  0.493815998666  0.489637027498  0.408263297187  0.669315486524  1.87690545072  2.88732156567  23.1824736472  0.109634111069  0.331844117812  0.225853106834  0.187627366114  0.0933052723423  0.0937331547727  0.0826435283783  0.0331603528175  12.9047879073  0.0312602235146  0.111871916315  0.0523231872642  0.0535075772551  0.0658701969613  4.08039230985  0.15867026608  0.0520017741425  0.0691576711438  0.0290226765028  -9999.0  -9999.0  -9999.0  -9999.0  -9999.0  -9999.0  -9999.0  -9999.0  -9999.0  -9999.0
-9999.0  -9999.0  -9999.0  -9999.0  -9999.0  -9999.0  -9999.0  -9999.0  -9999.0  -9999.0  -9999.0  0.782185837885  5.15374139579  0.806008824481  0.675427671052  3.64641671332  4.23830680498  4.82502848195  5.33747925906  62.3752847003  62.8659113527  63.8227513406  70.7803566062  72.0129077854  72.6755534418  73.0962777851  80.3590670891  81.2969065941  81.6699638708  84.7200063378  86.6285122886  86.9610854842  87.9914674049  0.650790364416  0.527818594711  0.0942414691909  0.0899994266158  222.102193707  225.737699632  0.770243165938  15.5029915011  15.2216669348  1.56406889012  0.36603405808  0.368030231551  0.352102830822  0.355495866387  0.714733442559  0.995313894502  0.256949885287  23.327975639  23.4843364103  24.1741589967  24.2997499558  24.6043681827  24.8064375756  0.0840756566999  0.0899111688074  0.0633438128047  12.9648968266  13.0421790027  13.2045604045  13.379016418  0.0871743746036  4.44405460759  4.27632475333  0.0965508707774  1.83309486039  1.7877871475  0.094743707495  0.0619729558067  -9999.0  -9999.0  -9999.0  -9999.0  -9999.0  -9999.0  -9999.0  -9999.0  -9999.0
-9999.0  -9999.0  -9999.0  -9999.0  -9999.0  -9999.0  -9999.0  -9999.0  -9999.0  -9999.0  -9999.0  2.68073933961  3.53551076864  1.61859464278  2.3825810516  0.751816799174  8.39951190018  9.02218348829  10.2532134972  10.7370489796  3.9457951902  68.5562197354  68.9975852622  0.385538125895  0.242011340722  0.213130040216  0.485500343515  0.23904831005  0.164285286345  0.147987936114  0.173109910954  87.2551366611  88.3060721644  89.2982682565  90.1080271904  90.4556080358  0.140394494936  0.0440143593922  241.800506485  15.9370418665  15.8037935791  0.319975760184  0.285496645817  0.248966709919  0.619664058898  0.604337849783  0.277177906419  0.280694383461  0.251649045088  0.50114997902  0.643297683177  0.136149571803  0.228925451462  0.0732047641617  0.0349027813276  24.8561499775  25.0105480951  25.1901817062  25.3531155564  25.4400333682  25.5336536285  25.5698643055  0.0356123640753  13.5640502444  0.123663706223  6.49875177336  1.9735167344  0.143801768233  1.66384145857  1.45637111977  0.076656373233  -9999.0  -9999.0  -9999.0  -9999.0  -9999.0  -9999.0  -9999.0  -9999.0  -9999.0
-9999.0  -9999.0  -9999.0  -9999.0  -9999.0  -9999.0  -9999.0  -9999.0  -9999.0  -9999.0  -9999.0  -9999.0  1.81292355565  0.836942626156  0.750677221063  7.14571558652  7.80501200173  0.657460749468  2.4878489922  3.0618739993  3.54331663599  0.551661124828  0.349898091265  9.92252112246  10.1913021117  10.4445065427  26.7042447994  26.8862793539  27.1907246973  29.0177249766  29.8757938837  29.9982520488  0.131823528795  0.144482272768  0.15355383367  90.6577225855  0.078927416416  244.102584275  243.963709856  2.04599724389  1.87061639161  1.17849176334  0.29267284311  0.499366251298  0.875133960539  0.859411653259  0.531547377394  0.265950702285  0.512472416548  0.49732075376  0.852907254209  0.114273208001  0.329392543546  0.525808129583  0.599893671424  0.641772660431  0.0373713715172  0.0377746067715  0.0363889963246  0.0372291293813  0.0478958282137  25.6373777396  25.7495687945  39.3536828539  39.4007096655  7.1191871094  0.532667589302  0.360454493745  0.110113889353  1.32276488386  1.25980181765  -9999.0  -9999.0  -9999.0  -9999.0  -9999.0  -9999.0  -9999.0  -9999.0  -9999.0
-9999.0  -9999.0  -9999.0  -9999.0  -9999.0  -9999.0  -9999.0  -9999.0  -9999.0  -9999.0  -9999.0  -9999.0  0.937452419188  2.57386618387  3.35366018762  5.66763272093  0.641548376116  1.314483298  1.92580611662  7.61432454406  8.08744069022  8.41438440415  8.8226639506  9.27513305846  14.1623718349  15.4147711163  16.0680031792  0.240016059893  1.48333942464  1.70774106167  29.4588057857  30.1799210278  30.5384196261  30.909685269  31.1763116428  121.947433892  0.231356137334  244.669997212  0.212562653455  0.0955790384519  1.57683955014  1.3962713448  0.175877884119  0.722846129257  1.10024656463  1.07847224817  0.730587867945  1.19577907845  1.88671406867  0.694035707331  1.72750664411  0.130299122336  0.166724379899  0.0247115688458  0.0195969540713  0.705236344382  0.724310650655  0.0618706592068  0.0636914037588  0.0990797016691  0.033829190284  0.0379119829683  0.0529001452615  52.225836731  52.1862916684  12.6764519449  0.127741047518  0.898293490809  0.714357660102  0.465028390838  1.21642335024  0.900455326203  -9999.0  -9999.0  -9999.0  -9999.0  -9999.0  -9999.0  -9999.0  -9999.0
-9999.0  -9999.0  -9999.0  -9999.0  -9999.0  -9999.0  -9999.0  -9999.0  -9999.0  -9999.0  -9999.0  -9999.0  0.877997760481  1.72940728672  0.777142321185  1.56121364914  0.649129666858  5.18560606326  6.4024584259  7.04177077866  0.561211234917  1.05889510312  11.0111987199  13.4235376735  13.7989885952  0.853093133571  0.812525951413  1.13678103246  0.177853700904  0.149638678891  0.274376728019  0.127995733563  17.1478766259  17.2998575526  17.4264564166  122.187112668  245.76035992  244.761217651  0.134963760835  0.0725559571627  0.0607460584659  0.297711884446  0.250465837471  0.844473145482  1.27788823722  2.58274835813  0.223385456813  0.221043920386  2.05892844908  2.2389079795  4.28438092681  4.36770555257  4.56182996054  4.60822192041  0.0492765491889  0.0722468495829  0.757929330434  53.9762480831  53.1318796852  53.005170471  52.7984394042  0.0369410256141  52.5226261869  0.0654776698359  0.0596383205106  5.38513802405  1.40982575638  1.34973274453  0.254670494349  0.285101815945  0.216012360622  0.824646762129  -9999.0  -9999.0  -9999.0  -9999.0  -9999.0  -9999.0  -9999.0  -9999.0
-9999.0  -9999.0  -9999.0  -9999.0  -9999.0  -9999.0  -9999.0  -9999.0  -9999.0  -9999.0  -9999.0  -9999.0  -9999.0  0.790181588009  1.59340909001  2.40833334402  3.8037037868  0.735450763355  0.635007515516  4.73561395622  5.29192802735  10.0762733064  10.6549408485  1.57724814706  0.498546261049  0.419779041818  0.354612298132  16.2297088323  16.4370712648  16.6202154737  16.7551312395  17.0133461778  1.97876494364  2.09217505106  19.6257578791  387.681494992  0.709295269943  0.52401878294  0.22727700758  0.0660082980171  0.0487977568232  0.412846410519  0.445669230502  0.926892639301  0.0408340633014  2.64607244733  0.337925540483  0.32703023482  0.0392241448225  0.0237077263712  0.0210882214386  0.0317396244526  0.0226378324154  4.63171829612  62.069008216  57.3175250978  57.1442081311  54.0232422251  0.0330215438145  0.046255183383  0.0523978482032  52.5934013145  0.136729540194  0.0570700503121  0.0717442772471  0.0700591950386  3.85795164051  3.71668465379  0.464398839817  0.240970501038  0.320848877342  0.320150004573  -9999.0  -9999.0  -9999.0  -9999.0  -9999.0  -9999.0  -9999.0  -9999.0
-9999.0  -9999.0  -9999.0  -9999.0  -9999.0  -9999.0  -9999.0  -9999.0  -9999.0  -9999.0  -9999.0  -9999.0  -9999.0  -9999.0  0.775748014226  1.51230283124  2.17561358014  2.83499114895  3.47135189743  4.1374816016  1.86719835022  3.1307240452  0.55978439022  0.527628373516  14.0549819965  15.0389312176  15.4719661797  15.9373143052  0.285628225454  0.489586539173  1.37964526709  1.60336098597  1.79964274948  0.154405798007  0.106675882345  388.136047823  0.168038265929  0.214165608822  0.120420304349  0.297541810689  0.128462314066  0.0858059894091  1.43680078913  1.50298307772  0.0379323039068  2.69333932734  3.06509854428  0.36903699852  63.5480622107  63.4743328152  63.4183760509  63.2853798822  63.2222400955  62.300418965  62.233684766  0.132473785069  3.0858378963  2.93900243928  2.80329430364  2.77242424409  1.6949958474  1.6651572245  1.59196849946  0.496176279864  0.456413227287  0.31254492404  0.0810876661593  3.57184617075  3.08144453256  0.214259648806  0.40666246941  0.175568311325  -9999.0  -9999.0  -9999.0  -9999.0  -9999.0  -9999.0  -9999.0  -9999.0
-9999.0  -9999.0  -9999.0  -9999.0  -9999.0  -9999.0  -9999.0  -9999.0  -9999.0  -9999.0  -9999.0  -9999.0  -9999.0  -9999.0  0.203414138417  0.445422379712  0.672483335321  6.78225239679  7.42852951152  0.664706505526  0.628560693403  0.625473816866  11.8939601925  13.0705078318  0.551254056559  0.557217541274  0.401612718957  1.69143749146  2.09911887671  0.904043526263  1.14999577933  10.2544940073  10.5220121285  11.0245047303  17.0011572167  405.293501933  0.204949934348  0.097806177927  0.478876569157  0.378230643891  0.059880341982  0.212731858667  0.275745622897  1.57063965624  1.62608247644  4.79252767098  3.08581243669  0.394606466995  64.5950175739  0.421110991416  63.3678922686  63.3296296525  0.865508198127  0.0412206508501  0.0709907323881  0.0417619192347  0.0631394576078  0.111722097769  0.054482809754  1.04997482058  0.889271038306  0.0518175932776  1.06754473582  0.145214619342  0.0959016969156  0.238213013949  0.11599347036  0.358268328505  2.42732294841  2.05361577604  0.171394926853  0.23942482489  0.119122687805  -9999.0  -9999.0  -9999.0  -9999.0  -9999.0  -9999.0  -9999.0
-9999.0  -9999.0  -9999.0  -9999.0  -9999.0  -9999.0  -9999.0  -9999.0  -9999.0  -9999.0  -9999.0  -9999.0  -9999.0  -9999.0  1.02170035736  1.68158588309  3.41900902561  6.07960763424  8.06707181241  9.50925903634  10.1283095085  10.7686549144  11.3749721243  0.566802382278  0.480634735632  0.930514671654  0.844873681833  0.444783245183  9.03641128626  9.42926137584  9.78491385719  10.1178795984  5.23577247288  5.46639813049  5.81725178439  405.429870951  0.372749312899  0.376230664168  0.933461532933  0.0816246897306  0.146018806445  0.0822059280195  0.0575769738497  0.341325728823  0.0424697824289  0.0450686541453  69.6532775923  64.8248205133  64.7754511372  0.191919730861  0.392498408748  0.243353146244  0.0459663252868  0.754956918774  0.174923039718  0.146190945191  0.112727391533  0.0813007089707  0.0482787746498  0.121597597796  0.846766260257  0.713760975397  0.589016661827  0.867741787522  0.827003032051  0.796162333838  0.0640964117893  0.155205375566  0.181238139931  1.50643850541  1.16514587949  0.676148029193  0.0965522987852  -9999.0  -9999.0  -9999.0  -9999.0  -9999.0  -9999.0  -9999.0
-9999.0  -9999.0  -9999.0  -9999.0  -9999.0  -9999.0  -9999.0  -9999.0  -9999.0  -9999.0  -9999.0  -9999.0  -9999.0  -9999.0  0.713354676296  0.690491834349  1.36476237551  2.03536736135  0.755753223006  0.770383737911  1.42724735764  2.06007357005  3.20635304578  3.77543122801  4.25074362621  5.67901985496  6.10068197866  6.57003041044  0.410643401476  4.24151471195  4.56141049498  4.82898919341  0.180782800871  0.0764958234641  0.156199696492  411.274119897  411.400943543  412.029029718  1.20135863377  0.188769229778  0.260965111526  0.0823006657088  0.103140643873  0.391457057509  0.473025230064  0.080884886917  69.8644022881  0.0700942717881  0.0998389388344  0.109488924266  0.0853635455495  0.155623004113  0.0637458163884  0.548063685667  0.402668118049  0.284425429879  0.141591294375  0.100637269358  0.0571802344229  0.0710543966546  0.0825307569095  0.0839543882262  0.542462267346  0.417527749863  0.297961767997  0.168738497492  0.753655006098  0.590387767517  0.16345527191  0.199429684103  0.174371377478  0.340368570846  0.155631587927  -9999.0  -9999.0  -9999.0  -9999.0  -9999.0  -9999.0  -9999.0
-9999.0  -9999.0  -9999.0  -9999.0  -9999.0  -9999.0  -9999.0  -9999.0  -9999.0  -9999.0  -9999.0  -9999.0  -9999.0  -9999.0  -9999.0  0.670159721174  1.31055784215  0.614485535827  1.26368439545  7.76243227938  8.35556720838  8.9489919663  0.575799273331  0.574817643051  1.04867231306  1.5370947222  2.35395520141  2.78210570591  3.06806446389  3.44565800528  0.295932174304  0.245192089118  5.18385934539  5.30839926622  5.42057241032  5.54752335855  4.51112896829  417.061688416  418.972789436  419.05810186  419.383151118  419.72030448  419.86952446  0.0375384625631  0.510958268979  69.9013152763  0.0748890215022  0.0385219804689  0.0552731802018  0.0597056487187  0.09973624356  0.0829275969835  0.0498949096706  0.0838862878848  0.0726383427906  0.106372997648  0.0442016101307  0.0300141508259  0.114874578459  0.0842705408689  0.0464852947029  0.0451047058377  0.0544950840168  0.0599313876809  0.0708834628745  0.0995880956615  0.120481035074  0.287041360698  0.0795068109146  0.297778078997  0.121606265534  0.117012162869  -9999.0  -9999.0  -9999.0  -9999.0  -9999.0  -9999.0  -9999.0  -9999.0
-9999.0  -9999.0  -9999.0  -9999.0  -9999.0  -9999.0  -9999.0  -9999.0  -9999.0  -9999.0  -9999.0  -9999.0  -9999.0  -9999.0  -9999.0  -9999.0  1.94282791108  2.57267254873  4.48144145423  5.85964462642  0.703946358882  10.3528292255  10.9136672507  11.4347226139  0.496841369414  0.968612571461  0.403959612449  3.18144962554  3.40253714323  3.77033861377  4.14261399722  4.91129675002  5.06820490498  0.0957637562093  4.00595621756  4.25993212966  4.3937930697  4.8999240275  0.588466011374  0.350666994007  0.185004813894  0.1656837121  420.088017267  420.148907797  420.920662209  69.9350330971  0.237516249243  0.134657389648  0.0910462083483  0.0279572386202  0.277703973281  0.14163148451  0.04354676231  0.24769227842  0.212040256858  0.0343121822458  0.229539601174  0.208564852221  0.150912437437  0.0313147048038  0.0932238847459  0.0703222952558  0.0273430474889  0.0818747204033  0.0543122553626  0.0826156749876  0.0814653978633  0.047645545487  0.130960567101  1.28594190658  0.770351650696  0.497223224139  0.219914224852  -9999.0  -9999.0  -9999.0  -9999.0  -9999.0  -9999.0  -9999.0
-9999.0  -9999.0  -9999.0  -9999.0  -9999.0  -9999.0  -9999.0  -9999.0  -9999.0  -9999.0  -9999.0  -9999.0  -9999.0  -9999.0  -9999.0  -9999.0  0.65811260618  3.21986847337  3.88848585089  0.735225097974  0.630200541361  1.29003726685  1.86379451203  13.8398310424  0.489741671657  1.97552306263  2.40039972554  2.81568002956  0.256768507383  0.57680789796  0.719975989792  3.21641848844  3.5211481274  3.64761651509  0.139718167248  0.116234467098  0.132465251814  0.248260199143  0.104103251226  0.105035408233  0.091393768579  0.101565967599  0.0592568355043  0.217332154166  420.990480431  491.080241094  0.365222639998  0.0861945273999  0.0380494783373  0.863721585885  0.801616243277  0.475890083762  0.42604538188  0.31546632432  0.0821799278504  0.0545696744764  0.250462560684  0.10857898926  0.0854379836026  0.0257686894199  0.126300803529  0.250019353674  0.19766755863  0.122510139589  0.0526830399261  0.231810186397  0.175247704345  0.0980881398461  1.5714091236  1.53255310675  0.139758715421  0.126702318229  0.118003833286  0.107585392637  -9999.0  -9999.0  -9999.0  -9999.0  -9999.0  -9999.0
-9999.0  -9999.0  -9999.0  -9999.0  -9999.0  -9999.0  -9999.0  -9999.0  -9999.0  -9999.0  -9999.0  -9999.0  -9999.0  -9999.0  -9999.0  0.588865671215  1.83620363943  0.594605055753  0.750416106677  0.724202505304  1.37589981797  2.01175246276  2.58296205367  16.9599259766  17.4289733932  0.486230521196  0.914898141019  1.34960431094  1.63506866568  1.93965083222  2.81082299928  3.08810763184  0.149320116762  0.145372396837  0.0734701985131  0.0708743538077  0.138403268134  0.162415365107  0.16118630845  0.190975209434  0.420551942137  0.16889032287  0.0687293846776  0.0674619764183  0.052311516393  0.095520106662  494.260528694  2.74971196972  1.10267250796  0.148063357587  0.0751034286487  0.0399735372179  0.123417595491  0.0789815255665  0.0386976623378  0.0382219346127  0.328708765751  0.467758989563  0.511263436968  0.0197017478397  0.454793546994  0.301170452562  0.0361147974299  0.0297890565897  0.0757091594974  0.548114943148  0.251187508509  0.153370083284  1.63592756044  0.0728540025425  0.0867452472249  0.463290341682  0.237627285068  0.419626377406  0.192647493783  -9999.0  -9999.0  -9999.0  -9999.0  -9999.0
-9999.0  -9999.0  -9999.0  -9999.0  -9999.0  -9999.0  -9999.0  -9999.0  -9999.0  -9999.0  -9999.0  -9999.0  -9999.0  -9999.0  0.619388350676  1.19653159849  4.19158147789  0.55946399803  1.41296534146  2.10575343561  2.72953484684  0.658992226185  1.2061613702  1.78002030343  19.6966388695  0.452330746749  0.847194823468  1.25453367157  0.368165722931  0.721721911235  0.853205156463  1.09454133104  32.6243479495  32.9372287174  33.2129941679  34.4377576811  34.7068306518  35.4793383985  0.31633106739  0.663262465451  0.516552887221  37.8229715223  37.9390083477  0.0605476403851  0.0951534635593  0.128563820346  494.320247183  2.61861612473  1.17133502245  1.06491834571  0.899674760086  0.794683008595  0.162420463308  0.0419679464883  0.0715512253707  0.0339399984715  0.0368241072282  0.0681289634338  0.544906815037  1.05856785122  0.492304963956  0.0980223317044  0.067648858479  0.0447570162648  0.837399808698  0.705630996775  0.0956203424251  1.97733382239  1.71010411816  0.139768605554  0.868777977629  0.553472501684  0.637043548413  0.543520505909  0.119534224221  -9999.0  -9999.0  -9999.0  -9999.0  -9999.0
-9999.0  -9999.0  -9999.0  -9999.0  -9999.0  -9999.0  -9999.0  -9999.0  -9999.0  -9999.0  -9999.0  -9999.0  -9999.0  -9999.0  0.632301708367  1.91162536333  6.7295748097  9.9627972602  0.503795608093  12.909963938  16.1966784274  0.607624598156  1.1470505114  1.72218031189  24.6096911567  25.0613412276  0.327870865923  1.91999498224  2.22578167366  2.50259654777  30.5976436026  31.0952617674  31.4050157039  0.14871673017  0.859517620978  1.01692818602  0.368338572299  0.511046917128  36.1930759971  37.0640335684  37.1649231431  37.2576961677  38.0345985528  0.0460261615341  0.0402493604403  0.202436666585  494.392632073  0.223258196817  0.0328484835993  0.0838601968584  0.0316875952089  0.685099331189  0.6115083541  0.373178218473  0.254407887614  0.0985710890614  0.0397139980412  0.099724558457  0.0234021948221  1.0857830236  0.150964268135  0.122693042478  0.0229274422736  0.0698254590185  0.874689127352  0.0268182967239  0.0278686993489  2.00866761955  0.0497364277693  1.00931303361  0.950049693848  0.889899189621  0.818061352699  0.0869649805518  0.327761682953  0.10582970142  -9999.0  -9999.0  -9999.0  -9999.0
-9999.0  -9999.0  -9999.0  -9999.0  -9999.0  -9999.0  -9999.0  -9999.0  -9999.0  -9999.0  -9999.0  -9999.0  -9999.0  -9999.0  -9999.0  -9999.0  1.32773914085  2.66219900005  11.7572731725  12.3840546209  16.7489309365  17.3158549134  0.588876717438  1.1776283098  2.72633548884  25.497133587  26.2185565893  26.4781871268  0.199850097603  27.4165005415  27.9213524666  0.323787802704  0.151525297956  0.286950961468  0.553338055734  0.132039990383  0.251848927337  0.517855647195  0.632987589985  0.123403507698  0.0748859317385  0.142930620306  38.6613270045  38.8539642841  38.8884493556  39.2034230284  494.454130846  0.193853493079  0.0196473505683  0.018375987169  0.0172355448486  0.018090921445  0.0147205862144  0.0262461710377  0.0465268007015  0.094566528288  0.0462971704686  0.0440705807393  0.176517177197  1.32710323574  1.52036617482  1.55534915032  1.67643430433  0.0256419070183  0.901725131556  0.0999456597169  0.0456929356304  2.04001153723  2.12175799881  1.05944885062  1.13369827363  1.01984958889  0.611224068522  0.529496590356  0.441538774875  -9999.0  -9999.0  -9999.0  -9999.0  -9999.0
-9999.0  -9999.0  -9999.0  -9999.0  -9999.0  -9999.0  -9999.0  -9999.0  -9999.0  -9999.0  -9999.0  -9999.0  -9999.0  -9999.0  -9999.0  -9999.0  0.690403256178  0.674325996829  0.647615278188  1.24214568002  0.534249919906  18.3864368352  18.9021908476  0.546556940236  1.0605830396  0.466102866272  0.349248414365  0.333811791577  27.0264020968  0.15784952341  0.327644973191  0.188561289768  0.159157516255  0.135103001122  0.0964730676859  0.101900041243  0.312034214091  0.432336364837  0.0770961450606  0.0660193918033  0.146517854741  0.252898140935  0.338341260919  0.101046011998  38.9592277804  39.2403736605  494.505600193  0.336760351262  0.0471926766429  0.00824888180765  0.0232455282229  0.00624964845192  0.00474580356135  0.0317640507423  0.223652904959  0.127717477277  0.0255254671093  0.0239546557947  0.0509802764325  0.0223380693601  0.0242090742125  0.0310131478129  0.035700199109  2.83898969681  1.03000143775  0.0267254191878  0.0448830985565  0.0209972593577  5.45396940189  3.30616377494  3.26928837765  1.08759878405  0.798497397147  0.0740145048644  -9999.0  -9999.0  -9999.0  -9999.0  -9999.0  -9999.0
-9999.0  -9999.0  -9999.0  -9999.0  -9999.0  -9999.0  -9999.0  -9999.0  -9999.0  -9999.0  -9999.0  -9999.0  -9999.0  -9999.0  -9999.0  -9999.0  -9999.0  -9999.0  0.664240191649  1.84226024432  2.3579367123  2.88263404374  19.4177352981  19.9410109319  20.4360289777  20.928060738  21.2498916428  21.9308672433  22.0864170582  22.2255052209  22.348707135  0.135485961134  0.121517676674  0.130174492002  0.438548086152  0.118400653332  0.109558315295  0.0794084235183  0.229098777873  0.0946677113189  0.0689343802189  0.0628528563381  0.0522842245533  0.104313674702  0.152619183732  39.557532505  534.448996572  0.0922382890556  0.146373549971  0.0057310669748  0.0324412541062  0.0213883094703  0.00956840336112  0.441881411841  0.380639236185  0.0990061796965  0.0499130778688  0.0992125576437  0.0258200010151  0.0690722368301  0.0429730468094  0.0850138902931  0.0312922669466  0.0420940862603  2.87310834307  2.97408899178  6.60524247504  6.56889584632  6.53499011153  0.0399628634513  0.981889822887  0.935458536072  0.0855188007599  -9999.0  -9999.0  -9999.0  -9999.0  -9999.0  -9999.0  -9999.0
-9999.0  -9999.0  -9999.0  -9999.0  -9999.0  -9999.0  -9999.0  -9999.0  -9999.0  -9999.0  -9999.0  -9999.0  -9999.0  -9999.0  -9999.0  -9999.0  -9999.0  -9999.0  -9999.0  0.554125386892  4.3911401669  8.45635850949  8.98108479344  0.661973769252  1.20846884262  1.72124602819  2.11469440429  4.84144004478  4.9926174423  0.146025618874  0.139295991064  22.6815472933  22.9389178165  23.0489222832  0.515079234281  0.065711703304  0.172397363846  0.251855275631  0.756705222353  0.933690904172  1.0659449396  0.119166464963  0.165657573364  0.0569341977622  0.116423920253  0.0601834256978  534.562654921  0.0695259499775  0.292726415189  0.056460151789  0.116210401956  0.591406826406  0.638056587208  1.1226484089  0.365118389118  0.310479421301  0.18231739323  0.163229629338  0.0436349578514  0.0867513524088  0.114987383766  0.098982280786  0.0135625918279  9.92512031936  9.85752261688  9.81909815417  6.73304148645  0.0603945648163  0.981078102968  0.706494543584  0.475700818499  0.298270680504  0.0514412645927  -9999.0  -9999.0  -9999.0  -9999.0  -9999.0  -9999.0  -9999.0
-9999.0  -9999.0  -9999.0  -9999.0  -9999.0  -9999.0  -9999.0  -9999.0  -9999.0  -9999.0  -9999.0  -9999.0  -9999.0  -9999.0  -9999.0  -9999.0  -9999.0  -9999.0  0.617282642107  1.96974629129  3.85030239616  5.02486900595  12.5671836808  13.1613594328  1.08593159632  1.60539293943  2.03198357543  2.41738025919  5.14200786271  5.43861128865  9.36417154253  9.65642628737  9.81633498032  23.1552713841  23.9183038264  0.166525767019  0.116553431384  0.108532026303  0.204545882047  0.0920879599407  1.2460433487  1.30918885359  0.223510802699  0.307287300544  0.100844901323  123.802749003  123.941064175  658.577620888  658.972767942  0.0877395380483  0.298337462718  0.243893703531  0.140748177856  1.35032312042  1.76508219566  0.26518851527  0.208067509717  0.0439029512709  0.0237434351183  0.109565261541  10.1586318053  10.0254610244  10.0054241712  9.9694779348  0.0537592620338  0.0510562268601  0.0561163798728  0.0661462774434  0.218965659541  0.147193255807  0.139022970322  0.211858257936  0.0660422543733  -9999.0  -9999.0  -9999.0  -9999.0  -9999.0  -9999.0  -9999.0
-9999.0  -9999.0  -9999.0  -9999.0  -9999.0  -9999.0  -9999.0  -9999.0  -9999.0  -9999.0  -9999.0  -9999.0  -9999.0  -9999.0  -9999.0  -9999.0  -9999.0  -9999.0  -9999.0  0.70545187119  0.682269464748  1.28659257131  3.04735088992  13.7176761409  0.561761219388  0.552959003447  0.974323624549  1.41183321926  3.27111318925  3.49830458589  0.159104364883  0.190349417824  9.98659791064  10.1064607728  34.1747520933  34.2931928041  0.054309648744  0.0467768817318  0.0378324062618  0.0382386794769  0.0448709354725  122.490722523  122.903867885  123.270340145  123.447130285  123.723044592  0.0727100772427  0.264010710379  0.308186772746  659.407996363  659.460614572  659.499247848  659.567130791  659.65719875  1.87853905497  0.020202748724  0.0866931054311  0.0688629901243  0.0185692116476  0.128029064325  10.227888084  0.0451148499467  0.0209583616963  0.192064321697  0.17275194258  0.143829060176  0.11350186802  0.0677985134709  0.0871263806442  0.08040051009  0.0720744271693  0.0783832330892  -9999.0  -9999.0  -9999.0  -9999.0  -9999.0  -9999.0  -9999.0  -9999.0
-9999.0  -9999.0  -9999.0  -9999.0  -9999.0  -9999.0  -9999.0  -9999.0  -9999.0  -9999.0  -9999.0  -9999.0  -9999.0  -9999.0  -9999.0  -9999.0  -9999.0  -9999.0  -9999.0  -9999.0  0.623615453045  0.653598962966  1.20893808251  16.0740648834  16.6025871058  0.538709781772  0.959510791259  1.40907895795  1.68006309767  0.217781205597  0.438844990333  33.3681642945  33.4999568049  33.6664803142  34.6656430152  69.0518795409  119.956121179  120.10125999  120.228882524  120.35054291  120.923905969  121.116546998  0.357395536593  0.154737455036  0.0988085224782  0.182784811643  0.131179702336  0.210409043056  0.0659883073889  1.49741543976  1.82525169876  2.07715072265  2.0981074996  659.69131949  661.633475041  661.804592629  0.111711848623  0.0180090868658  0.183322702489  0.149410676664  10.2760994194  0.0247469772458  0.463156323921  0.246373779475  0.221172974628  0.157110325519  0.0789204226305  0.100025688879  0.0527446225834  -9999.0  -9999.0  -9999.0  -9999.0  -9999.0  -9999.0  -9999.0  -9999.0  -9999.0  -9999.0  -9999.0
-9999.0  -9999.0  -9999.0  -9999.0  -9999.0  -9999.0  -9999.0  -9999.0  -9999.0  -9999.0  -9999.0  -9999.0  -9999.0  -9999.0  -9999.0  -9999.0  -9999.0  -9999.0  -9999.0  -9999.0  -9999.0  0.635301179553  1.21446898538  1.79709950785  17.0841386629  0.483827603959  22.9085066978  23.3718729324  23.5815833128  23.8157451771  32.4412322038  32.7017695953  0.134252857313  0.766214035525  0.905430857834  0.138918797744  50.765242256  50.5159232579  0.0696163872392  0.167075509392  0.462799975394  0.106013073958  0.115912402023  0.0787668730519  0.0664643131363  0.0500433592169  0.0616602479032  1.28784542849  1.35525243757  1.4445409775  0.279722792948  0.204639366144  2.19365025815  2.22689973253  2.24353030722  661.83925327  661.875253879  0.234504051083  0.200923083257  10.8060957756  10.7880726402  0.488121128345  0.0467250741598  0.022244193373  0.399342084594  0.337904602399  0.257341368389  0.151122794537  0.0800070110326  0.0362207452333  -9999.0  -9999.0  -9999.0  -9999.0  -9999.0  -9999.0  -9999.0  -9999.0  -9999.0  -9999.0
-9999.0  -9999.0  -9999.0  -9999.0  -9999.0  -9999.0  -9999.0  -9999.0  -9999.0  -9999.0  -9999.0  -9999.0  -9999.0  -9999.0  -9999.0  -9999.0  -9999.0  -9999.0  -9999.0  -9999.0  -9999.0  0.578629246521  0.540676068294  2.80424132007  20.9763037152  21.9978239425  22.4950571552  0.441317485521  8.09085266929  8.28436394476  8.38509152439  0.233267601381  0.396904134175  0.528326869335  11.7194106317  11.8216248336  11.9061255243  50.3615579513  31.6928510119  0.0955295297198  0.101518675764  0.0956274148332  0.0715450948231  0.779004597164  0.934377376729  1.06820474821  1.14602140971  1.22028407784  10.2207818806  10.2876109198  10.391140641  10.5910915886  11.2618666748  11.2845440618  13.5513588098  0.0173238034075  661.908553559  661.947291847  0.255795540414  10.8217168896  0.0388421063347  0.0196396484979  0.071917940103  0.629850738854  0.612942394223  0.149798667321  0.0762692003708  0.195448827347  0.128593420332  0.0357715062185  0.0319895666694  0.0313307760646  -9999.0  -9999.0  -9999.0  -9999.0  -9999.0  -9999.0  -9999.0  -9999.0
-9999.0  -9999.0  -9999.0  -9999.0  -9999.0  -9999.0  -9999.0  -9999.0  -9999.0  -9999.0  -9999.0  -9999.0  -9999.0  -9999.0  -9999.0  -9999.0  -9999.0  -9999.0  -9999.0  -9999.0  -9999.0  -9999.0  1.13059722689  1.72384586854  0.567390660649  0.550372711881  6.67011968243  7.11878778694  7.39887987791  2.44326202051  2.59899124063  2.78355698239  2.93822450687  11.4798638152  11.6374389458  6.44982059552  18.4741272252  18.5819542686  31.6180364212  0.205304556029  0.10404464779  0.0667374022305  0.543215125471  0.638538568805  0.0545561647603  0.0505072385681  9.9577660184  10.0968827243  10.1691241329  0.0857303615251  0.137135258956  11.1710070788  0.0400018381535  0.172996092948  0.191203541817  13.7776806206  13.7972183193  14.0388254812  676.27810844  10.8791682708  0.798224203954  0.778076483922  0.750695156419  0.648421508584  0.0274885231423  0.328091841442  0.274564111171  0.111084633763  0.0448966857556  0.0635789896773  0.154463800256  0.088850475298  -9999.0  -9999.0  -9999.0  -9999.0  -9999.0  -9999.0  -9999.0  -9999.0
-9999.0  -9999.0  -9999.0  -9999.0  -9999.0  -9999.0  -9999.0  -9999.0  -9999.0  -9999.0  -9999.0  -9999.0  -9999.0  -9999.0  -9999.0  -9999.0  -9999.0  -9999.0  -9999.0  -9999.0  -9999.0  -9999.0  0.566356292594  1.11934097364  4.56778223573  5.13976431386  5.65814832461  1.95684142028  2.28294571132  0.180776150179  8.08868047355  8.24214183325  8.39418501206  0.152599088048  6.16377679852  6.32946075494  0.111008519726  31.0719673187  0.240202603272  0.118070541531  0.299746250715  0.404258309893  0.0743194112594  0.0583118118234  9.25750481415  9.83001400931  9.91538457178  0.0849192356975  0.18198718438  0.227280516493  0.278983233962  0.518933556992  0.0642862106748  0.143350385771  0.0284127975034  0.0556768482812  13.9957126867  14.0186499091  676.321079462  688.199379725  0.957640926928  0.10344852314  0.064020603193  0.0475761797554  0.0184044807055  0.352446901564  0.230711829619  0.177509417949  0.489879827287  0.423183676128  0.300324611726  0.072352264689  0.0359107340829  -9999.0  -9999.0  -9999.0  -9999.0  -9999.0  -9999.0  -9999.0
-9999.0  -9999.0  -9999.0  -9999.0  -9999.0  -9999.0  -9999.0  -9999.0  -9999.0  -9999.0  -9999.0  -9999.0  -9999.0  -9999.0  -9999.0  -9999.0  -9999.0  -9999.0  -9999.0  -9999.0  -9999.0  -9999.0  0.559707242597  1.72751443893  2.92520880031  0.601100515767  1.10534186537  1.56881613875  7.34560807178  7.59646569979  7.7603977668  0.138625178645  5.28188108212  5.73465225639  5.88749524234  0.0910409733776  30.5781759835  30.8564282596  0.126643527826  0.111961415001  0.224342405951  0.0865310728134  8.84139673114  8.99369860359  9.0915977181  0.366014293657  0.454035768076  0.0741648164967  0.13298858972  0.059406600356  0.414754554019  0.0642026060831  0.0388073984832  0.0393575882506  0.0427750269298  0.0872914369636  0.118336774331  50.5654103453  50.6482669432  738.955179472  738.991233816  739.028839382  0.078579085147  0.776505362051  0.710110196183  0.317846107179  0.301402130401  0.0444665122103  0.603300401888  0.043178489303  0.037933387395  0.0305124197187  0.143111566056  0.0650679124284  -9999.0  -9999.0  -9999.0  -9999.0  -9999.0  -9999.0
-9999.0  -9999.0  -9999.0  -9999.0  -9999.0  -9999.0  -9999.0  -9999.0  -9999.0  -9999.0  -9999.0  -9999.0  -9999.0  -9999.0  -9999.0  -9999.0  -9999.0  -9999.0  -9999.0  -9999.0  -9999.0  -9999.0  -9999.0  0.584357022817  0.614139974963  0.625312094608  5.24703414056  5.68804597625  6.97246538364  0.293824923258  4.63760260647  5.02610956695  0.157277963306  0.331841804724  0.10759010144  30.244594297  0.137574444828  0.358421971795  0.443655900569  0.539814878123  8.29399613319  8.58719105736  8.6932156773  0.107632489792  0.198046977306  0.277286262187  0.0473697968036  0.0427038763204  26.4816986391  26.5277707432  26.5663000018  26.9818276159  27.0340698557  27.0918248808  27.1266353755  43.8188129946  43.8637672165  50.5403054475  0.0544172751772  0.0620765493447  0.122814357025  739.18822223  739.439643856  740.283876585  740.320939416  0.0386444946945  0.0200336287939  0.682299829729  0.658237309036  0.0279598577372  0.089884470911  0.661829554299  0.433973165859  0.38372178886  0.103232499462  -9999.0  -9999.0  -9999.0  -9999.0  -9999.0
-9999.0  -9999.0  -9999.0  -9999.0  -9999.0  -9999.0  -9999.0  -9999.0  -9999.0  -9999.0  -9999.0  -9999.0  -9999.0  -9999.0  -9999.0  -9999.0  -9999.0  -9999.0  -9999.0  -9999.0  -9999.0  -9999.0  -9999.0  0.491224924327  1.12383703819  2.37808593413  4.76954095344  0.51439056558  0.922024311753  3.90759207751  4.17769215365  0.202668971433  7.05937187114  7.21670348173  29.8873833495  30.0121155351  0.114339222049  0.216793560374  0.987113169655  7.44849857657  7.69798166408  0.219957673833  0.108217742654  0.0823622592645  23.9322056246  24.0916220518  24.2211659915  24.3529009176  26.4398126523  0.144697935376  26.9353272355  0.0856115860479  0.0556979279993  0.140682063666  16.5964964884  16.6643423937  6.42452040855  6.62094812978  0.133484820592  0.0663086936342  0.0906403151889  0.107943258557  0.136586708287  0.0314685537277  778.380510669  778.469243846  0.912978310751  0.723302729567  0.0233028383807  1.05906627612  0.985135004971  0.813508579014  0.0705879907458  0.0934335843731  0.114074700081  -9999.0  -9999.0  -9999.0  -9999.0  -9999.0
-9999.0  -9999.0  -9999.0  -9999.0  -9999.0  -9999.0  -9999.0  -9999.0  -9999.0  -9999.0  -9999.0  -9999.0  -9999.0  -9999.0  -9999.0  -9999.0  -9999.0  -9999.0  -9999.0  -9999.0  -9999.0  -9999.0  -9999.0  -9999.0  0.669575008216  1.29708851998  1.83849165824  3.06037375019  3.47476337852  5.76046765127  6.52064896581  6.73587104896  6.90359936963  22.3869649927  22.5421301696  0.0885633338058  0.815271006475  0.924609141046  6.32303675228  6.40371676596  0.152478208656  0.0536700596602  23.5558500044  23.6942175943  23.7844740455  0.0879032377914  1.84799737422  1.92515210438  2.01468482607  0.0750322767205  0.0569721161086  0.0491669464674  0.0826125492711  16.318715782  16.4130201487  0.047105642119  6.377190688  6.09823056545  6.05313821997  0.0533158125195  0.150984472995  0.0725271299118  0.112069315949  37.76311632  38.0101455695  779.452120064  0.0932348805552  0.0380098723888  1.11653606207  0.0352009491904  0.228714171234  0.149796416046  0.0644432133221  -9999.0  -9999.0  -9999.0  -9999.0  -9999.0  -9999.0  -9999.0
-9999.0  -9999.0  -9999.0  -9999.0  -9999.0  -9999.0  -9999.0  -9999.0  -9999.0  -9999.0  -9999.0  -9999.0  -9999.0  -9999.0  -9999.0  -9999.0  -9999.0  -9999.0  -9999.0  -9999.0  -9999.0  -9999.0  -9999.0  -9999.0  0.607671323845  1.92604464763  2.54102946427  3.74248206394  4.82085083329  5.34401715735  0.395374931883  5.77528117263  21.8756011448  22.2244467435  0.276656120644  0.469993459452  0.744107853135  6.11665839612  6.23981498458  15.7728015416  16.0007195699  23.4161763231  23.4895761748  0.0796589310229  1.53010019197  1.68175566929  1.78626981215  0.0788665094594  14.6033583891  14.6770055308  14.8932339136  15.7747329894  16.1365207559  16.1991783462  0.0577969072784  0.122235706673  0.179139257869  4.92351174776  5.96075017719  0.75877862249  0.703634218015  0.0574043569868  0.0955584382052  37.6112402003  0.212837354979  0.0639096779989  779.550951141  0.019940990832  0.0201936846783  1.43383187212  0.29246654034  0.0674631372851  0.0493826364506  -9999.0  -9999.0  -9999.0  -9999.0  -9999.0  -9999.0  -9999.0
-9999.0  -9999.0  -9999.0  -9999.0  -9999.0  -9999.0  -9999.0  -9999.0  -9999.0  -9999.0  -9999.0  -9999.0  -9999.0  -9999.0  -9999.0  -9999.0  -9999.0  -9999.0  -9999.0  -9999.0  -9999.0  -9999.0  -9999.0  -9999.0  0.685108361291  0.649270076066  2.53175629337  3.16859123177  0.566828747022  4.84837477501  5.33339773333  0.434952201395  15.2927512492  0.417406717796  2.70233851615  5.77034786302  6.00326715375  14.8159214141  14.9619483562  15.6843130301  0.179953615099  7.35443510246  0.0553325690334  0.128293020165  1.47818243941  0.0899355302627  3.21750115429  14.4608802315  0.0725441622231  0.160637897588  0.654402723122  0.122656885621  0.121857142955  0.0817712188634  0.0556525246664  4.39996543637  4.72660427274  4.86976071294  0.213351042901  0.168670378269  0.361584379749  0.0883118629603  37.3264322571  37.3895492422  0.119750030596  0.0388712930174  0.0194689610767  779.707671276  781.514528056  1.74684644699  0.287516917634  0.259801046129  0.132127774846  -9999.0  -9999.0  -9999.0  -9999.0  -9999.0  -9999.0  -9999.0
-9999.0  -9999.0  -9999.0  -9999.0  -9999.0  -9999.0  -9999.0  -9999.0  -9999.0  -9999.0  -9999.0  -9999.0  -9999.0  -9999.0  -9999.0  -9999.0  -9999.0  -9999.0  -9999.0  -9999.0  -9999.0  -9999.0  -9999.0  -9999.0  -9999.0  0.62743506567  0.671330956309  0.636623283226  3.75630295465  4.33254555819  6.81211451712  14.9136391005  0.506575734073  1.53634747767  1.97867302007  2.80613617041  0.663117113381  14.5781070509  0.267985477637  0.546588291739  7.00640144536  0.22646845865  0.999154273636  1.16753665251  0.0988751119316  0.0818882003267  3.1659966993  11.1811097549  0.0977230326592  0.334190871062  0.578658969627  0.0918292964988  0.0620892715322  3.97068942835  4.15939422802  0.138190687342  0.276841132692  0.0770132319462  0.141373801324  0.0951005900947  0.126689745993  0.0654172673252  37.2732517899  0.193085834164  -9999.0  -9999.0  0.0463062760593  0.082754735033  781.553125208  781.589941691  781.778827204  0.111092595093  -9999.0  -9999.0  -9999.0  -9999.0  -9999.0  -9999.0  -9999.0  -9999.0
-9999.0  -9999.0  -9999.0  -9999.0  -9999.0  -9999.0  -9999.0  -9999.0  -9999.0  -9999.0  -9999.0  -9999.0  -9999.0  -9999.0  -9999.0  -9999.0  -9999.0  -9999.0  -9999.0  -9999.0  -9999.0  -9999.0  -9999.0  -9999.0  -9999.0  -9999.0  0.615658977552  1.9744915228  2.54909314772  6.33565525419  2.34497931739  7.58795742633  4.72197186578  0.511359175799  1.52029524995  2.42813200218  0.382091811082  13.6562238939  4.98293399523  6.15536399589  0.645586906198  0.643632942448  0.232239917055  0.126827590719  2.92051802179  3.00487313109  10.9153808777  10.9980416527  0.157697834987  0.247438372967  0.0665423391618  3.29920335042  3.62863130235  3.93520558502  0.145322949589  0.0681183707653  0.200408732075  0.0719147127296  0.0526939016158  0.0437560896699  36.7612099807  36.8680401606  36.9583488273  0.13129721168  -9999.0  -9999.0  -9999.0  -9999.0  -9999.0  0.017457069484  781.809175305  781.838426043  -9999.0  -9999.0  -9999.0  -9999.0  -9999.0  -9999.0  -9999.0  -9999.0
-9999.0  -9999.0  -9999.0  -9999.0  -9999.0  -9999.0  -9999.0  -9999.0  -9999.0  -9999.0  -9999.0  -9999.0  -9999.0  -9999.0  -9999.0  -9999.0  -9999.0  -9999.0  -9999.0  -9999.0  -9999.0  -9999.0  -9999.0  -9999.0  -9999.0  -9999.0  0.734175120385  0.649220302229  5.76667972492  0.620065143152  1.82612342279  3.05642148485  4.20917098681  0.565951319433  0.516888889958  0.465390951584  12.7961089699  13.2564252621  4.6333603009  0.86531732048  0.406640722996  0.400564946162  2.58391219004  2.8455590196  10.0255394988  10.4094552695  10.7283361065  0.113465418003  0.0815474505762  3.13403553762  3.18585907022  3.25115768904  0.286519189555  0.163347268992  0.0798422898099  0.07506604187  0.0525522537739  0.410464549065  0.445127227946  36.6972615908  36.7274178335  0.0675362071145  0.0432067738601  0.0650617658968  -9999.0  -9999.0  -9999.0  -9999.0  -9999.0  -9999.0  -9999.0  -9999.0  -9999.0  -9999.0  -9999.0  -9999.0  -9999.0  -9999.0  -9999.0  -9999.0
-9999.0  -9999.0  -9999.0  -9999.0  -9999.0  -9999.0  -9999.0  -9999.0  -9999.0  -9999.0  -9999.0  -9999.0  -9999.0  -9999.0  -9999.0  -9999.0  -9999.0  -9999.0  -9999.0  -9999.0  -9999.0  -9999.0  -9999.0  -9999.0  -9999.0  -9999.0  -9999.0  1.38903560092  4.51675061187  2.49929563743  0.605504697314  2.45562275315  0.583747233184  1.8040804887  2.23816373711  11.3728358467  12.3745115533  3.80720552222  4.23072434333  0.437211192394  1.86876168705  2.24276402383  6.38516839271  9.56635780284  9.86215671976  0.25705737155  0.176939081029  2.523400846  2.82423931474  3.08518346628  0.0803979416174  0.144314025406  0.221302868966  0.0776011280314  0.159509899395  0.25802549028  0.30321450668  0.377320814937  0.0485294116483  36.1634762232  0.107249449929  0.0370112623119  -9999.0  -9999.0  -9999.0  -9999.0  -9999.0  -9999.0  -9999.0  -9999.0  -9999.0  -9999.0  -9999.0  -9999.0  -9999.0  -9999.0  -9999.0  -9999.0  -9999.0  -9999.0
-9999.0  -9999.0  -9999.0  -9999.0  -9999.0  -9999.0  -9999.0  -9999.0  -9999.0  -9999.0  -9999.0  -9999.0  -9999.0  -9999.0  -9999.0  -9999.0  -9999.0  -9999.0  -9999.0  -9999.0  -9999.0  -9999.0  -9999.0  -9999.0  -9999.0  -9999.0  -9999.0  0.734345193382  0.657878886827  1.19877566239  0.639960946795  1.22632488043  1.26410045939  6.99690845294  7.52216064951  1.13555384516  0.511757685917  3.3813591781  0.99170583892  1.48596132432  5.3010560295  5.68927597652  6.07442631464  2.87785909814  1.05146277905  1.56994795877  1.98608510579  2.43781688012  0.220629606035  0.135683266024  21.5568999837  21.6537304523  21.7232354325  0.0569811354718  0.105022127254  0.0606777128575  0.0459366623274  34.5973979254  35.0706085767  0.872628885829  0.732171738841  0.0670762862672  -9999.0  -9999.0  -9999.0  -9999.0  -9999.0  -9999.0  -9999.0  -9999.0  -9999.0  -9999.0  -9999.0  -9999.0  -9999.0  -9999.0  -9999.0  -9999.0  -9999.0  -9999.0
-9999.0  -9999.0  -9999.0  -9999.0  -9999.0  -9999.0  -9999.0  -9999.0  -9999.0  -9999.0  -9999.0  -9999.0  -9999.0  -9999.0  -9999.0  -9999.0  -9999.0  -9999.0  -9999.0  -9999.0  -9999.0  -9999.0  -9999.0  -9999.0  -9999.0  -9999.0  -9999.0  -9999.0  -9999.0  0.506349853999  0.561555954434  0.674437133588  2.64162487291  6.45804515318  3.22598973132  0.568481327919  2.33379685708  2.88150583563  0.484272219466  4.4914824123  4.90680395678  1.33674300591  2.10444500003  0.398537928687  0.689183404897  0.294428899359  0.213666949946  0.204218942817  21.1815286396  21.3469789257  21.4779072431  0.675415950904  22.6527733958  22.7705411122  22.870936523  22.9700713253  23.1312939161  34.5535179199  34.7185994863  0.277353262178  0.65469441048  0.177427095533  -9999.0  -9999.0  -9999.0  -9999.0  -9999.0  -9999.0  -9999.0  -9999.0  -9999.0  -9999.0  -9999.0  -9999.0  -9999.0  -9999.0  -9999.0  -9999.0  -9999.0  -9999.0
-9999.0  -9999.0  -9999.0  -9999.0  -9999.0  -9999.0  -9999.0  -9999.0  -9999.0  -9999.0  -9999.0  -9999.0  -9999.0  -9999.0  -9999.0  -9999.0  -9999.0  -9999.0  -9999.0  -9999.0  -9999.0  -9999.0  -9999.0  -9999.0  -9999.0  -9999.0  -9999.0  -9999.0  -9999.0  -9999.0  -9999.0  0.705409120405  1.37052378919  1.34726303749  1.31013859623  1.24932692087  1.84528410157  3.0075108979  3.49354191896  4.04829376607  0.453465104029  0.923022461032  0.392471195146  0.337335046359  13.5710407502  16.3120626622  16.8943260073  17.1521341199  21.0227532975  0.201536621779  0.368888086864  0.571816494231  3.59857198931  3.75554883762  3.86102580223  8.49176302598  10.3955990485  11.3089772167  0.154885159697  0.149307090574  0.397659081066  0.104114168356  -9999.0  -9999.0  -9999.0  -9999.0  -9999.0  -9999.0  -9999.0  -9999.0  -9999.0  -9999.0  -9999.0  -9999.0  -9999.0  -9999.0  -9999.0  -9999.0  -9999.0  -9999.0
-9999.0  -9999.0  -9999.0  -9999.0  -9999.0  -9999.0  -9999.0  -9999.0  -9999.0  -9999.0  -9999.0  -9999.0  -9999.0  -9999.0  -9999.0  -9999.0  -9999.0  -9999.0  -9999.0  -9999.0  -9999.0  -9999.0  -9999.0  -9999.0  -9999.0  -9999.0  -9999.0  -9999.0  -9999.0  -9999.0  -9999.0  -9999.0  0.69380852628  0.693245287155  0.663701801952  0.633018857323  1.25664451206  2.45511723419  2.37013974831  2.8700368551  3.27639153214  7.51290410108  7.89655987676  13.0381403073  13.3546970509  2.51336291444  0.297238974932  3.38021617603  3.62942150593  1.39372615333  2.70125410249  3.16641904121  3.37348117969  0.171851801978  4.54230856609  8.87708463352  10.3120892869  0.160379052333  0.639959325675  0.109201815638  0.306116517599  -9999.0  -9999.0  -9999.0  -9999.0  -9999.0  -9999.0  -9999.0  -9999.0  -9999.0  -9999.0  -9999.0  -9999.0  -9999.0  -9999.0  -9999.0  -9999.0  -9999.0  -9999.0  -9999.0
-9999.0  -9999.0  -9999.0  -9999.0  -9999.0  -9999.0  -9999.0  -9999.0  -9999.0  -9999.0  -9999.0  -9999.0  -9999.0  -9999.0  -9999.0  -9999.0  -9999.0  -9999.0  -9999.0  -9999.0  -9999.0  -9999.0  -9999.0  -9999.0  -9999.0  -9999.0  -9999.0  -9999.0  -9999.0  -9999.0  -9999.0  -9999.0  -9999.0  -9999.0  -9999.0  0.67627920032  0.614113883761  0.627925810638  1.82745945488  1.71606988652  3.29116980949  3.83618122928  0.455955245655  4.74519664126  1.81264583219  2.19951515681  2.14921016288  3.13075670826  0.866019940648  0.284960745287  1.12954297904  0.274449216057  2.43517047453  2.9073132676  4.22347595386  0.207745477166  0.81006754892  0.301552312184  0.36550034695  0.108667530929  0.207941714215  -9999.0  -9999.0  -9999.0  -9999.0  -9999.0  -9999.0  -9999.0  -9999.0  -9999.0  -9999.0  -9999.0  -9999.0  -9999.0  -9999.0  -9999.0  -9999.0  -9999.0  -9999.0  -9999.0
-9999.0  -9999.0  -9999.0  -9999.0  -9999.0  -9999.0  -9999.0  -9999.0  -9999.0  -9999.0  -9999.0  -9999.0  -9999.0  -9999.0  -9999.0  -9999.0  -9999.0  -9999.0  -9999.0  -9999.0  -9999.0  -9999.0  -9999.0  -9999.0  -9999.0  -9999.0  -9999.0  -9999.0  -9999.0  -9999.0  -9999.0  -9999.0  -9999.0  -9999.0  -9999.0  -9999.0  -9999.0  0.612493049131  0.56335939022  1.15360654916  1.07254394326  2.82452290482  3.80801020808  0.99945672477  1.40566640565  1.1144397896  1.83560669013  0.667177096561  0.612617085914  0.616522417726  0.263439545197  1.43546319656  2.21363823097  0.258723332245  1.08405810774  0.395683358143  0.210258177127  0.122144750131  0.116023732622  0.126388112707  -9999.0  -9999.0  -9999.0  -9999.0  -9999.0  -9999.0  -9999.0  -9999.0  -9999.0  -9999.0  -9999.0  -9999.0  -9999.0  -9999.0  -9999.0  -9999.0  -9999.0  -9999.0  -9999.0  -9999.0
-9999.0  -9999.0  -9999.0  -9999.0  -9999.0  -9999.0  -9999.0  -9999.0  -9999.0  -9999.0  -9999.0  -9999.0  -9999.0  -9999.0  -9999.0  -9999.0  -9999.0  -9999.0  -9999.0  -9999.0  -9999.0  -9999.0  -9999.0  -9999.0  -9999.0  -9999.0  -9999.0  -9999.0  -9999.0  -9999.0  -9999.0  -9999.0  -9999.0  -9999.0  -9999.0  -9999.0  -9999.0  -9999.0  -9999.0  0.558584181364  1.21205130087  2.32986083653  0.516494961812  0.507827978947  0.374947439289  0.767576626462  0.372762578422  0.338323582877  0.320772686885  0.324247394249  0.610111194256  1.20128331049  0.555931732731  0.584277850491  0.84496907751  0.199139435043  0.0976887256255  -9999.0  -9999.0  -9999.0  -9999.0  -9999.0  -9999.0  -9999.0  -9999.0  -9999.0  -9999.0  -9999.0  -9999.0  -9999.0  -9999.0  -9999.0  -9999.0  -9999.0  -9999.0  -9999.0  -9999.0  -9999.0  -9999.0  -9999.0
-9999.0  -9999.0  -9999.0  -9999.0  -9999.0  -9999.0  -9999.0  -9999.0  -9999.0  -9999.0  -9999.0  -9999.0  -9999.0  -9999.0  -9999.0  -9999.0  -9999.0  -9999.0  -9999.0  -9999.0  -9999.0  -9999.0  -9999.0  -9999.0  -9999.0  -9999.0  -9999.0  -9999.0  -9999.0  -9999.0  -9999.0  -9999.0  -9999.0  -9999.0  -9999.0  -9999.0  -9999.0  -9999.0  -9999.0  -9999.0  0.596166587982  0.542860676208  -9999.0  -9999.0  -9999.0  -9999.0  -9999.0  -9999.0  -9999.0  -9999.0  0.310867091554  0.29033639351  0.256512073499  0.274895221294  -9999.0  -9999.0  -9999.0  -9999.0  -9999.0  -9999.0  -9999.0  -9999.0  -9999.0  -9999.0  -9999.0  -9999.0  -9999.0  -9999.0  -9999.0  -9999.0  -9999.0  -9999.0  -9999.0  -9999.0  -9999.0  -9999.0  -9999.0  -9999.0  -9999.0  -9999.0
-9999.0  -9999.0  -9999.0  -9999.0  -9999.0  -9999.0  -9999.0  -9999.0  -9999.0  -9999.0  -9999.0  -9999.0  -9999.0  -9999.0  -9999.0  -9999.0  -9999.0  -9999.0  -9999.0  -9999.0  -9999.0  -9999.0  -9999.0  -9999.0  -9999.0  -9999.0  -9999.0  -9999.0  -9999.0  -9999.0  -9999.0  -9999.0  -9999.0  -9999.0  -9999.0  -9999.0  -9999.0  -9999.0  -9999.0  -9999.0  -9999.0  -9999.0  -9999.0  -9999.0  -9999.0  -9999.0  -9999.0  -9999.0  -9999.0  -9999.0  -9999.0  -9999.0  -9999.0  -9999.0  -9999.0  -9999.0  -9999.0  -9999.0  -9999.0  -9999.0  -9999.0  -9999.0  -9999.0  -9999.0  -9999.0  -9999.0  -9999.0  -9999.0  -9999.0  -9999.0  -9999.0  -9999.0  -9999.0  -9999.0  -9999.0  -9999.0  -9999.0  -9999.0  -9999.0  -9999.0
-9999.0  -9999.0  -9999.0  -9999.0  -9999.0  -9999.0  -9999.0  -9999.0  -9999.0  -9999.0  -9999.0  -9999.0  -9999.0  -9999.0  -9999.0  -9999.0  -9999.0  -9999.0  -9999.0  -9999.0  -9999.0  -9999.0  -9999.0  -9999.0  -9999.0  -9999.0  -9999.0  -9999.0  -9999.0  -9999.0  -9999.0  -9999.0  -9999.0  -9999.0  -9999.0  -9999.0  -9999.0  -9999.0  -9999.0  -9999.0  -9999.0  -9999.0  -9999.0  -9999.0  -9999.0  -9999.0  -9999.0  -9999.0  -9999.0  -9999.0  -9999.0  -9999.0  -9999.0  -9999.0  -9999.0  -9999.0  -9999.0  -9999.0  -9999.0  -9999.0  -9999.0  -9999.0  -9999.0  -9999.0  -9999.0  -9999.0  -9999.0  -9999.0  -9999.0  -9999.0  -9999.0  -9999.0  -9999.0  -9999.0  -9999.0  -9999.0  -9999.0  -9999.0  -9999.0  -9999.0
-9999.0  -9999.0  -9999.0  -9999.0  -9999.0  -9999.0  -9999.0  -9999.0  -9999.0  -9999.0  -9999.0  -9999.0  -9999.0  -9999.0  -9999.0  -9999.0  -9999.0  -9999.0  -9999.0  -9999.0  -9999.0  -9999.0  -9999.0  -9999.0  -9999.0  -9999.0  -9999.0  -9999.0  -9999.0  -9999.0  -9999.0  -9999.0  -9999.0  -9999.0  -9999.0  -9999.0  -9999.0  -9999.0  -9999.0  -9999.0  -9999.0  -9999.0  -9999.0  -9999.0  -9999.0  -9999.0  -9999.0  -9999.0  -9999.0  -9999.0  -9999.0  -9999.0  -9999.0  -9999.0  -9999.0  -9999.0  -9999.0  -9999.0  -9999.0  -9999.0  -9999.0  -9999.0  -9999.0  -9999.0  -9999.0  -9999.0  -9999.0  -9999.0  -9999.0  -9999.0  -9999.0  -9999.0  -9999.0  -9999.0  -9999.0  -9999.0  -9999.0  -9999.0  -9999.0  -9999.0
-9999.0  -9999.0  -9999.0  -9999.0  -9999.0  -9999.0  -9999.0  -9999.0  -9999.0  -9999.0  -9999.0  -9999.0  -9999.0  -9999.0  -9999.0  -9999.0  -9999.0  -9999.0  -9999.0  -9999.0  -9999.0  -9999.0  -9999.0  -9999.0  -9999.0  -9999.0  -9999.0  -9999.0  -9999.0  -9999.0  -9999.0  -9999.0  -9999.0  -9999.0  -9999.0  -9999.0  -9999.0  -9999.0  -9999.0  -9999.0  -9999.0  -9999.0  -9999.0  -9999.0  -9999.0  -9999.0  -9999.0  -9999.0  -9999.0  -9999.0  -9999.0  -9999.0  -9999.0  -9999.0  -9999.0  -9999.0  -9999.0  -9999.0  -9999.0  -9999.0  -9999.0  -9999.0  -9999.0  -9999.0  -9999.0  -9999.0  -9999.0  -9999.0  -9999.0  -9999.0  -9999.0  -9999.0  -9999.0  -9999.0  -9999.0  -9999.0  -9999.0  -9999.0  -9999.0  -9999.0
-9999.0  -9999.0  -9999.0  -9999.0  -9999.0  -9999.0  -9999.0  -9999.0  -9999.0  -9999.0  -9999.0  -9999.0  -9999.0  -9999.0  -9999.0  -9999.0  -9999.0  -9999.0  -9999.0  -9999.0  -9999.0  -9999.0  -9999.0  -9999.0  -9999.0  -9999.0  -9999.0  -9999.0  -9999.0  -9999.0  -9999.0  -9999.0  -9999.0  -9999.0  -9999.0  -9999.0  -9999.0  -9999.0  -9999.0  -9999.0  -9999.0  -9999.0  -9999.0  -9999.0  -9999.0  -9999.0  -9999.0  -9999.0  -9999.0  -9999.0  -9999.0  -9999.0  -9999.0  -9999.0  -9999.0  -9999.0  -9999.0  -9999.0  -9999.0  -9999.0  -9999.0  -9999.0  -9999.0  -9999.0  -9999.0  -9999.0  -9999.0  -9999.0  -9999.0  -9999.0  -9999.0  -9999.0  -9999.0  -9999.0  -9999.0  -9999.0  -9999.0  -9999.0  -9999.0  -9999.0
-9999.0  -9999.0  -9999.0  -9999.0  -9999.0  -9999.0  -9999.0  -9999.0  -9999.0  -9999.0  -9999.0  -9999.0  -9999.0  -9999.0  -9999.0  -9999.0  -9999.0  -9999.0  -9999.0  -9999.0  -9999.0  -9999.0  -9999.0  -9999.0  -9999.0  -9999.0  -9999.0  -9999.0  -9999.0  -9999.0  -9999.0  -9999.0  -9999.0  -9999.0  -9999.0  -9999.0  -9999.0  -9999.0  -9999.0  -9999.0  -9999.0  -9999.0  -9999.0  -9999.0  -9999.0  -9999.0  -9999.0  -9999.0  -9999.0  -9999.0  -9999.0  -9999.0  -9999.0  -9999.0  -9999.0  -9999.0  -9999.0  -9999.0  -9999.0  -9999.0  -9999.0  -9999.0  -9999.0  -9999.0  -9999.0  -9999.0  -9999.0  -9999.0  -9999.0  -9999.0  -9999.0  -9999.0  -9999.0  -9999.0  -9999.0  -9999.0  -9999.0  -9999.0  -9999.0  -9999.0
