ncols                  80
nrows                 72
xllcorner      4374000.0
yllcorner      5656000.0
cellsize            500
NODATA_value       -9999
-9999.0  -9999.0  -9999.0  -9999.0  -9999.0  -9999.0  -9999.0  -9999.0  -9999.0  -9999.0  -9999.0  -9999.0  0.569243492042  0.708294889948  -9999.0  -9999.0  -9999.0  -9999.0  -9999.0  -9999.0  -9999.0  -9999.0  -9999.0  -9999.0  -9999.0  -9999.0  -9999.0  -9999.0  -9999.0  -9999.0  -9999.0  -9999.0  -9999.0  -9999.0  -9999.0  -9999.0  -9999.0  -9999.0  -9999.0  -9999.0  -9999.0  -9999.0  -9999.0  -9999.0  -9999.0  -9999.0  -9999.0  -9999.0  -9999.0  -9999.0  -9999.0  -9999.0  -9999.0  -9999.0  -9999.0  -9999.0  -9999.0  -9999.0  -9999.0  -9999.0  -9999.0  -9999.0  -9999.0  -9999.0  -9999.0  -9999.0  -9999.0  -9999.0  -9999.0  -9999.0  -9999.0  -9999.0  -9999.0  -9999.0  -9999.0  -9999.0  -9999.0  -9999.0  -9999.0  -9999.0
-9999.0  -9999.0  -9999.0  -9999.0  -9999.0  -9999.0  -9999.0  -9999.0  -9999.0  -9999.0  -9999.0  -9999.0  1.00197677003  2.81714078539  0.574571302165  -9999.0  0.570035153953  -9999.0  -9999.0  -9999.0  -9999.0  -9999.0  -9999.0  -9999.0  -9999.0  -9999.0  -9999.0  -9999.0  -9999.0  -9999.0  -9999.0  -9999.0  -9999.0  -9999.0  -9999.0  -9999.0  -9999.0  -9999.0  -9999.0  -9999.0  -9999.0  -9999.0  -9999.0  -9999.0  -9999.0  -9999.0  -9999.0  -9999.0  -9999.0  -9999.0  -9999.0  -9999.0  -9999.0  -9999.0  -9999.0  -9999.0  -9999.0  -9999.0  -9999.0  -9999.0  -9999.0  -9999.0  -9999.0  -9999.0  -9999.0  -9999.0  -9999.0  -9999.0  -9999.0  -9999.0  -9999.0  -9999.0  -9999.0  -9999.0  -9999.0  -9999.0  -9999.0  -9999.0  -9999.0  -9999.0
-9999.0  -9999.0  -9999.0  -9999.0  -9999.0  -9999.0  -9999.0  -9999.0  -9999.0  -9999.0  0.410959832153  0.393960792077  0.412971122588  0.405184675334  3.57266725489  4.08762584734  1.61454944692  0.524923059545  -9999.0  -9999.0  -9999.0  -9999.0  -9999.0  -9999.0  -9999.0  -9999.0  -9999.0  -9999.0  -9999.0  -9999.0  -9999.0  -9999.0  -9999.0  -9999.0  -9999.0  -9999.0  -9999.0  -9999.0  -9999.0  -9999.0  -9999.0  -9999.0  -9999.0  -9999.0  -9999.0  -9999.0  -9999.0  -9999.0  -9999.0  -9999.0  -9999.0  -9999.0  -9999.0  -9999.0  -9999.0  -9999.0  -9999.0  -9999.0  -9999.0  -9999.0  -9999.0  -9999.0  -9999.0  -9999.0  -9999.0  -9999.0  -9999.0  -9999.0  -9999.0  -9999.0  -9999.0  -9999.0  -9999.0  -9999.0  -9999.0  -9999.0  -9999.0  -9999.0  -9999.0  -9999.0
-9999.0  -9999.0  -9999.0  -9999.0  -9999.0  -9999.0  -9999.0  -9999.0  -9999.0  0.397424795075  0.807458385543  1.60019490183  0.792969244928  0.383993183278  0.752139760393  4.45054351843  7.15975768227  0.547713285581  -9999.0  0.389032776893  -9999.0  -9999.0  -9999.0  -9999.0  1.10471587409  0.567436604482  -9999.0  -9999.0  -9999.0  -9999.0  -9999.0  -9999.0  -9999.0  -9999.0  -9999.0  -9999.0  -9999.0  -9999.0  -9999.0  -9999.0  -9999.0  -9999.0  -9999.0  -9999.0  -9999.0  -9999.0  -9999.0  -9999.0  -9999.0  -9999.0  -9999.0  -9999.0  -9999.0  -9999.0  -9999.0  -9999.0  -9999.0  -9999.0  -9999.0  -9999.0  -9999.0  -9999.0  -9999.0  -9999.0  -9999.0  -9999.0  -9999.0  -9999.0  -9999.0  -9999.0  -9999.0  -9999.0  -9999.0  -9999.0  -9999.0  -9999.0  -9999.0  -9999.0  -9999.0  -9999.0
-9999.0  -9999.0  -9999.0  -9999.0  -9999.0  -9999.0  -9999.0  -9999.0  0.460171427911  1.28068577961  1.66170860457  2.04904443301  2.76594039516  0.360938522224  1.43828722271  1.78542173086  9.85968896743  0.406361997159  0.328708097258  0.733350544922  1.06557135927  0.34562027773  -9999.0  2.74938351171  2.24971722288  0.584180739135  -9999.0  -9999.0  -9999.0  -9999.0  -9999.0  -9999.0  -9999.0  -9999.0  -9999.0  -9999.0  -9999.0  -9999.0  -9999.0  -9999.0  -9999.0  -9999.0  -9999.0  -9999.0  -9999.0  -9999.0  -9999.0  -9999.0  -9999.0  -9999.0  -9999.0  -9999.0  -9999.0  -9999.0  -9999.0  -9999.0  -9999.0  -9999.0  -9999.0  -9999.0  -9999.0  -9999.0  -9999.0  -9999.0  -9999.0  -9999.0  -9999.0  -9999.0  -9999.0  -9999.0  -9999.0  -9999.0  -9999.0  -9999.0  -9999.0  -9999.0  -9999.0  -9999.0  -9999.0  -9999.0
-9999.0  -9999.0  -9999.0  -9999.0  -9999.0  -9999.0  0.46553635934  0.416066973897  0.393090266027  0.400939318513  0.4067845247  2.87403017499  6.02933195263  6.41184918952  6.66561090064  0.210873754626  10.4573108762  10.7892844016  0.671598613992  0.339203017321  1.3913810803  2.40772382739  0.403483337862  3.97533528852  0.352326106189  0.401372728084  0.362801153623  -9999.0  -9999.0  -9999.0  -9999.0  -9999.0  -9999.0  -9999.0  -9999.0  -9999.0  -9999.0  -9999.0  -9999.0  -9999.0  -9999.0  -9999.0  -9999.0  -9999.0  -9999.0  -9999.0  -9999.0  -9999.0  -9999.0  -9999.0  -9999.0  -9999.0  -9999.0  -9999.0  -9999.0  -9999.0  -9999.0  -9999.0  -9999.0  -9999.0  -9999.0  -9999.0  -9999.0  -9999.0  -9999.0  -9999.0  -9999.0  -9999.0  -9999.0  -9999.0  -9999.0  -9999.0  -9999.0  -9999.0  -9999.0  -9999.0  -9999.0  -9999.0  -9999.0  -9999.0
-9999.0  -9999.0  -9999.0  -9999.0  -9999.0  -9999.0  0.924671885439  1.35402582737  3.03308491232  4.19772030431  0.360811282381  0.376064895715  0.358066842721  1.04703301316  8.02576517742  0.258716726507  11.1101645996  12.3706163654  0.987900184463  0.644380959012  2.71694047029  0.333459352361  4.3034690953  0.664016879795  0.332138375678  0.72344352735  0.715924893479  0.3568032245  0.365170651243  0.358807518507  0.372064018182  0.746261840964  -9999.0  -9999.0  -9999.0  -9999.0  -9999.0  -9999.0  -9999.0  -9999.0  -9999.0  -9999.0  -9999.0  -9999.0  -9999.0  -9999.0  -9999.0  -9999.0  -9999.0  -9999.0  -9999.0  -9999.0  -9999.0  -9999.0  -9999.0  -9999.0  -9999.0  -9999.0  -9999.0  -9999.0  -9999.0  -9999.0  -9999.0  -9999.0  -9999.0  -9999.0  -9999.0  -9999.0  -9999.0  -9999.0  -9999.0  -9999.0  -9999.0  -9999.0  -9999.0  -9999.0  -9999.0  -9999.0  -9999.0  -9999.0
-9999.0  -9999.0  -9999.0  -9999.0  -9999.0  0.509391780369  0.976378873478  0.45985106634  0.886855964142  4.6319209197  5.40266178967  6.16741889672  19.9913958022  0.347473188893  8.36899732906  31.1108433773  31.3576092928  44.178071352  0.277059888302  0.952849468782  3.02833677578  0.308711786263  8.05852904257  3.43537934354  2.12075070269  1.7847334434  0.350428072086  1.06189348272  1.0684087268  0.712934306072  0.346213915599  1.1021685168  0.343366619239  0.340426299807  -9999.0  -9999.0  -9999.0  -9999.0  -9999.0  -9999.0  -9999.0  -9999.0  -9999.0  -9999.0  -9999.0  -9999.0  -9999.0  -9999.0  -9999.0  -9999.0  -9999.0  -9999.0  -9999.0  -9999.0  -9999.0  -9999.0  -9999.0  -9999.0  -9999.0  -9999.0  -9999.0  -9999.0  -9999.0  -9999.0  -9999.0  -9999.0  -9999.0  -9999.0  -9999.0  -9999.0  -9999.0  -9999.0  -9999.0  -9999.0  -9999.0  -9999.0  -9999.0  -9999.0  -9999.0  -9999.0
-9999.0  -9999.0  -9999.0  -9999.0  -9999.0  0.50972210518  1.46816280083  2.91893369261  3.35426049339  6.62229419917  7.02856040263  8.30721244247  13.4744091163  21.094925203  21.8247523756  22.164599763  0.600449884941  45.2713695112  45.8371658774  47.4104124217  59.7647880664  9.01031939955  8.3890684627  2.44795790301  0.322546624383  2.03855026652  1.38548318173  0.312666550539  1.39138855777  0.316757418244  0.652903702426  1.76593238412  2.09799476168  0.670122114358  0.325689767543  0.326323935977  -9999.0  -9999.0  -9999.0  -9999.0  0.500562177413  0.459167555486  -9999.0  -9999.0  -9999.0  -9999.0  -9999.0  -9999.0  -9999.0  -9999.0  -9999.0  -9999.0  -9999.0  -9999.0  -9999.0  -9999.0  -9999.0  -9999.0  -9999.0  -9999.0  -9999.0  -9999.0  -9999.0  -9999.0  -9999.0  -9999.0  -9999.0  -9999.0  -9999.0  -9999.0  -9999.0  -9999.0  -9999.0  -9999.0  -9999.0  -9999.0  -9999.0  -9999.0  -9999.0  -9999.0
-9999.0  -9999.0  -9999.0  -9999.0  -9999.0  0.48723032417  0.459427706631  1.93920323049  2.38434513743  2.8472120092  0.435644314989  0.861063251993  4.88509995998  0.893472538337  0.401092633434  0.362708300672  0.323132345682  0.367717339938  0.349930175101  0.353162630639  60.0978255548  61.0309773416  0.306992637957  0.944896980714  0.642019166116  2.35267574635  0.630732011258  0.305901518323  1.71799709205  0.619278150662  1.49490923913  3.69462319745  3.4157941487  0.9901826815  0.968282514925  0.330444191543  0.32788881113  -9999.0  -9999.0  0.329073609539  0.992498649605  2.40513144306  0.477965773038  -9999.0  -9999.0  -9999.0  -9999.0  -9999.0  -9999.0  -9999.0  -9999.0  -9999.0  -9999.0  -9999.0  -9999.0  -9999.0  -9999.0  -9999.0  -9999.0  -9999.0  -9999.0  -9999.0  -9999.0  -9999.0  -9999.0  -9999.0  -9999.0  -9999.0  -9999.0  -9999.0  -9999.0  -9999.0  -9999.0  -9999.0  -9999.0  -9999.0  -9999.0  -9999.0  -9999.0  -9999.0
-9999.0  -9999.0  -9999.0  -9999.0  -9999.0  -9999.0  0.509907259376  0.515454973441  0.956687116362  1.41574602546  3.17059083554  4.0492967474  4.49568812909  0.490483320525  0.359032134599  4.79374553831  5.86584071877  6.20227997797  7.60782752998  7.93142854707  0.320539315339  61.3544778504  62.8258343021  1.15604358327  0.0945647126661  2.59245499832  5.82778916688  2.31986837415  0.599147945395  0.301934801184  5.77901737028  4.00111656023  0.296146636203  0.301929012427  1.27519682545  0.970011925127  0.309235496465  0.305495029348  0.319297320305  0.64288344283  0.309480217441  2.91693870041  3.21278549804  0.284637033511  -9999.0  -9999.0  -9999.0  -9999.0  0.315495998258  0.301442032355  0.0956006238223  -9999.0  -9999.0  -9999.0  -9999.0  -9999.0  -9999.0  -9999.0  -9999.0  -9999.0  -9999.0  -9999.0  -9999.0  -9999.0  -9999.0  -9999.0  -9999.0  -9999.0  -9999.0  -9999.0  -9999.0  -9999.0  -9999.0  -9999.0  -9999.0  -9999.0  -9999.0  -9999.0  -9999.0  -9999.0
-9999.0  -9999.0  -9999.0  -9999.0  -9999.0  -9999.0  -9999.0  0.489032113897  0.396914139521  0.873412270718  1.33520216214  0.442601408723  0.401863209552  2.5158315595  3.29384365743  4.0874374457  0.370183705028  0.726709504972  0.358230050576  8.2642125943  18.9505799091  19.4321801494  83.0048001106  0.301704077281  0.307738824939  0.0934840648071  6.12148044422  0.295453354888  0.906030296777  0.297594367138  6.07106615716  6.36283305734  0.594728856381  0.596947208397  3.18448953622  1.59513735747  0.623265654338  0.316368294696  0.638532434599  0.957948064652  1.56062364416  0.291685228892  3.76672770056  4.01873175241  0.229721037855  0.243345657531  0.253462236539  0.233244374311  0.222465862565  0.875765832654  0.35092987005  0.226186478568  -9999.0  -9999.0  -9999.0  -9999.0  -9999.0  -9999.0  -9999.0  -9999.0  -9999.0  -9999.0  -9999.0  -9999.0  -9999.0  -9999.0  -9999.0  -9999.0  -9999.0  -9999.0  -9999.0  -9999.0  -9999.0  -9999.0  -9999.0  -9999.0  -9999.0  -9999.0  -9999.0  -9999.0
-9999.0  -9999.0  -9999.0  -9999.0  -9999.0  -9999.0  -9999.0  -9999.0  0.892661208206  1.25080290232  0.435846257426  0.890550703429  1.3075842596  2.14649701391  0.426916031785  0.406215018329  0.351401911845  0.355663721058  0.326261830141  10.0141034331  0.361991251041  0.70820685276  84.2191044432  85.0232623417  0.312012203821  0.926014463541  7.32782462397  0.582915906183  1.1771322512  0.555970097976  0.825803247874  7.50058415325  0.869190245983  4.62752525581  3.760727975  0.293757376438  1.5395662217  0.61904504215  0.93628902244  0.298132429828  1.85017041894  2.4076238709  2.62958550691  2.84168463084  4.88604932763  0.437045536233  0.45928797162  0.42574830019  0.402490303819  1.09487836878  0.234970879967  0.816928369638  1.03491560403  -9999.0  -9999.0  -9999.0  -9999.0  -9999.0  -9999.0  -9999.0  -9999.0  -9999.0  -9999.0  -9999.0  -9999.0  -9999.0  -9999.0  -9999.0  -9999.0  -9999.0  -9999.0  -9999.0  -9999.0  -9999.0  -9999.0  -9999.0  -9999.0  -9999.0  -9999.0  -9999.0
-9999.0  -9999.0  -9999.0  -9999.0  -9999.0  -9999.0  -9999.0  -9999.0  0.477526665013  2.19060768123  2.61425325506  0.423759200719  0.829226213362  0.404766792008  0.376916417265  0.370716121049  4.62348938041  6.13489466259  7.74790415406  9.49329907868  0.439098980508  0.352962178844  0.348149286746  86.8290148209  87.8221645365  88.1819023812  9.993333582  2.33711466593  2.04036344352  0.264049919411  1.08436683343  8.84952780268  0.263648166652  4.89506968616  0.288198733277  1.9950681602  1.84617179917  0.299150760189  1.23214443155  0.592708930352  0.880741209027  0.26265787821  0.20387990434  3.05150157135  3.24410932189  5.07817287779  0.663776883987  0.62169619201  0.595242233711  1.3398450674  1.81351389565  0.236135351966  1.26108255687  0.241102150733  0.461193628772  0.225198466212  -9999.0  -9999.0  -9999.0  -9999.0  -9999.0  -9999.0  -9999.0  -9999.0  -9999.0  -9999.0  -9999.0  -9999.0  -9999.0  -9999.0  -9999.0  -9999.0  -9999.0  -9999.0  -9999.0  -9999.0  -9999.0  -9999.0  -9999.0  -9999.0
-9999.0  -9999.0  -9999.0  -9999.0  -9999.0  -9999.0  -9999.0  -9999.0  -9999.0  0.490297874441  3.06053831161  3.47467258735  1.23553378802  2.04169941165  2.7953868499  3.17304820308  0.385955424304  1.15729155194  0.767253492875  0.393326307547  0.388149201966  0.349315669831  0.693157533253  1.17814656715  0.459890822851  99.028059778  99.3531141799  0.301363802744  0.240515473108  0.533528697198  0.797759270298  9.63244701139  0.521587998632  5.13941343561  3.06884668488  2.52667646111  0.287438267549  0.581649284138  1.50736646984  0.27415118536  1.14731347592  0.52555260377  0.309201213629  0.0833284191184  3.59383913872  8.83353448757  0.810933013666  0.772623269209  0.790660412208  0.20223542666  2.01482446603  0.196995315427  1.69735487725  0.217339902925  0.68086959156  1.05744732492  0.122245752904  0.125691862653  0.15578072552  0.168855152608  0.11061737936  -9999.0  -9999.0  0.0610859677348  0.0168460829478  -9999.0  -9999.0  -9999.0  -9999.0  -9999.0  -9999.0  -9999.0  -9999.0  -9999.0  -9999.0  -9999.0  -9999.0  -9999.0  -9999.0  -9999.0
-9999.0  -9999.0  -9999.0  -9999.0  -9999.0  -9999.0  -9999.0  -9999.0  -9999.0  -9999.0  0.416835496938  4.31541340636  0.404181363282  0.806771889318  1.17194884102  1.89312589057  0.366911786006  0.765361381998  0.375919577848  0.358138015152  0.341322103334  0.678599173838  0.30925502066  0.333800129679  0.679966205376  0.395091978164  99.7446506928  100.396037309  101.296636323  1.05811628336  0.266346975155  0.530738898157  9.90348125486  9.51968149377  3.6260447862  0.275827376894  1.14751637161  0.863699992577  1.78330982449  0.548874648107  2.20825466068  0.790387165502  0.51443427246  0.0262654270676  0.092000543157  9.02494327014  9.20603958953  10.9500638988  1.42061846584  0.416087659744  2.23047236676  2.6381924091  4.5293880669  0.427126003173  0.203726119749  1.20223804348  1.44504554833  0.120639776433  0.23236134447  0.431616085299  0.217975178422  0.107691283992  0.106831314141  0.108928249366  0.0340793806751  0.0159236218777  -9999.0  -9999.0  -9999.0  -9999.0  -9999.0  -9999.0  -9999.0  -9999.0  -9999.0  -9999.0  -9999.0  -9999.0  -9999.0  -9999.0
-9999.0  -9999.0  -9999.0  -9999.0  -9999.0  -9999.0  -9999.0  -9999.0  -9999.0  -9999.0  -9999.0  0.223530253128  4.76454968789  0.384478671235  0.743616911367  3.35605473629  0.373160381875  0.370042421762  0.338811477953  0.711177876362  0.352679976413  1.38221264342  2.00913658388  2.30406527694  0.960517455407  1.23427923635  0.313934217619  0.368148881523  0.383541815264  103.070810729  103.884187979  10.1451950801  10.0056248757  9.76500449973  0.50109772387  0.245643985346  1.40865768554  3.71616690982  2.04689608997  0.810896776042  3.2717212076  0.892603215312  0.650413217237  0.0534517654911  0.0227052434482  0.0265551760574  0.0502795177437  11.236102273  13.2203911075  0.201828057379  0.187949912624  0.202550443118  4.72870641739  5.34210004558  0.361486009923  0.131863826708  1.5001595657  0.142393043291  0.400779368732  0.894389468419  1.1975036475  1.4036523727  0.394980607728  0.199859678736  0.0775481763593  0.0350181870235  0.0870262928387  -9999.0  -9999.0  -9999.0  -9999.0  -9999.0  -9999.0  -9999.0  -9999.0  -9999.0  -9999.0  -9999.0  -9999.0  -9999.0
-9999.0  -9999.0  -9999.0  -9999.0  -9999.0  -9999.0  -9999.0  -9999.0  -9999.0  -9999.0  -9999.0  0.211060691306  5.26290161817  6.46314793334  0.364864691793  4.0814818188  0.347222389096  0.334602663602  0.678740040778  1.73522727124  0.340791389619  0.355076288525  0.307838722133  2.91846837369  3.2140463939  4.76517685096  5.33229308499  5.58973107907  5.88623539223  6.21923149016  110.460389684  121.072165647  131.540677899  131.819626815  0.23395283624  0.248212777971  4.23962899132  3.97998867516  0.259137651475  0.256534683981  3.51635039285  4.66153634829  0.196672555827  1.53043434171  1.4255743769  0.132979264494  0.0853169585287  0.147480534003  0.186224705212  13.5607758096  0.170403802987  0.538866422127  0.67883520625  6.35320265047  6.74774211004  6.97310532073  8.50249488463  0.0263160729212  0.0219818549314  0.0192935894628  0.0198009672167  1.48941568027  1.97524162265  0.0995362072107  0.186565172456  0.0632080631285  0.16214891998  0.0210546627245  0.0132534479733  -9999.0  -9999.0  -9999.0  -9999.0  -9999.0  -9999.0  -9999.0  -9999.0  -9999.0  -9999.0  -9999.0
-9999.0  -9999.0  -9999.0  -9999.0  -9999.0  -9999.0  -9999.0  -9999.0  -9999.0  -9999.0  -9999.0  0.435203434931  0.831797548455  6.85036312353  7.54518855842  0.350914145421  4.91918488562  0.299440006399  0.930112906022  2.04814373492  0.660924699667  0.31900986223  0.655985262551  0.28216694812  0.552654527161  0.276507744506  0.233842532516  0.140634368386  0.102493162915  0.0817175512342  0.0730903991079  0.132967103897  0.212069373957  0.316148008073  132.664695902  5.11481512968  4.66357442041  0.202559370224  0.748398538598  0.196108941641  0.168230125439  4.89935076979  7.12330210599  1.78544894272  1.37414650136  0.0782332596916  0.0315196003031  0.0275747267596  0.167160067357  13.9048924487  14.2445060466  0.176361019415  0.182140932662  0.109182914991  0.0363473151603  0.0655299052847  8.59393151906  8.64701602229  8.69897882685  0.0501384183796  0.0306970904061  0.0230477201531  2.01139743414  2.15124803627  0.225104236433  0.0685076989191  0.232644805306  0.05515935675  0.0255565199488  -9999.0  -9999.0  -9999.0  -9999.0  -9999.0  -9999.0  -9999.0  -9999.0  -9999.0  -9999.0  -9999.0
-9999.0  -9999.0  -9999.0  -9999.0  -9999.0  -9999.0  -9999.0  -9999.0  -9999.0  -9999.0  -9999.0  -9999.0  0.37288868701  5.07077968859  12.9802645971  14.0747289503  19.3721918151  19.8569386121  4.74188901615  3.3543402493  0.985599053084  0.31539599776  1.27986808156  1.58381284351  2.4170799583  0.563619317346  0.508222397132  0.418943435753  0.793283204941  0.349884773411  0.318506176766  0.150368031575  0.0350725496423  0.0618581391671  132.929537532  138.271639187  138.546388385  0.204864413065  2.02471315476  0.863030644456  0.253231917409  7.89308750238  0.536086963823  0.274927255621  1.06963262713  0.170943624726  0.150207389171  0.282949107987  0.426575253308  0.592092970745  14.5375011317  0.139534681597  0.125459621638  0.125727650763  0.0816547880222  0.028176102665  0.104984832172  0.115853752732  8.85648634842  9.05386378174  0.121981716899  0.0599506391661  0.0386379426189  0.0284145010757  2.5080969708  3.36824108759  0.704409682245  0.2419032193  0.103466309254  -9999.0  -9999.0  -9999.0  -9999.0  -9999.0  -9999.0  -9999.0  -9999.0  -9999.0  -9999.0  -9999.0
-9999.0  -9999.0  -9999.0  -9999.0  -9999.0  -9999.0  -9999.0  -9999.0  -9999.0  -9999.0  -9999.0  0.405445229549  3.8705062306  4.68974889864  0.746750637495  0.23813252051  0.527959991744  20.7122570563  21.109916621  26.3186906213  0.289076378922  0.601934295416  0.273249349431  0.277484758016  2.69154427479  3.52908240978  4.30062957839  0.258219025837  1.05365699684  1.65920022208  0.95977852128  0.397672169729  0.202298877973  0.120262015358  0.137225699244  0.0910568538126  138.767499914  138.951483731  141.313363261  0.438505921993  0.230754440281  8.21873942663  0.576777845556  0.294431137806  0.310897965883  0.308044239909  0.284341465572  0.439837371028  1.36689292402  2.13824491564  16.819440689  0.110619031384  0.333178227769  0.225913354933  0.174122428565  0.0930655503751  0.0648697629768  0.0270158973152  0.0144956536859  9.07988713188  0.0131856019293  0.0502267352813  0.0201093738268  0.0226316852356  0.0643598287592  3.45713864608  0.134857332297  0.0289288791136  0.0478306256955  0.0203610534349  -9999.0  -9999.0  -9999.0  -9999.0  -9999.0  -9999.0  -9999.0  -9999.0  -9999.0  -9999.0
-9999.0  -9999.0  -9999.0  -9999.0  -9999.0  -9999.0  -9999.0  -9999.0  -9999.0  -9999.0  -9999.0  0.415609955344  2.6947033665  0.420923222659  0.367189160622  1.90555300654  2.23001945624  2.55856144275  2.86955148899  35.1273545046  35.4004606207  35.9660039427  39.9552183066  40.6878618066  41.0583871162  41.3402208873  45.993450039  46.534118898  46.7962899648  48.706108645  49.9401956225  50.1903652169  50.7564544013  0.354481887921  0.226195214335  0.027235353268  0.0466457560878  139.129047168  142.113357015  0.636208247606  9.90126594026  9.65703645652  1.10089696503  0.26588456945  0.270842587596  0.264399318607  0.261213928349  0.52413375013  0.748286288284  0.211711104834  16.9582488963  17.1045733347  17.7920565643  17.9155727185  18.206900113  18.4100489819  0.0874335609847  0.0819771265947  0.0362899978643  9.10298227791  9.13518008069  9.20623616805  9.27759679503  0.0373853611596  3.79081276482  3.66433609754  0.103968319268  1.70843218005  1.66937702936  0.067431176267  0.044631184967  -9999.0  -9999.0  -9999.0  -9999.0  -9999.0  -9999.0  -9999.0  -9999.0  -9999.0
-9999.0  -9999.0  -9999.0  -9999.0  -9999.0  -9999.0  -9999.0  -9999.0  -9999.0  -9999.0  -9999.0  1.39516107942  1.84090030851  0.843950882578  1.23877059247  0.388498985514  4.40667930547  4.74915200408  5.42769873585  5.62341553183  2.17645378074  38.5522502932  38.795403592  0.169254680802  0.0890164091997  0.0515520552743  0.157185108154  0.0700158073277  0.0356578553875  0.0338615906948  0.0591465942985  50.3193120102  50.9197100305  51.551394205  52.0225984857  52.2256138175  0.0667703989283  0.0345077416579  152.584297215  10.3126735638  10.1576518193  0.242249779162  0.232042589312  0.217467639233  0.495271067142  0.489433397604  0.229818920021  0.230911415744  0.215121320544  0.423663516457  0.562669209437  0.105906749762  0.194700612237  0.0656147054546  0.014204606326  18.4370668655  18.5731582305  18.7288761956  18.8499205213  18.9164207337  18.9576113055  18.9739685285  0.0164124984624  9.40160564971  0.0863956663433  5.7392745017  1.85126439306  0.161916066097  1.58038405056  1.3894253702  0.0541085438798  -9999.0  -9999.0  -9999.0  -9999.0  -9999.0  -9999.0  -9999.0  -9999.0  -9999.0
-9999.0  -9999.0  -9999.0  -9999.0  -9999.0  -9999.0  -9999.0  -9999.0  -9999.0  -9999.0  -9999.0  -9999.0  0.945141971588  0.436760065805  0.39738932598  3.72385872696  4.07818405731  0.357008297413  1.39457921759  1.70086072283  1.92963605333  0.273975996523  0.201253928818  5.36803139435  5.52930786469  5.66439708117  15.6409300331  15.7061351647  15.7736949225  16.6462046599  16.8639975605  16.8937208605  0.0317585492261  0.0337170079781  0.0585512423129  52.4884543533  0.0864149042257  154.473201121  154.296303516  1.58069526803  1.40578910415  0.931845189109  0.233894704704  0.43333619388  0.718919271862  0.713731626137  0.450928159361  0.223138337972  0.434328021195  0.429277733903  0.75393643809  0.128702827287  0.307872176425  0.494407402306  0.523471308488  0.53886167553  0.0147619952283  0.0149041796406  0.0152669831788  0.0155871365719  0.0208587493405  19.0070559692  19.0767505063  28.4968029573  28.5297893974  6.37622508901  0.543611696395  0.376374427638  0.106486864839  1.29687000185  1.25088653616  -9999.0  -9999.0  -9999.0  -9999.0  -9999.0  -9999.0  -9999.0  -9999.0  -9999.0
-9999.0  -9999.0  -9999.0  -9999.0  -9999.0  -9999.0  -9999.0  -9999.0  -9999.0  -9999.0  -9999.0  -9999.0  0.488847585495  1.32389662276  1.72433021879  2.95218029699  0.358571834441  0.724989926277  1.07052418996  4.14506748044  4.36773704625  4.44887634134  4.67937658806  4.97070039902  8.69586449671  9.5407699569  9.87708910739  0.0654847284595  0.79713458736  0.843711065704  16.7462793767  16.9331341299  17.0122475522  17.0947861257  17.1845910433  69.8099079735  0.176055541763  154.927369793  0.106858669492  0.0309781634172  1.17801752936  1.09188453559  0.120720011482  0.62597868797  0.917264274948  0.906584458801  0.633470316358  1.039690636  1.64308413344  0.612687122623  1.53881970673  0.106458159698  0.149607346558  0.0108610305009  0.00916202736525  0.565319939436  0.574071405474  0.0252187172487  0.0271189957296  0.0433044501497  0.0155811553496  0.0214603557825  0.0592540762354  40.4196653254  40.379036545  11.7527613784  0.150478860139  0.913996056518  0.722820229221  0.475804333638  1.21870009656  0.87877948897  -9999.0  -9999.0  -9999.0  -9999.0  -9999.0  -9999.0  -9999.0  -9999.0
-9999.0  -9999.0  -9999.0  -9999.0  -9999.0  -9999.0  -9999.0  -9999.0  -9999.0  -9999.0  -9999.0  -9999.0  0.444292767107  0.883576001767  0.411650332948  0.829410703553  0.366525409682  2.77082150262  3.45742386599  3.81778088362  0.326281310575  0.591613486234  6.70188561542  8.186955222  8.43841545171  0.572377644223  0.554846166112  0.722047474062  0.0382665380707  0.0336920924431  0.0631461264817  0.0581743020607  12.7387290061  12.8319561552  12.9053894336  70.0703090877  155.754097342  154.969009402  0.0422687480046  0.0197319761302  0.0173850318653  0.160749266289  0.144611090012  0.67705666958  1.05054060237  2.15684942662  0.199596043473  0.198899007275  1.7795659803  1.91529426929  3.73034145276  3.79669154258  3.95819432408  3.97885429212  0.0191730794894  0.0297264471607  0.612742129732  41.9278800331  41.2657961634  41.2035789071  41.0561037765  0.0318678853156  40.8194962107  0.109975225375  0.0678783833259  5.20035277637  1.41870333381  1.36576895823  0.250644757773  0.274091688953  0.23537939535  0.81964774219  -9999.0  -9999.0  -9999.0  -9999.0  -9999.0  -9999.0  -9999.0  -9999.0
-9999.0  -9999.0  -9999.0  -9999.0  -9999.0  -9999.0  -9999.0  -9999.0  -9999.0  -9999.0  -9999.0  -9999.0  -9999.0  0.418257718559  0.838237404492  1.26208292605  2.02182636036  0.389985489938  0.354251809036  3.18844078533  3.51083565794  6.22537225102  6.55979859062  0.945567027482  0.317141429528  0.2870494861  0.264578667519  12.3754634025  12.4815945941  12.5325718943  12.5651618053  12.66528233  1.21530555594  1.34131155571  14.3450488707  240.315751796  0.513297617357  0.324736992788  0.0954722576242  0.0339225612708  0.0187283553345  0.195748652568  0.20820957469  0.707519094105  0.0153563208135  2.1874160568  0.276036227294  0.267589202781  0.0170709472211  0.00988247208322  0.00926042605468  0.0297542447145  0.0102400121153  3.99161959543  48.731189268  44.6875526521  44.5308792597  41.9844944008  0.0176292573598  0.0545417099172  0.0370052412088  40.8913045538  0.133435135532  0.0548610842425  0.091966372794  0.0834611164327  3.65720303486  3.51197370727  0.47197141961  0.243233422175  0.304546512371  0.303212344345  -9999.0  -9999.0  -9999.0  -9999.0  -9999.0  -9999.0  -9999.0  -9999.0
-9999.0  -9999.0  -9999.0  -9999.0  -9999.0  -9999.0  -9999.0  -9999.0  -9999.0  -9999.0  -9999.0  -9999.0  -9999.0  -9999.0  0.399645065155  0.976596365327  1.54413298184  2.12331825929  2.48089169267  2.84931598162  1.07230731971  1.78140052346  0.334195370354  0.32233997905  10.9240493105  11.555553825  11.8503399763  12.1599636381  0.20135435702  0.325955272366  0.933120371081  1.00650960149  1.09035645256  0.145922641378  0.153936024563  240.893055108  0.202457892253  0.167276246472  0.080157699793  0.219919480689  0.101156315967  0.0625735863523  0.960415941625  1.04061027495  0.0354027775312  2.23640567323  2.52265497715  0.278732649076  49.8536818936  49.8251203008  49.8022776043  49.716414525  49.6547592142  48.934175618  48.863924979  0.115504921758  2.49992098603  2.40200082341  2.33391358456  2.31720543243  1.66753798795  1.64983420583  1.60570272133  0.628726039117  0.592790758041  0.402558071336  0.0913203815074  3.35796624451  2.95725997754  0.221571615351  0.442861844528  0.200170724114  -9999.0  -9999.0  -9999.0  -9999.0  -9999.0  -9999.0  -9999.0  -9999.0
-9999.0  -9999.0  -9999.0  -9999.0  -9999.0  -9999.0  -9999.0  -9999.0  -9999.0  -9999.0  -9999.0  -9999.0  -9999.0  -9999.0  0.192626047762  0.420412531589  0.586960305979  6.22921605456  6.60085112557  0.376166908675  0.361851639906  0.357942335125  9.6207935668  10.2994180288  0.32735287869  0.340638425434  0.284951558857  1.1749185646  1.46413081589  0.619830548134  0.76288330054  6.6707820159  6.83207879688  7.25335757195  11.2753477364  252.341917814  0.212506427866  0.0692216417121  0.383924713517  0.302435587671  0.0659419950928  0.196634263211  0.258231983797  1.10887651659  1.1687892992  3.80429793181  2.55734338669  0.307133730366  50.8558897191  0.46566775288  49.7761496986  49.7483365173  0.668929794123  0.100918185577  0.0389290915106  0.0203210002899  0.0316772058625  0.05592645679  0.0286610503081  0.634571066575  0.548498005748  0.0301410959539  0.952869356428  0.158134163518  0.117883691348  0.303789933958  0.147577133377  0.334272318858  2.30612550156  1.96147032802  0.183955889976  0.288608337533  0.144388172082  -9999.0  -9999.0  -9999.0  -9999.0  -9999.0  -9999.0  -9999.0
-9999.0  -9999.0  -9999.0  -9999.0  -9999.0  -9999.0  -9999.0  -9999.0  -9999.0  -9999.0  -9999.0  -9999.0  -9999.0  -9999.0  0.96040774579  1.58790339885  3.18899222492  5.71632762512  7.20925723514  8.2176883631  8.58313588539  8.95044382619  9.30387684894  0.331298680965  0.307204135783  0.604955913609  0.585083619189  0.304337265778  5.79737022313  6.08042243229  6.3442301868  6.58573656308  3.41440372973  3.49865206568  3.80397959877  252.490982509  0.394728492264  0.205039919944  0.64882756229  0.0783606611125  0.168383248894  0.0990581579716  0.0568848107739  0.334302572927  0.0470324631825  0.04916311759  54.9384746701  51.0952222979  51.0443080454  0.197017172849  0.44241897896  0.26216540688  0.0407084283893  0.479874116023  0.092811357074  0.0769545713931  0.0597220289515  0.0430239597813  0.0258585648591  0.0644550979138  0.523050466914  0.446609898745  0.374360190672  0.750350937522  0.721394442618  0.697540867399  0.0800299384227  0.183326889315  0.162948710734  1.40020111176  1.1212847913  0.704273209767  0.11620965329  -9999.0  -9999.0  -9999.0  -9999.0  -9999.0  -9999.0  -9999.0
-9999.0  -9999.0  -9999.0  -9999.0  -9999.0  -9999.0  -9999.0  -9999.0  -9999.0  -9999.0  -9999.0  -9999.0  -9999.0  -9999.0  0.667687053865  0.653459915072  1.29010219155  1.91999570651  0.498710927434  0.422372206119  0.79351282197  1.15924270021  1.85768535851  2.20400168245  2.5213947466  3.45123160229  3.74560813248  4.06133204491  0.290850517071  2.89707901727  3.10855749741  3.23091749925  0.0563745953604  0.0204651496228  0.059320735762  256.323115053  256.465955951  257.108026246  0.89695673268  0.17116790593  0.252265024677  0.0563957058924  0.104586767437  0.389096997214  0.478422903421  0.0906169130894  55.1858679986  0.0920412695249  0.114452527747  0.120446483841  0.112321107898  0.175426042531  0.0755209002544  0.37073120387  0.237595512318  0.153003453182  0.0750768024099  0.0536251648341  0.0310763394835  0.0375833182866  0.046953078338  0.0476833056531  0.343943237124  0.266297875699  0.191593842142  0.106729931915  0.656984696785  0.516853377404  0.186199093816  0.199401581783  0.131757636543  0.328798633868  0.163797062193  -9999.0  -9999.0  -9999.0  -9999.0  -9999.0  -9999.0  -9999.0
-9999.0  -9999.0  -9999.0  -9999.0  -9999.0  -9999.0  -9999.0  -9999.0  -9999.0  -9999.0  -9999.0  -9999.0  -9999.0  -9999.0  -9999.0  0.638452368231  1.25262825474  0.581042879752  1.18463708598  7.2569945242  7.69718310873  8.05324798347  0.344258772894  0.348537852701  0.666296151441  0.98545052276  1.56538665678  1.86287256045  2.05010450261  2.32523251971  0.219164625162  0.157467642415  3.38547513036  3.41162451044  3.50079565724  3.62078373476  3.36177184366  260.969465372  262.572987143  262.661969822  262.994539137  263.334508923  263.504510567  0.0494426187294  0.522609220445  55.2348062812  0.109398430873  0.0561069347006  0.0842942564282  0.0839130972454  0.136634895161  0.0946932634114  0.0556047776904  0.082598232349  0.0630248483985  0.0600585192027  0.0228785416266  0.0164933205771  0.0686587454337  0.0503599054122  0.0284579767129  0.0277373648412  0.0344557540536  0.0374325642521  0.04485042546  0.0593554242946  0.0693195807815  0.254606169037  0.0647928019912  0.307388811207  0.137412461852  0.120024263255  -9999.0  -9999.0  -9999.0  -9999.0  -9999.0  -9999.0  -9999.0  -9999.0
-9999.0  -9999.0  -9999.0  -9999.0  -9999.0  -9999.0  -9999.0  -9999.0  -9999.0  -9999.0  -9999.0  -9999.0  -9999.0  -9999.0  -9999.0  -9999.0  1.86230943971  2.46758872295  4.27655914552  5.4819499143  0.591083280911  9.04786666392  9.38844649122  9.72000273691  0.329581975728  0.64689999102  0.291313947013  2.16291877626  2.32919218839  2.58063283132  2.81574616809  3.31191296135  3.35243127511  0.032171853332  2.84338469976  3.09726021601  3.24310947679  3.716915827  0.574315379164  0.348097134674  0.182657368007  0.175019379824  263.704523742  263.795406704  264.747734709  55.2885984383  0.331553446339  0.177516837928  0.125936889124  0.0330320146415  0.33759554151  0.158041136567  0.0513344362011  0.275404104089  0.232130740486  0.0384924915763  0.133640814273  0.121639112712  0.0896512424645  0.0186014309098  0.0589465199333  0.0440512296472  0.0185464731865  0.0507095743719  0.03202569715  0.0457989435278  0.0472211038751  0.0273331276275  0.0946339405474  1.32327445471  0.839814974777  0.532333084539  0.233563025118  -9999.0  -9999.0  -9999.0  -9999.0  -9999.0  -9999.0  -9999.0
-9999.0  -9999.0  -9999.0  -9999.0  -9999.0  -9999.0  -9999.0  -9999.0  -9999.0  -9999.0  -9999.0  -9999.0  -9999.0  -9999.0  -9999.0  -9999.0  0.647635677307  3.08613284924  3.70658954685  0.599081514545  0.372336231105  0.757281374662  1.11692166523  11.1791256085  0.326120181513  1.30953720029  1.609693319  1.90151549293  0.174444585435  0.407443034255  0.488489166077  2.24704405181  2.44339927252  2.55996945853  0.12634117785  0.110523271175  0.111583439073  0.205252723113  0.0806345417774  0.0855471774169  0.133183680726  0.117767335866  0.133627723164  0.36396738395  264.843740274  320.36847976  0.412642515198  0.0938260869695  0.0377990847725  1.0084318524  0.935444853692  0.540318826662  0.479537927296  0.347828910921  0.085474880847  0.0584220153664  0.14561482169  0.0645028227931  0.0513237115983  0.0156622021325  0.0929893584809  0.188505198951  0.123793359015  0.0759170777239  0.0298300015004  0.136701041032  0.107263003234  0.0663093391641  1.62973218322  1.60350798674  0.158364731734  0.144485250571  0.134512638513  0.12337709688  -9999.0  -9999.0  -9999.0  -9999.0  -9999.0  -9999.0
-9999.0  -9999.0  -9999.0  -9999.0  -9999.0  -9999.0  -9999.0  -9999.0  -9999.0  -9999.0  -9999.0  -9999.0  -9999.0  -9999.0  -9999.0  0.588347508211  1.83325852258  0.598521902255  0.520358262546  0.411442144589  0.787309391948  1.15173756729  1.5732025427  13.2766192435  13.5942796402  0.325481992804  0.62835580424  0.9342800245  1.15038936213  1.33609326633  1.86768668825  2.1305432321  0.0441571548027  0.0977990187611  0.10766528078  0.136998900426  0.139273083341  0.150416698232  0.129334845913  0.162831924663  0.53860932894  0.254421998275  0.118816923927  0.117095825895  0.0822109384793  0.15108916525  323.915545896  3.03342998985  1.30475872579  0.187827173972  0.0921856405964  0.0555012333155  0.165676480169  0.102654616349  0.0476329543423  0.0471197403071  0.231439399836  0.311540687794  0.336518347703  0.0115767530932  0.350704163937  0.232761235767  0.0202273775724  0.0176110181997  0.0639927027786  0.40928549706  0.195862354098  0.125388814249  1.70210368382  0.0858127333934  0.102134331949  0.528223672213  0.26957681839  0.464482169839  0.206755919043  -9999.0  -9999.0  -9999.0  -9999.0  -9999.0
-9999.0  -9999.0  -9999.0  -9999.0  -9999.0  -9999.0  -9999.0  -9999.0  -9999.0  -9999.0  -9999.0  -9999.0  -9999.0  -9999.0  0.624390140203  1.19430037584  4.2103891589  0.583257720921  1.12508837209  1.52621382352  1.90482230395  0.388895871189  0.732927813561  1.23046506453  15.3122565394  0.311117619487  0.599253950586  0.891090153506  0.272926588418  0.526821258722  0.565389564201  0.77592797574  24.5388442177  24.7572855782  24.9805246302  25.9556041873  26.3714504784  27.1658130683  0.205648434055  0.471514848955  0.644929809296  29.5853604534  29.7842643414  0.10717647113  0.163659800734  0.219103281531  324.038342078  2.86874557274  1.30385662957  1.18834139253  1.07795721164  0.984727622668  0.219186597385  0.0596564974458  0.0959704941285  0.0422559098141  0.0422231521436  0.05917946736  0.353414403078  0.74316615464  0.378347944951  0.0540742178953  0.0377941674826  0.0369710397487  0.681423292395  0.557642583454  0.0878435298404  2.00478112248  1.78943545009  0.164827876116  1.00662027248  0.634730161725  0.71784440271  0.607062880472  0.135362027527  -9999.0  -9999.0  -9999.0  -9999.0  -9999.0
-9999.0  -9999.0  -9999.0  -9999.0  -9999.0  -9999.0  -9999.0  -9999.0  -9999.0  -9999.0  -9999.0  -9999.0  -9999.0  -9999.0  0.622838541703  1.89897091069  6.73060986228  9.98703491749  0.536838946984  13.0388862997  15.5009000087  0.368315437595  0.711795204654  1.17325379143  18.7802494157  19.207721819  0.258589545867  1.40990695983  1.6537103469  1.82954821561  23.2638830881  23.4723766533  23.6974887171  0.121931227872  0.701353402881  0.832003750878  0.365690661434  0.523510378671  27.9142788455  28.6190441072  28.7453512998  28.8650608076  29.9324288054  0.0721011974944  0.0629385421105  0.339838451386  324.151048273  0.137175078888  0.0051121113077  0.0147297551086  0.00659743349488  0.845509632332  0.818335721756  0.495971611822  0.334416705491  0.127123170934  0.0477511157118  0.0815554068901  0.0114826085863  0.757266687028  0.0808183370741  0.0665414943194  0.0119669527077  0.0509275549881  0.706396477346  0.0143980500834  0.0144463488381  2.03280810291  0.0460685432746  1.16662955536  1.09946064944  1.00904737785  0.926890973402  0.100511023834  0.37404012575  0.120076103124  -9999.0  -9999.0  -9999.0  -9999.0
-9999.0  -9999.0  -9999.0  -9999.0  -9999.0  -9999.0  -9999.0  -9999.0  -9999.0  -9999.0  -9999.0  -9999.0  -9999.0  -9999.0  -9999.0  -9999.0  1.3276761881  2.67105451134  11.8423646224  12.4859826387  16.0762812617  16.6462321256  0.364230671536  0.727790880839  1.81443961387  19.678543174  20.2479361585  20.4685975084  0.182776271772  21.1732586014  21.3667314368  0.142513843212  0.123638112634  0.243736277757  0.473785786334  0.113002380989  0.227149535891  0.512705943495  0.638437484006  0.12014642942  0.083657066733  0.166330041534  30.5561597157  30.7590794955  30.8145086077  31.3099314098  324.248572772  0.105971224497  0.0026204396952  0.0033719907233  0.00344580985836  0.00362676272557  0.00309860878934  0.00547598289021  0.0623343938334  0.125726936576  0.0608665389456  0.0506136009161  0.151205224558  0.935742510649  1.03619030215  1.0540059824  1.13174553759  0.0133885707099  0.720929171424  0.0553937915074  0.0262530189693  2.05026454402  2.11463234543  1.21816469911  1.3012220216  1.11179381438  0.701256866716  0.606724297309  0.505104758078  -9999.0  -9999.0  -9999.0  -9999.0  -9999.0
-9999.0  -9999.0  -9999.0  -9999.0  -9999.0  -9999.0  -9999.0  -9999.0  -9999.0  -9999.0  -9999.0  -9999.0  -9999.0  -9999.0  -9999.0  -9999.0  0.695559078913  0.681850170506  0.666277429243  1.27874805479  0.565603322387  17.7761146645  18.3027632751  0.388924437012  0.726514813002  0.325317324004  0.270592395639  0.262606585927  20.8528733637  0.0477099706773  0.0958765709698  0.100893891771  0.13340490283  0.117489116237  0.0938600086879  0.0973932139245  0.297374722834  0.406873413849  0.0811934665228  0.0727921405898  0.156311055058  0.258384934774  0.342880891552  0.0985727914566  30.9010621188  31.3722308007  324.326703865  0.224691188677  0.00792036689623  0.00141045200647  0.00448629383936  0.00108748972694  0.000800580018843  0.00641791110774  0.287218938853  0.169361668667  0.0339923527499  0.0297417632765  0.060787679469  0.0284584703222  0.0130308518447  0.0153926884537  0.0182721953582  1.99108583576  0.791024157574  0.0138194358435  0.0237756348184  0.0111225140264  5.7273988743  3.59842989694  3.57270782075  1.18438389956  0.874401078076  0.0821367089828  -9999.0  -9999.0  -9999.0  -9999.0  -9999.0  -9999.0
-9999.0  -9999.0  -9999.0  -9999.0  -9999.0  -9999.0  -9999.0  -9999.0  -9999.0  -9999.0  -9999.0  -9999.0  -9999.0  -9999.0  -9999.0  -9999.0  -9999.0  -9999.0  0.674869625172  1.89920586507  2.44591853968  3.00138171733  18.840799349  19.3732229231  19.8835087165  20.3605452652  20.6168083472  21.1455069906  21.2016939904  21.2409555542  21.3035306449  0.118121120902  0.111874015962  0.116290670957  0.409572907627  0.107567585305  0.102868389172  0.0825088007862  0.240946050916  0.0945351138296  0.0743606882691  0.0691230855268  0.0613226679862  0.122383915077  0.17419181234  31.7299747122  356.358953156  0.105543838647  0.190967651386  0.000895295224197  0.00580839417491  0.00282386047565  0.00161410702181  0.517883395503  0.47162982971  0.12181662779  0.0628548183117  0.119260341277  0.0307255115042  0.0593936191445  0.0283299412542  0.0427296913997  0.0158908602125  0.0218708861866  2.00903141013  2.06280770282  6.42497574544  6.39319094229  6.37471821406  0.0226974230261  1.00416314281  0.976413767225  0.0734368809973  -9999.0  -9999.0  -9999.0  -9999.0  -9999.0  -9999.0  -9999.0
-9999.0  -9999.0  -9999.0  -9999.0  -9999.0  -9999.0  -9999.0  -9999.0  -9999.0  -9999.0  -9999.0  -9999.0  -9999.0  -9999.0  -9999.0  -9999.0  -9999.0  -9999.0  -9999.0  0.576643467172  4.51215437315  8.74110124237  9.3121616995  0.580743580357  0.979729685989  1.32275103768  1.61134770259  3.48610903366  3.60190641296  0.115936536074  0.112860728871  21.5530870339  21.7763432412  21.8809830684  0.492400901762  0.0766155015379  0.185632908585  0.27248102313  0.804245715822  0.985068710248  1.12967839226  0.132728594604  0.18565552621  0.0632330476718  0.125347597945  0.0644519005574  356.487619921  0.0881639603994  0.362523066433  0.0815076005071  0.11871793513  0.493476462314  0.538523924445  1.10355579196  0.417477089719  0.359615230171  0.214510519691  0.192897575063  0.0506078932752  0.0791242519378  0.0685287239894  0.0511349018408  0.0071288915832  8.77356802483  8.71388589081  8.68017553022  6.51731673444  0.0348886698202  0.589881299496  0.426174063932  0.289548491462  0.181460358084  0.03150797613  -9999.0  -9999.0  -9999.0  -9999.0  -9999.0  -9999.0  -9999.0
-9999.0  -9999.0  -9999.0  -9999.0  -9999.0  -9999.0  -9999.0  -9999.0  -9999.0  -9999.0  -9999.0  -9999.0  -9999.0  -9999.0  -9999.0  -9999.0  -9999.0  -9999.0  0.631878191974  2.00960093027  3.94598982508  5.16104890296  13.0496315306  13.6337755032  0.718808139818  1.05909955461  1.35519461479  1.63271144819  3.6736634337  3.88872261962  6.40737354483  6.61424742428  6.73040144813  21.9862339741  22.7507389039  0.18104073429  0.116132266102  0.110968027208  0.212952905514  0.0976917450528  1.31803256874  1.3881417543  0.245442589542  0.322279825943  0.0708628704618  108.687668955  108.826242094  465.414454971  465.909410493  0.0961086501744  0.330329805964  0.125605144178  0.0923024309798  1.24417934928  1.71076912096  0.308114395646  0.243589232624  0.0491678744341  0.0263826185172  0.104466095858  8.93745775978  8.8490721102  8.83195787475  8.81223836157  0.0522904229526  0.0352079028419  0.0340259227846  0.0386255260861  0.130829249075  0.0888741613781  0.0859139521234  0.131798924222  0.0415997504732  -9999.0  -9999.0  -9999.0  -9999.0  -9999.0  -9999.0  -9999.0
-9999.0  -9999.0  -9999.0  -9999.0  -9999.0  -9999.0  -9999.0  -9999.0  -9999.0  -9999.0  -9999.0  -9999.0  -9999.0  -9999.0  -9999.0  -9999.0  -9999.0  -9999.0  -9999.0  0.719269306557  0.701424419353  1.33484435074  3.1704462246  14.212264719  0.37137104386  0.366549540871  0.667481442425  0.973171600195  2.13288638277  2.23028023151  0.0712200936906  0.135943120909  6.87863654804  6.99243970025  29.8524768073  29.9517971989  0.0714933041558  0.064190990497  0.0542316590977  0.054738173686  0.057026421986  107.305700891  107.759642764  108.16671784  108.318424275  108.611899662  0.0763851266517  0.282948290978  0.347277435529  466.420968948  466.492126412  466.640176886  466.739309071  466.82234129  1.78406139051  0.0249232605251  0.0973733691471  0.0770682348849  0.0202718753972  0.124629370134  8.99757186505  0.0345325202068  0.0115179272754  0.119067285612  0.10852558592  0.0899487998609  0.0693510585836  0.0406726761862  0.0528012435857  0.0487776011694  0.0446684832599  0.0486395517288  -9999.0  -9999.0  -9999.0  -9999.0  -9999.0  -9999.0  -9999.0  -9999.0
-9999.0  -9999.0  -9999.0  -9999.0  -9999.0  -9999.0  -9999.0  -9999.0  -9999.0  -9999.0  -9999.0  -9999.0  -9999.0  -9999.0  -9999.0  -9999.0  -9999.0  -9999.0  -9999.0  -9999.0  0.65056116317  0.676846274348  1.25766849609  16.6861560637  17.2384691923  0.359986522128  0.661930710098  0.97302326367  1.08442221242  0.0832094627694  0.226729442152  32.7524497329  32.8767006784  32.998764465  33.9121252825  63.9757491015  104.554372171  104.721416553  104.873615185  105.020185235  105.644959173  105.844267612  0.375560389212  0.169119615641  0.0996467585967  0.18740717022  0.141707825771  0.223795371196  0.0697911920542  1.65004582084  1.89892694929  2.12406829501  2.15492016693  466.877192538  468.748537308  468.955706717  0.132079703133  0.0239043917429  0.187847833089  0.148741612427  9.04839261624  0.0259547554889  0.395273548762  0.261703007914  0.246748460737  0.16826774195  0.0768203307431  0.0593591176448  0.0318636773834  -9999.0  -9999.0  -9999.0  -9999.0  -9999.0  -9999.0  -9999.0  -9999.0  -9999.0  -9999.0  -9999.0
-9999.0  -9999.0  -9999.0  -9999.0  -9999.0  -9999.0  -9999.0  -9999.0  -9999.0  -9999.0  -9999.0  -9999.0  -9999.0  -9999.0  -9999.0  -9999.0  -9999.0  -9999.0  -9999.0  -9999.0  -9999.0  0.667307660908  1.27873158762  1.89224356969  17.7447689122  0.462130497338  23.6913880337  24.0172691053  24.1015786066  24.2484755927  32.1698080067  32.35816228  0.136367175457  0.674233183703  0.814678981718  0.133571093978  40.4120154848  40.1676216907  0.0798116955124  0.185109698792  0.494216099469  0.108172397818  0.115906272977  0.0873523073868  0.0747770122992  0.058069371717  0.0682447459639  1.42100726858  1.49290689532  1.58073518345  0.17911075419  0.161637206508  2.24788586494  2.30150982889  2.32549735555  468.999754748  469.044358778  0.256194135346  0.21089467339  9.51945306532  9.49631683553  0.421996166088  0.0335979913518  0.0136029796006  0.367582528914  0.296750475934  0.208907903194  0.0903108208852  0.0468415890392  0.0209496601992  -9999.0  -9999.0  -9999.0  -9999.0  -9999.0  -9999.0  -9999.0  -9999.0  -9999.0  -9999.0
-9999.0  -9999.0  -9999.0  -9999.0  -9999.0  -9999.0  -9999.0  -9999.0  -9999.0  -9999.0  -9999.0  -9999.0  -9999.0  -9999.0  -9999.0  -9999.0  -9999.0  -9999.0  -9999.0  -9999.0  -9999.0  0.616046883541  0.576715104628  2.98465271864  21.8807558087  22.9031303223  23.3877706461  0.321151996525  7.69285770709  7.75364583083  7.80035393655  0.160071398966  0.311302479061  0.44165591184  9.2443674893  9.34903991511  9.44097766955  39.9955676378  25.6968357064  0.103447129521  0.105814592612  0.100522914083  0.0806515066411  0.864446815965  1.03397533652  1.18248392642  1.26624235844  1.3467869427  8.81737649375  8.87629070883  8.95601095295  9.14814421314  9.95621101504  9.98800490675  12.3470071533  0.0249826579687  469.085195469  469.13368354  0.284185251028  9.5397024585  0.0432952758167  0.0211464892075  0.0584975442632  0.609340344933  0.600311851236  0.165506868016  0.0853253655227  0.139857101468  0.075887912688  0.0206630647714  0.0185330809377  0.0181139740162  -9999.0  -9999.0  -9999.0  -9999.0  -9999.0  -9999.0  -9999.0  -9999.0
-9999.0  -9999.0  -9999.0  -9999.0  -9999.0  -9999.0  -9999.0  -9999.0  -9999.0  -9999.0  -9999.0  -9999.0  -9999.0  -9999.0  -9999.0  -9999.0  -9999.0  -9999.0  -9999.0  -9999.0  -9999.0  -9999.0  1.20515313363  1.83276830171  0.611645357872  0.380721407576  6.69034353075  7.02645879591  7.23637452572  1.98787277045  2.03862405707  2.11308917761  2.24968921411  9.00518753884  9.14995155006  4.53248245254  14.0930156265  14.2051873081  25.612317908  0.219577137222  0.110589598566  0.0795235317678  0.601920264282  0.70527283388  0.0639405304878  0.059536108288  8.52531558849  8.68067125189  8.7618098573  0.0920177767676  0.137238799803  9.82715627112  0.0826901910165  0.266516366863  0.293214831609  12.6911636183  12.7183398489  13.0696315694  482.53153761  9.6077210261  0.76529459482  0.740757055215  0.711154309191  0.62022495115  0.0192920006627  0.282611428841  0.225829855926  0.105857871918  0.0337300457901  0.0359878435279  0.0913499233633  0.0534748854518  -9999.0  -9999.0  -9999.0  -9999.0  -9999.0  -9999.0  -9999.0  -9999.0
-9999.0  -9999.0  -9999.0  -9999.0  -9999.0  -9999.0  -9999.0  -9999.0  -9999.0  -9999.0  -9999.0  -9999.0  -9999.0  -9999.0  -9999.0  -9999.0  -9999.0  -9999.0  -9999.0  -9999.0  -9999.0  -9999.0  0.60292273404  1.19365195543  4.90872374483  5.50998396548  5.97371823425  1.67340926735  1.93606599947  0.0587136056795  6.50055151589  6.55261051736  6.61626070648  0.109296646573  4.26208591189  4.41168720616  0.114762332151  25.0426287628  0.242920192501  0.120166476124  0.327675636409  0.438643537322  0.085646192083  0.069961484871  7.73516992839  8.3806201506  8.4752505765  0.0918864767129  0.20457426972  0.257319977437  0.308431612033  0.614499770137  0.097549520377  0.220638792476  0.0417091559447  0.0817125795544  13.0095956556  13.0415617461  482.584988848  493.124853483  0.881032502207  0.0726903062096  0.0400181221225  0.0392394337951  0.0107561507006  0.29523443091  0.227681949266  0.17823022867  0.326863688025  0.256635719745  0.182702237005  0.0453008472433  0.0214653608272  -9999.0  -9999.0  -9999.0  -9999.0  -9999.0  -9999.0  -9999.0
-9999.0  -9999.0  -9999.0  -9999.0  -9999.0  -9999.0  -9999.0  -9999.0  -9999.0  -9999.0  -9999.0  -9999.0  -9999.0  -9999.0  -9999.0  -9999.0  -9999.0  -9999.0  -9999.0  -9999.0  -9999.0  -9999.0  0.602347927509  1.86599219805  3.1506434582  0.60894474908  0.982805026734  1.35409281698  6.22550695367  6.33329290867  6.3916147531  0.0499457272988  3.76166046242  3.93256093654  4.02985372619  0.0524459782695  24.5397558703  24.8176693583  0.130725008889  0.120253976539  0.240161789298  0.0992622802845  7.25504532418  7.43126124411  7.5384947029  0.407164047745  0.504038220165  0.0838447555283  0.149553860315  0.0663050245011  0.456169326129  0.0691530161463  0.0581223434331  0.0622739275608  0.0640870668806  0.130524327938  0.175389542683  44.6666939365  44.7616205785  538.010232128  538.094840382  538.17196365  0.0623655898596  0.679434033909  0.619222816101  0.295223163944  0.286501480891  0.0442833135038  0.420555404762  0.0243198890663  0.021896187391  0.0172262631107  0.0884123161743  0.0415426857669  -9999.0  -9999.0  -9999.0  -9999.0  -9999.0  -9999.0
-9999.0  -9999.0  -9999.0  -9999.0  -9999.0  -9999.0  -9999.0  -9999.0  -9999.0  -9999.0  -9999.0  -9999.0  -9999.0  -9999.0  -9999.0  -9999.0  -9999.0  -9999.0  -9999.0  -9999.0  -9999.0  -9999.0  -9999.0  0.640126555936  0.656204319643  0.561540757143  4.47813727048  4.8389123212  5.90896247333  0.17367027433  3.52333605392  3.66724356418  0.0575836973475  0.123314200706  0.0440953684083  24.3159088637  0.0731618104878  0.285898476981  0.377507251993  0.46289282879  6.67584104504  6.96619802878  7.08127549817  0.115675051697  0.216622543248  0.30763742354  0.0565574769618  0.0511045814048  23.1010427013  23.1537566285  23.1971476491  23.6570834415  23.7135751747  23.7895356798  23.8404806486  38.4662477696  38.5165301599  44.6310371457  0.0556303031551  0.0662845875624  0.120346755675  538.335803458  538.549020669  539.311888074  539.353399299  0.0266979157973  0.0106069006526  0.473300557443  0.457439103737  0.015153702437  0.064634535443  0.428545307929  0.284342219742  0.25328606281  0.0694269112807  -9999.0  -9999.0  -9999.0  -9999.0  -9999.0
-9999.0  -9999.0  -9999.0  -9999.0  -9999.0  -9999.0  -9999.0  -9999.0  -9999.0  -9999.0  -9999.0  -9999.0  -9999.0  -9999.0  -9999.0  -9999.0  -9999.0  -9999.0  -9999.0  -9999.0  -9999.0  -9999.0  -9999.0  0.571322337055  1.14593246873  2.3317150938  4.11689380975  0.407958163582  0.759344894687  3.1321475771  3.29068143012  0.0780904198088  5.51287176469  5.57361567883  24.1676215106  24.2209608547  0.0692157400656  0.145680602565  0.637954748758  6.02747403131  6.15482287904  0.222766322549  0.128780304255  0.103108119915  20.7689918959  20.9563042645  21.1072576991  21.258763483  23.0526458059  0.163339273577  23.6056590496  0.0922192627624  0.0603774850023  0.109251183711  14.5175219192  14.5883860577  5.84858470956  6.05682288152  0.142665190156  0.0698015838117  0.0805628837486  0.0712816475478  0.10870302516  0.0412930967679  575.886239192  575.968962888  0.646584965897  0.495824482134  0.0125124722141  0.76176319769  0.704583508175  0.55384760729  0.0451557598906  0.0602627788826  0.0766164261975  -9999.0  -9999.0  -9999.0  -9999.0  -9999.0
-9999.0  -9999.0  -9999.0  -9999.0  -9999.0  -9999.0  -9999.0  -9999.0  -9999.0  -9999.0  -9999.0  -9999.0  -9999.0  -9999.0  -9999.0  -9999.0  -9999.0  -9999.0  -9999.0  -9999.0  -9999.0  -9999.0  -9999.0  -9999.0  0.468923115173  0.90817469275  1.30569389906  2.41474616283  2.77297903645  4.6607298005  5.27765804003  5.3964348115  5.44802004609  18.4778785508  18.5396497705  0.0392359990242  0.564527398557  0.613046830569  5.33479918701  5.3701885568  0.0805634290049  0.0321383778845  20.4438174908  20.5047069856  20.5863637755  0.101404335676  1.52430713342  1.61373022984  1.71287750653  0.0850569089312  0.0643130483773  0.0483864006742  0.047199451822  14.2902247041  14.3621543059  0.0503044366767  5.79926852504  5.48523086869  5.43699880606  0.0555607002818  0.0627737895906  0.0698020416654  0.112542079206  36.2617436341  36.474619417  576.68836341  0.0968745475875  0.0385078601073  0.79744522195  0.021548884843  0.208493659126  0.125321181602  0.0408810556343  -9999.0  -9999.0  -9999.0  -9999.0  -9999.0  -9999.0  -9999.0
-9999.0  -9999.0  -9999.0  -9999.0  -9999.0  -9999.0  -9999.0  -9999.0  -9999.0  -9999.0  -9999.0  -9999.0  -9999.0  -9999.0  -9999.0  -9999.0  -9999.0  -9999.0  -9999.0  -9999.0  -9999.0  -9999.0  -9999.0  -9999.0  0.445900846956  1.42758474348  2.02445096654  3.02355629808  3.88844792209  4.31270467768  0.32581528978  4.87692486851  18.1310258424  18.4152039179  0.223907367996  0.358796852819  0.530978110405  5.23375809639  5.29734794252  13.7888904776  14.0063714594  20.3888883793  20.4096830114  0.0315737974536  1.24643777376  1.33708080246  1.45075035439  0.0940449081612  12.8421003778  12.9288399563  13.1348001523  13.8482344724  14.1356521217  14.2001053448  0.0795830865327  0.149549096163  0.20919629336  4.49110359764  5.33820640238  0.618473953891  0.560954744349  0.054791501005  0.0651907944674  36.1007876277  0.17004800018  0.0949865896576  576.826866283  0.0219410903306  0.018968584261  1.07711937849  0.266031477022  0.0679942236778  0.033789655963  -9999.0  -9999.0  -9999.0  -9999.0  -9999.0  -9999.0  -9999.0
-9999.0  -9999.0  -9999.0  -9999.0  -9999.0  -9999.0  -9999.0  -9999.0  -9999.0  -9999.0  -9999.0  -9999.0  -9999.0  -9999.0  -9999.0  -9999.0  -9999.0  -9999.0  -9999.0  -9999.0  -9999.0  -9999.0  -9999.0  -9999.0  0.484221668992  0.46066896949  1.96144486322  2.60056015914  0.466242963681  4.12624080347  4.509166996  0.36407792784  12.5448137855  0.360338290289  2.23249060572  4.89932470486  5.17211468654  12.8488361478  12.9727469682  13.7434386211  0.188537471718  6.35010838706  0.0215025283803  0.055423028218  1.21239301407  0.0489007080275  2.71636988564  12.671997888  0.0448449616762  0.140831655872  0.484432676864  0.106765037148  0.0918954723524  0.0746893959319  0.0514293426183  4.16924243634  4.35085225523  4.43451688567  0.16217000779  0.175438471662  0.330455791865  0.0738119002756  35.8922758744  35.9419959919  0.0952904746516  0.049167775117  0.0232910690049  577.011303883  578.438984088  1.36501257928  0.268112748139  0.252929435288  0.121053978163  -9999.0  -9999.0  -9999.0  -9999.0  -9999.0  -9999.0  -9999.0
-9999.0  -9999.0  -9999.0  -9999.0  -9999.0  -9999.0  -9999.0  -9999.0  -9999.0  -9999.0  -9999.0  -9999.0  -9999.0  -9999.0  -9999.0  -9999.0  -9999.0  -9999.0  -9999.0  -9999.0  -9999.0  -9999.0  -9999.0  -9999.0  -9999.0  0.456816233467  0.48589979605  0.46674638332  3.29785988108  3.73230990202  5.42468606927  12.2040371388  0.394041905538  1.16282564197  1.54697222779  2.36546098212  0.669985440483  12.567909308  0.301797745892  0.594894951559  6.05443816648  0.227558294402  0.961841295135  1.07743274682  0.0367942309584  0.0441571030674  2.67571810221  9.91570461266  0.0512053477711  0.192385321535  0.398203445443  0.0875598100404  0.0378594444479  3.902622473  4.0039655516  0.0735059117619  0.147773703896  0.0408473895803  0.0950412809281  0.100739667635  0.0830255598942  0.0523201453493  35.8478935756  0.148806952694  -9999.0  -9999.0  0.056533670669  0.100743253638  578.481377253  578.521814757  578.63152904  0.0552385539695  -9999.0  -9999.0  -9999.0  -9999.0  -9999.0  -9999.0  -9999.0  -9999.0
-9999.0  -9999.0  -9999.0  -9999.0  -9999.0  -9999.0  -9999.0  -9999.0  -9999.0  -9999.0  -9999.0  -9999.0  -9999.0  -9999.0  -9999.0  -9999.0  -9999.0  -9999.0  -9999.0  -9999.0  -9999.0  -9999.0  -9999.0  -9999.0  -9999.0  -9999.0  0.563714745172  1.77466335926  2.35532662246  5.00893939409  2.17214800445  6.3443769159  3.611844391  0.383121237222  1.21579368543  1.98373408023  0.345117938371  11.5923278138  4.15715087099  5.19663863943  0.618868529817  0.618353950558  0.259875772274  0.0986058597964  2.5434928597  2.58884148845  9.77426599447  9.8187465627  0.0856305702558  0.133101236512  0.0361026302881  3.52969702218  3.71647171067  3.88323791589  0.078131729016  0.0362543172547  0.107212587942  0.0382854292217  0.0280025190981  0.0350588707483  35.5242139737  35.5683565152  35.6004242784  0.100357157626  -9999.0  -9999.0  -9999.0  -9999.0  -9999.0  0.0205876928866  578.662614145  578.690079366  -9999.0  -9999.0  -9999.0  -9999.0  -9999.0  -9999.0  -9999.0  -9999.0
-9999.0  -9999.0  -9999.0  -9999.0  -9999.0  -9999.0  -9999.0  -9999.0  -9999.0  -9999.0  -9999.0  -9999.0  -9999.0  -9999.0  -9999.0  -9999.0  -9999.0  -9999.0  -9999.0  -9999.0  -9999.0  -9999.0  -9999.0  -9999.0  -9999.0  -9999.0  0.533193015132  0.482495962046  4.39615679654  0.660426625381  1.61951297818  2.34534736638  3.18285669724  0.422551431763  0.421403549317  0.392827086823  10.8577305392  11.2505744486  3.8284005682  0.727475138285  0.350785958127  0.351135928627  2.23570107806  2.50848444545  8.94422094923  9.35921609084  9.67515733435  0.0589293178327  0.0445504936192  3.43601591011  3.46613506522  3.50306783425  0.163434846188  0.0893934222503  0.043125727767  0.0407887604146  0.0286079361035  0.237601075527  0.254258811607  35.4866706845  35.4991248814  0.0276809022108  0.0133984457156  0.0499580768132  -9999.0  -9999.0  -9999.0  -9999.0  -9999.0  -9999.0  -9999.0  -9999.0  -9999.0  -9999.0  -9999.0  -9999.0  -9999.0  -9999.0  -9999.0  -9999.0
-9999.0  -9999.0  -9999.0  -9999.0  -9999.0  -9999.0  -9999.0  -9999.0  -9999.0  -9999.0  -9999.0  -9999.0  -9999.0  -9999.0  -9999.0  -9999.0  -9999.0  -9999.0  -9999.0  -9999.0  -9999.0  -9999.0  -9999.0  -9999.0  -9999.0  -9999.0  -9999.0  1.0253355985  3.29842774446  1.8015793722  0.456486789781  1.77134615348  0.419138774235  1.34245941549  1.71720813019  9.42530591932  10.3987306319  3.11115204533  3.47100610957  0.375836905275  1.57829860942  1.92063661126  5.48672249895  8.46311066208  8.77203206099  0.297903669424  0.199984438576  2.83553399048  3.19279936909  3.40720195829  0.0458630871276  0.0837338949434  0.127476347826  0.0433465444541  0.0956480528813  0.153337324245  0.179233372714  0.219498770967  0.0280093244112  35.1800526256  0.0571692187025  0.0168774766021  -9999.0  -9999.0  -9999.0  -9999.0  -9999.0  -9999.0  -9999.0  -9999.0  -9999.0  -9999.0  -9999.0  -9999.0  -9999.0  -9999.0  -9999.0  -9999.0  -9999.0  -9999.0
-9999.0  -9999.0  -9999.0  -9999.0  -9999.0  -9999.0  -9999.0  -9999.0  -9999.0  -9999.0  -9999.0  -9999.0  -9999.0  -9999.0  -9999.0  -9999.0  -9999.0  -9999.0  -9999.0  -9999.0  -9999.0  -9999.0  -9999.0  -9999.0  -9999.0  -9999.0  -9999.0  0.538179360781  0.499271679519  0.821422114905  0.460886757176  0.89063914864  0.92374938284  5.49336403959  6.08906490985  1.07689977734  0.427266577955  2.73850380741  0.836485096978  1.24223835114  4.44079492201  4.80654557929  5.17110256609  2.67203743374  1.03800899105  1.66184403385  2.19829284105  2.75540895859  0.269891047171  0.0981028202782  19.7428194463  19.8187470971  19.8666894247  0.034914062924  0.0643017354152  0.0354346919804  0.0320802519999  33.8935925995  34.4430665378  0.566488727308  0.401532307784  0.0365843928794  -9999.0  -9999.0  -9999.0  -9999.0  -9999.0  -9999.0  -9999.0  -9999.0  -9999.0  -9999.0  -9999.0  -9999.0  -9999.0  -9999.0  -9999.0  -9999.0  -9999.0  -9999.0
-9999.0  -9999.0  -9999.0  -9999.0  -9999.0  -9999.0  -9999.0  -9999.0  -9999.0  -9999.0  -9999.0  -9999.0  -9999.0  -9999.0  -9999.0  -9999.0  -9999.0  -9999.0  -9999.0  -9999.0  -9999.0  -9999.0  -9999.0  -9999.0  -9999.0  -9999.0  -9999.0  -9999.0  -9999.0  0.304897199426  0.420046295573  0.484898882231  1.98400636999  5.05912856943  2.61409887755  0.454133406655  1.87325958996  2.31982984393  0.416301132663  3.69628599807  4.07524188699  1.20324904863  1.93863332152  0.373392292735  0.693204017533  0.337983969439  0.275832531195  0.260861777197  19.3228151693  19.5161905043  19.6890190839  0.852989723907  20.9031656193  21.0678586134  21.1959208339  21.3277836137  21.5106329432  33.8486437427  34.0457790088  0.302189418898  0.351837804096  0.0952039191828  -9999.0  -9999.0  -9999.0  -9999.0  -9999.0  -9999.0  -9999.0  -9999.0  -9999.0  -9999.0  -9999.0  -9999.0  -9999.0  -9999.0  -9999.0  -9999.0  -9999.0  -9999.0
-9999.0  -9999.0  -9999.0  -9999.0  -9999.0  -9999.0  -9999.0  -9999.0  -9999.0  -9999.0  -9999.0  -9999.0  -9999.0  -9999.0  -9999.0  -9999.0  -9999.0  -9999.0  -9999.0  -9999.0  -9999.0  -9999.0  -9999.0  -9999.0  -9999.0  -9999.0  -9999.0  -9999.0  -9999.0  -9999.0  -9999.0  0.504998965614  1.04401555537  1.0360187841  1.02033858079  0.982895498305  1.45972709167  2.42544250513  2.84492155434  3.30328449665  0.405623821968  0.820994015486  0.374290102784  0.345516683746  11.3406552362  13.9825804039  14.61653392  14.92012364  19.1067533211  0.249402183799  0.463323824631  0.710315824602  3.9730451659  4.13867036102  4.28328137857  9.53761899852  11.3737073046  12.1889532545  0.189997461967  0.156682692455  0.213010282986  0.055359260559  -9999.0  -9999.0  -9999.0  -9999.0  -9999.0  -9999.0  -9999.0  -9999.0  -9999.0  -9999.0  -9999.0  -9999.0  -9999.0  -9999.0  -9999.0  -9999.0  -9999.0  -9999.0
-9999.0  -9999.0  -9999.0  -9999.0  -9999.0  -9999.0  -9999.0  -9999.0  -9999.0  -9999.0  -9999.0  -9999.0  -9999.0  -9999.0  -9999.0  -9999.0  -9999.0  -9999.0  -9999.0  -9999.0  -9999.0  -9999.0  -9999.0  -9999.0  -9999.0  -9999.0  -9999.0  -9999.0  -9999.0  -9999.0  -9999.0  -9999.0  0.533961291306  0.531492217018  0.517258667849  0.49623293642  0.999983028092  1.97027257973  1.85332795491  2.25881607731  2.63766403081  6.06535018587  6.43133743051  10.7039351055  11.0583450577  2.35078986843  0.332333720002  3.62125772203  3.90199620239  1.55325268923  3.02539655487  3.5556562161  3.79344061298  0.20843019396  5.12605397065  9.96511112443  11.2547001368  0.190901480135  0.467751171448  0.0729666967496  0.163058145748  -9999.0  -9999.0  -9999.0  -9999.0  -9999.0  -9999.0  -9999.0  -9999.0  -9999.0  -9999.0  -9999.0  -9999.0  -9999.0  -9999.0  -9999.0  -9999.0  -9999.0  -9999.0  -9999.0
-9999.0  -9999.0  -9999.0  -9999.0  -9999.0  -9999.0  -9999.0  -9999.0  -9999.0  -9999.0  -9999.0  -9999.0  -9999.0  -9999.0  -9999.0  -9999.0  -9999.0  -9999.0  -9999.0  -9999.0  -9999.0  -9999.0  -9999.0  -9999.0  -9999.0  -9999.0  -9999.0  -9999.0  -9999.0  -9999.0  -9999.0  -9999.0  -9999.0  -9999.0  -9999.0  0.530356517767  0.499267941571  0.482035630827  1.40908688828  1.33672901359  2.61430276435  3.05312509035  0.389522713715  3.89289101723  1.61285530574  2.00420070139  2.25698802461  3.33445559438  0.96419904582  0.31283844373  1.25321186972  0.300562268501  2.76149873003  3.29329859393  4.73738639648  0.219698817309  0.688874717478  0.219082737437  0.203250045379  0.0576021183217  0.110504114832  -9999.0  -9999.0  -9999.0  -9999.0  -9999.0  -9999.0  -9999.0  -9999.0  -9999.0  -9999.0  -9999.0  -9999.0  -9999.0  -9999.0  -9999.0  -9999.0  -9999.0  -9999.0  -9999.0
-9999.0  -9999.0  -9999.0  -9999.0  -9999.0  -9999.0  -9999.0  -9999.0  -9999.0  -9999.0  -9999.0  -9999.0  -9999.0  -9999.0  -9999.0  -9999.0  -9999.0  -9999.0  -9999.0  -9999.0  -9999.0  -9999.0  -9999.0  -9999.0  -9999.0  -9999.0  -9999.0  -9999.0  -9999.0  -9999.0  -9999.0  -9999.0  -9999.0  -9999.0  -9999.0  -9999.0  -9999.0  0.474045331359  0.442025543775  0.897663573511  0.869162545434  2.27724137451  3.09944404056  0.835231662585  1.21738413626  1.14994391517  1.91553707978  0.736842812103  0.674431276362  0.674951885357  0.29702504334  1.63306978749  2.50655746988  0.283834113099  1.18674547039  0.369315422706  0.112068975976  0.0623517689209  0.0612257696365  0.0663812988488  -9999.0  -9999.0  -9999.0  -9999.0  -9999.0  -9999.0  -9999.0  -9999.0  -9999.0  -9999.0  -9999.0  -9999.0  -9999.0  -9999.0  -9999.0  -9999.0  -9999.0  -9999.0  -9999.0  -9999.0
-9999.0  -9999.0  -9999.0  -9999.0  -9999.0  -9999.0  -9999.0  -9999.0  -9999.0  -9999.0  -9999.0  -9999.0  -9999.0  -9999.0  -9999.0  -9999.0  -9999.0  -9999.0  -9999.0  -9999.0  -9999.0  -9999.0  -9999.0  -9999.0  -9999.0  -9999.0  -9999.0  -9999.0  -9999.0  -9999.0  -9999.0  -9999.0  -9999.0  -9999.0  -9999.0  -9999.0  -9999.0  -9999.0  -9999.0  0.448305444707  0.959319215362  1.86412514435  0.426697806224  0.423732142696  0.381246016639  0.783043861579  0.391234846833  0.377880499259  0.354300534135  0.356248252213  0.683552859203  1.35291068591  0.614460482556  0.640884962813  0.923961113298  0.177451401047  0.0523458944809  -9999.0  -9999.0  -9999.0  -9999.0  -9999.0  -9999.0  -9999.0  -9999.0  -9999.0  -9999.0  -9999.0  -9999.0  -9999.0  -9999.0  -9999.0  -9999.0  -9999.0  -9999.0  -9999.0  -9999.0  -9999.0  -9999.0  -9999.0
-9999.0  -9999.0  -9999.0  -9999.0  -9999.0  -9999.0  -9999.0  -9999.0  -9999.0  -9999.0  -9999.0  -9999.0  -9999.0  -9999.0  -9999.0  -9999.0  -9999.0  -9999.0  -9999.0  -9999.0  -9999.0  -9999.0  -9999.0  -9999.0  -9999.0  -9999.0  -9999.0  -9999.0  -9999.0  -9999.0  -9999.0  -9999.0  -9999.0  -9999.0  -9999.0  -9999.0  -9999.0  -9999.0  -9999.0  -9999.0  0.474681484042  0.4433379084  -9999.0  -9999.0  -9999.0  -9999.0  -9999.0  -9999.0  -9999.0  -9999.0  0.346265514649  0.331158435429  0.294384941246  0.313049642839  -9999.0  -9999.0  -9999.0  -9999.0  -9999.0  -9999.0  -9999.0  -9999.0  -9999.0  -9999.0  -9999.0  -9999.0  -9999.0  -9999.0  -9999.0  -9999.0  -9999.0  -9999.0  -9999.0  -9999.0  -9999.0  -9999.0  -9999.0  -9999.0  -9999.0  -9999.0
-9999.0  -9999.0  -9999.0  -9999.0  -9999.0  -9999.0  -9999.0  -9999.0  -9999.0  -9999.0  -9999.0  -9999.0  -9999.0  -9999.0  -9999.0  -9999.0  -9999.0  -9999.0  -9999.0  -9999.0  -9999.0  -9999.0  -9999.0  -9999.0  -9999.0  -9999.0  -9999.0  -9999.0  -9999.0  -9999.0  -9999.0  -9999.0  -9999.0  -9999.0  -9999.0  -9999.0  -9999.0  -9999.0  -9999.0  -9999.0  -9999.0  -9999.0  -9999.0  -9999.0  -9999.0  -9999.0  -9999.0  -9999.0  -9999.0  -9999.0  -9999.0  -9999.0  -9999.0  -9999.0  -9999.0  -9999.0  -9999.0  -9999.0  -9999.0  -9999.0  -9999.0  -9999.0  -9999.0  -9999.0  -9999.0  -9999.0  -9999.0  -9999.0  -9999.0  -9999.0  -9999.0  -9999.0  -9999.0  -9999.0  -9999.0  -9999.0  -9999.0  -9999.0  -9999.0  -9999.0
-9999.0  -9999.0  -9999.0  -9999.0  -9999.0  -9999.0  -9999.0  -9999.0  -9999.0  -9999.0  -9999.0  -9999.0  -9999.0  -9999.0  -9999.0  -9999.0  -9999.0  -9999.0  -9999.0  -9999.0  -9999.0  -9999.0  -9999.0  -9999.0  -9999.0  -9999.0  -9999.0  -9999.0  -9999.0  -9999.0  -9999.0  -9999.0  -9999.0  -9999.0  -9999.0  -9999.0  -9999.0  -9999.0  -9999.0  -9999.0  -9999.0  -9999.0  -9999.0  -9999.0  -9999.0  -9999.0  -9999.0  -9999.0  -9999.0  -9999.0  -9999.0  -9999.0  -9999.0  -9999.0  -9999.0  -9999.0  -9999.0  -9999.0  -9999.0  -9999.0  -9999.0  -9999.0  -9999.0  -9999.0  -9999.0  -9999.0  -9999.0  -9999.0  -9999.0  -9999.0  -9999.0  -9999.0  -9999.0  -9999.0  -9999.0  -9999.0  -9999.0  -9999.0  -9999.0  -9999.0
-9999.0  -9999.0  -9999.0  -9999.0  -9999.0  -9999.0  -9999.0  -9999.0  -9999.0  -9999.0  -9999.0  -9999.0  -9999.0  -9999.0  -9999.0  -9999.0  -9999.0  -9999.0  -9999.0  -9999.0  -9999.0  -9999.0  -9999.0  -9999.0  -9999.0  -9999.0  -9999.0  -9999.0  -9999.0  -9999.0  -9999.0  -9999.0  -9999.0  -9999.0  -9999.0  -9999.0  -9999.0  -9999.0  -9999.0  -9999.0  -9999.0  -9999.0  -9999.0  -9999.0  -9999.0  -9999.0  -9999.0  -9999.0  -9999.0  -9999.0  -9999.0  -9999.0  -9999.0  -9999.0  -9999.0  -9999.0  -9999.0  -9999.0  -9999.0  -9999.0  -9999.0  -9999.0  -9999.0  -9999.0  -9999.0  -9999.0  -9999.0  -9999.0  -9999.0  -9999.0  -9999.0  -9999.0  -9999.0  -9999.0  -9999.0  -9999.0  -9999.0  -9999.0  -9999.0  -9999.0
-9999.0  -9999.0  -9999.0  -9999.0  -9999.0  -9999.0  -9999.0  -9999.0  -9999.0  -9999.0  -9999.0  -9999.0  -9999.0  -9999.0  -9999.0  -9999.0  -9999.0  -9999.0  -9999.0  -9999.0  -9999.0  -9999.0  -9999.0  -9999.0  -9999.0  -9999.0  -9999.0  -9999.0  -9999.0  -9999.0  -9999.0  -9999.0  -9999.0  -9999.0  -9999.0  -9999.0  -9999.0  -9999.0  -9999.0  -9999.0  -9999.0  -9999.0  -9999.0  -9999.0  -9999.0  -9999.0  -9999.0  -9999.0  -9999.0  -9999.0  -9999.0  -9999.0  -9999.0  -9999.0  -9999.0  -9999.0  -9999.0  -9999.0  -9999.0  -9999.0  -9999.0  -9999.0  -9999.0  -9999.0  -9999.0  -9999.0  -9999.0  -9999.0  -9999.0  -9999.0  -9999.0  -9999.0  -9999.0  -9999.0  -9999.0  -9999.0  -9999.0  -9999.0  -9999.0  -9999.0
-9999.0  -9999.0  -9999.0  -9999.0  -9999.0  -9999.0  -9999.0  -9999.0  -9999.0  -9999.0  -9999.0  -9999.0  -9999.0  -9999.0  -9999.0  -9999.0  -9999.0  -9999.0  -9999.0  -9999.0  -9999.0  -9999.0  -9999.0  -9999.0  -9999.0  -9999.0  -9999.0  -9999.0  -9999.0  -9999.0  -9999.0  -9999.0  -9999.0  -9999.0  -9999.0  -9999.0  -9999.0  -9999.0  -9999.0  -9999.0  -9999.0  -9999.0  -9999.0  -9999.0  -9999.0  -9999.0  -9999.0  -9999.0  -9999.0  -9999.0  -9999.0  -9999.0  -9999.0  -9999.0  -9999.0  -9999.0  -9999.0  -9999.0  -9999.0  -9999.0  -9999.0  -9999.0  -9999.0  -9999.0  -9999.0  -9999.0  -9999.0  -9999.0  -9999.0  -9999.0  -9999.0  -9999.0  -9999.0  -9999.0  -9999.0  -9999.0  -9999.0  -9999.0  -9999.0  -9999.0
-9999.0  -9999.0  -9999.0  -9999.0  -9999.0  -9999.0  -9999.0  -9999.0  -9999.0  -9999.0  -9999.0  -9999.0  -9999.0  -9999.0  -9999.0  -9999.0  -9999.0  -9999.0  -9999.0  -9999.0  -9999.0  -9999.0  -9999.0  -9999.0  -9999.0  -9999.0  -9999.0  -9999.0  -9999.0  -9999.0  -9999.0  -9999.0  -9999.0  -9999.0  -9999.0  -9999.0  -9999.0  -9999.0  -9999.0  -9999.0  -9999.0  -9999.0  -9999.0  -9999.0  -9999.0  -9999.0  -9999.0  -9999.0  -9999.0  -9999.0  -9999.0  -9999.0  -9999.0  -9999.0  -9999.0  -9999.0  -9999.0  -9999.0  -9999.0  -9999.0  -9999.0  -9999.0  -9999.0  -9999.0  -9999.0  -9999.0  -9999.0  -9999.0  -9999.0  -9999.0  -9999.0  -9999.0  -9999.0  -9999.0  -9999.0  -9999.0  -9999.0  -9999.0  -9999.0  -9999.0
