ncols                  80
nrows                 72
xllcorner      4374000.0
yllcorner      5656000.0
cellsize            500
NODATA_value       -9999
-9999.0  -9999.0  -9999.0  -9999.0  -9999.0  -9999.0  -9999.0  -9999.0  -9999.0  -9999.0  -9999.0  -9999.0  0.950308159962  0.771085486006  -9999.0  -9999.0  -9999.0  -9999.0  -9999.0  -9999.0  -9999.0  -9999.0  -9999.0  -9999.0  -9999.0  -9999.0  -9999.0  -9999.0  -9999.0  -9999.0  -9999.0  -9999.0  -9999.0  -9999.0  -9999.0  -9999.0  -9999.0  -9999.0  -9999.0  -9999.0  -9999.0  -9999.0  -9999.0  -9999.0  -9999.0  -9999.0  -9999.0  -9999.0  -9999.0  -9999.0  -9999.0  -9999.0  -9999.0  -9999.0  -9999.0  -9999.0  -9999.0  -9999.0  -9999.0  -9999.0  -9999.0  -9999.0  -9999.0  -9999.0  -9999.0  -9999.0  -9999.0  -9999.0  -9999.0  -9999.0  -9999.0  -9999.0  -9999.0  -9999.0  -9999.0  -9999.0  -9999.0  -9999.0  -9999.0  -9999.0
-9999.0  -9999.0  -9999.0  -9999.0  -9999.0  -9999.0  -9999.0  -9999.0  -9999.0  -9999.0  -9999.0  -9999.0  1.90028129824  4.06032086691  0.622718385877  -9999.0  0.55592689317  -9999.0  -9999.0  -9999.0  -9999.0  -9999.0  -9999.0  -9999.0  -9999.0  -9999.0  -9999.0  -9999.0  -9999.0  -9999.0  -9999.0  -9999.0  -9999.0  -9999.0  -9999.0  -9999.0  -9999.0  -9999.0  -9999.0  -9999.0  -9999.0  -9999.0  -9999.0  -9999.0  -9999.0  -9999.0  -9999.0  -9999.0  -9999.0  -9999.0  -9999.0  -9999.0  -9999.0  -9999.0  -9999.0  -9999.0  -9999.0  -9999.0  -9999.0  -9999.0  -9999.0  -9999.0  -9999.0  -9999.0  -9999.0  -9999.0  -9999.0  -9999.0  -9999.0  -9999.0  -9999.0  -9999.0  -9999.0  -9999.0  -9999.0  -9999.0  -9999.0  -9999.0  -9999.0  -9999.0
-9999.0  -9999.0  -9999.0  -9999.0  -9999.0  -9999.0  -9999.0  -9999.0  -9999.0  -9999.0  0.916008626375  0.873149398493  0.917155566571  0.899712646503  5.74364709811  6.38218203263  1.56894011399  0.507324868513  -9999.0  -9999.0  -9999.0  -9999.0  -9999.0  -9999.0  -9999.0  -9999.0  -9999.0  -9999.0  -9999.0  -9999.0  -9999.0  -9999.0  -9999.0  -9999.0  -9999.0  -9999.0  -9999.0  -9999.0  -9999.0  -9999.0  -9999.0  -9999.0  -9999.0  -9999.0  -9999.0  -9999.0  -9999.0  -9999.0  -9999.0  -9999.0  -9999.0  -9999.0  -9999.0  -9999.0  -9999.0  -9999.0  -9999.0  -9999.0  -9999.0  -9999.0  -9999.0  -9999.0  -9999.0  -9999.0  -9999.0  -9999.0  -9999.0  -9999.0  -9999.0  -9999.0  -9999.0  -9999.0  -9999.0  -9999.0  -9999.0  -9999.0  -9999.0  -9999.0  -9999.0  -9999.0
-9999.0  -9999.0  -9999.0  -9999.0  -9999.0  -9999.0  -9999.0  -9999.0  -9999.0  0.883878858206  1.79905717873  3.56497545892  1.77657263358  0.866200102303  1.69526778837  7.18929388476  9.88390833905  0.548653848475  -9999.0  0.87498450963  -9999.0  -9999.0  -9999.0  -9999.0  1.07273198685  0.550074895182  -9999.0  -9999.0  -9999.0  -9999.0  -9999.0  -9999.0  -9999.0  -9999.0  -9999.0  -9999.0  -9999.0  -9999.0  -9999.0  -9999.0  -9999.0  -9999.0  -9999.0  -9999.0  -9999.0  -9999.0  -9999.0  -9999.0  -9999.0  -9999.0  -9999.0  -9999.0  -9999.0  -9999.0  -9999.0  -9999.0  -9999.0  -9999.0  -9999.0  -9999.0  -9999.0  -9999.0  -9999.0  -9999.0  -9999.0  -9999.0  -9999.0  -9999.0  -9999.0  -9999.0  -9999.0  -9999.0  -9999.0  -9999.0  -9999.0  -9999.0  -9999.0  -9999.0  -9999.0  -9999.0
-9999.0  -9999.0  -9999.0  -9999.0  -9999.0  -9999.0  -9999.0  -9999.0  0.97599065453  2.78511801743  3.63214235177  4.49643362347  6.18207967531  0.821887617484  3.30204246856  4.09449755483  15.2664137859  0.69585655141  0.770824451625  1.67547188273  2.4399995006  0.789999981857  -9999.0  2.75198979165  2.25617161592  0.610445586888  -9999.0  -9999.0  -9999.0  -9999.0  -9999.0  -9999.0  -9999.0  -9999.0  -9999.0  -9999.0  -9999.0  -9999.0  -9999.0  -9999.0  -9999.0  -9999.0  -9999.0  -9999.0  -9999.0  -9999.0  -9999.0  -9999.0  -9999.0  -9999.0  -9999.0  -9999.0  -9999.0  -9999.0  -9999.0  -9999.0  -9999.0  -9999.0  -9999.0  -9999.0  -9999.0  -9999.0  -9999.0  -9999.0  -9999.0  -9999.0  -9999.0  -9999.0  -9999.0  -9999.0  -9999.0  -9999.0  -9999.0  -9999.0  -9999.0  -9999.0  -9999.0  -9999.0  -9999.0  -9999.0
-9999.0  -9999.0  -9999.0  -9999.0  -9999.0  -9999.0  1.0101505754  0.926914186682  0.88077420589  0.892611797578  0.887314529594  6.29180814952  13.3398557295  14.1962781417  14.9518326849  0.743777750334  16.7347201866  17.4823203284  1.56308202577  0.791284295873  3.19249735224  5.51522310884  0.749728855457  5.04012599841  0.863542745715  0.809731941015  0.902437346909  -9999.0  -9999.0  -9999.0  -9999.0  -9999.0  -9999.0  -9999.0  -9999.0  -9999.0  -9999.0  -9999.0  -9999.0  -9999.0  -9999.0  -9999.0  -9999.0  -9999.0  -9999.0  -9999.0  -9999.0  -9999.0  -9999.0  -9999.0  -9999.0  -9999.0  -9999.0  -9999.0  -9999.0  -9999.0  -9999.0  -9999.0  -9999.0  -9999.0  -9999.0  -9999.0  -9999.0  -9999.0  -9999.0  -9999.0  -9999.0  -9999.0  -9999.0  -9999.0  -9999.0  -9999.0  -9999.0  -9999.0  -9999.0  -9999.0  -9999.0  -9999.0  -9999.0  -9999.0
-9999.0  -9999.0  -9999.0  -9999.0  -9999.0  -9999.0  2.01865772127  2.97906444282  6.68770227749  9.30082407884  0.819288642313  0.8573681503  0.815900560754  2.37250830741  18.0501797827  0.701273914524  18.2002378536  21.1337769117  2.28623337324  1.4952654744  6.22498412189  0.757816659695  5.79680913155  1.53710562444  0.785626383258  1.5728942894  1.76206370356  0.84275457351  0.868844020912  0.854986434217  0.869559278301  1.74268245163  -9999.0  -9999.0  -9999.0  -9999.0  -9999.0  -9999.0  -9999.0  -9999.0  -9999.0  -9999.0  -9999.0  -9999.0  -9999.0  -9999.0  -9999.0  -9999.0  -9999.0  -9999.0  -9999.0  -9999.0  -9999.0  -9999.0  -9999.0  -9999.0  -9999.0  -9999.0  -9999.0  -9999.0  -9999.0  -9999.0  -9999.0  -9999.0  -9999.0  -9999.0  -9999.0  -9999.0  -9999.0  -9999.0  -9999.0  -9999.0  -9999.0  -9999.0  -9999.0  -9999.0  -9999.0  -9999.0  -9999.0  -9999.0
-9999.0  -9999.0  -9999.0  -9999.0  -9999.0  1.07449628584  2.08998025686  1.00308956597  1.93188631143  10.2331415567  11.9435364077  13.6619427084  44.1621347158  0.782461192854  18.8173608441  69.1277896222  69.7128351665  91.8600566955  0.635180917948  2.20252553145  6.93876784817  0.708168823419  14.4947699179  7.95868745994  4.92660263375  4.13964896852  0.884647080188  2.53087571378  2.55166332511  1.70168764227  0.815161842073  2.57759026537  0.795049958342  0.786287014492  -9999.0  -9999.0  -9999.0  -9999.0  -9999.0  -9999.0  -9999.0  -9999.0  -9999.0  -9999.0  -9999.0  -9999.0  -9999.0  -9999.0  -9999.0  -9999.0  -9999.0  -9999.0  -9999.0  -9999.0  -9999.0  -9999.0  -9999.0  -9999.0  -9999.0  -9999.0  -9999.0  -9999.0  -9999.0  -9999.0  -9999.0  -9999.0  -9999.0  -9999.0  -9999.0  -9999.0  -9999.0  -9999.0  -9999.0  -9999.0  -9999.0  -9999.0  -9999.0  -9999.0  -9999.0  -9999.0
-9999.0  -9999.0  -9999.0  -9999.0  -9999.0  1.12363054113  3.25032045074  6.37080592898  7.3269224292  14.4288344381  15.3345375376  18.1345514311  29.7144206572  46.543303253  48.1575283038  48.8976755201  1.38704570992  94.3486343517  95.653027227  99.3042015989  123.610719809  16.6655113239  15.2494964509  5.6739929791  0.74119250712  4.88214417782  3.30188812268  0.738352684127  3.30657997895  0.74647429425  1.53820275179  4.11664920915  4.88760505597  1.54950467518  0.74679105317  0.74894995703  -9999.0  -9999.0  -9999.0  -9999.0  0.509182110623  0.45605853834  -9999.0  -9999.0  -9999.0  -9999.0  -9999.0  -9999.0  -9999.0  -9999.0  -9999.0  -9999.0  -9999.0  -9999.0  -9999.0  -9999.0  -9999.0  -9999.0  -9999.0  -9999.0  -9999.0  -9999.0  -9999.0  -9999.0  -9999.0  -9999.0  -9999.0  -9999.0  -9999.0  -9999.0  -9999.0  -9999.0  -9999.0  -9999.0  -9999.0  -9999.0  -9999.0  -9999.0  -9999.0  -9999.0
-9999.0  -9999.0  -9999.0  -9999.0  -9999.0  1.10132182321  1.02012826654  4.20979703081  5.17550776281  6.16392228131  0.94622338455  1.88003122801  10.9028407121  1.8884004924  0.884148653578  0.817670491179  0.728210284157  0.804319183207  0.78131299883  0.793536214316  124.346657713  126.480665824  0.705867113104  2.17348989696  1.4768818402  5.59275705711  1.49192093656  0.724537265255  4.06758441587  1.47359960647  3.57440651438  8.6180751727  7.93490807161  2.28501858532  2.21786516061  0.763336246988  0.752541497079  -9999.0  -9999.0  0.7637513093  1.11047463799  2.51209345516  0.47331633307  -9999.0  -9999.0  -9999.0  -9999.0  -9999.0  -9999.0  -9999.0  -9999.0  -9999.0  -9999.0  -9999.0  -9999.0  -9999.0  -9999.0  -9999.0  -9999.0  -9999.0  -9999.0  -9999.0  -9999.0  -9999.0  -9999.0  -9999.0  -9999.0  -9999.0  -9999.0  -9999.0  -9999.0  -9999.0  -9999.0  -9999.0  -9999.0  -9999.0  -9999.0  -9999.0  -9999.0  -9999.0
-9999.0  -9999.0  -9999.0  -9999.0  -9999.0  -9999.0  1.10016294605  1.08809940043  2.11226137107  3.14275538959  7.12098268353  9.07014862801  10.0349203062  1.00116478262  0.825819331538  10.8460329879  13.2692758639  14.0420109342  17.259307656  18.0116124026  0.733985936959  127.216040112  130.799831557  2.86809135527  0.618586093028  6.26228659477  13.8741226341  5.47303408688  1.35783644198  0.68829064996  13.5406997961  9.31115546391  0.662180591357  0.670127564504  2.903879838  2.22800972478  0.709149657855  0.689625890797  0.736963761105  1.48812716588  0.709140417231  3.04522941624  3.71693575532  0.63517968321  -9999.0  -9999.0  -9999.0  -9999.0  0.724092603458  0.686770691242  0.252844980704  -9999.0  -9999.0  -9999.0  -9999.0  -9999.0  -9999.0  -9999.0  -9999.0  -9999.0  -9999.0  -9999.0  -9999.0  -9999.0  -9999.0  -9999.0  -9999.0  -9999.0  -9999.0  -9999.0  -9999.0  -9999.0  -9999.0  -9999.0  -9999.0  -9999.0  -9999.0  -9999.0  -9999.0  -9999.0
-9999.0  -9999.0  -9999.0  -9999.0  -9999.0  -9999.0  -9999.0  1.07853943765  0.991432431884  2.03186534046  3.02872061428  0.981792198661  0.900558295674  5.65897884534  7.42353226978  9.21005489136  0.828134524687  1.67096477757  0.808714240667  18.7783192121  41.3981409284  41.9114062353  174.013988351  0.708744750754  1.82774048042  0.586612559794  14.5330691264  0.663946212375  2.05453712678  0.674388333977  14.1964566169  14.8530085887  1.33221954145  1.33823639443  7.27931466129  3.65741322507  1.41126078968  0.718601749125  1.47172258715  2.21424965687  3.5925279824  0.657421994369  4.90378293762  5.39949803933  0.44045650052  0.478021777779  0.508832181493  0.457146330583  0.435852221311  1.95975675294  0.836699389915  0.562122631792  -9999.0  -9999.0  -9999.0  -9999.0  -9999.0  -9999.0  -9999.0  -9999.0  -9999.0  -9999.0  -9999.0  -9999.0  -9999.0  -9999.0  -9999.0  -9999.0  -9999.0  -9999.0  -9999.0  -9999.0  -9999.0  -9999.0  -9999.0  -9999.0  -9999.0  -9999.0  -9999.0  -9999.0
-9999.0  -9999.0  -9999.0  -9999.0  -9999.0  -9999.0  -9999.0  -9999.0  2.05095515963  3.01715743932  0.997456497177  2.01352695001  2.94676525354  4.81001687688  0.960244710724  0.92614566683  0.824267033708  0.833246869388  0.763916307234  21.0822299359  0.825109656476  1.62621289034  176.164558266  177.465522936  0.566425083937  2.97440971539  18.1041344877  1.30807841703  2.65272421002  1.23626975944  1.811044834  17.3488662195  1.92255433394  10.4598903472  8.54545524589  0.646730534124  3.48533109247  1.40312624054  2.14386565859  0.666281457078  4.22572506018  5.42423187729  5.84136034615  6.23502223887  7.04082774085  0.831838620067  0.897919693143  0.815174430494  0.770142605467  2.39668747474  0.50216471502  1.91936182829  2.39014227084  -9999.0  -9999.0  -9999.0  -9999.0  -9999.0  -9999.0  -9999.0  -9999.0  -9999.0  -9999.0  -9999.0  -9999.0  -9999.0  -9999.0  -9999.0  -9999.0  -9999.0  -9999.0  -9999.0  -9999.0  -9999.0  -9999.0  -9999.0  -9999.0  -9999.0  -9999.0  -9999.0
-9999.0  -9999.0  -9999.0  -9999.0  -9999.0  -9999.0  -9999.0  -9999.0  1.0534844373  5.10304313018  6.0841756143  0.98294557619  1.91283303279  0.929613107651  0.885199188658  0.8730278404  10.7026646141  14.2609026903  17.4444989664  20.5260982495  0.748391900179  0.811529766317  0.757762778748  180.802008553  182.13398293  182.656201163  23.9208340332  5.20692134073  4.56921938978  0.576194786339  2.36652700293  20.2823133644  0.566072473661  11.0312525957  0.639050963021  4.55372687706  4.17939636035  0.67557549437  2.81317974236  1.33185325629  1.97911332347  0.540645497422  0.389125672069  6.62328521238  6.97392306665  7.39050597785  1.28387349926  1.1812538023  1.132623648  2.92740140549  3.94493172812  0.508146034753  2.87899708516  0.526911089508  1.01100764016  0.495045993292  -9999.0  -9999.0  -9999.0  -9999.0  -9999.0  -9999.0  -9999.0  -9999.0  -9999.0  -9999.0  -9999.0  -9999.0  -9999.0  -9999.0  -9999.0  -9999.0  -9999.0  -9999.0  -9999.0  -9999.0  -9999.0  -9999.0  -9999.0  -9999.0
-9999.0  -9999.0  -9999.0  -9999.0  -9999.0  -9999.0  -9999.0  -9999.0  -9999.0  1.05990761789  7.0880796528  8.05882499043  2.85174314301  4.70263385189  6.45677360452  7.32565376778  0.880475259047  2.73748337144  1.80234028895  0.89566121179  0.889465611487  0.835136123961  1.62408237394  2.70862230033  0.795751868604  207.963329855  208.54284375  0.521149261754  0.465403955778  1.16307073723  1.72199816225  21.9361583495  1.10374872858  11.5373644496  6.95498989246  5.76335802436  0.632657728114  1.29576121977  3.41585286094  0.60129036329  2.56060959891  1.09832294298  0.697213572108  0.350272788979  7.98912415107  15.6605191663  1.53732436415  1.44279735638  1.51294235838  0.404839852822  4.35051018721  0.395187997689  3.81188116256  0.471918770381  1.48900957352  2.27915470436  0.234374437053  0.242594384299  0.321935773899  0.359743625877  0.218367750049  -9999.0  -9999.0  0.164706087639  0.146969905358  -9999.0  -9999.0  -9999.0  -9999.0  -9999.0  -9999.0  -9999.0  -9999.0  -9999.0  -9999.0  -9999.0  -9999.0  -9999.0  -9999.0  -9999.0
-9999.0  -9999.0  -9999.0  -9999.0  -9999.0  -9999.0  -9999.0  -9999.0  -9999.0  -9999.0  0.960695376755  9.99109262722  0.936266641062  1.859650564  2.70947563511  4.43255305171  0.893057283734  1.85201607991  0.912210376234  0.881488550039  0.837422357181  1.67298436314  0.740156386559  0.748352936578  1.41513701542  0.763111102188  209.133022718  210.186357357  211.770392687  2.23742270597  0.579968888608  1.15646523796  22.5238831307  21.2820126957  8.16296790236  0.60067098538  2.5399291002  1.91524631199  4.01995130065  1.20270539499  4.81909645481  1.66729582081  1.15714808543  0.299847751988  0.358415792717  16.0494154677  16.369858939  19.6284350248  2.77251626314  0.832271088411  4.78730352117  5.61100700796  9.81977044857  0.923587769711  0.44701565189  2.55837237704  3.02351887846  0.231166334861  0.449011673343  0.888688383805  0.430335987827  0.212614654262  0.213672662183  0.335635227658  0.303932578156  0.149745343889  -9999.0  -9999.0  -9999.0  -9999.0  -9999.0  -9999.0  -9999.0  -9999.0  -9999.0  -9999.0  -9999.0  -9999.0  -9999.0  -9999.0
-9999.0  -9999.0  -9999.0  -9999.0  -9999.0  -9999.0  -9999.0  -9999.0  -9999.0  -9999.0  -9999.0  0.553330103511  11.1949815589  0.892946371081  1.73656030528  7.92539945461  0.927508918994  0.921273837727  0.82545049767  1.72266967407  0.826559297913  3.32274387654  4.81874726645  5.53059184037  2.03011988611  2.52607436161  0.550512864567  0.692497909518  0.638974148776  215.198483646  216.850281843  23.0248904374  22.2833601035  21.7860378323  1.05363205522  0.51447720031  3.10482465533  8.25881488319  4.59026754881  1.76898521288  7.12060061598  2.7492760784  2.24443522831  0.636310823437  0.259882958179  0.236378000878  0.257333026894  20.9010970851  24.7829503408  0.398980566347  0.367776159455  0.405650702502  10.2286517555  11.556940684  0.813927672278  0.353002013237  3.23800502821  0.425882702541  1.07303885435  2.17668490589  2.80775130055  3.2111418879  0.903669718759  0.515362396961  0.482579703572  0.314631343922  0.171892876298  -9999.0  -9999.0  -9999.0  -9999.0  -9999.0  -9999.0  -9999.0  -9999.0  -9999.0  -9999.0  -9999.0  -9999.0  -9999.0
-9999.0  -9999.0  -9999.0  -9999.0  -9999.0  -9999.0  -9999.0  -9999.0  -9999.0  -9999.0  -9999.0  0.521265892024  12.4325836108  15.2082542991  0.854868303366  9.64688268961  0.874377254165  0.83489467414  1.64316216955  4.19286378595  0.809496647642  0.835263429995  0.719190343727  6.99037034583  7.66050719214  10.892018086  12.0433520479  12.6593065591  13.1662721091  13.866867688  231.247430712  255.222447219  278.33147823  278.656473636  0.410398389008  0.520008298286  9.39117291798  8.82880805759  0.561824472247  0.559496456518  7.66134806626  10.9386197293  0.466239642385  5.44093268926  4.99253684661  1.34650526575  0.585556682433  0.964665368292  0.389112530615  25.4199435024  0.324273179293  1.09238139554  1.35237593875  13.9625976628  15.130733704  15.8473999939  19.4064663145  0.301745360069  0.248535636822  0.214870080255  0.196897461613  3.6226958895  4.71070868379  0.19640615863  1.15819889115  0.488963122748  0.318827713875  0.118124301192  0.109121088595  -9999.0  -9999.0  -9999.0  -9999.0  -9999.0  -9999.0  -9999.0  -9999.0  -9999.0  -9999.0  -9999.0
-9999.0  -9999.0  -9999.0  -9999.0  -9999.0  -9999.0  -9999.0  -9999.0  -9999.0  -9999.0  -9999.0  1.00009890085  1.90690283142  16.1018585785  17.7456900381  0.825512034322  11.1519358514  0.741363973435  2.28823888385  4.93353279504  1.56770623395  0.756044836594  1.52406855828  0.669277358192  1.27567911487  0.63143915444  0.599322463032  0.557935029797  0.517425424359  0.480714593925  0.432160414258  0.507902309416  0.549174311373  0.580574758474  280.048465925  10.8134890202  10.0123438283  0.299568845091  1.60812411893  0.466757576193  0.426299965316  11.433891124  18.3699607761  5.96944614423  4.3802407984  0.817508359369  0.325378193551  0.297304166035  0.618925140653  26.3631478504  26.9794533488  0.322502053945  0.339577958732  0.360922353529  0.367091100119  0.720911295681  20.4270397439  21.0262016961  21.5678989172  0.510674836077  0.299997061446  0.240935958413  4.92023695229  5.2867120351  1.31206316218  0.15865475562  0.458576994809  0.226093828899  0.208726119712  -9999.0  -9999.0  -9999.0  -9999.0  -9999.0  -9999.0  -9999.0  -9999.0  -9999.0  -9999.0  -9999.0
-9999.0  -9999.0  -9999.0  -9999.0  -9999.0  -9999.0  -9999.0  -9999.0  -9999.0  -9999.0  -9999.0  -9999.0  0.887131982892  11.6453128901  30.2414410002  32.7853488889  44.6801633726  45.2987878373  10.8968758533  8.02724857711  2.33534395275  0.748858884919  2.98770292992  3.68191502966  5.59799510973  1.28594066492  1.21506198444  1.1821067724  2.3008154336  1.07421033707  1.00520351668  0.545305471122  0.439821778791  0.405709467564  280.512781446  291.74046246  292.080807082  0.288711966995  4.1713667486  1.95871250613  0.541135099506  19.9748228602  1.12210837725  0.577383877204  2.50176842127  0.557695266578  0.409926132082  0.745058425047  1.02744049344  1.33403978426  27.4979380415  0.246525597961  0.222852891013  0.223550042418  0.194395723554  0.297128398421  0.725919295238  0.92928770515  22.9621733809  24.8919584777  1.16736797454  0.56519771848  0.327425392553  0.230889366269  7.04283795683  9.55885626891  2.18572270927  1.10776962095  0.686305239573  -9999.0  -9999.0  -9999.0  -9999.0  -9999.0  -9999.0  -9999.0  -9999.0  -9999.0  -9999.0  -9999.0
-9999.0  -9999.0  -9999.0  -9999.0  -9999.0  -9999.0  -9999.0  -9999.0  -9999.0  -9999.0  -9999.0  0.945255406558  8.89213703128  10.7554873841  1.73163576636  0.577486195843  1.28908744295  47.3459235611  47.9529786376  59.433205401  0.680163412995  1.4239993544  0.634026097486  0.642890611851  6.2209320614  8.12855822413  9.92808750815  0.576935795152  2.87207003765  4.50813144921  2.61935334873  1.08367438632  0.925971180917  0.84447718445  0.766091445018  0.333504110776  292.346867571  292.55166586  297.15855237  0.900809336767  0.479228765044  20.327201394  1.25422824795  0.636608352355  0.680097809501  0.6738817604  0.607528401211  1.05367787379  2.93823497867  4.60677521214  32.3582789305  0.187520863207  0.575093086916  0.393894955217  0.351755577514  0.168891262733  0.215134901252  0.254411144449  0.234930365265  25.3233205129  0.139734813429  0.52535450164  0.24326181647  0.18895435535  0.155853710765  9.73111155054  0.430557270768  0.19484061607  0.302904972225  0.135284464407  -9999.0  -9999.0  -9999.0  -9999.0  -9999.0  -9999.0  -9999.0  -9999.0  -9999.0  -9999.0
-9999.0  -9999.0  -9999.0  -9999.0  -9999.0  -9999.0  -9999.0  -9999.0  -9999.0  -9999.0  -9999.0  0.961965694548  6.13022879518  0.947726440399  0.86063212678  4.46466418622  5.22679244297  5.99758440863  6.72743937207  80.5787478619  81.2314938236  82.5620514364  92.4903287292  94.405184037  95.5022805802  96.1342828527  107.498716001  109.096528726  109.680385209  114.809218103  118.019855955  118.559415183  120.528703616  1.35120372759  1.21825892567  0.292716722664  0.217269539147  292.797823211  298.57169187  1.22334583688  23.442073512  23.0229315287  2.36015276519  0.569904336816  0.581029528935  0.562990060857  0.549483125828  1.10082939037  1.55167733503  0.405712887861  32.5989196544  32.854279855  34.0447190509  34.2570574955  34.8093560435  35.1655648377  0.154623799706  0.188009783746  0.175217790876  25.5158285851  25.8170484013  26.5139567594  27.259356272  0.341632075641  10.4532401876  10.1340560845  0.20409661271  4.63278334277  4.49299332237  0.375638412941  0.22894700868  -9999.0  -9999.0  -9999.0  -9999.0  -9999.0  -9999.0  -9999.0  -9999.0  -9999.0
-9999.0  -9999.0  -9999.0  -9999.0  -9999.0  -9999.0  -9999.0  -9999.0  -9999.0  -9999.0  -9999.0  3.16733432988  4.18638396615  1.96205333138  2.86912732028  0.896264476899  10.5453420043  11.3648314851  12.9616203723  13.686653853  5.45414788935  89.1109194561  89.7820112362  0.614893826655  0.46284667303  0.438538570562  0.945293335432  0.502313201049  0.436160328295  0.431345615414  0.443038154598  119.099574783  121.060625073  122.888259582  124.522727808  125.451369113  0.390488653435  0.128399812227  322.869009139  24.1105719561  23.881927953  0.499633843548  0.462777466996  0.430242069182  1.03469136405  1.01636673414  0.476803710823  0.478878925687  0.447956042405  0.848868910334  1.09901941333  0.173553135565  0.323608892278  0.141142356152  0.13038152101  35.3020328117  35.622844814  36.0051510974  36.3941238097  36.5985030323  36.9391997734  37.0833143075  0.140737319335  27.663884954  0.228333876597  15.557295053  4.90806972187  0.307184356108  3.98589813513  3.4250456809  0.265689971279  -9999.0  -9999.0  -9999.0  -9999.0  -9999.0  -9999.0  -9999.0  -9999.0  -9999.0
-9999.0  -9999.0  -9999.0  -9999.0  -9999.0  -9999.0  -9999.0  -9999.0  -9999.0  -9999.0  -9999.0  -9999.0  2.15620485428  1.00455105478  0.922289639236  8.90523415565  9.76177936265  0.845499622309  3.36313617138  4.11938539617  4.81835647989  0.755938498943  0.579366603516  13.7664528811  14.2383859696  14.7007087482  37.4376123085  37.8334990508  38.6152742225  41.8578604982  44.0611101561  44.429762573  0.400638425602  0.413586416059  0.380711460718  125.799194707  0.162183594182  326.810847411  326.569978439  3.51081919265  3.22099419299  1.92465660291  0.489003579234  0.853213179278  1.48187361568  1.46676942098  0.933109105872  0.463651853398  0.901632133704  0.903958995979  1.49885968814  0.32285715215  0.633578237822  1.00395311561  1.27843380469  1.43290217062  0.148695468978  0.149680480379  0.149163887958  0.151219420338  0.174006763638  37.2893996596  37.6163083452  65.4773588742  65.6185353571  16.9220675476  1.13292681011  0.745614431332  0.288717047359  2.94415433626  2.72283611266  -9999.0  -9999.0  -9999.0  -9999.0  -9999.0  -9999.0  -9999.0  -9999.0  -9999.0
-9999.0  -9999.0  -9999.0  -9999.0  -9999.0  -9999.0  -9999.0  -9999.0  -9999.0  -9999.0  -9999.0  -9999.0  1.1192574596  3.16289086886  4.1242132815  7.09459484436  0.897028288938  1.79457798682  2.61611929743  10.0496702687  10.7642418452  11.4013059004  12.045285304  12.6899005079  19.3779760538  21.2785900028  22.3401780514  0.474249214343  2.47938025714  2.92202871506  42.9102786808  44.8150514388  45.6953104381  46.6008624992  47.3025282837  173.283911735  0.147361661386  327.638386261  0.507582541205  0.256822462092  2.74931981361  2.35505586906  0.396012287042  1.26772566766  1.88221534171  1.84434068552  1.28864088026  2.11271365754  3.34414610772  1.27973213865  3.12520369329  0.315499915219  0.542429621337  0.0981067401041  0.0775766851724  1.67787558896  1.75727465607  0.248977697754  0.265663857748  0.409238328093  0.139686554241  0.138077858428  0.175667862683  95.470844539  95.3484742877  29.3991725119  0.355679198372  1.81539566138  1.42660959893  0.927734946987  2.53725880494  1.82104723955  -9999.0  -9999.0  -9999.0  -9999.0  -9999.0  -9999.0  -9999.0  -9999.0
-9999.0  -9999.0  -9999.0  -9999.0  -9999.0  -9999.0  -9999.0  -9999.0  -9999.0  -9999.0  -9999.0  -9999.0  1.0585883073  2.10956891898  0.976615857137  1.97776140854  0.884522638623  6.71975317462  8.40289924629  9.2637354127  0.760576921199  1.49195087295  14.6865084937  18.1980569779  18.8291444555  1.31421330697  1.16109611628  1.69546642369  0.396644012901  0.366293982805  0.685710348374  0.295636368379  21.960499573  22.3191018131  22.5113704145  173.642959651  329.679089391  327.869250018  0.397329900146  0.196730722994  0.177235831691  0.840941728853  0.670988523586  1.63988089907  2.27381004514  4.53571709244  0.416554958725  0.413829483971  3.71806442868  4.10676091343  7.90188647721  8.09831575428  8.74044596486  8.92175380493  0.16004850756  0.247403993745  1.82480819586  100.4862679  98.3589146967  97.8693562465  97.2186694337  0.106144106275  96.4750819969  0.258902429307  0.194191317359  11.9221215912  2.93882680878  2.72821547548  0.50451504938  0.539399782414  0.447642556541  1.56450137819  -9999.0  -9999.0  -9999.0  -9999.0  -9999.0  -9999.0  -9999.0  -9999.0
-9999.0  -9999.0  -9999.0  -9999.0  -9999.0  -9999.0  -9999.0  -9999.0  -9999.0  -9999.0  -9999.0  -9999.0  -9999.0  1.03963815901  2.04714046253  3.05490480386  4.88489685143  0.968649071232  0.880055865848  5.86038874069  6.6340897854  13.2662275491  14.0449317385  2.22036213817  0.716696081521  0.646542723527  0.575570451922  19.8203036646  20.2455147437  20.6634248281  21.0073210307  21.6327475815  3.76640754667  4.0004965879  26.6808105774  530.201907352  1.48604845258  1.12812866814  0.600638590466  0.16784336172  0.149294920484  1.18260733069  1.29538743654  1.94096231287  0.157016592429  4.7519311584  0.717673196598  0.706624536404  0.150268091659  0.0932721055374  0.0800793027536  0.0702686352403  0.0842229446331  9.04936351842  120.034002426  110.549255468  110.274199575  100.567057651  0.125454148921  0.0982616570241  0.165620317519  96.6422309585  0.364631982098  0.164001341591  0.168120555729  0.165160762438  8.58123041176  8.22012002132  0.952483712364  0.487637666251  0.589074048176  0.58692242623  -9999.0  -9999.0  -9999.0  -9999.0  -9999.0  -9999.0  -9999.0  -9999.0
-9999.0  -9999.0  -9999.0  -9999.0  -9999.0  -9999.0  -9999.0  -9999.0  -9999.0  -9999.0  -9999.0  -9999.0  -9999.0  -9999.0  0.971707375232  1.75907836695  2.45713151329  3.19491609528  4.09574788798  5.01634231631  2.65998018829  4.33999335462  0.774454125183  0.743609254511  16.5814134823  18.0029371667  18.6531350843  19.3256208473  0.496056085557  0.907956345182  2.47841909693  2.96998941785  3.4050423645  0.294241650124  0.171467230091  530.99573075  0.336667305939  0.325655215411  0.157729113455  0.734672407645  0.358105268414  0.145089467497  3.37504907802  3.4769845814  0.0833022955686  4.84155736324  5.6461133272  0.820101679896  124.526445408  124.299929203  124.118451001  123.773212915  123.644498238  120.907859692  120.783713156  0.220345876912  9.65544631479  9.21520598258  8.75951183809  8.64028768543  4.74088188464  4.6160904156  4.3361095524  1.17364622993  1.04055637216  0.704775787303  0.184497350469  7.89664677178  7.07761770765  0.451681979682  0.882731905739  0.394809576994  -9999.0  -9999.0  -9999.0  -9999.0  -9999.0  -9999.0  -9999.0  -9999.0
-9999.0  -9999.0  -9999.0  -9999.0  -9999.0  -9999.0  -9999.0  -9999.0  -9999.0  -9999.0  -9999.0  -9999.0  -9999.0  -9999.0  0.201553375824  0.454367759665  0.708206700918  6.84356062777  7.79365523478  0.958801211917  0.898527471087  0.857893446334  13.5459330142  15.1384692159  0.756916116776  0.767249831797  0.638805005093  2.66849199743  3.31703366385  1.55688575707  2.06745259145  15.6381608641  16.1439320555  16.8420474741  26.6102479684  557.828256204  0.312417763474  0.131556514706  1.14713862407  0.949654453212  0.133112870573  0.413163605214  0.529476975282  3.59921762255  3.69396457854  9.61326210644  5.75247947235  0.985066862023  126.858474691  0.831054193092  123.955228122  123.869203503  2.60251711091  0.187792245749  0.600044016556  0.314515448773  0.224589750996  0.364202756887  0.184402498665  3.7894111053  3.2345734946  0.190129975999  3.05811811657  0.392613831391  0.22452954868  0.531534402808  0.267870022707  0.642925808305  5.68298131143  4.84024064663  0.363910112536  0.549096630534  0.279133850718  -9999.0  -9999.0  -9999.0  -9999.0  -9999.0  -9999.0  -9999.0
-9999.0  -9999.0  -9999.0  -9999.0  -9999.0  -9999.0  -9999.0  -9999.0  -9999.0  -9999.0  -9999.0  -9999.0  -9999.0  -9999.0  0.997818080233  1.65224224236  3.40789689213  5.96879137367  8.46114113497  10.1707725729  11.0804008988  11.9728343157  12.7947818326  0.783728419137  0.711344816705  1.40403511278  1.32045714695  0.697759447209  13.5302882447  14.1656557402  14.7459233935  15.3074911256  8.7927428172  9.20270119998  9.57269797603  558.014853693  0.55989209023  0.302663745425  1.61978140946  0.215798533712  0.231318416399  0.11943411422  0.107838045551  0.632399600613  0.0768341208026  0.0817650363578  136.910089859  127.240234093  127.162298339  0.33637634647  0.744192979184  0.489490060912  0.115319652722  2.32531401733  0.661469493621  0.544083871272  0.417858371828  0.295289276692  0.17052654741  0.406818290843  3.06738897748  2.60888260565  2.17134277092  2.48585773892  2.32800587039  2.19433842919  0.177138234634  0.347831088032  0.416439309522  3.59787785852  2.78097594148  1.60226562884  0.229161266755  -9999.0  -9999.0  -9999.0  -9999.0  -9999.0  -9999.0  -9999.0
-9999.0  -9999.0  -9999.0  -9999.0  -9999.0  -9999.0  -9999.0  -9999.0  -9999.0  -9999.0  -9999.0  -9999.0  -9999.0  -9999.0  0.687775530246  0.656915290145  1.28949578168  1.93989576257  0.869526181709  0.987711665961  1.89319316728  2.7847486558  4.4612044103  5.29019463669  6.05332779005  8.22356530867  8.87993426734  9.60099874368  0.646988113079  6.69387837145  7.26536476895  7.82689846935  0.485887987523  0.330617503314  0.573021731696  568.543064157  568.719454084  569.587434025  2.25872826829  0.455954572956  0.386909123082  0.0996117395184  0.190604138268  0.717817821272  0.865743275124  0.148676641019  137.268943303  0.10961283573  0.179909830695  0.202831374213  0.14345034062  0.289412578831  0.120440819858  1.54463803153  1.25705381547  0.954650853833  0.505126607913  0.356006828978  0.200857721604  0.231257304071  0.271702283086  0.274695174315  1.99143725699  1.52778865833  1.07623698422  0.602350951501  2.0462167806  1.51945060301  0.347875123861  0.43462521792  0.417837485656  0.780712367188  0.409473303062  -9999.0  -9999.0  -9999.0  -9999.0  -9999.0  -9999.0  -9999.0
-9999.0  -9999.0  -9999.0  -9999.0  -9999.0  -9999.0  -9999.0  -9999.0  -9999.0  -9999.0  -9999.0  -9999.0  -9999.0  -9999.0  -9999.0  0.634725841655  1.2484764652  0.594092698019  1.22313404462  7.71883773225  8.51746430391  9.413323583  0.829780781994  0.832360995186  1.59517060196  2.33367771338  3.66470503343  4.34073985442  4.79310341919  5.41555837777  0.53455051573  0.517536841434  9.00446012433  9.31891345811  9.54807833235  9.76363037085  8.16464766314  578.641275687  582.129344922  582.32154145  582.878883526  583.576498042  583.828854043  0.0699200102284  0.933712134244  137.329831024  0.148078567976  0.0760275878961  0.0838830557956  0.0847527453861  0.151261221833  0.161282280838  0.0959419003074  0.150181604568  0.153843813995  0.321954698572  0.156965778916  0.121028925448  0.475923498346  0.342382168809  0.188753189582  0.185160355675  0.213195114995  0.226194279573  0.25629147793  0.351109259137  0.396255132482  0.738381146909  0.241561923463  0.668171832619  0.264627907256  0.277715454202  -9999.0  -9999.0  -9999.0  -9999.0  -9999.0  -9999.0  -9999.0  -9999.0
-9999.0  -9999.0  -9999.0  -9999.0  -9999.0  -9999.0  -9999.0  -9999.0  -9999.0  -9999.0  -9999.0  -9999.0  -9999.0  -9999.0  -9999.0  -9999.0  1.85748624369  2.49454842754  4.37934797346  5.82566228893  0.769934358232  11.1574386694  11.9766656671  12.7922957583  0.801102725884  1.57062189721  0.674675758322  5.21845047031  5.6446293901  6.23947641173  6.81647570266  8.31784523399  8.58779202277  0.177538372628  7.34116237463  7.76820813176  7.96396874582  8.86963758651  1.04942213338  0.631606783541  0.367967808618  0.363921835301  584.126541779  584.216876895  585.780644814  137.383836037  0.430484114501  0.231407452217  0.151459349389  0.0534432266039  0.49102744052  0.269071367417  0.0869876081129  0.508373446773  0.435768687793  0.0799519892606  0.940289203787  0.85019253491  0.618500809228  0.129780979906  0.410108857536  0.301613776901  0.129058930387  0.376640185967  0.24686933678  0.346307162643  0.337585842432  0.202325058224  0.439355356005  2.88275623047  1.55548946447  0.988404357837  0.394697052195  -9999.0  -9999.0  -9999.0  -9999.0  -9999.0  -9999.0  -9999.0
-9999.0  -9999.0  -9999.0  -9999.0  -9999.0  -9999.0  -9999.0  -9999.0  -9999.0  -9999.0  -9999.0  -9999.0  -9999.0  -9999.0  -9999.0  -9999.0  0.663546982451  3.13029095756  3.7843953416  0.819632003917  0.928744827459  1.85584307231  2.70830144941  16.3541503531  0.803585086621  3.20228214962  3.90903757783  4.59460471995  0.442345664397  1.00674493715  1.40082184126  5.84694506286  6.56398971358  6.7488707499  0.207225367355  0.219777262051  0.274457356642  0.504607926182  0.224261106368  0.240234291461  0.306420586981  0.319599948772  0.305205703309  0.573282488534  585.88228502  723.519175445  0.528823020481  0.167023010612  0.0515535987984  1.62003566973  1.50198008067  0.925027473209  0.838251570811  0.63573863318  0.155288643292  0.115096575836  1.03020525853  0.461584367976  0.364368423359  0.113353779777  0.517077743363  0.988492713104  0.855402830326  0.542448137254  0.241304280116  0.94205390907  0.68347003416  0.37226165488  3.53737820078  3.39279791721  0.283319795496  0.261231985264  0.243675145113  0.224741762339  -9999.0  -9999.0  -9999.0  -9999.0  -9999.0  -9999.0
-9999.0  -9999.0  -9999.0  -9999.0  -9999.0  -9999.0  -9999.0  -9999.0  -9999.0  -9999.0  -9999.0  -9999.0  -9999.0  -9999.0  -9999.0  0.582783553373  1.85952033073  0.611951965864  0.997903477632  1.09969254192  2.05247225798  2.96354738517  3.71404772829  20.6760674995  21.4572286254  0.799554324166  1.51543758662  2.23777166988  2.77758228935  3.3583470336  5.24196685076  5.6148451102  0.469934965494  0.352822891986  0.314725193544  0.2916384902  0.329069509635  0.35576576306  0.321082242269  0.460448413569  1.00193243865  0.469302646268  0.103835712587  0.100141121854  0.0948358518543  0.177213760561  729.080442184  4.84359259579  1.91320004586  0.159615773877  0.0754706089222  0.0535865598123  0.209353749839  0.148554131705  0.0798172841205  0.0789138132799  1.20733829458  1.77886222359  1.95403797632  0.0816468477206  1.73201750615  1.12870178275  0.13476260893  0.113682108037  0.222952696272  1.91057914027  0.838262089919  0.494648698781  3.67292209073  0.144698985802  0.174287205532  0.940470188168  0.481895801119  0.810878893538  0.348106941951  -9999.0  -9999.0  -9999.0  -9999.0  -9999.0
-9999.0  -9999.0  -9999.0  -9999.0  -9999.0  -9999.0  -9999.0  -9999.0  -9999.0  -9999.0  -9999.0  -9999.0  -9999.0  -9999.0  0.617688652994  1.18284099988  4.21719081567  0.579958858102  1.79206999311  2.87448659437  3.8714692265  1.01692511498  1.88797799213  2.60179245194  24.6271696133  0.764692593979  1.44370624866  2.1068393777  0.614805481712  1.22379230124  1.68336620072  2.05599022524  46.4237207128  47.0478150311  47.5869241141  49.5964280039  50.5868709591  52.2340583393  0.421299508184  1.04824522396  1.19896677583  56.7085453583  56.9021170597  0.0916426562969  0.160385282325  0.225893069652  729.169392514  4.48512822992  2.36253324444  2.26834671226  1.64595700553  1.36525875163  0.275637483285  0.0635670124421  0.132880625299  0.0705731762122  0.0751877615755  0.180433829263  2.07232090086  4.01080632841  1.85326229021  0.371322838252  0.256952849003  0.12722512258  2.57582369534  2.22935658926  0.174756791653  4.47563045382  3.81988098709  0.278367888769  1.75116293839  1.12077432494  1.24340268554  1.05418578996  0.236310424979  -9999.0  -9999.0  -9999.0  -9999.0  -9999.0
-9999.0  -9999.0  -9999.0  -9999.0  -9999.0  -9999.0  -9999.0  -9999.0  -9999.0  -9999.0  -9999.0  -9999.0  -9999.0  -9999.0  0.618065523872  1.88372786402  6.7185288875  9.92380719507  0.523840769702  12.9762017468  17.4662353496  0.951766075312  1.82603602757  2.59353952664  31.9333528082  32.5179275268  0.552453272294  3.2234287747  3.75469040107  4.28096827827  42.263133911  43.4419406554  44.0123003997  0.264229512499  1.49054474671  1.75711412265  0.685408776883  0.961966055638  53.5937589989  55.0322479237  55.2275540875  55.4088414608  57.0961799211  0.0948914817588  0.0810774711268  0.370819519431  729.241340888  0.112163730312  0.184161905938  0.545015964521  0.210414185123  1.24362226076  0.926626578801  0.554819081315  0.402965688462  0.171543808146  0.0791827600366  0.268619726893  0.0846245324309  4.10699089988  0.555297507952  0.459000473636  0.0839061091661  0.213675535189  2.68193007242  0.0935474911551  0.16472480273  4.65226938883  0.110581144465  2.01117055179  1.90188180764  1.72218158681  1.58796621194  0.1660898351  0.638672703571  0.204675426913  -9999.0  -9999.0  -9999.0  -9999.0
-9999.0  -9999.0  -9999.0  -9999.0  -9999.0  -9999.0  -9999.0  -9999.0  -9999.0  -9999.0  -9999.0  -9999.0  -9999.0  -9999.0  -9999.0  -9999.0  1.31471801973  2.63569868771  11.7496106851  12.3963259437  18.0346877114  18.6570487079  0.916710555978  1.8319212527  4.20387533664  33.0145922631  34.1522701099  34.5945347981  0.350474640138  36.2661231041  37.5052174648  0.73892547724  0.268154264445  0.527516837961  1.01331828794  0.235116586373  0.453835306783  0.980732392173  1.19675456395  0.221119011005  0.143201547916  0.276926455809  58.2963223241  58.719243497  58.787241309  59.3625357927  729.302216857  0.0810490173254  0.128272973489  0.151744999818  0.149856209578  0.153989851973  0.135743253702  0.25299897025  0.0539554986436  0.139264464649  0.0830968698745  0.0906742790957  0.465672880654  4.85475022919  5.56475368107  5.67640708922  6.07073463688  0.0906566657266  2.7758189211  0.517046113028  0.328468056953  4.75719789651  4.97383593405  2.11374819632  2.24861909597  1.91899413684  1.18004668031  1.02337544119  0.855578222554  -9999.0  -9999.0  -9999.0  -9999.0  -9999.0
-9999.0  -9999.0  -9999.0  -9999.0  -9999.0  -9999.0  -9999.0  -9999.0  -9999.0  -9999.0  -9999.0  -9999.0  -9999.0  -9999.0  -9999.0  -9999.0  0.686628735596  0.671417289944  0.659327294813  1.3052737263  0.568108319043  19.7899369358  20.3626528712  0.817718860605  1.64179742875  0.731254342259  0.556420326707  0.536525344063  35.5616658155  0.42469242741  0.853673628195  0.388326877466  0.291540199055  0.25175146654  0.188435382747  0.196437193591  0.58930653427  0.807035290639  0.150619797993  0.132854725121  0.28438872604  0.473730507275  0.705423512691  0.2404514543  58.9155182254  59.4338944683  729.342444768  0.477381954162  0.311787082867  0.090133141277  0.223634353503  0.075520740765  0.059811232755  0.318275497672  0.278061651014  0.178813655025  0.0401263552681  0.0423527823824  0.198186272155  0.140507125849  0.0871895249533  0.0963953802518  0.104694678354  9.8543278303  3.38010994698  0.083923114442  0.14925879688  0.071311309988  11.5880277039  6.5309575597  6.4368475758  2.07903062015  1.47194202105  0.130435187404  -9999.0  -9999.0  -9999.0  -9999.0  -9999.0  -9999.0
-9999.0  -9999.0  -9999.0  -9999.0  -9999.0  -9999.0  -9999.0  -9999.0  -9999.0  -9999.0  -9999.0  -9999.0  -9999.0  -9999.0  -9999.0  -9999.0  -9999.0  -9999.0  0.663539523767  1.91205273161  2.44322097887  2.99683767575  20.9030131678  21.4528358787  21.9978067661  22.6178478826  23.1385533936  24.2124249757  24.6095159713  25.0126250446  25.3319393928  0.264934402737  0.241304519253  0.250133547788  0.842405950982  0.219917746372  0.202827918924  0.158375710767  0.45213891729  0.177711128077  0.133393946751  0.123223487474  0.110297865194  0.220073478056  0.308570576795  60.0420204803  789.904930493  0.0795465084147  0.146133366074  0.0739031759268  0.305152380393  0.165900339711  0.120214190668  0.818518028081  0.463716622591  0.134382435772  0.0857072951301  0.285915643853  0.0492100851845  0.188103875095  0.138386546575  0.268235112439  0.095131247858  0.118563966151  9.95384388631  10.2734296155  14.6512649074  14.573136436  14.4737266314  0.115345506051  1.95835017633  1.82461772608  0.150787212226  -9999.0  -9999.0  -9999.0  -9999.0  -9999.0  -9999.0  -9999.0
-9999.0  -9999.0  -9999.0  -9999.0  -9999.0  -9999.0  -9999.0  -9999.0  -9999.0  -9999.0  -9999.0  -9999.0  -9999.0  -9999.0  -9999.0  -9999.0  -9999.0  -9999.0  -9999.0  0.559262942722  4.42720866104  8.62525858646  9.2035302981  0.794132198437  1.61253282165  2.45421824995  3.08965329939  7.48732092  7.79247875792  0.291981226443  0.279900809803  25.8793946405  26.3526637917  26.5732355394  1.00015847281  0.138210723953  0.336917264311  0.4948111513  1.47099529187  1.80481397458  2.06002736815  0.232833910857  0.322367991852  0.107609348057  0.211477628076  0.108155200513  790.077865412  0.0640224946542  0.272877750847  0.134802242103  0.483356394516  0.950418018056  1.10600752782  1.96264134357  0.620057446989  0.57277559241  0.434351969797  0.401241966802  0.0801595594986  0.218833746755  0.33567821972  0.307465087258  0.0447507582878  25.6884447084  25.5347171906  25.455760488  14.9544039474  0.158721106114  2.6135872508  1.90830697311  1.29127201476  0.820204773571  0.142316504298  -9999.0  -9999.0  -9999.0  -9999.0  -9999.0  -9999.0  -9999.0
-9999.0  -9999.0  -9999.0  -9999.0  -9999.0  -9999.0  -9999.0  -9999.0  -9999.0  -9999.0  -9999.0  -9999.0  -9999.0  -9999.0  -9999.0  -9999.0  -9999.0  -9999.0  0.619886350264  1.9801507339  3.87913524582  5.06394426672  12.8625347404  13.5495090408  1.76023453372  2.58024891735  3.24846136457  3.8805272386  8.15966519335  8.7766409253  15.8358866505  16.4437435909  16.7155657838  26.7846588044  28.2850991763  0.335163167715  0.218156860146  0.205841552455  0.385516905666  0.172519566197  2.39289492142  2.51439625081  0.423439947444  0.615092415259  0.14736309839  182.131453623  182.352242747  972.519328306  972.8659409  0.0728075969247  0.644651732074  0.097208611047  0.0736561282965  2.10628083819  2.77813693158  0.530787498068  0.478184830597  0.0751616651901  0.0403337089775  0.257663324845  26.2951693367  25.9298570563  25.8895795366  25.7802867205  0.109763552683  0.12631835402  0.153222971808  0.169475220876  0.555527617347  0.377137202591  0.35770064752  0.540326560932  0.170992482431  -9999.0  -9999.0  -9999.0  -9999.0  -9999.0  -9999.0  -9999.0
-9999.0  -9999.0  -9999.0  -9999.0  -9999.0  -9999.0  -9999.0  -9999.0  -9999.0  -9999.0  -9999.0  -9999.0  -9999.0  -9999.0  -9999.0  -9999.0  -9999.0  -9999.0  -9999.0  0.712044039113  0.693071800022  1.31215527098  3.1070358887  14.1306354651  0.905024401845  0.896040280316  1.55797171307  2.2346197388  5.51698710384  6.02670793008  0.419417969183  0.393645920399  17.0442099941  17.2664559262  45.8018841984  46.0277536964  0.11650817397  0.102602288942  0.0818027265546  0.0826125689093  0.0900351394138  179.480890775  180.263902858  181.091290713  181.442472047  181.962692986  0.124406485464  0.457256091577  0.539086883166  973.563290771  973.59135957  973.730678665  973.904068023  974.047242024  2.90671335553  0.0339489600652  0.145871926423  0.115997764209  0.0303192682349  0.287811721073  26.4349527061  0.103383922964  0.0617921343995  0.560565774589  0.502854149631  0.414056698596  0.324899874008  0.183842354344  0.21685977703  0.205961182398  0.185489582178  0.196214581743  -9999.0  -9999.0  -9999.0  -9999.0  -9999.0  -9999.0  -9999.0  -9999.0
-9999.0  -9999.0  -9999.0  -9999.0  -9999.0  -9999.0  -9999.0  -9999.0  -9999.0  -9999.0  -9999.0  -9999.0  -9999.0  -9999.0  -9999.0  -9999.0  -9999.0  -9999.0  -9999.0  -9999.0  0.637219516145  0.666063053597  1.23214299754  16.5537772879  17.1578270084  0.883595365358  1.54154835498  2.22917461014  2.81463226547  0.538881146191  0.983521634324  39.5625024485  39.823021688  40.1613151493  42.3823558201  88.7026315735  174.699259651  174.98322786  175.227962692  175.463137677  176.510300001  176.848796037  0.634403966634  0.282840158832  0.167926566845  0.314481264957  0.22890855637  0.362949416629  0.110384748813  2.70758533154  2.9262913114  3.12616565564  3.16280253297  974.086456012  977.114365861  977.366084412  0.188324024083  0.030161101297  0.377551389799  0.322163658033  26.5096394553  0.0392809400905  1.10255836835  0.473288142702  0.403720129042  0.290477809105  0.15776942144  0.292048665666  0.152966234178  -9999.0  -9999.0  -9999.0  -9999.0  -9999.0  -9999.0  -9999.0  -9999.0  -9999.0  -9999.0  -9999.0
-9999.0  -9999.0  -9999.0  -9999.0  -9999.0  -9999.0  -9999.0  -9999.0  -9999.0  -9999.0  -9999.0  -9999.0  -9999.0  -9999.0  -9999.0  -9999.0  -9999.0  -9999.0  -9999.0  -9999.0  -9999.0  0.65471427257  1.25166912908  1.85128724586  17.6609778564  0.643872435896  24.211791243  24.9286895894  25.492577513  25.9841798058  37.6948335817  38.157786071  0.292277859474  1.60664392147  1.93294449764  0.261069720263  85.7184918506  85.255450317  0.133381788068  0.308946107022  0.838378354357  0.187230622299  0.19812916729  0.145340330709  0.121673446269  0.0936744848412  0.109379002754  2.36127090571  2.47459098476  2.61316144011  0.150745449179  0.148451612427  3.24028605407  3.29024760392  3.31790145494  977.38691764  977.408926821  0.460664029933  0.405235428207  27.7120369071  27.6853878148  1.14075428067  0.107304329563  0.0568940800049  0.829300305099  0.729557979074  0.603882097278  0.430582783409  0.241886070614  0.111868011982  -9999.0  -9999.0  -9999.0  -9999.0  -9999.0  -9999.0  -9999.0  -9999.0  -9999.0  -9999.0
-9999.0  -9999.0  -9999.0  -9999.0  -9999.0  -9999.0  -9999.0  -9999.0  -9999.0  -9999.0  -9999.0  -9999.0  -9999.0  -9999.0  -9999.0  -9999.0  -9999.0  -9999.0  -9999.0  -9999.0  -9999.0  0.599885442096  0.560308560064  2.906641278  21.7292578932  22.9462666106  23.5482777088  0.684406920234  10.4143855675  10.9572551155  11.2330257025  0.443211948873  0.754956359314  1.01655629217  20.1510649209  20.3523699858  20.5182992716  84.962663324  51.2940913676  0.1693464559  0.180117609972  0.172555327444  0.13355810209  1.45754233627  1.73542785728  1.97770887064  2.1126825734  2.24225149391  19.5644357045  19.6553480782  19.8269576377  20.2704146051  21.6140117005  21.6518814852  25.007651496  0.0289668919216  977.426521908  977.453084941  0.494152039144  27.7350344627  0.0603682808765  0.0306807883821  0.151856833644  1.22839364466  1.17950105171  0.240915592802  0.125754883606  0.509428151653  0.382890319188  0.11078213225  0.0989578767006  0.0973912480068  -9999.0  -9999.0  -9999.0  -9999.0  -9999.0  -9999.0  -9999.0  -9999.0
-9999.0  -9999.0  -9999.0  -9999.0  -9999.0  -9999.0  -9999.0  -9999.0  -9999.0  -9999.0  -9999.0  -9999.0  -9999.0  -9999.0  -9999.0  -9999.0  -9999.0  -9999.0  -9999.0  -9999.0  -9999.0  -9999.0  1.17281510232  1.78709732037  0.631332621354  0.919474582841  7.92153262885  8.64374352781  9.17423497757  4.08764422818  4.57131948561  5.06328899562  5.37519053999  19.6920623058  19.9796225875  12.5750310082  33.3098277013  33.5101531738  51.1591298043  0.375492042674  0.189653790304  0.131995238259  1.02274367366  1.1944760615  0.101082998019  0.0940880470777  19.1329880717  19.3669187552  19.4794138423  0.206926268  0.314937722972  21.4174898684  0.116034884871  0.300187018975  0.329848641681  25.3943058362  25.4239955729  25.8150122767  1003.7815728  27.8223687884  1.54324588364  1.5131054224  1.47239850523  1.27450662765  0.0620173861506  0.710584855443  0.630328867917  0.200589882378  0.098556797901  0.194471757547  0.44720561045  0.24912304472  -9999.0  -9999.0  -9999.0  -9999.0  -9999.0  -9999.0  -9999.0  -9999.0
-9999.0  -9999.0  -9999.0  -9999.0  -9999.0  -9999.0  -9999.0  -9999.0  -9999.0  -9999.0  -9999.0  -9999.0  -9999.0  -9999.0  -9999.0  -9999.0  -9999.0  -9999.0  -9999.0  -9999.0  -9999.0  -9999.0  0.58685313205  1.16175431771  4.87330710975  5.51930980061  6.2406728952  3.03301477479  3.60602073765  0.496395908586  13.1914357184  13.6322442879  14.0308237933  0.324510992576  12.0409865545  12.3393350493  0.212192348391  50.1750792003  0.430006374311  0.214366358753  0.563766380592  0.754080604667  0.14007850731  0.112931472888  17.9095262188  18.9217360151  19.0609342463  0.145383801695  0.31382768313  0.398510913111  0.490087635852  0.994416557609  0.11029780325  0.248837038364  0.0469085927415  0.0917967618999  25.7492330371  25.7843438436  1003.8117631  1033.38497201  1.72491829619  0.130269911234  0.0719609482063  0.0955225966148  0.0514444212535  0.777377590607  0.397602386003  0.302965770895  1.25493420483  1.14687312478  0.809167647358  0.180033654807  0.106284410282  -9999.0  -9999.0  -9999.0  -9999.0  -9999.0  -9999.0  -9999.0
-9999.0  -9999.0  -9999.0  -9999.0  -9999.0  -9999.0  -9999.0  -9999.0  -9999.0  -9999.0  -9999.0  -9999.0  -9999.0  -9999.0  -9999.0  -9999.0  -9999.0  -9999.0  -9999.0  -9999.0  -9999.0  -9999.0  0.585167027491  1.82602848516  3.14536572191  0.732401610039  1.59005280922  2.36740404096  11.1965450869  11.7857768317  12.2621403548  0.441685063051  9.85954764208  11.1310837351  11.4759466299  0.271922108754  49.2552530046  49.7658292652  0.234458071714  0.213542321603  0.417344072454  0.165462714528  17.1432605947  17.4276766814  17.5974960059  0.649164938813  0.799832622295  0.129656509924  0.228747410529  0.100006617153  0.711198630821  0.102769579236  0.0665877446094  0.0690015227183  0.0717688577148  0.146451717127  0.195823236324  86.0420360326  86.1589420001  1119.65966206  1119.76625317  1119.85788433  0.100335759161  1.56326109388  1.4404816866  0.573513986245  0.530539909118  0.0678468783909  1.47683472884  0.110899016564  0.104512770708  0.0880892887003  0.385767602964  0.163719075881  -9999.0  -9999.0  -9999.0  -9999.0  -9999.0  -9999.0
-9999.0  -9999.0  -9999.0  -9999.0  -9999.0  -9999.0  -9999.0  -9999.0  -9999.0  -9999.0  -9999.0  -9999.0  -9999.0  -9999.0  -9999.0  -9999.0  -9999.0  -9999.0  -9999.0  -9999.0  -9999.0  -9999.0  -9999.0  0.632248654524  0.682231407581  0.833337864428  7.68058797168  8.41295253938  10.5570249272  0.60724881478  7.96839696036  9.02996385754  0.446392000808  0.900970182317  0.326025900067  48.4307048532  0.326077275068  0.821322749326  1.00172562763  1.17304251574  16.0561973704  16.6742991604  16.8606429489  0.188896808534  0.3486530303  0.491733015075  0.08614552734  0.0780712900358  43.9581289296  44.0356701294  44.0985486131  44.7706007949  44.8506971751  44.9442522472  44.9997472183  73.6507538399  73.7144948132  86.0065187783  0.0766983266912  0.0874163633769  0.149882166109  1120.02066809  1120.26096367  1121.88092929  1121.89384009  0.084616899519  0.0515205712582  1.65015537845  1.59602856254  0.0788775869294  0.205671329157  1.60161178049  1.00871686208  0.875262391254  0.233429349089  -9999.0  -9999.0  -9999.0  -9999.0  -9999.0
-9999.0  -9999.0  -9999.0  -9999.0  -9999.0  -9999.0  -9999.0  -9999.0  -9999.0  -9999.0  -9999.0  -9999.0  -9999.0  -9999.0  -9999.0  -9999.0  -9999.0  -9999.0  -9999.0  -9999.0  -9999.0  -9999.0  -9999.0  0.560573388705  1.44300950426  3.06479052492  6.85687207344  0.83903726892  1.52602818671  6.28648744421  6.88220327469  0.557093865753  11.9069247203  12.373788042  47.3885547137  47.7533719475  0.297277849454  0.557366812516  2.57139927679  14.0229905295  14.7535508474  0.451836019558  0.203583162013  0.15885085059  38.7223276611  39.0097401265  39.2365238446  39.4650544484  43.8870800603  0.241343255252  44.6959334373  0.135011268929  0.0868251495608  0.154692772183  28.5103874538  28.6098308997  11.9447096609  12.2146181458  0.18035033767  0.0877513671109  0.103197522974  0.0875446728676  0.128185076443  0.0450373932294  1182.75396517  1182.87259884  2.07741785259  1.75337906773  0.0603902183364  2.36677930682  2.21657062323  1.89569907088  0.173921633226  0.212654532758  0.25106560846  -9999.0  -9999.0  -9999.0  -9999.0  -9999.0
-9999.0  -9999.0  -9999.0  -9999.0  -9999.0  -9999.0  -9999.0  -9999.0  -9999.0  -9999.0  -9999.0  -9999.0  -9999.0  -9999.0  -9999.0  -9999.0  -9999.0  -9999.0  -9999.0  -9999.0  -9999.0  -9999.0  -9999.0  -9999.0  1.08186507011  2.09809090969  2.98804426492  4.85031708407  5.56865539969  9.0330751382  10.3885138012  10.9071971213  11.4244819233  34.2109423913  34.6407115559  0.309445490956  1.97444794281  2.29504083547  10.8221272504  11.1747269135  0.463460570118  0.183657878755  37.7847936765  38.2628829365  38.4435744564  0.157191238178  4.02288128423  4.15714371937  4.30382510541  0.125466487183  0.0931887063149  0.0694077422921  0.0754784225592  28.1913264396  28.2910460544  0.0717965051159  11.8752747883  11.4010936709  11.3357079189  0.0697383595211  0.0704889949502  0.123418475963  0.177025806923  60.5367552479  60.8339836782  1185.00918998  0.181656922085  0.0541510449863  2.49448324147  0.0760885842361  0.400233630659  0.288709929777  0.162347925968  -9999.0  -9999.0  -9999.0  -9999.0  -9999.0  -9999.0  -9999.0
-9999.0  -9999.0  -9999.0  -9999.0  -9999.0  -9999.0  -9999.0  -9999.0  -9999.0  -9999.0  -9999.0  -9999.0  -9999.0  -9999.0  -9999.0  -9999.0  -9999.0  -9999.0  -9999.0  -9999.0  -9999.0  -9999.0  -9999.0  -9999.0  1.05733463954  3.16087386874  3.96757336151  5.74521869643  7.49608259186  8.33126150676  0.712839170066  8.76889862171  33.1104697302  33.7363871655  0.530948398084  0.985694099175  1.72342146696  10.1725772268  10.517297285  24.7880092539  25.2899052485  37.4481520763  37.6480673486  0.300577619486  3.34503543602  3.73366266936  3.91343328542  0.139633164781  24.7367464126  24.8614777381  25.275893466  27.1676024874  27.8683027835  28.0140968928  0.14541182266  0.243268057895  0.325719249381  9.79457678322  11.2100496292  0.933482640654  0.855953550638  0.108685275201  0.120867320832  60.3092707306  0.252480370656  0.107656034942  1185.12788679  0.0265467591465  0.0301496607293  3.04439168578  0.49419257864  0.091445457187  0.104360134228  -9999.0  -9999.0  -9999.0  -9999.0  -9999.0  -9999.0  -9999.0
-9999.0  -9999.0  -9999.0  -9999.0  -9999.0  -9999.0  -9999.0  -9999.0  -9999.0  -9999.0  -9999.0  -9999.0  -9999.0  -9999.0  -9999.0  -9999.0  -9999.0  -9999.0  -9999.0  -9999.0  -9999.0  -9999.0  -9999.0  -9999.0  1.11940463109  1.07903888373  3.98923961505  4.78452170587  0.871593315344  7.26840007133  8.03450947351  0.71041170485  22.9938198334  0.672091663754  4.25802046968  9.38668069422  9.83065909171  22.8631351889  23.200771065  24.5023332291  0.324225974131  11.9417315717  0.266015359208  0.456085386085  3.19672162857  0.224372461534  5.5395621053  24.4884708029  0.172377113124  0.323765553877  1.51188593869  0.18705351771  0.288215727232  0.17434825193  0.097596886505  8.68306767085  9.41806874096  9.71685643454  0.391218036453  0.241948585507  0.459557934092  0.154916361734  59.9222411913  60.0187269406  0.157943969699  0.051688515358  0.0239246530391  1185.28378962  1188.87307993  3.54825057664  0.461404577682  0.393001433978  0.221057459443  -9999.0  -9999.0  -9999.0  -9999.0  -9999.0  -9999.0  -9999.0
-9999.0  -9999.0  -9999.0  -9999.0  -9999.0  -9999.0  -9999.0  -9999.0  -9999.0  -9999.0  -9999.0  -9999.0  -9999.0  -9999.0  -9999.0  -9999.0  -9999.0  -9999.0  -9999.0  -9999.0  -9999.0  -9999.0  -9999.0  -9999.0  -9999.0  1.04376528134  1.0623873871  1.03637849534  5.4540965087  6.40563400578  10.7419225412  22.3509987084  0.778035593152  2.32991869466  3.03400634229  4.631478645  1.12446129815  22.4128819407  0.481072855675  0.944511347337  11.2808901697  0.382165590641  1.70035918532  2.20000021011  0.326161256945  0.22635589226  5.41108865747  18.7868484879  0.232680771292  0.831515202089  1.38933680009  0.225233201261  0.155418565009  7.72277526605  8.17767450964  0.320227717317  0.636525594278  0.17146964385  0.283980079633  0.139316715137  0.109525661003  0.108563285564  59.8349556646  0.297645544366  -9999.0  -9999.0  0.0578925297392  0.102391362443  1188.87954936  1188.88554276  1189.13118118  0.141576213217  -9999.0  -9999.0  -9999.0  -9999.0  -9999.0  -9999.0  -9999.0  -9999.0
-9999.0  -9999.0  -9999.0  -9999.0  -9999.0  -9999.0  -9999.0  -9999.0  -9999.0  -9999.0  -9999.0  -9999.0  -9999.0  -9999.0  -9999.0  -9999.0  -9999.0  -9999.0  -9999.0  -9999.0  -9999.0  -9999.0  -9999.0  -9999.0  -9999.0  -9999.0  0.871086722372  2.75271153745  3.52661555561  9.99569549964  3.28998495284  10.8354601411  6.8738845349  0.774671852214  2.42219441487  3.95783735709  0.611085196593  20.7971674977  8.08849382643  9.9288194421  1.00313364848  0.999273830811  0.36490975709  0.354549628351  4.74587815152  4.97603502736  18.1224496313  18.3361107405  0.413507190448  0.634048925455  0.1725854199  6.02556749136  6.88563429129  7.62146100484  0.34296628485  0.158486399749  0.465990337558  0.163394294938  0.126230048994  0.08780749559  58.7116105453  59.1120933671  59.3384599251  0.200362168134  -9999.0  -9999.0  -9999.0  -9999.0  -9999.0  0.0213864943445  1189.13527034  1189.1696669  -9999.0  -9999.0  -9999.0  -9999.0  -9999.0  -9999.0  -9999.0  -9999.0
-9999.0  -9999.0  -9999.0  -9999.0  -9999.0  -9999.0  -9999.0  -9999.0  -9999.0  -9999.0  -9999.0  -9999.0  -9999.0  -9999.0  -9999.0  -9999.0  -9999.0  -9999.0  -9999.0  -9999.0  -9999.0  -9999.0  -9999.0  -9999.0  -9999.0  -9999.0  1.14250934486  1.07199158201  9.28326790577  0.763837137919  2.59962025321  4.45102032356  6.13915381748  0.852579841782  0.845317719066  0.79673312349  19.4004514555  20.1573798073  7.52722580568  1.32838371799  0.611083958843  0.605103376912  4.04600689452  4.4854526829  16.411563114  17.0751941187  17.6549335739  0.269090712248  0.214634742401  5.56553508971  5.71441506665  5.88914724588  0.743047906139  0.390160374514  0.188556183147  0.180935793483  0.132789048702  1.08474960047  1.1829617155  58.4854713749  58.6115510042  0.295764924422  0.1158909456  0.100264304249  -9999.0  -9999.0  -9999.0  -9999.0  -9999.0  -9999.0  -9999.0  -9999.0  -9999.0  -9999.0  -9999.0  -9999.0  -9999.0  -9999.0  -9999.0  -9999.0
-9999.0  -9999.0  -9999.0  -9999.0  -9999.0  -9999.0  -9999.0  -9999.0  -9999.0  -9999.0  -9999.0  -9999.0  -9999.0  -9999.0  -9999.0  -9999.0  -9999.0  -9999.0  -9999.0  -9999.0  -9999.0  -9999.0  -9999.0  -9999.0  -9999.0  -9999.0  -9999.0  2.23524748133  7.43008297191  4.18193298156  0.926783119975  3.66404638188  0.852670695858  2.73322511251  3.49725580081  17.297497836  18.7821685453  6.21867414701  6.88222378388  0.661896653342  2.93876542267  3.51520643643  10.4505088787  15.650735972  16.1154622128  0.397983611874  0.300647484174  4.30572246746  4.84967340982  5.41238085247  0.208228059616  0.384577816194  0.57665018309  0.190038626458  0.436454587978  0.700851507193  0.820219049578  0.991501842801  0.114248619572  57.0479271442  0.260306515524  0.181643894563  -9999.0  -9999.0  -9999.0  -9999.0  -9999.0  -9999.0  -9999.0  -9999.0  -9999.0  -9999.0  -9999.0  -9999.0  -9999.0  -9999.0  -9999.0  -9999.0  -9999.0  -9999.0
-9999.0  -9999.0  -9999.0  -9999.0  -9999.0  -9999.0  -9999.0  -9999.0  -9999.0  -9999.0  -9999.0  -9999.0  -9999.0  -9999.0  -9999.0  -9999.0  -9999.0  -9999.0  -9999.0  -9999.0  -9999.0  -9999.0  -9999.0  -9999.0  -9999.0  -9999.0  -9999.0  1.15492669115  1.07377736212  2.08069941275  0.937745690026  1.84925138526  1.86850140222  10.8841218968  11.5488535839  1.62186564023  0.845251999584  5.50314333909  1.57766416851  2.34161264637  8.68692019597  9.33020582046  9.95462685696  4.70111187056  1.70527246326  2.59415493027  3.32692799714  4.106837033  0.368365464538  0.305202999692  33.5221872297  33.7480195262  33.9259699853  0.160692937494  0.291323063019  0.154405963246  0.11166476358  53.9785450728  54.6867013802  1.78140647581  1.58516986586  0.155741204045  -9999.0  -9999.0  -9999.0  -9999.0  -9999.0  -9999.0  -9999.0  -9999.0  -9999.0  -9999.0  -9999.0  -9999.0  -9999.0  -9999.0  -9999.0  -9999.0  -9999.0  -9999.0
-9999.0  -9999.0  -9999.0  -9999.0  -9999.0  -9999.0  -9999.0  -9999.0  -9999.0  -9999.0  -9999.0  -9999.0  -9999.0  -9999.0  -9999.0  -9999.0  -9999.0  -9999.0  -9999.0  -9999.0  -9999.0  -9999.0  -9999.0  -9999.0  -9999.0  -9999.0  -9999.0  -9999.0  -9999.0  1.00678203314  0.897119171669  0.96195220289  3.98633605074  9.96703655084  5.02774253317  0.910058185501  3.79500240087  4.67083981795  0.794471314193  7.34895798415  8.02983357432  2.1984814081  3.46058401621  0.638744455399  1.14735726975  0.479058614536  0.367478930542  0.361043882189  32.7968303555  33.0969671216  33.3155425876  1.11836458413  35.2607129515  35.4510662736  35.6140409101  35.7717303062  36.0528167703  53.8917675819  54.150127206  0.426657946911  1.4247837257  0.385068586837  -9999.0  -9999.0  -9999.0  -9999.0  -9999.0  -9999.0  -9999.0  -9999.0  -9999.0  -9999.0  -9999.0  -9999.0  -9999.0  -9999.0  -9999.0  -9999.0  -9999.0  -9999.0
-9999.0  -9999.0  -9999.0  -9999.0  -9999.0  -9999.0  -9999.0  -9999.0  -9999.0  -9999.0  -9999.0  -9999.0  -9999.0  -9999.0  -9999.0  -9999.0  -9999.0  -9999.0  -9999.0  -9999.0  -9999.0  -9999.0  -9999.0  -9999.0  -9999.0  -9999.0  -9999.0  -9999.0  -9999.0  -9999.0  -9999.0  0.980460481421  2.11532496453  2.15608772223  2.08055455921  2.03007225712  2.97217944897  4.89168102769  5.71832150758  6.59234507488  0.757867637817  1.53178104105  0.657900580724  0.591699101652  20.8544529603  25.10055709  26.0181838017  26.4413704561  32.5214293811  0.337676592397  0.612949817218  0.942025746298  5.46754502672  5.6666880853  5.8346431583  12.9284147201  16.0639615511  17.6705344595  0.228754669682  0.236129567872  0.863475486481  0.218950773944  -9999.0  -9999.0  -9999.0  -9999.0  -9999.0  -9999.0  -9999.0  -9999.0  -9999.0  -9999.0  -9999.0  -9999.0  -9999.0  -9999.0  -9999.0  -9999.0  -9999.0  -9999.0
-9999.0  -9999.0  -9999.0  -9999.0  -9999.0  -9999.0  -9999.0  -9999.0  -9999.0  -9999.0  -9999.0  -9999.0  -9999.0  -9999.0  -9999.0  -9999.0  -9999.0  -9999.0  -9999.0  -9999.0  -9999.0  -9999.0  -9999.0  -9999.0  -9999.0  -9999.0  -9999.0  -9999.0  -9999.0  -9999.0  -9999.0  -9999.0  1.10330639026  1.09763274287  1.05153075795  1.02137044364  2.0351311941  3.97880113387  3.54890053641  4.33119658427  5.02938120351  11.5045785296  12.1402493747  19.9843708674  20.4744565396  3.85092401904  0.44697104764  5.30703486282  5.69203831016  2.19575387918  4.23477582682  4.94963451377  5.25305105015  0.264256930066  6.95050760232  13.5055993527  15.9349185097  0.23213059819  1.19838380426  0.213836561919  0.660660308706  -9999.0  -9999.0  -9999.0  -9999.0  -9999.0  -9999.0  -9999.0  -9999.0  -9999.0  -9999.0  -9999.0  -9999.0  -9999.0  -9999.0  -9999.0  -9999.0  -9999.0  -9999.0  -9999.0
-9999.0  -9999.0  -9999.0  -9999.0  -9999.0  -9999.0  -9999.0  -9999.0  -9999.0  -9999.0  -9999.0  -9999.0  -9999.0  -9999.0  -9999.0  -9999.0  -9999.0  -9999.0  -9999.0  -9999.0  -9999.0  -9999.0  -9999.0  -9999.0  -9999.0  -9999.0  -9999.0  -9999.0  -9999.0  -9999.0  -9999.0  -9999.0  -9999.0  -9999.0  -9999.0  1.10165453005  1.01786402442  0.932382526079  2.71073344002  2.55636900324  4.97564522033  5.78003908548  0.70414921416  7.20476905928  2.78214980453  3.37130550962  3.35142807558  4.90890936298  1.37476504533  0.442051408661  1.75627509802  0.417429462732  3.79609700949  4.51156137451  6.46325804842  0.31601861204  1.42475177223  0.538940104156  0.745305282598  0.234623060297  0.44992921893  -9999.0  -9999.0  -9999.0  -9999.0  -9999.0  -9999.0  -9999.0  -9999.0  -9999.0  -9999.0  -9999.0  -9999.0  -9999.0  -9999.0  -9999.0  -9999.0  -9999.0  -9999.0  -9999.0
-9999.0  -9999.0  -9999.0  -9999.0  -9999.0  -9999.0  -9999.0  -9999.0  -9999.0  -9999.0  -9999.0  -9999.0  -9999.0  -9999.0  -9999.0  -9999.0  -9999.0  -9999.0  -9999.0  -9999.0  -9999.0  -9999.0  -9999.0  -9999.0  -9999.0  -9999.0  -9999.0  -9999.0  -9999.0  -9999.0  -9999.0  -9999.0  -9999.0  -9999.0  -9999.0  -9999.0  -9999.0  0.919404494049  0.850028648699  1.71332845515  1.65237439372  4.25726605514  5.76763418486  1.52185814186  2.1520444322  1.76970126329  2.86192572281  1.06747211924  0.970241954535  0.962101457054  0.411276808079  2.25813247886  3.45614666495  0.385042792846  1.61289107477  0.644950396919  0.479557332493  0.252823101632  0.244776917216  0.258951593758  -9999.0  -9999.0  -9999.0  -9999.0  -9999.0  -9999.0  -9999.0  -9999.0  -9999.0  -9999.0  -9999.0  -9999.0  -9999.0  -9999.0  -9999.0  -9999.0  -9999.0  -9999.0  -9999.0  -9999.0
-9999.0  -9999.0  -9999.0  -9999.0  -9999.0  -9999.0  -9999.0  -9999.0  -9999.0  -9999.0  -9999.0  -9999.0  -9999.0  -9999.0  -9999.0  -9999.0  -9999.0  -9999.0  -9999.0  -9999.0  -9999.0  -9999.0  -9999.0  -9999.0  -9999.0  -9999.0  -9999.0  -9999.0  -9999.0  -9999.0  -9999.0  -9999.0  -9999.0  -9999.0  -9999.0  -9999.0  -9999.0  -9999.0  -9999.0  0.860437401114  1.76186954533  3.46755694865  0.789198317342  0.785281709576  0.608068995065  1.22263466765  0.559992100582  0.542999228644  0.509793999141  0.506351107117  0.954395922129  1.88498077583  0.853345523875  0.881038949887  1.26571819838  0.334747077937  0.233791608957  -9999.0  -9999.0  -9999.0  -9999.0  -9999.0  -9999.0  -9999.0  -9999.0  -9999.0  -9999.0  -9999.0  -9999.0  -9999.0  -9999.0  -9999.0  -9999.0  -9999.0  -9999.0  -9999.0  -9999.0  -9999.0  -9999.0  -9999.0
-9999.0  -9999.0  -9999.0  -9999.0  -9999.0  -9999.0  -9999.0  -9999.0  -9999.0  -9999.0  -9999.0  -9999.0  -9999.0  -9999.0  -9999.0  -9999.0  -9999.0  -9999.0  -9999.0  -9999.0  -9999.0  -9999.0  -9999.0  -9999.0  -9999.0  -9999.0  -9999.0  -9999.0  -9999.0  -9999.0  -9999.0  -9999.0  -9999.0  -9999.0  -9999.0  -9999.0  -9999.0  -9999.0  -9999.0  -9999.0  0.881358615705  0.845558864182  -9999.0  -9999.0  -9999.0  -9999.0  -9999.0  -9999.0  -9999.0  -9999.0  0.484012085544  0.458586127744  0.401338656973  0.416066095815  -9999.0  -9999.0  -9999.0  -9999.0  -9999.0  -9999.0  -9999.0  -9999.0  -9999.0  -9999.0  -9999.0  -9999.0  -9999.0  -9999.0  -9999.0  -9999.0  -9999.0  -9999.0  -9999.0  -9999.0  -9999.0  -9999.0  -9999.0  -9999.0  -9999.0  -9999.0
-9999.0  -9999.0  -9999.0  -9999.0  -9999.0  -9999.0  -9999.0  -9999.0  -9999.0  -9999.0  -9999.0  -9999.0  -9999.0  -9999.0  -9999.0  -9999.0  -9999.0  -9999.0  -9999.0  -9999.0  -9999.0  -9999.0  -9999.0  -9999.0  -9999.0  -9999.0  -9999.0  -9999.0  -9999.0  -9999.0  -9999.0  -9999.0  -9999.0  -9999.0  -9999.0  -9999.0  -9999.0  -9999.0  -9999.0  -9999.0  -9999.0  -9999.0  -9999.0  -9999.0  -9999.0  -9999.0  -9999.0  -9999.0  -9999.0  -9999.0  -9999.0  -9999.0  -9999.0  -9999.0  -9999.0  -9999.0  -9999.0  -9999.0  -9999.0  -9999.0  -9999.0  -9999.0  -9999.0  -9999.0  -9999.0  -9999.0  -9999.0  -9999.0  -9999.0  -9999.0  -9999.0  -9999.0  -9999.0  -9999.0  -9999.0  -9999.0  -9999.0  -9999.0  -9999.0  -9999.0
-9999.0  -9999.0  -9999.0  -9999.0  -9999.0  -9999.0  -9999.0  -9999.0  -9999.0  -9999.0  -9999.0  -9999.0  -9999.0  -9999.0  -9999.0  -9999.0  -9999.0  -9999.0  -9999.0  -9999.0  -9999.0  -9999.0  -9999.0  -9999.0  -9999.0  -9999.0  -9999.0  -9999.0  -9999.0  -9999.0  -9999.0  -9999.0  -9999.0  -9999.0  -9999.0  -9999.0  -9999.0  -9999.0  -9999.0  -9999.0  -9999.0  -9999.0  -9999.0  -9999.0  -9999.0  -9999.0  -9999.0  -9999.0  -9999.0  -9999.0  -9999.0  -9999.0  -9999.0  -9999.0  -9999.0  -9999.0  -9999.0  -9999.0  -9999.0  -9999.0  -9999.0  -9999.0  -9999.0  -9999.0  -9999.0  -9999.0  -9999.0  -9999.0  -9999.0  -9999.0  -9999.0  -9999.0  -9999.0  -9999.0  -9999.0  -9999.0  -9999.0  -9999.0  -9999.0  -9999.0
-9999.0  -9999.0  -9999.0  -9999.0  -9999.0  -9999.0  -9999.0  -9999.0  -9999.0  -9999.0  -9999.0  -9999.0  -9999.0  -9999.0  -9999.0  -9999.0  -9999.0  -9999.0  -9999.0  -9999.0  -9999.0  -9999.0  -9999.0  -9999.0  -9999.0  -9999.0  -9999.0  -9999.0  -9999.0  -9999.0  -9999.0  -9999.0  -9999.0  -9999.0  -9999.0  -9999.0  -9999.0  -9999.0  -9999.0  -9999.0  -9999.0  -9999.0  -9999.0  -9999.0  -9999.0  -9999.0  -9999.0  -9999.0  -9999.0  -9999.0  -9999.0  -9999.0  -9999.0  -9999.0  -9999.0  -9999.0  -9999.0  -9999.0  -9999.0  -9999.0  -9999.0  -9999.0  -9999.0  -9999.0  -9999.0  -9999.0  -9999.0  -9999.0  -9999.0  -9999.0  -9999.0  -9999.0  -9999.0  -9999.0  -9999.0  -9999.0  -9999.0  -9999.0  -9999.0  -9999.0
-9999.0  -9999.0  -9999.0  -9999.0  -9999.0  -9999.0  -9999.0  -9999.0  -9999.0  -9999.0  -9999.0  -9999.0  -9999.0  -9999.0  -9999.0  -9999.0  -9999.0  -9999.0  -9999.0  -9999.0  -9999.0  -9999.0  -9999.0  -9999.0  -9999.0  -9999.0  -9999.0  -9999.0  -9999.0  -9999.0  -9999.0  -9999.0  -9999.0  -9999.0  -9999.0  -9999.0  -9999.0  -9999.0  -9999.0  -9999.0  -9999.0  -9999.0  -9999.0  -9999.0  -9999.0  -9999.0  -9999.0  -9999.0  -9999.0  -9999.0  -9999.0  -9999.0  -9999.0  -9999.0  -9999.0  -9999.0  -9999.0  -9999.0  -9999.0  -9999.0  -9999.0  -9999.0  -9999.0  -9999.0  -9999.0  -9999.0  -9999.0  -9999.0  -9999.0  -9999.0  -9999.0  -9999.0  -9999.0  -9999.0  -9999.0  -9999.0  -9999.0  -9999.0  -9999.0  -9999.0
-9999.0  -9999.0  -9999.0  -9999.0  -9999.0  -9999.0  -9999.0  -9999.0  -9999.0  -9999.0  -9999.0  -9999.0  -9999.0  -9999.0  -9999.0  -9999.0  -9999.0  -9999.0  -9999.0  -9999.0  -9999.0  -9999.0  -9999.0  -9999.0  -9999.0  -9999.0  -9999.0  -9999.0  -9999.0  -9999.0  -9999.0  -9999.0  -9999.0  -9999.0  -9999.0  -9999.0  -9999.0  -9999.0  -9999.0  -9999.0  -9999.0  -9999.0  -9999.0  -9999.0  -9999.0  -9999.0  -9999.0  -9999.0  -9999.0  -9999.0  -9999.0  -9999.0  -9999.0  -9999.0  -9999.0  -9999.0  -9999.0  -9999.0  -9999.0  -9999.0  -9999.0  -9999.0  -9999.0  -9999.0  -9999.0  -9999.0  -9999.0  -9999.0  -9999.0  -9999.0  -9999.0  -9999.0  -9999.0  -9999.0  -9999.0  -9999.0  -9999.0  -9999.0  -9999.0  -9999.0
-9999.0  -9999.0  -9999.0  -9999.0  -9999.0  -9999.0  -9999.0  -9999.0  -9999.0  -9999.0  -9999.0  -9999.0  -9999.0  -9999.0  -9999.0  -9999.0  -9999.0  -9999.0  -9999.0  -9999.0  -9999.0  -9999.0  -9999.0  -9999.0  -9999.0  -9999.0  -9999.0  -9999.0  -9999.0  -9999.0  -9999.0  -9999.0  -9999.0  -9999.0  -9999.0  -9999.0  -9999.0  -9999.0  -9999.0  -9999.0  -9999.0  -9999.0  -9999.0  -9999.0  -9999.0  -9999.0  -9999.0  -9999.0  -9999.0  -9999.0  -9999.0  -9999.0  -9999.0  -9999.0  -9999.0  -9999.0  -9999.0  -9999.0  -9999.0  -9999.0  -9999.0  -9999.0  -9999.0  -9999.0  -9999.0  -9999.0  -9999.0  -9999.0  -9999.0  -9999.0  -9999.0  -9999.0  -9999.0  -9999.0  -9999.0  -9999.0  -9999.0  -9999.0  -9999.0  -9999.0
