ncols                  80
nrows                 72
xllcorner      4374000.0
yllcorner      5656000.0
cellsize            500
NODATA_value       -9999
-9999.0  -9999.0  -9999.0  -9999.0  -9999.0  -9999.0  -9999.0  -9999.0  -9999.0  -9999.0  -9999.0  -9999.0  0.837486687595  0.667316424165  -9999.0  -9999.0  -9999.0  -9999.0  -9999.0  -9999.0  -9999.0  -9999.0  -9999.0  -9999.0  -9999.0  -9999.0  -9999.0  -9999.0  -9999.0  -9999.0  -9999.0  -9999.0  -9999.0  -9999.0  -9999.0  -9999.0  -9999.0  -9999.0  -9999.0  -9999.0  -9999.0  -9999.0  -9999.0  -9999.0  -9999.0  -9999.0  -9999.0  -9999.0  -9999.0  -9999.0  -9999.0  -9999.0  -9999.0  -9999.0  -9999.0  -9999.0  -9999.0  -9999.0  -9999.0  -9999.0  -9999.0  -9999.0  -9999.0  -9999.0  -9999.0  -9999.0  -9999.0  -9999.0  -9999.0  -9999.0  -9999.0  -9999.0  -9999.0  -9999.0  -9999.0  -9999.0  -9999.0  -9999.0  -9999.0  -9999.0
-9999.0  -9999.0  -9999.0  -9999.0  -9999.0  -9999.0  -9999.0  -9999.0  -9999.0  -9999.0  -9999.0  -9999.0  1.66065509211  3.55367211191  0.550428315314  -9999.0  0.491530924549  -9999.0  -9999.0  -9999.0  -9999.0  -9999.0  -9999.0  -9999.0  -9999.0  -9999.0  -9999.0  -9999.0  -9999.0  -9999.0  -9999.0  -9999.0  -9999.0  -9999.0  -9999.0  -9999.0  -9999.0  -9999.0  -9999.0  -9999.0  -9999.0  -9999.0  -9999.0  -9999.0  -9999.0  -9999.0  -9999.0  -9999.0  -9999.0  -9999.0  -9999.0  -9999.0  -9999.0  -9999.0  -9999.0  -9999.0  -9999.0  -9999.0  -9999.0  -9999.0  -9999.0  -9999.0  -9999.0  -9999.0  -9999.0  -9999.0  -9999.0  -9999.0  -9999.0  -9999.0  -9999.0  -9999.0  -9999.0  -9999.0  -9999.0  -9999.0  -9999.0  -9999.0  -9999.0  -9999.0
-9999.0  -9999.0  -9999.0  -9999.0  -9999.0  -9999.0  -9999.0  -9999.0  -9999.0  -9999.0  0.803579267995  0.779399963269  0.812024653053  0.796989885632  5.08669161328  5.6462586248  1.37700600864  0.446427125002  -9999.0  -9999.0  -9999.0  -9999.0  -9999.0  -9999.0  -9999.0  -9999.0  -9999.0  -9999.0  -9999.0  -9999.0  -9999.0  -9999.0  -9999.0  -9999.0  -9999.0  -9999.0  -9999.0  -9999.0  -9999.0  -9999.0  -9999.0  -9999.0  -9999.0  -9999.0  -9999.0  -9999.0  -9999.0  -9999.0  -9999.0  -9999.0  -9999.0  -9999.0  -9999.0  -9999.0  -9999.0  -9999.0  -9999.0  -9999.0  -9999.0  -9999.0  -9999.0  -9999.0  -9999.0  -9999.0  -9999.0  -9999.0  -9999.0  -9999.0  -9999.0  -9999.0  -9999.0  -9999.0  -9999.0  -9999.0  -9999.0  -9999.0  -9999.0  -9999.0  -9999.0  -9999.0
-9999.0  -9999.0  -9999.0  -9999.0  -9999.0  -9999.0  -9999.0  -9999.0  -9999.0  0.772911949431  1.58047765183  3.14375920531  1.57577135204  0.770177572536  1.52948587315  6.38851840016  8.73075566506  0.471782337711  -9999.0  0.807132900692  -9999.0  -9999.0  -9999.0  -9999.0  0.942295155408  0.488127987304  -9999.0  -9999.0  -9999.0  -9999.0  -9999.0  -9999.0  -9999.0  -9999.0  -9999.0  -9999.0  -9999.0  -9999.0  -9999.0  -9999.0  -9999.0  -9999.0  -9999.0  -9999.0  -9999.0  -9999.0  -9999.0  -9999.0  -9999.0  -9999.0  -9999.0  -9999.0  -9999.0  -9999.0  -9999.0  -9999.0  -9999.0  -9999.0  -9999.0  -9999.0  -9999.0  -9999.0  -9999.0  -9999.0  -9999.0  -9999.0  -9999.0  -9999.0  -9999.0  -9999.0  -9999.0  -9999.0  -9999.0  -9999.0  -9999.0  -9999.0  -9999.0  -9999.0  -9999.0  -9999.0
-9999.0  -9999.0  -9999.0  -9999.0  -9999.0  -9999.0  -9999.0  -9999.0  0.860345170548  2.44776111915  3.21317088708  3.98053308485  5.4780332025  0.741619781685  3.00171356297  3.73576855798  13.5785604097  0.596318993142  0.664346573845  1.53488129345  2.258109943  0.748026480498  -9999.0  2.37524022203  1.9516506618  0.519799884947  -9999.0  -9999.0  -9999.0  -9999.0  -9999.0  -9999.0  -9999.0  -9999.0  -9999.0  -9999.0  -9999.0  -9999.0  -9999.0  -9999.0  -9999.0  -9999.0  -9999.0  -9999.0  -9999.0  -9999.0  -9999.0  -9999.0  -9999.0  -9999.0  -9999.0  -9999.0  -9999.0  -9999.0  -9999.0  -9999.0  -9999.0  -9999.0  -9999.0  -9999.0  -9999.0  -9999.0  -9999.0  -9999.0  -9999.0  -9999.0  -9999.0  -9999.0  -9999.0  -9999.0  -9999.0  -9999.0  -9999.0  -9999.0  -9999.0  -9999.0  -9999.0  -9999.0  -9999.0  -9999.0
-9999.0  -9999.0  -9999.0  -9999.0  -9999.0  -9999.0  0.823911280744  0.768553597057  0.775439228802  0.785799071112  0.800913172916  5.58812732259  11.8475945097  12.6200076969  13.3273927093  0.699174587383  14.9423315829  15.6261968217  1.38259011805  0.721570121645  2.97030489505  5.17843726827  0.666520300957  4.33335221789  0.708269249579  0.672578370015  0.728843837004  -9999.0  -9999.0  -9999.0  -9999.0  -9999.0  -9999.0  -9999.0  -9999.0  -9999.0  -9999.0  -9999.0  -9999.0  -9999.0  -9999.0  -9999.0  -9999.0  -9999.0  -9999.0  -9999.0  -9999.0  -9999.0  -9999.0  -9999.0  -9999.0  -9999.0  -9999.0  -9999.0  -9999.0  -9999.0  -9999.0  -9999.0  -9999.0  -9999.0  -9999.0  -9999.0  -9999.0  -9999.0  -9999.0  -9999.0  -9999.0  -9999.0  -9999.0  -9999.0  -9999.0  -9999.0  -9999.0  -9999.0  -9999.0  -9999.0  -9999.0  -9999.0  -9999.0  -9999.0
-9999.0  -9999.0  -9999.0  -9999.0  -9999.0  -9999.0  1.64923647259  2.44928006453  5.62659142595  7.93719555483  0.73684116664  0.760505234162  0.746396629923  2.18898941084  16.2064709152  0.665344400178  16.3062495034  18.9791962361  2.05116164703  1.39643112406  5.86139450891  0.725710222452  5.0488489677  1.36901940348  0.670274634252  1.31878734962  1.44133801951  0.746643933363  0.76471987206  0.751473841638  0.795011157322  1.59326080413  -9999.0  -9999.0  -9999.0  -9999.0  -9999.0  -9999.0  -9999.0  -9999.0  -9999.0  -9999.0  -9999.0  -9999.0  -9999.0  -9999.0  -9999.0  -9999.0  -9999.0  -9999.0  -9999.0  -9999.0  -9999.0  -9999.0  -9999.0  -9999.0  -9999.0  -9999.0  -9999.0  -9999.0  -9999.0  -9999.0  -9999.0  -9999.0  -9999.0  -9999.0  -9999.0  -9999.0  -9999.0  -9999.0  -9999.0  -9999.0  -9999.0  -9999.0  -9999.0  -9999.0  -9999.0  -9999.0  -9999.0  -9999.0
-9999.0  -9999.0  -9999.0  -9999.0  -9999.0  0.892252569572  1.73531750377  0.837150073329  1.65161490889  8.76537374602  10.3089807379  11.84589825  37.900014342  0.72481930997  16.9296456318  60.4958411762  61.0589974045  81.0223494432  0.607070114317  2.07346810371  6.5476059288  0.681311057499  12.684330001  6.93545047496  4.14616064745  3.45937475753  0.708387544323  2.20542260691  2.24233453277  1.49529777479  0.742288596559  2.35441810447  0.737791527354  0.72872686299  -9999.0  -9999.0  -9999.0  -9999.0  -9999.0  -9999.0  -9999.0  -9999.0  -9999.0  -9999.0  -9999.0  -9999.0  -9999.0  -9999.0  -9999.0  -9999.0  -9999.0  -9999.0  -9999.0  -9999.0  -9999.0  -9999.0  -9999.0  -9999.0  -9999.0  -9999.0  -9999.0  -9999.0  -9999.0  -9999.0  -9999.0  -9999.0  -9999.0  -9999.0  -9999.0  -9999.0  -9999.0  -9999.0  -9999.0  -9999.0  -9999.0  -9999.0  -9999.0  -9999.0  -9999.0  -9999.0
-9999.0  -9999.0  -9999.0  -9999.0  -9999.0  0.903551244106  2.63816726032  5.23167096513  6.06367214323  12.0841724725  12.8863197934  15.3690877006  25.3324664269  40.0501904624  41.5375510519  42.2311556144  1.34961208641  83.4373539796  84.6829488191  88.1530797184  110.142602216  14.7679660031  13.4044494776  4.85888060811  0.702943065897  4.23167795453  2.85989553777  0.620775437044  2.93534574059  0.684799677843  1.40812814175  3.78074173665  4.49643048155  1.43626331704  0.698949139992  0.694849369534  -9999.0  -9999.0  -9999.0  -9999.0  0.443573935058  0.400991287582  -9999.0  -9999.0  -9999.0  -9999.0  -9999.0  -9999.0  -9999.0  -9999.0  -9999.0  -9999.0  -9999.0  -9999.0  -9999.0  -9999.0  -9999.0  -9999.0  -9999.0  -9999.0  -9999.0  -9999.0  -9999.0  -9999.0  -9999.0  -9999.0  -9999.0  -9999.0  -9999.0  -9999.0  -9999.0  -9999.0  -9999.0  -9999.0  -9999.0  -9999.0  -9999.0  -9999.0  -9999.0  -9999.0
-9999.0  -9999.0  -9999.0  -9999.0  -9999.0  0.881010307437  0.846624363977  3.50040977007  4.34215501102  5.20534175884  0.83952950622  1.66700880164  9.32187089923  1.67321270621  0.814407929969  0.761671070518  0.70398727195  0.765826045494  0.736548459129  0.758112285299  110.846811515  112.894889999  0.675431385586  2.06764132865  1.40011996083  4.90248187232  1.26864246657  0.614192620504  3.61917858994  1.35859305154  3.30087960837  7.97351013733  7.33009962438  2.12588427244  2.03220483017  0.709511328086  0.702350720117  -9999.0  -9999.0  0.697871093626  0.986911816963  2.22388653441  0.420134931533  -9999.0  -9999.0  -9999.0  -9999.0  -9999.0  -9999.0  -9999.0  -9999.0  -9999.0  -9999.0  -9999.0  -9999.0  -9999.0  -9999.0  -9999.0  -9999.0  -9999.0  -9999.0  -9999.0  -9999.0  -9999.0  -9999.0  -9999.0  -9999.0  -9999.0  -9999.0  -9999.0  -9999.0  -9999.0  -9999.0  -9999.0  -9999.0  -9999.0  -9999.0  -9999.0  -9999.0  -9999.0
-9999.0  -9999.0  -9999.0  -9999.0  -9999.0  -9999.0  0.909750429946  0.910318496692  1.75464013482  2.60769050707  5.98387264724  7.6796035788  8.52942260187  0.857568566992  0.747537076926  9.56093083677  11.8216125256  12.5419172824  15.5266847013  16.2283897948  0.698151780098  113.598286301  117.026300782  2.73944035621  0.601312604762  5.54980003334  12.2487268978  4.83499686923  1.27441109386  0.655786938572  12.5760533575  8.64298850335  0.631013149061  0.631805189404  2.67055787767  2.07957300412  0.657619124008  0.591703172148  0.680784697438  1.36678608214  0.659805964929  2.69406501478  3.31358932523  0.561498975534  -9999.0  -9999.0  -9999.0  -9999.0  0.627555604603  0.596993442867  0.232528765198  -9999.0  -9999.0  -9999.0  -9999.0  -9999.0  -9999.0  -9999.0  -9999.0  -9999.0  -9999.0  -9999.0  -9999.0  -9999.0  -9999.0  -9999.0  -9999.0  -9999.0  -9999.0  -9999.0  -9999.0  -9999.0  -9999.0  -9999.0  -9999.0  -9999.0  -9999.0  -9999.0  -9999.0  -9999.0
-9999.0  -9999.0  -9999.0  -9999.0  -9999.0  -9999.0  -9999.0  0.896407932286  0.815047524577  1.68110368162  2.55264805997  0.854007386995  0.796253347143  4.93990872146  6.48825469053  8.08590773022  0.773772146583  1.53040381538  0.763470516924  16.9468211274  36.9967551473  37.4528527266  155.709333037  0.678751156766  1.78808830646  0.578438804934  12.8548074947  0.625753092168  1.93722619788  0.644794223692  13.2028880789  13.8240408597  1.26945365843  1.26521895784  6.76572181877  3.41696523152  1.24199548373  0.653019620163  1.35932123894  2.03727005694  3.31155545953  0.605238509249  4.39033176877  4.84179873255  0.393726959927  0.417040210685  0.454425995698  0.403595684424  0.382020726861  1.72478522288  0.727116543589  0.464679529279  -9999.0  -9999.0  -9999.0  -9999.0  -9999.0  -9999.0  -9999.0  -9999.0  -9999.0  -9999.0  -9999.0  -9999.0  -9999.0  -9999.0  -9999.0  -9999.0  -9999.0  -9999.0  -9999.0  -9999.0  -9999.0  -9999.0  -9999.0  -9999.0  -9999.0  -9999.0  -9999.0  -9999.0
-9999.0  -9999.0  -9999.0  -9999.0  -9999.0  -9999.0  -9999.0  -9999.0  1.69870119982  2.49074882153  0.848061202602  1.71606454586  2.53945948031  4.18808678813  0.831172109562  0.814712000364  0.743977920523  0.751508592215  0.702496022605  18.6005489234  0.769341175155  1.50938067667  157.68563433  158.824129549  0.464287436036  2.73469826343  16.1553485523  1.25139990625  2.52537346299  1.15865768877  1.72600638179  16.2495709355  1.85680055563  9.82240154003  7.98995220923  0.627511796937  3.17812982518  1.30062349965  1.99391836358  0.629177337734  3.89171148097  5.00429497127  5.3819829186  5.73612227842  6.30151823579  0.733967322737  0.799002366466  0.71795576549  0.67160090806  2.12239848252  0.458886479128  1.64317196634  2.03633049376  -9999.0  -9999.0  -9999.0  -9999.0  -9999.0  -9999.0  -9999.0  -9999.0  -9999.0  -9999.0  -9999.0  -9999.0  -9999.0  -9999.0  -9999.0  -9999.0  -9999.0  -9999.0  -9999.0  -9999.0  -9999.0  -9999.0  -9999.0  -9999.0  -9999.0  -9999.0  -9999.0
-9999.0  -9999.0  -9999.0  -9999.0  -9999.0  -9999.0  -9999.0  -9999.0  0.879530661418  4.2343740254  5.0667627166  0.833691183787  1.64823182852  0.814017340595  0.776049028387  0.76475860837  9.47112939087  12.528732664  15.3435911241  18.1131964098  0.685390173417  0.752402829659  0.696608759076  161.797047572  162.948550884  163.372469222  21.6511638906  4.97551847704  4.35920520546  0.53081017768  2.19919650289  19.0028389267  0.483544413168  10.3766465394  0.622886441755  4.19880157516  3.83479154546  0.639840676006  2.62600187348  1.25790638187  1.8746151395  0.520415176716  0.349897246203  6.08486407094  6.39884491971  6.61450514236  1.14051149464  1.04011445328  0.989854160391  2.6021654733  3.52930226325  0.462813525253  2.48997421115  0.522679042762  0.998903229962  0.488583774011  -9999.0  -9999.0  -9999.0  -9999.0  -9999.0  -9999.0  -9999.0  -9999.0  -9999.0  -9999.0  -9999.0  -9999.0  -9999.0  -9999.0  -9999.0  -9999.0  -9999.0  -9999.0  -9999.0  -9999.0  -9999.0  -9999.0  -9999.0  -9999.0
-9999.0  -9999.0  -9999.0  -9999.0  -9999.0  -9999.0  -9999.0  -9999.0  -9999.0  0.893357303512  5.92929871105  6.75656167556  2.46899308626  4.09847548017  5.65634236333  6.44088812893  0.797927448246  2.31363455779  1.56532499604  0.807738329015  0.793794327925  0.734817085658  1.45557281871  2.44567168841  0.709447229446  186.210314374  186.655371567  0.416598634538  0.39527948085  1.1034225862  1.64762397358  20.5548915851  1.01144053781  10.8560023817  6.52315773399  5.37373724648  0.613088532226  1.24091921333  3.21194004769  0.584853835496  2.44448997052  1.07055234232  0.634599952301  0.320752375617  7.34499005043  14.2073897677  1.36329390068  1.27137521621  1.34236159449  0.378157222546  3.90562043663  0.366246278428  3.32030755882  0.462103122383  1.46329544222  2.2205399569  0.206443317688  0.214872693613  0.296500641649  0.338597465848  0.18833755492  -9999.0  -9999.0  0.128814820197  0.106664967349  -9999.0  -9999.0  -9999.0  -9999.0  -9999.0  -9999.0  -9999.0  -9999.0  -9999.0  -9999.0  -9999.0  -9999.0  -9999.0  -9999.0  -9999.0
-9999.0  -9999.0  -9999.0  -9999.0  -9999.0  -9999.0  -9999.0  -9999.0  -9999.0  -9999.0  0.823044513202  8.41099966081  0.817155175173  1.6281046099  2.38913310529  3.87008141537  0.73914421994  1.51105505034  0.762399170609  0.707498141265  0.681826264432  1.34821097484  0.605509776815  0.601810815774  1.1174651475  0.654553857266  187.142376027  187.957582763  189.256320411  2.08047536078  0.567058496045  1.13169906191  21.1333958357  20.0449123124  7.70377813979  0.587409477096  2.44744018313  1.84151677642  3.79918193108  1.16945361464  4.6564323656  1.6325903407  1.09393590013  0.290869986024  0.347218542946  14.5652676962  14.8634343181  17.7533361901  2.5433434791  0.792066099283  4.31207561287  5.07680499686  8.72398754115  0.869397940599  0.431069529866  2.47245272382  2.88222517454  0.203581957238  0.394787280674  0.815536838132  0.371208690342  0.183425099215  0.183823139223  0.272942985903  0.235712712776  0.113205454172  -9999.0  -9999.0  -9999.0  -9999.0  -9999.0  -9999.0  -9999.0  -9999.0  -9999.0  -9999.0  -9999.0  -9999.0  -9999.0  -9999.0
-9999.0  -9999.0  -9999.0  -9999.0  -9999.0  -9999.0  -9999.0  -9999.0  -9999.0  -9999.0  -9999.0  0.51664573281  9.53251193081  0.785012416078  1.53503994395  6.87478047112  0.739709624762  0.734266600576  0.675774085457  1.42035868118  0.72962213593  2.79183578219  4.03120679183  4.61808027734  1.63828411202  2.01419613469  0.417916279359  0.570083984685  0.529867422635  192.388101689  193.921761423  21.6082924879  20.9621965356  20.5269807576  0.963234166275  0.449150403467  2.99600038056  7.89767476585  4.35386341718  1.71959430405  6.90623879484  2.68974990657  2.18071747274  0.617513118315  0.242689966458  0.21410445797  0.211039449532  18.9169639032  22.5257015058  0.391793501156  0.318846872873  0.394771333508  9.12259385057  10.3865244478  0.783267825414  0.339254680533  3.0764961718  0.370936810784  0.933432757989  1.93400700187  2.47612619818  2.8212842986  0.755184229265  0.424218929477  0.386783407365  0.251542998013  0.145134708091  -9999.0  -9999.0  -9999.0  -9999.0  -9999.0  -9999.0  -9999.0  -9999.0  -9999.0  -9999.0  -9999.0  -9999.0  -9999.0
-9999.0  -9999.0  -9999.0  -9999.0  -9999.0  -9999.0  -9999.0  -9999.0  -9999.0  -9999.0  -9999.0  0.488600756038  10.6849296252  13.1177462018  0.754042899918  8.36459243071  0.687930738955  0.664155793685  1.3826914842  3.52149021801  0.716904585423  0.744176288329  0.646847470117  5.87475685779  6.45263091553  9.10827476397  10.055601725  10.5643127944  10.9622578437  11.5644413549  205.933815534  228.330783848  249.982786806  250.230307163  0.348138185544  0.483018154776  8.9982415637  8.45096410286  0.547142199233  0.54280627167  7.43607105976  10.6619978224  0.478383266756  5.28482220581  4.81749425296  1.25894264398  0.518045271185  0.875508320508  0.363202769801  23.1045500298  0.289812232878  0.983211386642  1.19528580203  12.4652653424  13.5816981686  14.2730322195  17.6497181394  0.282194817015  0.224309231402  0.189229647156  0.166186770145  3.1700203724  4.080560362  0.164721614582  0.942364753873  0.398269135432  0.260496213495  0.0930487134978  0.0848865668137  -9999.0  -9999.0  -9999.0  -9999.0  -9999.0  -9999.0  -9999.0  -9999.0  -9999.0  -9999.0  -9999.0
-9999.0  -9999.0  -9999.0  -9999.0  -9999.0  -9999.0  -9999.0  -9999.0  -9999.0  -9999.0  -9999.0  0.866985561497  1.67402732744  13.9111296452  15.3647510167  0.72302572669  9.58008670728  0.598724493095  1.89633327518  4.18885938545  1.39469347812  0.675685778675  1.3480246897  0.560258183815  1.11812734958  0.586999929959  0.562817932907  0.535393036262  0.506256005989  0.434375383659  0.362470258025  0.424339430447  0.471175468398  0.466471259832  251.348431572  10.1531320675  9.46781083351  0.22744613963  1.53757122989  0.449108273956  0.420243565058  11.1521113256  17.956190415  5.81894489311  4.23220849091  0.768967096234  0.294112417855  0.268155954316  0.558904703769  23.9550895175  24.4729219628  0.270286876352  0.275468456194  0.274373846087  0.321978507658  0.657775479753  18.582483981  19.1364549883  19.6268029342  0.448808264945  0.26793401917  0.211285591884  4.25308077946  4.55782298239  1.06903137491  0.12991937491  0.371840138278  0.175725494087  0.159970564533  -9999.0  -9999.0  -9999.0  -9999.0  -9999.0  -9999.0  -9999.0  -9999.0  -9999.0  -9999.0  -9999.0
-9999.0  -9999.0  -9999.0  -9999.0  -9999.0  -9999.0  -9999.0  -9999.0  -9999.0  -9999.0  -9999.0  -9999.0  0.776315397992  10.2651370259  26.397277093  28.6824874947  38.9104310958  39.4286830927  9.33444224878  6.95305169481  2.08056496403  0.669026831955  2.66828057811  3.29618145006  5.00983395217  1.19384807582  1.13537925823  1.1156953688  2.18303461429  0.987648369712  0.9006618964  0.524302883436  0.399070198047  0.331737659343  251.723294301  262.265625884  262.527227633  0.213205912  3.90222817968  1.90336010754  0.527336075539  19.5704409977  1.13069112545  0.580662909626  2.43910887616  0.559667486866  0.38445547102  0.690404246875  0.942668121765  1.21909353821  24.906903873  0.201611988536  0.176601856682  0.173074095541  0.139395793405  0.221656425524  0.587026828679  0.782015700551  20.8107531405  22.4894839247  1.02006035006  0.491022736492  0.282506455613  0.184037682383  5.9817877448  7.87092909282  1.6196025257  0.780357878118  0.456359274205  -9999.0  -9999.0  -9999.0  -9999.0  -9999.0  -9999.0  -9999.0  -9999.0  -9999.0  -9999.0  -9999.0
-9999.0  -9999.0  -9999.0  -9999.0  -9999.0  -9999.0  -9999.0  -9999.0  -9999.0  -9999.0  -9999.0  0.836188200258  7.81011933489  9.47733563894  1.55613347018  0.54799488899  1.21694165971  41.3384407485  41.8846450416  51.739280996  0.622088370758  1.28655212786  0.585472105435  0.5920660515  5.58339422042  7.34962650751  9.0178817039  0.525324627498  2.70206151304  4.20108109975  2.39374063812  1.01335815979  0.844927431489  0.743879250468  0.65569496402  0.247095732212  262.721789538  262.867633076  267.067142913  0.793305870909  0.453521376008  19.8669391086  1.18967527503  0.605542516766  0.646135123397  0.641858341532  0.580505227505  0.988454603402  2.77866106356  4.29054110237  29.4097524119  0.148247119312  0.452439144589  0.305170901905  0.260063353233  0.128720535455  0.15416182314  0.198120652906  0.195449889529  22.8501935722  0.108328269446  0.465154305851  0.20407901844  0.145054045352  0.122633780872  8.00550830216  0.315951395424  0.137295284986  0.181483541898  0.0815397223012  -9999.0  -9999.0  -9999.0  -9999.0  -9999.0  -9999.0  -9999.0  -9999.0  -9999.0  -9999.0
-9999.0  -9999.0  -9999.0  -9999.0  -9999.0  -9999.0  -9999.0  -9999.0  -9999.0  -9999.0  -9999.0  0.853002350805  5.37370384983  0.849574511942  0.761448923041  3.98252415104  4.69174458032  5.39372204404  6.06574744469  70.2995298183  70.9069727751  72.1192052029  81.0662143518  82.792174463  83.755247809  84.3393574226  94.596337223  96.0322310206  96.5721995131  101.352087806  104.294912714  104.788156832  106.591474638  1.20151205769  1.08156097963  0.224653057787  0.157425042796  263.050127157  268.245020953  1.04035771813  22.7318313156  22.3405739551  2.18869448839  0.534333215098  0.549319343923  0.524639825709  0.537506017505  1.07702455461  1.49994797607  0.375260671133  29.6078600962  29.8145587662  30.7503469652  30.9176616618  31.3337387163  31.6078205805  0.110651241556  0.154829325487  0.142009161816  23.0011769798  23.2356172547  23.8339299165  24.4096559913  0.25705485725  8.56504629471  8.31446197021  0.155437052324  3.06157959935  2.96313521776  0.226061916769  0.138163095127  -9999.0  -9999.0  -9999.0  -9999.0  -9999.0  -9999.0  -9999.0  -9999.0  -9999.0
-9999.0  -9999.0  -9999.0  -9999.0  -9999.0  -9999.0  -9999.0  -9999.0  -9999.0  -9999.0  -9999.0  2.75059579464  3.63999180555  1.70628821759  2.52533274816  0.810548940476  9.01626345349  9.72242637701  11.1484488734  11.8200243594  4.79733744021  77.9509249196  78.5958556489  0.526359985569  0.377066741757  0.357900014971  0.770894431417  0.422934660933  0.361094449305  0.369390757435  0.380933413776  105.290210922  107.084698921  108.712032302  110.155597138  110.824443738  0.271792627611  0.0834734273381  291.681325007  23.3052408208  23.1362901831  0.465394703091  0.423045159914  0.36284973979  0.90274855128  0.885780676686  0.419042288884  0.460506718818  0.413757697828  0.782895182635  0.999589587368  0.14170971951  0.264576694873  0.116964640853  0.105352128241  31.7175901026  31.9578664433  32.26909351  32.5783016699  32.7384616323  32.9909989542  33.1000471997  0.103399464102  24.6841446786  0.153352927072  11.9624885286  3.26335543186  0.215161178837  2.6570341127  2.30661593588  0.152778249008  -9999.0  -9999.0  -9999.0  -9999.0  -9999.0  -9999.0  -9999.0  -9999.0  -9999.0
-9999.0  -9999.0  -9999.0  -9999.0  -9999.0  -9999.0  -9999.0  -9999.0  -9999.0  -9999.0  -9999.0  -9999.0  1.8525614571  0.87488229425  0.821924632826  7.57911999583  8.30783157368  0.734656423835  2.85473756366  3.5507306451  4.20112593811  0.693766988484  0.478978241081  11.7166068301  12.0937389493  12.4645964782  31.6764580864  31.9909046624  32.6230999437  35.107041264  36.8633949774  37.1620590455  0.357321582076  0.370097714429  0.339380577829  111.052352427  0.106048164811  295.127286386  294.967595406  3.15638264855  2.93526969815  1.78119236306  0.459283272555  0.739853973163  1.29244858707  1.27781223496  0.79153548704  0.44378671462  0.851088547061  0.836294500899  1.3664753718  0.304257745688  0.527867889801  0.836995934485  1.05439673471  1.17828774097  0.116648573551  0.117386424019  0.114314029821  0.115764392748  0.128254771371  33.2525826735  33.4833701062  58.3366781437  58.470600235  13.0808184741  0.917842784843  0.582015328607  0.189975718342  2.03223708705  1.9057149152  -9999.0  -9999.0  -9999.0  -9999.0  -9999.0  -9999.0  -9999.0  -9999.0  -9999.0
-9999.0  -9999.0  -9999.0  -9999.0  -9999.0  -9999.0  -9999.0  -9999.0  -9999.0  -9999.0  -9999.0  -9999.0  0.945170798176  2.65130570389  3.48395905067  5.96518458267  0.721700611043  1.46267944878  2.17012434868  8.51515058914  9.1625882907  9.74480519373  10.3022774146  10.8347172963  16.5682839564  18.0663991926  18.9010119287  0.374882534946  1.88849011512  2.23450771184  35.9000944979  37.4569016821  38.2242511937  39.0332098427  39.6012755275  150.766766081  0.0891587803848  295.687322064  0.356884431716  0.185996581596  2.50243098897  2.16332100324  0.360159359009  1.11073277712  1.65796168289  1.62030075763  1.11892064828  1.89484181726  3.05048914306  1.17915934261  2.86175140013  0.280477654173  0.492497976201  0.0693015337998  0.0510690032903  1.35758037738  1.41201159233  0.189512894139  0.200525998845  0.303299544721  0.100105927331  0.101345105115  0.109152800018  80.9926925862  80.8798889168  22.1127653273  0.298224806676  1.42957354074  1.1127758113  0.703860169571  1.80258214575  1.33771391919  -9999.0  -9999.0  -9999.0  -9999.0  -9999.0  -9999.0  -9999.0  -9999.0
-9999.0  -9999.0  -9999.0  -9999.0  -9999.0  -9999.0  -9999.0  -9999.0  -9999.0  -9999.0  -9999.0  -9999.0  0.899707423223  1.77633665861  0.839397051771  1.67156140468  0.744079043703  5.67113122731  7.09583529091  7.82517350504  0.667740394913  1.33121830217  12.4849536419  15.5856561039  16.1388297469  1.03221891646  0.870284095574  1.28891186104  0.303934490076  0.277220612754  0.514595280681  0.21907095407  18.3961736598  18.6730468709  18.7906190246  151.039052773  297.140533703  295.844018042  0.27619611081  0.143772695737  0.133193741468  0.723497319264  0.595890316234  1.44949893726  2.01516638525  4.01056981524  0.377124628306  0.37473714935  3.39549843818  3.75396074826  7.21517981562  7.37379754913  7.93341340028  8.05936493745  0.104884457871  0.161429563423  1.45526275285  84.5353783018  82.851816692  82.5163459575  82.0483070105  0.0721347690236  81.5767385004  0.17641375388  0.166450015904  8.55555403738  2.31255637176  2.17593311481  0.41464039049  0.448851342254  0.319479581562  1.19913023598  -9999.0  -9999.0  -9999.0  -9999.0  -9999.0  -9999.0  -9999.0  -9999.0
-9999.0  -9999.0  -9999.0  -9999.0  -9999.0  -9999.0  -9999.0  -9999.0  -9999.0  -9999.0  -9999.0  -9999.0  -9999.0  0.855812877362  1.71834434731  2.58301478225  4.13850136313  0.786990678565  0.723678343211  4.93121979814  5.5962018617  11.2000860699  11.8947389247  1.98805648588  0.580342019185  0.481504059214  0.428787393707  16.8203285021  17.1289811646  17.4375689004  17.6848254182  18.1411957281  2.95665302599  3.09821935961  21.9848793264  470.339682666  1.05341711402  0.763220185557  0.418619981537  0.119371351809  0.108250993722  0.966636065459  1.04150241749  1.67332823419  0.122162975472  4.19332090801  0.654082306019  0.644630792231  0.124788080183  0.0707094934839  0.0552625488526  0.048972804023  0.0545602229395  8.13538653687  98.3441593703  89.8799216324  89.6545800749  84.586020119  0.0680561074615  0.0555082580886  0.0895543034743  81.6609155252  0.177216129997  0.0860273389083  0.0864417339094  0.0851440011851  5.96120649444  5.77439288204  0.750030276339  0.384717023763  0.481393846026  0.481127490485  -9999.0  -9999.0  -9999.0  -9999.0  -9999.0  -9999.0  -9999.0  -9999.0
-9999.0  -9999.0  -9999.0  -9999.0  -9999.0  -9999.0  -9999.0  -9999.0  -9999.0  -9999.0  -9999.0  -9999.0  -9999.0  -9999.0  0.844778507696  1.54473342017  2.16430129385  2.7714887789  3.4908923202  4.23133649982  2.1160036775  3.56780383541  0.684462212904  0.655186015663  14.1765345492  15.3899739475  15.9176911968  16.4595028935  0.360748054727  0.655409977733  1.90386181564  2.29680000858  2.67078411546  0.18958664706  0.096961825312  470.927335127  0.258607648227  0.22325444096  0.111427069925  0.530043727415  0.263223782179  0.100317125292  2.8091664333  2.87604886102  0.0573758069832  4.25437224175  4.96957744546  0.718555040982  101.289143738  101.106733561  100.971299129  100.729535316  100.635478266  99.0910480044  99.0096091079  0.186533226581  5.03383895424  4.77749120396  4.53060712962  4.4653932454  2.52282951879  2.45728180141  2.31734470775  0.525880336566  0.466444704598  0.303917157028  0.094640609999  5.52910537356  5.07358186793  0.356614876985  0.626592958093  0.269376335344  -9999.0  -9999.0  -9999.0  -9999.0  -9999.0  -9999.0  -9999.0  -9999.0
-9999.0  -9999.0  -9999.0  -9999.0  -9999.0  -9999.0  -9999.0  -9999.0  -9999.0  -9999.0  -9999.0  -9999.0  -9999.0  -9999.0  0.187984752342  0.40932873436  0.620145798051  6.08573800451  6.81821895067  0.741072845068  0.706187493957  0.724028981852  11.5771133126  12.9658161408  0.658223486874  0.657650258085  0.532038317485  2.22738890243  2.76131689386  1.17205200666  1.61097484497  12.7960915562  13.1989319216  13.6915768484  21.3038113728  492.42166876  0.225433952772  0.0852991606663  0.820776931714  0.687926272148  0.0871143018367  0.277688270372  0.359160174691  2.95565830859  3.01727218834  8.16792631831  5.03807963075  0.873031830712  103.041902029  0.494615138088  100.855414263  100.795469585  1.45263321658  0.12819312558  0.530542553755  0.290163000587  0.116102599812  0.19316974409  0.0952658227537  1.88190533911  1.59639891032  0.0930537970077  1.74098875912  0.1739662745  0.100574977862  0.225070704678  0.108627323855  0.356773222645  3.97160354078  3.31017798412  0.255142453088  0.307636517361  0.148283096075  -9999.0  -9999.0  -9999.0  -9999.0  -9999.0  -9999.0  -9999.0
-9999.0  -9999.0  -9999.0  -9999.0  -9999.0  -9999.0  -9999.0  -9999.0  -9999.0  -9999.0  -9999.0  -9999.0  -9999.0  -9999.0  0.909403057997  1.51454553884  3.0820475264  5.38665120922  7.38131565903  8.81417138068  9.51859861142  10.2429204508  10.9392987193  0.682814741576  0.582003061723  1.16541241253  1.10453581176  0.585537783318  11.0312117638  11.5520326463  12.0231574936  12.4806298269  6.9870150719  7.25235759931  7.50081025175  492.58816097  0.424118318427  0.189724546304  1.16081670366  0.167590828573  0.157160873265  0.080564183136  0.0763342243354  0.430539600249  0.0513629464436  0.0535071271302  111.504435183  103.293067288  103.2367482  0.211934992359  0.437695633035  0.286911655605  0.0674430319347  1.27092242969  0.356250249787  0.291864865353  0.222408872201  0.155934912774  0.0878055658492  0.209116255014  1.51478356589  1.28871236137  1.07276220114  1.48461361634  1.41393549037  1.35607327503  0.0777028096238  0.192118561447  0.259965296058  2.41412500602  1.84376583654  0.974735186167  0.118273630235  -9999.0  -9999.0  -9999.0  -9999.0  -9999.0  -9999.0  -9999.0
-9999.0  -9999.0  -9999.0  -9999.0  -9999.0  -9999.0  -9999.0  -9999.0  -9999.0  -9999.0  -9999.0  -9999.0  -9999.0  -9999.0  0.62188759022  0.596713875185  1.1792884961  1.76259125744  0.758193335001  0.840408603742  1.59049813452  2.31731493813  3.70431256471  4.38454311303  4.94972198328  6.68987742411  7.1793503266  7.77258823021  0.514499243341  5.2942080339  5.74743219297  6.20718521346  0.393578166474  0.33265868854  0.565734293661  500.845832449  501.002625541  501.665076034  1.69303168736  0.372454630474  0.243382656589  0.0653333572262  0.133219119462  0.488866307682  0.588346122042  0.095736606936  111.730587587  0.0644440198494  0.107902288483  0.12299683913  0.0813656758379  0.16653018539  0.0674117497872  0.845961540814  0.675971991662  0.506765140066  0.261157535072  0.182765345106  0.101269326063  0.118636376442  0.134626624042  0.136429664939  0.98815964891  0.769297617018  0.557208676472  0.33629198246  1.29184511409  1.00333993468  0.208597953114  0.317152238013  0.313735854644  0.492204950885  0.219043602025  -9999.0  -9999.0  -9999.0  -9999.0  -9999.0  -9999.0  -9999.0
-9999.0  -9999.0  -9999.0  -9999.0  -9999.0  -9999.0  -9999.0  -9999.0  -9999.0  -9999.0  -9999.0  -9999.0  -9999.0  -9999.0  -9999.0  0.580664750914  1.13472042988  0.524151261974  1.06853808129  6.73425646779  7.3633580937  8.04063246531  0.687829734734  0.687794803814  1.25630960247  1.85192138164  2.83700248712  3.38535616446  3.78854854918  4.28204146829  0.412001263256  0.405218161984  6.80876273338  7.12919034847  7.33508773558  7.52136317742  6.51788842897  508.958815067  511.671024176  511.852602387  512.259564102  512.80501536  512.986131389  0.0434568724908  0.633679666328  111.771459993  0.0881354856376  0.045120874256  0.0479037515429  0.0497547542901  0.0906668037791  0.0978767287238  0.0565878634711  0.0896572920326  0.0877518206621  0.175338332149  0.0824489536394  0.0643745664628  0.233741280366  0.166340292054  0.0894029957964  0.0876408418961  0.0994881436158  0.10624004618  0.124524210206  0.226384899591  0.272024028485  0.464674094883  0.150430924846  0.460051157284  0.163992166805  0.178683990687  -9999.0  -9999.0  -9999.0  -9999.0  -9999.0  -9999.0  -9999.0  -9999.0
-9999.0  -9999.0  -9999.0  -9999.0  -9999.0  -9999.0  -9999.0  -9999.0  -9999.0  -9999.0  -9999.0  -9999.0  -9999.0  -9999.0  -9999.0  -9999.0  1.68231893019  2.22932657277  3.86681895134  5.09841531807  0.637593801997  9.44541698281  10.1140276961  10.731023747  0.581657510665  1.13500308952  0.463345148091  3.7141134565  4.09306699826  4.57507721157  5.01189186689  6.2232698033  6.48277922028  0.176636215669  5.82284377146  6.18501324915  6.34656179351  7.12786444055  0.854598765197  0.488336821574  0.268113634836  0.266698500115  513.166564009  513.225479313  514.251889081  111.805546395  0.253133121307  0.135460824795  0.0888550403848  0.0334155825841  0.292665141222  0.160009958426  0.0493476264828  0.282219255219  0.240184763733  0.0449395198561  0.473934165958  0.4255995107  0.30363375715  0.0640057007309  0.196146730914  0.143524796102  0.0595639409953  0.216762279971  0.156890854646  0.258859860343  0.251475559056  0.122972783209  0.26641734704  1.78685503905  0.929009243091  0.590738110101  0.229606496768  -9999.0  -9999.0  -9999.0  -9999.0  -9999.0  -9999.0  -9999.0
-9999.0  -9999.0  -9999.0  -9999.0  -9999.0  -9999.0  -9999.0  -9999.0  -9999.0  -9999.0  -9999.0  -9999.0  -9999.0  -9999.0  -9999.0  -9999.0  0.567047791254  2.78382229044  3.35546539639  0.679732907045  0.722018101078  1.48426170946  2.17678075824  13.5400372578  0.577791172555  2.31156533621  2.80756231878  3.28014140698  0.385248639207  0.843859770387  1.19643509263  4.55463771624  5.12451377565  5.28814520121  0.184389964379  0.190145047594  0.239525269603  0.443350868678  0.204721618147  0.214496793948  0.206416072841  0.256843920363  0.211126308767  0.349912848552  514.317531467  626.268106993  0.30168306409  0.114019120965  0.0321435359122  0.932611359381  0.859771284151  0.517406313379  0.467410730759  0.35377944358  0.0854361218474  0.0626808602017  0.522196924177  0.232358892911  0.180875931908  0.0567005151659  0.249830538422  0.515499930817  0.450580386832  0.299775822146  0.160452352925  0.686087052717  0.510367438965  0.216820522294  2.1537865167  2.07525845623  0.162133493075  0.150282756101  0.137970873213  0.127912214933  -9999.0  -9999.0  -9999.0  -9999.0  -9999.0  -9999.0
-9999.0  -9999.0  -9999.0  -9999.0  -9999.0  -9999.0  -9999.0  -9999.0  -9999.0  -9999.0  -9999.0  -9999.0  -9999.0  -9999.0  -9999.0  0.512929418051  1.57940496496  0.507560016292  0.747395314357  0.787534885357  1.49514625669  2.21522968009  2.80205291734  16.8101517094  17.3695654473  0.573890760551  1.07894624523  1.59327679685  2.03676616525  2.50640143293  4.07104126766  4.35028169938  0.358883071667  0.2795899379  0.239041056548  0.141290780298  0.203180722497  0.245649610969  0.245676411287  0.40476601538  0.650767034159  0.324576010933  0.0497683670523  0.0478882771194  0.0474151863243  0.0891957310334  629.197035792  2.45429281348  1.09441487944  0.0869761053708  0.0420812354074  0.0295499208966  0.112167632799  0.0799404681997  0.0426707832462  0.0422510099055  0.616949737987  0.910851290973  1.00192095547  0.0418496930797  0.880717315804  0.587129633827  0.0734723105444  0.0638338987941  0.125271215057  1.3584070507  0.599568617584  0.283155364359  2.22474259499  0.0748031854682  0.0882088708221  0.5219529388  0.26741775805  0.448601846842  0.189782344067  -9999.0  -9999.0  -9999.0  -9999.0  -9999.0
-9999.0  -9999.0  -9999.0  -9999.0  -9999.0  -9999.0  -9999.0  -9999.0  -9999.0  -9999.0  -9999.0  -9999.0  -9999.0  -9999.0  0.545734723388  1.04212199842  3.62709936153  0.485602104579  1.35878139641  2.12666340793  2.83208458252  0.725226800157  1.35952657814  1.89531342468  19.6876917137  0.54516783409  1.01664139347  1.48593610422  0.478246857881  0.952364063539  1.29867532795  1.57392896647  34.8707710966  35.3217675646  35.6954635124  36.8811655088  37.4891253713  38.4964888245  0.294177473899  0.773205963973  0.744532090212  41.2000986102  41.2952650457  0.0439804281371  0.0796710475158  0.113823058297  629.249584659  2.18228065033  0.974735731507  0.919582068389  0.752297018248  0.664875699464  0.148246434158  0.0340361437959  0.0714683946832  0.0383708552815  0.0434100106656  0.107529004013  1.07083405197  2.06221306457  0.943044638085  0.205067529294  0.140983961857  0.0720803464706  1.71290099068  1.51917928277  0.0822576842676  2.66034882397  2.30066048264  0.144540025336  0.93303473336  0.611714577019  0.663802317233  0.571616512809  0.122676987643  -9999.0  -9999.0  -9999.0  -9999.0  -9999.0
-9999.0  -9999.0  -9999.0  -9999.0  -9999.0  -9999.0  -9999.0  -9999.0  -9999.0  -9999.0  -9999.0  -9999.0  -9999.0  -9999.0  0.553349187116  1.67163870212  5.8411354824  8.65549932331  0.426290430293  11.2043747699  14.5125770486  0.682965347466  1.31078774687  1.87507321671  25.0054390833  25.4280864691  0.350307744916  2.18165332932  2.5284292395  2.93350952927  31.9356731391  32.7016103962  33.051969816  0.159915086952  0.89804210971  1.05643071588  0.378912284376  0.517876797082  39.2454456619  40.2213620668  40.317376675  40.4055121742  41.388092039  0.0450670043501  0.0390728091986  0.184205979947  629.296380865  0.055286081861  0.0405639067513  0.121821303495  0.0462575106873  0.596323888188  0.477945643693  0.282676408195  0.20517129102  0.0861017178884  0.0407452600276  0.159645946353  0.0501154580952  2.11873386607  0.310143076532  0.255377264966  0.0470584626998  0.120764608395  1.77058851429  0.0504480976459  0.109293650837  2.75343278512  0.057247032445  1.06255831341  1.00634066288  0.892794949552  0.826714976853  0.0787296748215  0.314696394689  0.10066112578  -9999.0  -9999.0  -9999.0  -9999.0
-9999.0  -9999.0  -9999.0  -9999.0  -9999.0  -9999.0  -9999.0  -9999.0  -9999.0  -9999.0  -9999.0  -9999.0  -9999.0  -9999.0  -9999.0  -9999.0  1.15457833973  2.31918536277  10.2014150923  10.7468702631  14.983678867  15.4671963496  0.665931704844  1.33106431085  3.05332968468  25.785542346  26.5359673739  26.8023031893  0.189982083081  27.8244917298  28.6343722123  0.470553718641  0.16238815063  0.321489190767  0.611730450178  0.141779666291  0.266809142537  0.560247145924  0.67225412388  0.122754978188  0.0773811406257  0.146440077981  42.0994290168  42.3477583628  42.3820365649  42.6666836926  629.338791846  0.0431529077648  0.0295106748333  0.0345688048606  0.0337825576404  0.0345969564443  0.0303012456932  0.0571978957305  0.0271883434493  0.0690843409539  0.0409252200929  0.0452122665124  0.257978016412  2.58660712892  2.97518515585  3.03750863298  3.25880239676  0.0503313866118  1.82129307508  0.321841887312  0.22024130181  2.80806437187  2.91876954336  1.11607518009  1.18243208531  0.980063838146  0.568912294622  0.494257755693  0.414777189085  -9999.0  -9999.0  -9999.0  -9999.0  -9999.0
-9999.0  -9999.0  -9999.0  -9999.0  -9999.0  -9999.0  -9999.0  -9999.0  -9999.0  -9999.0  -9999.0  -9999.0  -9999.0  -9999.0  -9999.0  -9999.0  0.602555184983  0.588056566333  0.560408224024  1.08254610877  0.452747233633  16.3763035658  16.8145497335  0.592132396076  1.18985949079  0.504667476079  0.3596635908  0.343069692175  27.4086535732  0.275373960766  0.5567530847  0.253543130005  0.182446679984  0.14920628123  0.108064544481  0.113299632207  0.345030178655  0.475577122418  0.0860320158711  0.0733273592265  0.158646762133  0.267945946834  0.45405749666  0.16457935626  42.4451663272  42.7002897315  629.371126834  0.184026443411  0.0925399678403  0.0216081042638  0.0520993695605  0.0186427505559  0.0152176831919  0.0734454162836  0.141388328434  0.0890661402253  0.0209845345254  0.0225661942849  0.0916293531725  0.0623461580742  0.0415719172032  0.0538628767658  0.055890614331  5.66557820408  2.18911681861  0.0443536103944  0.0773050977682  0.0371144424967  6.34674691679  3.38636281478  3.33896848527  1.09612288267  0.696072558474  0.0606338195827  -9999.0  -9999.0  -9999.0  -9999.0  -9999.0  -9999.0
-9999.0  -9999.0  -9999.0  -9999.0  -9999.0  -9999.0  -9999.0  -9999.0  -9999.0  -9999.0  -9999.0  -9999.0  -9999.0  -9999.0  -9999.0  -9999.0  -9999.0  -9999.0  0.577278322334  1.60023501855  2.03348383147  2.4772406165  17.2492939857  17.6887474087  18.1051350571  18.557844444  18.8879316487  19.5786259994  19.8342605547  20.0927510786  20.2935902127  0.162482770186  0.148299087366  0.151674454573  0.494133254097  0.129214879131  0.120195743811  0.0912095048759  0.260230972375  0.100402332428  0.0746543661675  0.068891239576  0.0599526351265  0.119634757312  0.170105949012  43.0330229507  672.622890096  0.046000928776  0.0746427702806  0.0186348534496  0.071615009327  0.0392683057341  0.0305762169552  0.334585236723  0.242202840369  0.070181580917  0.0452391367519  0.138363598983  0.025480802515  0.0940430132715  0.068346454288  0.148201618805  0.0514363569926  0.0623008094006  5.71734035628  5.88519556541  7.73135161111  7.68942612304  7.63944493742  0.055004837269  0.99816899102  0.936364702944  0.1166431113  -9999.0  -9999.0  -9999.0  -9999.0  -9999.0  -9999.0  -9999.0
-9999.0  -9999.0  -9999.0  -9999.0  -9999.0  -9999.0  -9999.0  -9999.0  -9999.0  -9999.0  -9999.0  -9999.0  -9999.0  -9999.0  -9999.0  -9999.0  -9999.0  -9999.0  -9999.0  0.474830388879  3.78636066276  7.27518100796  7.71328084308  0.598475766158  1.18915242877  1.79653955925  2.243325396  5.42570273389  5.61397339148  0.179380049101  0.171114998401  20.6270245133  20.916769592  21.0501235085  0.581490995929  0.0686877538153  0.1739676301  0.257776672422  0.793582789341  0.980888086151  1.12189415586  0.128707521199  0.178002157595  0.0587279093407  0.115335590974  0.0588478361844  672.729724401  0.03013882063  0.139807863642  0.043072432435  0.13651133105  0.336107493525  0.384659903133  0.739692576748  0.315560459705  0.288534517932  0.217291358834  0.199401680468  0.042254643896  0.110718509575  0.184574155787  0.169255546793  0.0229017083232  13.959793687  13.8905666294  13.8509908111  7.8641194571  0.0745956082953  1.16362014679  0.842615398775  0.559614882417  0.351868910068  0.0619591545796  -9999.0  -9999.0  -9999.0  -9999.0  -9999.0  -9999.0  -9999.0
-9999.0  -9999.0  -9999.0  -9999.0  -9999.0  -9999.0  -9999.0  -9999.0  -9999.0  -9999.0  -9999.0  -9999.0  -9999.0  -9999.0  -9999.0  -9999.0  -9999.0  -9999.0  0.533860810356  1.70633251515  3.32622306265  4.33297509062  10.7726418785  11.2855863933  1.26294259104  1.86562621942  2.4017563462  2.84712206514  5.84620081259  6.22814704645  11.5448236712  12.0666636155  12.2279495797  21.1662987382  21.9950574442  0.167168701773  0.114417442314  0.106396186013  0.197897918425  0.089250827984  1.29923055576  1.36541850227  0.233452850586  0.36182532644  0.0790044574808  131.832253057  131.952478095  804.739082491  804.927566332  0.0406872246837  0.223330731062  0.0515232945216  0.0338092336468  0.807441847495  1.14787886248  0.26700588875  0.239741861214  0.0394471818892  0.0208139862164  0.130905443642  14.277383664  14.0761523717  14.0543188619  14.0010755633  0.0454297124261  0.0505261578717  0.0596611021146  0.0781260582155  0.252617869301  0.170108003533  0.155893774165  0.234836230997  0.07376417452  -9999.0  -9999.0  -9999.0  -9999.0  -9999.0  -9999.0  -9999.0
-9999.0  -9999.0  -9999.0  -9999.0  -9999.0  -9999.0  -9999.0  -9999.0  -9999.0  -9999.0  -9999.0  -9999.0  -9999.0  -9999.0  -9999.0  -9999.0  -9999.0  -9999.0  -9999.0  0.611528633855  0.588981602792  1.10693857294  2.6060067473  11.7527336776  0.649735686038  0.642307044783  1.12275232597  1.68102115653  4.17793432537  4.53376602953  0.375311671197  0.339093053792  12.4286576275  12.5385296737  34.6671639645  34.7821666047  0.0548292941339  0.0484052820599  0.0396860730565  0.0400367382093  0.0467438884965  130.27066159  130.684114058  131.205810124  131.448740937  131.72516075  0.0644687422241  0.23441480488  0.267776166591  805.285929369  805.313875029  805.405889437  805.539619761  805.682792584  1.19631895562  0.0165242217372  0.0750132319169  0.0595394471273  0.0156329154261  0.146472557475  14.3442022102  0.0481127838634  0.0276882532661  0.226685508757  0.200432609177  0.164091818121  0.127446767259  0.0752928406163  0.0976691047887  0.0924047814012  0.0798660429903  0.084632995769  -9999.0  -9999.0  -9999.0  -9999.0  -9999.0  -9999.0  -9999.0  -9999.0
-9999.0  -9999.0  -9999.0  -9999.0  -9999.0  -9999.0  -9999.0  -9999.0  -9999.0  -9999.0  -9999.0  -9999.0  -9999.0  -9999.0  -9999.0  -9999.0  -9999.0  -9999.0  -9999.0  -9999.0  0.535185743121  0.562835977514  1.03266819124  13.7597296663  14.2091394798  0.631009574547  1.12214860987  1.69522454387  2.18696283163  0.444913838812  0.787538815586  31.56166616  31.7053260759  31.9418031578  33.4082659316  68.3837038499  127.666596782  127.814543339  127.941946427  128.066212471  128.646961373  128.83939137  0.3366740417  0.146227788458  0.0890125285327  0.16586275645  0.116301461004  0.18584639513  0.0558353256219  1.37925718495  1.48241572745  1.5842824633  1.60077381566  805.713062879  806.97676038  807.116713186  0.0929211295065  0.013968880731  0.191084988219  0.163230060463  14.3817101131  0.0192035694491  0.455310297288  0.198433220426  0.167841669333  0.122952746618  0.0673288960397  0.126786158211  0.0654726066644  -9999.0  -9999.0  -9999.0  -9999.0  -9999.0  -9999.0  -9999.0  -9999.0  -9999.0  -9999.0  -9999.0
-9999.0  -9999.0  -9999.0  -9999.0  -9999.0  -9999.0  -9999.0  -9999.0  -9999.0  -9999.0  -9999.0  -9999.0  -9999.0  -9999.0  -9999.0  -9999.0  -9999.0  -9999.0  -9999.0  -9999.0  -9999.0  0.544871227249  1.03642149182  1.53202214386  14.6144888337  0.461636928327  19.7837668976  20.3765649867  20.8415212842  21.237677196  30.0861055124  30.4537505247  0.154184479701  1.05160076291  1.24533037233  0.138085945977  59.1439809412  58.8909253078  0.0720147567745  0.170244598609  0.464636240704  0.104860764595  0.108563418507  0.07379094685  0.0608539057466  0.0474157696919  0.0543420705084  1.2152533803  1.2709436866  1.33893220165  0.0763774735692  0.0814266442717  1.64090299285  1.65982300515  1.67199965497  807.143052265  807.169548762  0.227940257383  0.202819594704  14.8829415697  14.8708193476  0.472622641169  0.04646034959  0.0244769743472  0.353418409496  0.312421870978  0.257565254554  0.185478684246  0.100187810674  0.0466676559915  -9999.0  -9999.0  -9999.0  -9999.0  -9999.0  -9999.0  -9999.0  -9999.0  -9999.0  -9999.0
-9999.0  -9999.0  -9999.0  -9999.0  -9999.0  -9999.0  -9999.0  -9999.0  -9999.0  -9999.0  -9999.0  -9999.0  -9999.0  -9999.0  -9999.0  -9999.0  -9999.0  -9999.0  -9999.0  -9999.0  -9999.0  0.493688752335  0.45585230561  2.37331516298  17.9055270911  18.8175140665  19.2756785206  0.48965095039  7.74383655145  8.2003032234  8.47297167224  0.358309565473  0.532057813639  0.662702071137  13.6016721164  13.7112956558  13.8024899493  58.7326824265  36.362364725  0.0927452345002  0.10034827707  0.0957241231759  0.0717699958984  0.763481611809  0.903153763522  1.02530216428  1.09216049616  1.15629983153  11.9897406576  12.0355156328  12.154204378  12.4685277378  13.1102338078  13.1270496246  14.8148639503  0.0125634895871  807.19465607  807.222560228  0.241512264656  14.8937986626  0.0275202506252  0.0144536292619  0.0660104946771  0.524462565881  0.502995111544  0.10376551466  0.0532163661687  0.212260108136  0.157904386981  0.0462501338893  0.0401085883214  0.0395362422474  -9999.0  -9999.0  -9999.0  -9999.0  -9999.0  -9999.0  -9999.0  -9999.0
-9999.0  -9999.0  -9999.0  -9999.0  -9999.0  -9999.0  -9999.0  -9999.0  -9999.0  -9999.0  -9999.0  -9999.0  -9999.0  -9999.0  -9999.0  -9999.0  -9999.0  -9999.0  -9999.0  -9999.0  -9999.0  -9999.0  0.958449943473  1.46209219567  0.476444510743  0.650879520481  6.05032978371  6.55594600381  6.88290826693  2.73593029222  3.05233917041  3.37876996019  3.55693782632  13.353893424  13.5178485422  8.26019363336  22.1783185629  22.2838699952  36.2884089188  0.198567607161  0.1016154671  0.068938269686  0.534533954447  0.624257588538  0.0492737815004  0.0454625964857  11.7889815355  11.8981742844  11.9485494621  0.124059890166  0.212014727974  13.0445859254  0.0304581595277  0.10122131482  0.113118444381  14.9523240452  14.9643763395  15.097231289  822.586085238  14.9324974577  0.656135017205  0.644454468079  0.627592375202  0.543384939221  0.0252090523293  0.294094216228  0.260497949145  0.0807191026081  0.0395829712226  0.0797707484236  0.174661618162  0.0963518376208  -9999.0  -9999.0  -9999.0  -9999.0  -9999.0  -9999.0  -9999.0  -9999.0
-9999.0  -9999.0  -9999.0  -9999.0  -9999.0  -9999.0  -9999.0  -9999.0  -9999.0  -9999.0  -9999.0  -9999.0  -9999.0  -9999.0  -9999.0  -9999.0  -9999.0  -9999.0  -9999.0  -9999.0  -9999.0  -9999.0  0.477622575888  0.943153623967  3.84342228918  4.33013788377  4.85464906753  2.0690757928  2.42408476125  0.324730657123  9.11432561937  9.39308641116  9.64181949748  0.186818975523  7.96046827369  8.13260118811  0.11458259186  35.7618311366  0.233567636532  0.117627510734  0.293162970261  0.395186010848  0.0721832152542  0.0584111235083  11.2055175326  11.6921155225  11.7554620795  0.0687133641401  0.14345876988  0.182241805434  0.22302136154  0.451658313603  0.0381423402553  0.082856163322  0.0167710131069  0.0329981852404  15.071274353  15.0848881868  822.613809602  838.288773563  0.715209837924  0.0446560266185  0.0246670855109  0.0394763419751  0.0203131280993  0.321713335269  0.160942816285  0.121985089189  0.487927135138  0.44548937955  0.310104435068  0.0673552062372  0.0398228821079  -9999.0  -9999.0  -9999.0  -9999.0  -9999.0  -9999.0  -9999.0
-9999.0  -9999.0  -9999.0  -9999.0  -9999.0  -9999.0  -9999.0  -9999.0  -9999.0  -9999.0  -9999.0  -9999.0  -9999.0  -9999.0  -9999.0  -9999.0  -9999.0  -9999.0  -9999.0  -9999.0  -9999.0  -9999.0  0.470675708004  1.45852096469  2.46291412439  0.534497035801  1.14637314344  1.65254900053  7.81382344659  8.21388710879  8.51730367353  0.274734763904  6.66635888344  7.44337250799  7.64287390577  0.146361354351  35.2659593874  35.5438220879  0.124923568653  0.111511892946  0.216551129136  0.0830476492264  10.8204494561  10.9638543365  11.0474173591  0.316459430158  0.384525433995  0.0583728295129  0.102998488428  0.0450189336653  0.321459482747  0.0456783794446  0.021871516803  0.0215702592286  0.0215658976371  0.0438241846439  0.0595850767215  53.5273400887  53.5739696965  891.924967918  891.976450131  892.022791377  0.0327683765075  0.633705774707  0.583773859034  0.227352756965  0.211424643338  0.0260628827903  0.569760954496  0.0407017964589  0.0379052468137  0.0324210411682  0.137609764892  0.0569644397873  -9999.0  -9999.0  -9999.0  -9999.0  -9999.0  -9999.0
-9999.0  -9999.0  -9999.0  -9999.0  -9999.0  -9999.0  -9999.0  -9999.0  -9999.0  -9999.0  -9999.0  -9999.0  -9999.0  -9999.0  -9999.0  -9999.0  -9999.0  -9999.0  -9999.0  -9999.0  -9999.0  -9999.0  -9999.0  0.494323290326  0.517319806169  0.601218221237  5.51279321596  6.00509168619  7.41284399048  0.404410426705  5.45911820188  6.15709011086  0.27978704891  0.563708141868  0.182187377578  34.811544376  0.188127607248  0.443271855024  0.535820364554  0.623968768655  10.3091827336  10.5877603952  10.6794336476  0.0942316558981  0.172041099175  0.241334886543  0.0404565315104  0.0360612967222  29.3330557568  29.3691843143  29.398715962  29.6915568752  29.7271462254  29.7594630754  29.778222976  48.0401192079  48.0658272388  53.5136634433  0.0321103778712  0.0340872419607  0.0539455474489  892.100527118  892.191298898  892.860178206  892.883842621  0.0310050783374  0.0181949878702  0.634402281981  0.614015334224  0.0297652552699  0.075295465077  0.562074757466  0.348533689749  0.301898659252  0.0819556790363  -9999.0  -9999.0  -9999.0  -9999.0  -9999.0
-9999.0  -9999.0  -9999.0  -9999.0  -9999.0  -9999.0  -9999.0  -9999.0  -9999.0  -9999.0  -9999.0  -9999.0  -9999.0  -9999.0  -9999.0  -9999.0  -9999.0  -9999.0  -9999.0  -9999.0  -9999.0  -9999.0  -9999.0  0.408144050607  1.03572883556  2.21389935741  4.92669321578  0.588559567709  1.01960046854  4.3599053274  4.74906920526  0.370388356847  8.50528587439  8.79830621902  34.2173105432  34.4272224469  0.162441249241  0.299911948565  1.39291868675  9.28936203513  9.61886191164  0.193123820196  0.0817420015195  0.0660850268529  26.4026724192  26.5372371451  26.6428637552  26.7462416553  29.2996762461  0.105472660713  29.6570774161  0.0571050667822  0.0366208378144  0.066266611005  18.2039802415  18.2454170132  5.3078463983  5.41444529763  0.0703047077155  0.0342239142875  0.038943854998  0.0236449200339  0.0348800852558  0.0120410109531  929.005128813  929.06213775  0.824755134877  0.669502282816  0.0205195443084  0.829824864396  0.774808649751  0.660799400174  0.0581619527717  0.0719526340046  0.0859243197659  -9999.0  -9999.0  -9999.0  -9999.0  -9999.0
-9999.0  -9999.0  -9999.0  -9999.0  -9999.0  -9999.0  -9999.0  -9999.0  -9999.0  -9999.0  -9999.0  -9999.0  -9999.0  -9999.0  -9999.0  -9999.0  -9999.0  -9999.0  -9999.0  -9999.0  -9999.0  -9999.0  -9999.0  -9999.0  0.765844104175  1.48620377951  2.13067190363  3.42598770619  3.87568064508  6.39214907475  7.35519978534  7.80159980994  8.1991990015  24.9315938099  25.2008294514  0.16939592741  1.07383798539  1.24568318145  7.45047243197  7.66652492883  0.200389516889  0.0749450290271  25.9363087847  26.1924477577  26.2800756959  0.073388329086  2.37390245404  2.43558738  2.50200858511  0.0557364533474  0.0409562406347  0.0308938102035  0.0305568443653  18.0678601179  18.1100126103  0.0299819558563  5.27923132471  5.09163619444  5.06469338444  0.0274886796621  0.0292660233102  0.0603908708947  0.0777373668807  36.0279219414  36.0954598186  929.914863465  0.0973988620422  0.0168990405597  0.873493786178  0.0266457154259  0.134221758813  0.096724563109  0.0542152083609  -9999.0  -9999.0  -9999.0  -9999.0  -9999.0  -9999.0  -9999.0
-9999.0  -9999.0  -9999.0  -9999.0  -9999.0  -9999.0  -9999.0  -9999.0  -9999.0  -9999.0  -9999.0  -9999.0  -9999.0  -9999.0  -9999.0  -9999.0  -9999.0  -9999.0  -9999.0  -9999.0  -9999.0  -9999.0  -9999.0  -9999.0  0.72333052524  2.20653226325  2.79390999905  4.11139039859  5.3696341883  5.9457834047  0.537990078409  6.35748172167  24.2275949303  24.6313403934  0.322912202409  0.561310219799  0.94239531318  7.13291286361  7.30128372801  17.2917774574  17.5143303092  25.7096442197  25.8830215942  0.175669053635  2.05650917733  2.24098883245  2.32320562911  0.0624433671309  16.416022899  16.4716449043  16.658624593  17.4975003408  17.866684532  17.9718668632  0.0550231900178  0.094394386107  0.126210728578  4.42974669167  5.01452560178  0.399400191401  0.37042174605  0.0659673453023  0.0478640097016  35.9362718851  0.055303838344  0.0190869459321  929.953791472  0.00811483733543  0.00972395560697  1.05585832017  0.164421579331  0.0292244194794  0.0336960151706  -9999.0  -9999.0  -9999.0  -9999.0  -9999.0  -9999.0  -9999.0
-9999.0  -9999.0  -9999.0  -9999.0  -9999.0  -9999.0  -9999.0  -9999.0  -9999.0  -9999.0  -9999.0  -9999.0  -9999.0  -9999.0  -9999.0  -9999.0  -9999.0  -9999.0  -9999.0  -9999.0  -9999.0  -9999.0  -9999.0  -9999.0  0.789707756371  0.75251377657  2.8421904607  3.42935414215  0.630383626791  5.26805906928  5.83893214208  0.500996285606  16.9670720596  0.456421680766  3.20095024632  6.78293575597  6.97678186312  16.3612740365  16.5054181613  17.1623141774  0.151915054218  8.10896386  0.186398080526  0.277655052805  1.98675855556  0.107379350857  3.76444373133  16.3047512021  0.0789226308859  0.146461505016  0.682389429207  0.0778843752778  0.161680938719  0.0703795736513  0.0422645995947  3.9823434586  4.27910702676  4.3994721915  0.151391306007  0.0909399990497  0.165201160268  0.0890899882947  35.7449703753  35.8114813069  0.0398602554578  0.0104522236876  0.00525384163964  930.004113785  931.248269527  1.21200242996  0.143746443444  0.123569888175  0.0705091675737  -9999.0  -9999.0  -9999.0  -9999.0  -9999.0  -9999.0  -9999.0
-9999.0  -9999.0  -9999.0  -9999.0  -9999.0  -9999.0  -9999.0  -9999.0  -9999.0  -9999.0  -9999.0  -9999.0  -9999.0  -9999.0  -9999.0  -9999.0  -9999.0  -9999.0  -9999.0  -9999.0  -9999.0  -9999.0  -9999.0  -9999.0  -9999.0  0.742668646567  0.774275404008  0.745582319591  3.95688890585  4.64593310392  7.80461470359  16.5528607684  0.610930120615  1.90892247182  2.44122990714  3.33765928788  0.717256121903  16.1696804845  0.238872183505  0.494938751823  7.76608797324  0.199328104099  1.03931659168  1.39493632857  0.211453424753  0.10818662865  3.7041732652  12.4644726676  0.108852483414  0.38375202602  0.629148882658  0.0984362092571  0.0634209530796  3.57876201771  3.7689437825  0.132423806129  0.25530662602  0.0688138341203  0.11071360709  0.0529072250072  0.0391720718421  0.0721996906561  35.6865141164  0.19598274833  -9999.0  -9999.0  0.00962288419016  0.0174468812053  931.267871467  931.28844589  931.347507551  0.0243119029185  -9999.0  -9999.0  -9999.0  -9999.0  -9999.0  -9999.0  -9999.0  -9999.0
-9999.0  -9999.0  -9999.0  -9999.0  -9999.0  -9999.0  -9999.0  -9999.0  -9999.0  -9999.0  -9999.0  -9999.0  -9999.0  -9999.0  -9999.0  -9999.0  -9999.0  -9999.0  -9999.0  -9999.0  -9999.0  -9999.0  -9999.0  -9999.0  -9999.0  -9999.0  0.626156365806  2.01646974598  2.57103274016  7.27290697897  2.44116403931  8.1726135633  5.25210727263  0.64522228375  1.82673931317  2.9360465741  0.451164940466  15.2075363561  5.68947048335  6.92079754435  0.678014549715  0.669890499209  0.176555513569  0.22001437914  3.3885744712  3.49897479865  12.1535850298  12.2534293617  0.190528536427  0.292733902635  0.0763889655212  2.90827834868  3.23112356807  3.5337011891  0.14263358444  0.0655387774844  0.186864276063  0.0655349342752  0.0491750739791  0.0354962060742  34.9447557209  35.201654195  35.3594740536  0.132493592032  -9999.0  -9999.0  -9999.0  -9999.0  -9999.0  0.00536072900272  931.365764371  931.388633778  -9999.0  -9999.0  -9999.0  -9999.0  -9999.0  -9999.0  -9999.0  -9999.0
-9999.0  -9999.0  -9999.0  -9999.0  -9999.0  -9999.0  -9999.0  -9999.0  -9999.0  -9999.0  -9999.0  -9999.0  -9999.0  -9999.0  -9999.0  -9999.0  -9999.0  -9999.0  -9999.0  -9999.0  -9999.0  -9999.0  -9999.0  -9999.0  -9999.0  -9999.0  0.843619551171  0.76860151562  6.75890863646  0.562520232233  1.95121658621  3.30829386971  4.66470455926  0.667239146493  0.617278657303  0.572881666115  14.2286393608  14.7790988657  5.31533246491  0.934532724163  0.484293784576  0.467914059285  3.01315422728  3.26634532135  11.3581180348  11.6810388787  11.9316034943  0.13001037852  0.0996012205257  2.711182336  2.77381584901  2.84737162969  0.271598879546  0.156133090681  0.0790416764034  0.0756297842834  0.0531906422577  0.382386474491  0.41696950594  34.793975749  34.8814346209  0.180567864009  0.0799466496987  0.0659329015041  -9999.0  -9999.0  -9999.0  -9999.0  -9999.0  -9999.0  -9999.0  -9999.0  -9999.0  -9999.0  -9999.0  -9999.0  -9999.0  -9999.0  -9999.0  -9999.0
-9999.0  -9999.0  -9999.0  -9999.0  -9999.0  -9999.0  -9999.0  -9999.0  -9999.0  -9999.0  -9999.0  -9999.0  -9999.0  -9999.0  -9999.0  -9999.0  -9999.0  -9999.0  -9999.0  -9999.0  -9999.0  -9999.0  -9999.0  -9999.0  -9999.0  -9999.0  -9999.0  1.6271251989  5.42205064671  3.0562482472  0.727321141123  2.73791550381  0.670445753924  2.06171178465  2.6056501089  12.7444749108  13.8035345409  4.46036777849  4.88398913446  0.502227760083  2.2169275349  2.63274331664  7.3779634507  10.9655444404  11.2195144801  0.207969865086  0.122873750721  2.2025515012  2.41711468593  2.64318294326  0.0740352448424  0.135274000663  0.200552162215  0.0696818570845  0.14564005854  0.234639555886  0.277803720764  0.343641509025  0.0413255076169  34.2421284122  0.0929999837607  0.100222403146  -9999.0  -9999.0  -9999.0  -9999.0  -9999.0  -9999.0  -9999.0  -9999.0  -9999.0  -9999.0  -9999.0  -9999.0  -9999.0  -9999.0  -9999.0  -9999.0  -9999.0  -9999.0
-9999.0  -9999.0  -9999.0  -9999.0  -9999.0  -9999.0  -9999.0  -9999.0  -9999.0  -9999.0  -9999.0  -9999.0  -9999.0  -9999.0  -9999.0  -9999.0  -9999.0  -9999.0  -9999.0  -9999.0  -9999.0  -9999.0  -9999.0  -9999.0  -9999.0  -9999.0  -9999.0  0.851173950357  0.78096812468  1.52260390567  0.749897691543  1.36902537445  1.44212915183  8.05375684517  8.52179845403  1.17992292364  0.609730181695  3.9513726315  1.16741931226  1.76318115431  6.17932198249  6.63270816614  7.06339411717  3.29754675808  1.09340545728  1.51427273376  1.79161464752  2.12880771585  0.151753396626  0.128713738023  23.9403041961  24.0238528146  24.085235385  0.0518342508333  0.0912531276645  0.0465939352701  0.0327153958313  33.1433506425  33.3521361949  0.655705436904  0.589725297427  0.0568002726114  -9999.0  -9999.0  -9999.0  -9999.0  -9999.0  -9999.0  -9999.0  -9999.0  -9999.0  -9999.0  -9999.0  -9999.0  -9999.0  -9999.0  -9999.0  -9999.0  -9999.0  -9999.0
-9999.0  -9999.0  -9999.0  -9999.0  -9999.0  -9999.0  -9999.0  -9999.0  -9999.0  -9999.0  -9999.0  -9999.0  -9999.0  -9999.0  -9999.0  -9999.0  -9999.0  -9999.0  -9999.0  -9999.0  -9999.0  -9999.0  -9999.0  -9999.0  -9999.0  -9999.0  -9999.0  -9999.0  -9999.0  0.718064532814  0.599653630006  0.803544724262  3.09852254284  7.40171130355  3.61093727358  0.668289241514  2.71349850128  3.35208142279  0.570278514214  5.23380444346  5.71778080009  1.56752210055  2.43790221043  0.444545010129  0.751053770835  0.259621437919  0.143119195962  0.148742171288  23.6686503102  23.7864667446  23.8646960141  0.450235777922  24.607117811  24.66479954  24.7126777051  24.7585317586  24.8387683609  33.1142393551  33.1917486608  0.126049071591  0.530705972644  0.1451622634  -9999.0  -9999.0  -9999.0  -9999.0  -9999.0  -9999.0  -9999.0  -9999.0  -9999.0  -9999.0  -9999.0  -9999.0  -9999.0  -9999.0  -9999.0  -9999.0  -9999.0  -9999.0
-9999.0  -9999.0  -9999.0  -9999.0  -9999.0  -9999.0  -9999.0  -9999.0  -9999.0  -9999.0  -9999.0  -9999.0  -9999.0  -9999.0  -9999.0  -9999.0  -9999.0  -9999.0  -9999.0  -9999.0  -9999.0  -9999.0  -9999.0  -9999.0  -9999.0  -9999.0  -9999.0  -9999.0  -9999.0  -9999.0  -9999.0  0.815232966952  1.58674840541  1.54504950328  1.4930548373  1.44101440176  2.12326226633  3.47581114608  4.05692824642  4.69715903953  0.538314161446  1.09102160511  0.45535858578  0.381540671508  16.2095773653  19.2104320025  19.7296686177  19.9454072128  23.5719825212  0.143811730443  0.250001157905  0.38941261832  2.74591698814  2.82246126075  2.88141985556  6.26460019828  7.62980728679  8.22535638028  0.0676722258525  0.072196054147  0.328809707851  0.084563025266  -9999.0  -9999.0  -9999.0  -9999.0  -9999.0  -9999.0  -9999.0  -9999.0  -9999.0  -9999.0  -9999.0  -9999.0  -9999.0  -9999.0  -9999.0  -9999.0  -9999.0  -9999.0
-9999.0  -9999.0  -9999.0  -9999.0  -9999.0  -9999.0  -9999.0  -9999.0  -9999.0  -9999.0  -9999.0  -9999.0  -9999.0  -9999.0  -9999.0  -9999.0  -9999.0  -9999.0  -9999.0  -9999.0  -9999.0  -9999.0  -9999.0  -9999.0  -9999.0  -9999.0  -9999.0  -9999.0  -9999.0  -9999.0  -9999.0  -9999.0  0.795871526425  0.791649070274  0.756424583455  0.727221769665  1.44037544907  2.82593767872  2.80024713356  3.42278313793  3.92103343491  9.04990618158  9.50118417956  15.721029094  16.0090389323  2.78977279182  0.253348742276  3.25752902339  3.44929121818  1.14320852595  2.19412143613  2.5347715598  2.66535237062  0.10952646066  3.33602009576  6.51907064469  7.59080808693  0.0844845224706  0.474191794117  0.0772793878191  0.261897938677  -9999.0  -9999.0  -9999.0  -9999.0  -9999.0  -9999.0  -9999.0  -9999.0  -9999.0  -9999.0  -9999.0  -9999.0  -9999.0  -9999.0  -9999.0  -9999.0  -9999.0  -9999.0  -9999.0
-9999.0  -9999.0  -9999.0  -9999.0  -9999.0  -9999.0  -9999.0  -9999.0  -9999.0  -9999.0  -9999.0  -9999.0  -9999.0  -9999.0  -9999.0  -9999.0  -9999.0  -9999.0  -9999.0  -9999.0  -9999.0  -9999.0  -9999.0  -9999.0  -9999.0  -9999.0  -9999.0  -9999.0  -9999.0  -9999.0  -9999.0  -9999.0  -9999.0  -9999.0  -9999.0  0.769048076301  0.70764939514  0.727312193445  2.15819436739  2.06275770015  3.99860802777  4.64359195212  0.567104101776  5.76290730235  2.11698286734  2.50298771914  2.15808077649  3.05694976126  0.717823692769  0.238724911172  0.928602376412  0.210205869218  1.8393011599  2.18572357249  3.13548084848  0.144992140107  0.657003745579  0.239541044478  0.316860880566  0.0982126991516  0.183202732968  -9999.0  -9999.0  -9999.0  -9999.0  -9999.0  -9999.0  -9999.0  -9999.0  -9999.0  -9999.0  -9999.0  -9999.0  -9999.0  -9999.0  -9999.0  -9999.0  -9999.0  -9999.0  -9999.0
-9999.0  -9999.0  -9999.0  -9999.0  -9999.0  -9999.0  -9999.0  -9999.0  -9999.0  -9999.0  -9999.0  -9999.0  -9999.0  -9999.0  -9999.0  -9999.0  -9999.0  -9999.0  -9999.0  -9999.0  -9999.0  -9999.0  -9999.0  -9999.0  -9999.0  -9999.0  -9999.0  -9999.0  -9999.0  -9999.0  -9999.0  -9999.0  -9999.0  -9999.0  -9999.0  -9999.0  -9999.0  0.733142424943  0.68246815116  1.38321448871  1.31860398767  3.37741943328  4.59759294263  1.22446428012  1.68269807719  1.17588011965  1.8645243157  0.610101124038  0.509029467467  0.538328495122  0.20081291482  1.14928287915  1.68630977968  0.191316091863  0.793572883731  0.311089064456  0.213906343127  0.11197986484  0.103568969516  0.1112604773  -9999.0  -9999.0  -9999.0  -9999.0  -9999.0  -9999.0  -9999.0  -9999.0  -9999.0  -9999.0  -9999.0  -9999.0  -9999.0  -9999.0  -9999.0  -9999.0  -9999.0  -9999.0  -9999.0  -9999.0
-9999.0  -9999.0  -9999.0  -9999.0  -9999.0  -9999.0  -9999.0  -9999.0  -9999.0  -9999.0  -9999.0  -9999.0  -9999.0  -9999.0  -9999.0  -9999.0  -9999.0  -9999.0  -9999.0  -9999.0  -9999.0  -9999.0  -9999.0  -9999.0  -9999.0  -9999.0  -9999.0  -9999.0  -9999.0  -9999.0  -9999.0  -9999.0  -9999.0  -9999.0  -9999.0  -9999.0  -9999.0  -9999.0  -9999.0  0.689139276053  1.38914332918  2.75093729437  0.633092832368  0.627731496174  0.41501702525  0.829549780243  0.361218493458  0.321251946937  0.270215751511  0.289682272225  0.49813847464  0.977400048323  0.400162699025  0.44160481614  0.632154951012  0.166868841904  0.105661287271  -9999.0  -9999.0  -9999.0  -9999.0  -9999.0  -9999.0  -9999.0  -9999.0  -9999.0  -9999.0  -9999.0  -9999.0  -9999.0  -9999.0  -9999.0  -9999.0  -9999.0  -9999.0  -9999.0  -9999.0  -9999.0  -9999.0  -9999.0
-9999.0  -9999.0  -9999.0  -9999.0  -9999.0  -9999.0  -9999.0  -9999.0  -9999.0  -9999.0  -9999.0  -9999.0  -9999.0  -9999.0  -9999.0  -9999.0  -9999.0  -9999.0  -9999.0  -9999.0  -9999.0  -9999.0  -9999.0  -9999.0  -9999.0  -9999.0  -9999.0  -9999.0  -9999.0  -9999.0  -9999.0  -9999.0  -9999.0  -9999.0  -9999.0  -9999.0  -9999.0  -9999.0  -9999.0  -9999.0  0.709047024692  0.670353121888  -9999.0  -9999.0  -9999.0  -9999.0  -9999.0  -9999.0  -9999.0  -9999.0  0.254730492183  0.234168401783  0.174044925653  0.203855504655  -9999.0  -9999.0  -9999.0  -9999.0  -9999.0  -9999.0  -9999.0  -9999.0  -9999.0  -9999.0  -9999.0  -9999.0  -9999.0  -9999.0  -9999.0  -9999.0  -9999.0  -9999.0  -9999.0  -9999.0  -9999.0  -9999.0  -9999.0  -9999.0  -9999.0  -9999.0
-9999.0  -9999.0  -9999.0  -9999.0  -9999.0  -9999.0  -9999.0  -9999.0  -9999.0  -9999.0  -9999.0  -9999.0  -9999.0  -9999.0  -9999.0  -9999.0  -9999.0  -9999.0  -9999.0  -9999.0  -9999.0  -9999.0  -9999.0  -9999.0  -9999.0  -9999.0  -9999.0  -9999.0  -9999.0  -9999.0  -9999.0  -9999.0  -9999.0  -9999.0  -9999.0  -9999.0  -9999.0  -9999.0  -9999.0  -9999.0  -9999.0  -9999.0  -9999.0  -9999.0  -9999.0  -9999.0  -9999.0  -9999.0  -9999.0  -9999.0  -9999.0  -9999.0  -9999.0  -9999.0  -9999.0  -9999.0  -9999.0  -9999.0  -9999.0  -9999.0  -9999.0  -9999.0  -9999.0  -9999.0  -9999.0  -9999.0  -9999.0  -9999.0  -9999.0  -9999.0  -9999.0  -9999.0  -9999.0  -9999.0  -9999.0  -9999.0  -9999.0  -9999.0  -9999.0  -9999.0
-9999.0  -9999.0  -9999.0  -9999.0  -9999.0  -9999.0  -9999.0  -9999.0  -9999.0  -9999.0  -9999.0  -9999.0  -9999.0  -9999.0  -9999.0  -9999.0  -9999.0  -9999.0  -9999.0  -9999.0  -9999.0  -9999.0  -9999.0  -9999.0  -9999.0  -9999.0  -9999.0  -9999.0  -9999.0  -9999.0  -9999.0  -9999.0  -9999.0  -9999.0  -9999.0  -9999.0  -9999.0  -9999.0  -9999.0  -9999.0  -9999.0  -9999.0  -9999.0  -9999.0  -9999.0  -9999.0  -9999.0  -9999.0  -9999.0  -9999.0  -9999.0  -9999.0  -9999.0  -9999.0  -9999.0  -9999.0  -9999.0  -9999.0  -9999.0  -9999.0  -9999.0  -9999.0  -9999.0  -9999.0  -9999.0  -9999.0  -9999.0  -9999.0  -9999.0  -9999.0  -9999.0  -9999.0  -9999.0  -9999.0  -9999.0  -9999.0  -9999.0  -9999.0  -9999.0  -9999.0
-9999.0  -9999.0  -9999.0  -9999.0  -9999.0  -9999.0  -9999.0  -9999.0  -9999.0  -9999.0  -9999.0  -9999.0  -9999.0  -9999.0  -9999.0  -9999.0  -9999.0  -9999.0  -9999.0  -9999.0  -9999.0  -9999.0  -9999.0  -9999.0  -9999.0  -9999.0  -9999.0  -9999.0  -9999.0  -9999.0  -9999.0  -9999.0  -9999.0  -9999.0  -9999.0  -9999.0  -9999.0  -9999.0  -9999.0  -9999.0  -9999.0  -9999.0  -9999.0  -9999.0  -9999.0  -9999.0  -9999.0  -9999.0  -9999.0  -9999.0  -9999.0  -9999.0  -9999.0  -9999.0  -9999.0  -9999.0  -9999.0  -9999.0  -9999.0  -9999.0  -9999.0  -9999.0  -9999.0  -9999.0  -9999.0  -9999.0  -9999.0  -9999.0  -9999.0  -9999.0  -9999.0  -9999.0  -9999.0  -9999.0  -9999.0  -9999.0  -9999.0  -9999.0  -9999.0  -9999.0
-9999.0  -9999.0  -9999.0  -9999.0  -9999.0  -9999.0  -9999.0  -9999.0  -9999.0  -9999.0  -9999.0  -9999.0  -9999.0  -9999.0  -9999.0  -9999.0  -9999.0  -9999.0  -9999.0  -9999.0  -9999.0  -9999.0  -9999.0  -9999.0  -9999.0  -9999.0  -9999.0  -9999.0  -9999.0  -9999.0  -9999.0  -9999.0  -9999.0  -9999.0  -9999.0  -9999.0  -9999.0  -9999.0  -9999.0  -9999.0  -9999.0  -9999.0  -9999.0  -9999.0  -9999.0  -9999.0  -9999.0  -9999.0  -9999.0  -9999.0  -9999.0  -9999.0  -9999.0  -9999.0  -9999.0  -9999.0  -9999.0  -9999.0  -9999.0  -9999.0  -9999.0  -9999.0  -9999.0  -9999.0  -9999.0  -9999.0  -9999.0  -9999.0  -9999.0  -9999.0  -9999.0  -9999.0  -9999.0  -9999.0  -9999.0  -9999.0  -9999.0  -9999.0  -9999.0  -9999.0
-9999.0  -9999.0  -9999.0  -9999.0  -9999.0  -9999.0  -9999.0  -9999.0  -9999.0  -9999.0  -9999.0  -9999.0  -9999.0  -9999.0  -9999.0  -9999.0  -9999.0  -9999.0  -9999.0  -9999.0  -9999.0  -9999.0  -9999.0  -9999.0  -9999.0  -9999.0  -9999.0  -9999.0  -9999.0  -9999.0  -9999.0  -9999.0  -9999.0  -9999.0  -9999.0  -9999.0  -9999.0  -9999.0  -9999.0  -9999.0  -9999.0  -9999.0  -9999.0  -9999.0  -9999.0  -9999.0  -9999.0  -9999.0  -9999.0  -9999.0  -9999.0  -9999.0  -9999.0  -9999.0  -9999.0  -9999.0  -9999.0  -9999.0  -9999.0  -9999.0  -9999.0  -9999.0  -9999.0  -9999.0  -9999.0  -9999.0  -9999.0  -9999.0  -9999.0  -9999.0  -9999.0  -9999.0  -9999.0  -9999.0  -9999.0  -9999.0  -9999.0  -9999.0  -9999.0  -9999.0
-9999.0  -9999.0  -9999.0  -9999.0  -9999.0  -9999.0  -9999.0  -9999.0  -9999.0  -9999.0  -9999.0  -9999.0  -9999.0  -9999.0  -9999.0  -9999.0  -9999.0  -9999.0  -9999.0  -9999.0  -9999.0  -9999.0  -9999.0  -9999.0  -9999.0  -9999.0  -9999.0  -9999.0  -9999.0  -9999.0  -9999.0  -9999.0  -9999.0  -9999.0  -9999.0  -9999.0  -9999.0  -9999.0  -9999.0  -9999.0  -9999.0  -9999.0  -9999.0  -9999.0  -9999.0  -9999.0  -9999.0  -9999.0  -9999.0  -9999.0  -9999.0  -9999.0  -9999.0  -9999.0  -9999.0  -9999.0  -9999.0  -9999.0  -9999.0  -9999.0  -9999.0  -9999.0  -9999.0  -9999.0  -9999.0  -9999.0  -9999.0  -9999.0  -9999.0  -9999.0  -9999.0  -9999.0  -9999.0  -9999.0  -9999.0  -9999.0  -9999.0  -9999.0  -9999.0  -9999.0
