ncols                  80
nrows                 72
xllcorner      4374000.0
yllcorner      5656000.0
cellsize            500
NODATA_value       -9999
-9999.0  -9999.0  -9999.0  -9999.0  -9999.0  -9999.0  -9999.0  -9999.0  -9999.0  -9999.0  -9999.0  -9999.0  0.646264627414  0.728004368996  -9999.0  -9999.0  -9999.0  -9999.0  -9999.0  -9999.0  -9999.0  -9999.0  -9999.0  -9999.0  -9999.0  -9999.0  -9999.0  -9999.0  -9999.0  -9999.0  -9999.0  -9999.0  -9999.0  -9999.0  -9999.0  -9999.0  -9999.0  -9999.0  -9999.0  -9999.0  -9999.0  -9999.0  -9999.0  -9999.0  -9999.0  -9999.0  -9999.0  -9999.0  -9999.0  -9999.0  -9999.0  -9999.0  -9999.0  -9999.0  -9999.0  -9999.0  -9999.0  -9999.0  -9999.0  -9999.0  -9999.0  -9999.0  -9999.0  -9999.0  -9999.0  -9999.0  -9999.0  -9999.0  -9999.0  -9999.0  -9999.0  -9999.0  -9999.0  -9999.0  -9999.0  -9999.0  -9999.0  -9999.0  -9999.0  -9999.0
-9999.0  -9999.0  -9999.0  -9999.0  -9999.0  -9999.0  -9999.0  -9999.0  -9999.0  -9999.0  -9999.0  -9999.0  1.20617437091  3.11167984837  0.598205575149  -9999.0  0.586761472528  -9999.0  -9999.0  -9999.0  -9999.0  -9999.0  -9999.0  -9999.0  -9999.0  -9999.0  -9999.0  -9999.0  -9999.0  -9999.0  -9999.0  -9999.0  -9999.0  -9999.0  -9999.0  -9999.0  -9999.0  -9999.0  -9999.0  -9999.0  -9999.0  -9999.0  -9999.0  -9999.0  -9999.0  -9999.0  -9999.0  -9999.0  -9999.0  -9999.0  -9999.0  -9999.0  -9999.0  -9999.0  -9999.0  -9999.0  -9999.0  -9999.0  -9999.0  -9999.0  -9999.0  -9999.0  -9999.0  -9999.0  -9999.0  -9999.0  -9999.0  -9999.0  -9999.0  -9999.0  -9999.0  -9999.0  -9999.0  -9999.0  -9999.0  -9999.0  -9999.0  -9999.0  -9999.0  -9999.0
-9999.0  -9999.0  -9999.0  -9999.0  -9999.0  -9999.0  -9999.0  -9999.0  -9999.0  -9999.0  0.519258539205  0.489462666904  0.526288057556  0.524956676922  4.07563646111  4.59526174633  1.62772855315  0.520875475451  -9999.0  -9999.0  -9999.0  -9999.0  -9999.0  -9999.0  -9999.0  -9999.0  -9999.0  -9999.0  -9999.0  -9999.0  -9999.0  -9999.0  -9999.0  -9999.0  -9999.0  -9999.0  -9999.0  -9999.0  -9999.0  -9999.0  -9999.0  -9999.0  -9999.0  -9999.0  -9999.0  -9999.0  -9999.0  -9999.0  -9999.0  -9999.0  -9999.0  -9999.0  -9999.0  -9999.0  -9999.0  -9999.0  -9999.0  -9999.0  -9999.0  -9999.0  -9999.0  -9999.0  -9999.0  -9999.0  -9999.0  -9999.0  -9999.0  -9999.0  -9999.0  -9999.0  -9999.0  -9999.0  -9999.0  -9999.0  -9999.0  -9999.0  -9999.0  -9999.0  -9999.0  -9999.0
-9999.0  -9999.0  -9999.0  -9999.0  -9999.0  -9999.0  -9999.0  -9999.0  -9999.0  0.482130061998  1.0097100151  2.00803086258  1.00938410121  0.488782585591  0.961295212362  5.03885877336  7.79070194269  0.568115118737  -9999.0  0.510189994367  -9999.0  -9999.0  -9999.0  -9999.0  1.11828249349  0.573408376541  -9999.0  -9999.0  -9999.0  -9999.0  -9999.0  -9999.0  -9999.0  -9999.0  -9999.0  -9999.0  -9999.0  -9999.0  -9999.0  -9999.0  -9999.0  -9999.0  -9999.0  -9999.0  -9999.0  -9999.0  -9999.0  -9999.0  -9999.0  -9999.0  -9999.0  -9999.0  -9999.0  -9999.0  -9999.0  -9999.0  -9999.0  -9999.0  -9999.0  -9999.0  -9999.0  -9999.0  -9999.0  -9999.0  -9999.0  -9999.0  -9999.0  -9999.0  -9999.0  -9999.0  -9999.0  -9999.0  -9999.0  -9999.0  -9999.0  -9999.0  -9999.0  -9999.0  -9999.0  -9999.0
-9999.0  -9999.0  -9999.0  -9999.0  -9999.0  -9999.0  -9999.0  -9999.0  0.57177656357  1.58217492867  2.05443756876  2.53239395437  3.49038183944  0.452456676445  1.83992913923  2.27223234751  10.9883244088  0.409778993307  0.373485427527  0.942454231184  1.36550133059  0.445485976568  -9999.0  2.82671379321  2.31212558894  0.609996052498  -9999.0  -9999.0  -9999.0  -9999.0  -9999.0  -9999.0  -9999.0  -9999.0  -9999.0  -9999.0  -9999.0  -9999.0  -9999.0  -9999.0  -9999.0  -9999.0  -9999.0  -9999.0  -9999.0  -9999.0  -9999.0  -9999.0  -9999.0  -9999.0  -9999.0  -9999.0  -9999.0  -9999.0  -9999.0  -9999.0  -9999.0  -9999.0  -9999.0  -9999.0  -9999.0  -9999.0  -9999.0  -9999.0  -9999.0  -9999.0  -9999.0  -9999.0  -9999.0  -9999.0  -9999.0  -9999.0  -9999.0  -9999.0  -9999.0  -9999.0  -9999.0  -9999.0  -9999.0  -9999.0
-9999.0  -9999.0  -9999.0  -9999.0  -9999.0  -9999.0  0.55552625983  0.495588999734  0.48381212357  0.496999905781  0.511810445853  3.57146161657  7.56130680348  8.04763232672  8.43208362791  0.370802125048  11.7766164036  12.1661010239  0.8637149042  0.430873784606  1.77962085472  3.08147000131  0.442105245246  4.16929531266  0.422912397626  0.436482721891  0.43985511582  -9999.0  -9999.0  -9999.0  -9999.0  -9999.0  -9999.0  -9999.0  -9999.0  -9999.0  -9999.0  -9999.0  -9999.0  -9999.0  -9999.0  -9999.0  -9999.0  -9999.0  -9999.0  -9999.0  -9999.0  -9999.0  -9999.0  -9999.0  -9999.0  -9999.0  -9999.0  -9999.0  -9999.0  -9999.0  -9999.0  -9999.0  -9999.0  -9999.0  -9999.0  -9999.0  -9999.0  -9999.0  -9999.0  -9999.0  -9999.0  -9999.0  -9999.0  -9999.0  -9999.0  -9999.0  -9999.0  -9999.0  -9999.0  -9999.0  -9999.0  -9999.0  -9999.0  -9999.0
-9999.0  -9999.0  -9999.0  -9999.0  -9999.0  -9999.0  1.12762613352  1.66155547524  3.74182024955  5.17987428667  0.44191199199  0.473752325925  0.451053121522  1.34493487335  10.1596404498  0.348929097649  12.5425173598  14.377594085  1.40929642194  0.798950807503  3.46193902159  0.420037525147  4.58541641829  0.79839464656  0.393393471879  0.801742247764  0.877724395708  0.474779709405  0.50739608215  0.48970947063  0.536077267062  1.07031745118  -9999.0  -9999.0  -9999.0  -9999.0  -9999.0  -9999.0  -9999.0  -9999.0  -9999.0  -9999.0  -9999.0  -9999.0  -9999.0  -9999.0  -9999.0  -9999.0  -9999.0  -9999.0  -9999.0  -9999.0  -9999.0  -9999.0  -9999.0  -9999.0  -9999.0  -9999.0  -9999.0  -9999.0  -9999.0  -9999.0  -9999.0  -9999.0  -9999.0  -9999.0  -9999.0  -9999.0  -9999.0  -9999.0  -9999.0  -9999.0  -9999.0  -9999.0  -9999.0  -9999.0  -9999.0  -9999.0  -9999.0  -9999.0
-9999.0  -9999.0  -9999.0  -9999.0  -9999.0  0.625957148055  1.21174950511  0.583031251797  1.11999513621  5.72845948226  6.69179696149  7.65643524474  25.6370973807  0.476437868027  10.5770174619  39.890507217  40.2617878209  55.3358214229  0.452030547789  1.18650877995  3.84421185964  0.377367223408  9.12118125102  4.13303344135  2.51332571126  2.10154979525  0.43418525826  1.41658858791  1.47295368424  0.978408308664  0.476488925696  1.5629347018  0.472914500945  0.461555345014  -9999.0  -9999.0  -9999.0  -9999.0  -9999.0  -9999.0  -9999.0  -9999.0  -9999.0  -9999.0  -9999.0  -9999.0  -9999.0  -9999.0  -9999.0  -9999.0  -9999.0  -9999.0  -9999.0  -9999.0  -9999.0  -9999.0  -9999.0  -9999.0  -9999.0  -9999.0  -9999.0  -9999.0  -9999.0  -9999.0  -9999.0  -9999.0  -9999.0  -9999.0  -9999.0  -9999.0  -9999.0  -9999.0  -9999.0  -9999.0  -9999.0  -9999.0  -9999.0  -9999.0  -9999.0  -9999.0
-9999.0  -9999.0  -9999.0  -9999.0  -9999.0  0.636669827062  1.85952941281  3.68009447891  4.24848030101  8.44605086483  8.97610334284  10.6454426172  17.5477878256  27.1846084079  28.1353964937  28.5714479655  0.771819623296  56.8366317096  57.7216825322  59.7683567324  74.2663006473  10.293247326  9.54093992229  2.92409673313  0.408037148245  2.60347464244  1.79944379755  0.357973820525  1.89528922557  0.443744448984  0.996847582604  2.5456286566  2.99658096571  0.901657716964  0.431107845885  0.427219035363  -9999.0  -9999.0  -9999.0  -9999.0  0.534057440077  0.492927634523  -9999.0  -9999.0  -9999.0  -9999.0  -9999.0  -9999.0  -9999.0  -9999.0  -9999.0  -9999.0  -9999.0  -9999.0  -9999.0  -9999.0  -9999.0  -9999.0  -9999.0  -9999.0  -9999.0  -9999.0  -9999.0  -9999.0  -9999.0  -9999.0  -9999.0  -9999.0  -9999.0  -9999.0  -9999.0  -9999.0  -9999.0  -9999.0  -9999.0  -9999.0  -9999.0  -9999.0  -9999.0  -9999.0
-9999.0  -9999.0  -9999.0  -9999.0  -9999.0  0.616884474822  0.59357585503  2.46945787042  3.0499919434  3.64804234527  0.568248946177  1.12316642759  6.49147165604  1.22333659258  0.525618261051  0.456061997448  0.397419704691  0.540422719435  0.54080694741  0.446077207452  74.6564918418  75.7901438753  0.376152893493  1.1790013173  0.811079096183  2.98274251511  0.740259185175  0.345165348012  2.31346348547  0.898050302666  2.23930004151  5.1373314815  4.76480013788  1.32247154047  1.2548541302  0.446804995089  0.437285945321  -9999.0  -9999.0  0.432526211903  1.06090316992  2.58356738889  0.518205157075  -9999.0  -9999.0  -9999.0  -9999.0  -9999.0  -9999.0  -9999.0  -9999.0  -9999.0  -9999.0  -9999.0  -9999.0  -9999.0  -9999.0  -9999.0  -9999.0  -9999.0  -9999.0  -9999.0  -9999.0  -9999.0  -9999.0  -9999.0  -9999.0  -9999.0  -9999.0  -9999.0  -9999.0  -9999.0  -9999.0  -9999.0  -9999.0  -9999.0  -9999.0  -9999.0  -9999.0  -9999.0
-9999.0  -9999.0  -9999.0  -9999.0  -9999.0  -9999.0  0.65248761843  0.645324357278  1.24008590403  1.84664188513  4.19532868222  5.36082625006  5.98440003137  0.68618803893  0.46458622089  6.38116015588  7.73296346514  8.14678563597  9.92795389548  10.3224817751  0.390562914953  76.1855015156  78.0882264731  1.51724844427  0.276298756498  3.31184234917  7.35857548323  2.98489868799  0.723485099972  0.372476127153  8.12798599009  5.52973028547  0.368377430417  0.366282756662  1.63501574309  1.29370918814  0.395631895277  0.344803819876  0.418858098888  0.840803317301  0.395444342367  3.14407925092  3.50305148171  0.309360192636  -9999.0  -9999.0  -9999.0  -9999.0  0.349787408779  0.325292475206  0.122790804543  -9999.0  -9999.0  -9999.0  -9999.0  -9999.0  -9999.0  -9999.0  -9999.0  -9999.0  -9999.0  -9999.0  -9999.0  -9999.0  -9999.0  -9999.0  -9999.0  -9999.0  -9999.0  -9999.0  -9999.0  -9999.0  -9999.0  -9999.0  -9999.0  -9999.0  -9999.0  -9999.0  -9999.0  -9999.0
-9999.0  -9999.0  -9999.0  -9999.0  -9999.0  -9999.0  -9999.0  0.624331709733  0.560165848702  1.18415633876  1.7919543009  0.585688519032  0.596975800757  3.45232358543  4.45385421836  5.48475143916  0.474261624186  0.938068517702  0.462284190284  10.7402343715  24.1338704739  24.6421361482  103.555294153  0.370785082395  0.802539282237  0.251456396287  7.6903462121  0.347504857049  1.10137295439  0.362080131815  8.48717405674  8.84671456668  0.742199336767  0.736625558013  4.15755002441  2.10556137901  0.74317724519  0.390642002247  0.833087772742  1.249126433  2.00665246856  0.349161086027  4.10673943601  4.39190155741  0.259932815434  0.281520905783  0.286298346119  0.256350677926  0.24129151405  0.938274248061  0.398449662458  0.235980800709  -9999.0  -9999.0  -9999.0  -9999.0  -9999.0  -9999.0  -9999.0  -9999.0  -9999.0  -9999.0  -9999.0  -9999.0  -9999.0  -9999.0  -9999.0  -9999.0  -9999.0  -9999.0  -9999.0  -9999.0  -9999.0  -9999.0  -9999.0  -9999.0  -9999.0  -9999.0  -9999.0  -9999.0
-9999.0  -9999.0  -9999.0  -9999.0  -9999.0  -9999.0  -9999.0  -9999.0  1.2577307431  1.78445616588  0.585077741819  1.19281828881  1.74198970935  2.91241860576  0.555362481892  0.533974462357  0.450538222357  0.454075469085  0.399865085773  12.5424631906  0.476639748543  0.921857011966  105.026944983  105.898709697  0.311884037451  1.42639775032  9.41467180225  0.684465991385  1.41000844315  0.639352158705  0.944366503281  10.2097748407  1.06085086407  5.92547409437  4.88295740105  0.387169472787  1.89727351828  0.777965530154  1.20714111546  0.368837543354  2.3432296038  2.9866950875  3.24282212248  3.48462867355  5.38289916214  0.501745556719  0.518941298295  0.47100983502  0.439712912753  1.16095581495  0.230640284971  0.872004653787  1.08561169659  -9999.0  -9999.0  -9999.0  -9999.0  -9999.0  -9999.0  -9999.0  -9999.0  -9999.0  -9999.0  -9999.0  -9999.0  -9999.0  -9999.0  -9999.0  -9999.0  -9999.0  -9999.0  -9999.0  -9999.0  -9999.0  -9999.0  -9999.0  -9999.0  -9999.0  -9999.0  -9999.0
-9999.0  -9999.0  -9999.0  -9999.0  -9999.0  -9999.0  -9999.0  -9999.0  0.631136403763  3.02869810785  3.59711014081  0.567870782521  1.10662227894  0.537130143294  0.487496103364  0.479927725694  6.05299254846  7.97291823124  9.91887869488  11.9941958664  0.484354707976  0.458099837906  0.400136016426  108.015124057  109.079891152  109.42250571  12.4926551283  2.73530456837  2.4049992756  0.274836621944  1.21920861742  11.7236279914  0.287088133327  6.22570187972  0.354867717018  2.54776998897  2.30355125925  0.379842872276  1.5807369031  0.738814942288  1.09752138636  0.300331930132  0.234675938905  3.72316948096  3.94155568254  5.60072991655  0.749747693552  0.690296248437  0.647812623686  1.40896066514  1.87690768969  0.233495019249  1.31547435413  0.261865199767  0.490385210838  0.235869538862  -9999.0  -9999.0  -9999.0  -9999.0  -9999.0  -9999.0  -9999.0  -9999.0  -9999.0  -9999.0  -9999.0  -9999.0  -9999.0  -9999.0  -9999.0  -9999.0  -9999.0  -9999.0  -9999.0  -9999.0  -9999.0  -9999.0  -9999.0  -9999.0
-9999.0  -9999.0  -9999.0  -9999.0  -9999.0  -9999.0  -9999.0  -9999.0  -9999.0  0.642882961629  4.19776677097  4.75245213665  1.64783486963  2.71311570247  3.69025716395  4.18314615114  0.512131525437  1.47480337341  1.00308676413  0.530177597854  0.506311827596  0.451437220952  0.860524144429  1.40638952547  0.467339190913  122.776764726  123.087096653  0.288637252646  0.226436741113  0.573045407998  0.859636440683  12.5743306323  0.567851350803  6.47721853796  3.85096729333  3.20997605757  0.348715867167  0.717843909069  1.90858253014  0.327884984834  1.41430473063  0.602852048028  0.389604074045  0.167319954979  4.4962875482  10.2822199225  0.919142878477  0.862014539373  0.842523912642  0.198268938219  2.07189953884  0.189496655205  1.74503450812  0.228111252247  0.717647891088  1.11906730624  0.137548769132  0.140039747089  0.156059622602  0.162838279901  0.121629786122  -9999.0  -9999.0  0.0674915116239  0.0419503526407  -9999.0  -9999.0  -9999.0  -9999.0  -9999.0  -9999.0  -9999.0  -9999.0  -9999.0  -9999.0  -9999.0  -9999.0  -9999.0  -9999.0  -9999.0
-9999.0  -9999.0  -9999.0  -9999.0  -9999.0  -9999.0  -9999.0  -9999.0  -9999.0  -9999.0  0.553449634032  5.86299919825  0.535194896404  1.05766866833  1.52624199856  2.43583538294  0.46076106766  0.949103278032  0.476374362895  0.425219832027  0.405396194004  0.792070429577  0.343990837141  0.357721449701  0.69985654861  0.402759780187  123.464281922  124.08043981  124.931053162  1.11224804297  0.298361752428  0.595181498113  12.8882306993  11.7879695149  4.5056713915  0.324314255529  1.39909376383  1.05577548897  2.23735153849  0.654418330714  2.65106333002  0.911119519565  0.628205463086  0.136523438231  0.183089754888  10.5211977515  10.7357025641  12.7012777626  1.47349434212  0.416504208539  2.28410532186  2.68076153305  4.6089918627  0.44007229734  0.207684342684  1.28024525683  1.55310659623  0.135559449281  0.257998389363  0.437223167725  0.239468860478  0.118220617657  0.114423105335  0.130547156513  0.088132053889  0.043089592875  -9999.0  -9999.0  -9999.0  -9999.0  -9999.0  -9999.0  -9999.0  -9999.0  -9999.0  -9999.0  -9999.0  -9999.0  -9999.0  -9999.0
-9999.0  -9999.0  -9999.0  -9999.0  -9999.0  -9999.0  -9999.0  -9999.0  -9999.0  -9999.0  -9999.0  0.345692059053  6.62173591487  0.5739725353  1.0359063686  4.35884867279  0.442038064713  0.434297442162  0.390397535279  0.850684912554  0.441611112465  1.66243375012  2.35982279725  2.66443573474  0.969338766944  1.2133481764  0.284569860944  0.35479583209  0.355118732894  126.73876586  127.679930829  13.1350641328  12.2945623852  12.0454306997  0.53218003601  0.254236286563  1.69753289189  4.53872353566  2.54336115756  0.956265941415  3.89526523015  1.36281586186  1.0909167982  0.271152670172  0.11612924046  0.106983019566  0.11723290862  13.3327227227  15.4450099986  0.208631763137  0.178464212425  0.207147957793  4.8147112867  5.44904519926  0.370378090733  0.14659743031  1.63551756788  0.208045064343  0.538599367303  1.06715365793  1.40449027684  1.6299213693  0.435273117716  0.227236967864  0.150055866909  0.0938610929419  0.0872796638583  -9999.0  -9999.0  -9999.0  -9999.0  -9999.0  -9999.0  -9999.0  -9999.0  -9999.0  -9999.0  -9999.0  -9999.0  -9999.0
-9999.0  -9999.0  -9999.0  -9999.0  -9999.0  -9999.0  -9999.0  -9999.0  -9999.0  -9999.0  -9999.0  0.326808427574  7.39042506469  8.97498354585  0.469354701914  5.286107489  0.400850156311  0.38320935081  0.818416556635  2.10876429258  0.423613936727  0.449417255761  0.353289793271  3.3402532149  3.65618588547  5.22182682397  5.76432073266  6.02990001355  6.30612298823  6.57524713777  134.578002032  148.226860714  161.015889772  161.28114368  0.225872193559  0.259965386669  5.13839209222  4.84056550583  0.300640434382  0.310594652302  4.29525453726  5.9506268369  0.235512471437  2.70030195726  2.50524671503  0.592601148704  0.268597966942  0.450799885986  0.240077267318  15.851018366  0.204566790783  0.568350747917  0.723929963386  6.66277375732  7.15054628563  7.43060577939  9.16468518082  0.0928044032869  0.0746566351448  0.0672914281033  0.0642059875604  1.78428358763  2.31654962529  0.106546572376  0.364880506887  0.149485538184  0.169144909627  0.0417520648238  0.0354650667576  -9999.0  -9999.0  -9999.0  -9999.0  -9999.0  -9999.0  -9999.0  -9999.0  -9999.0  -9999.0  -9999.0
-9999.0  -9999.0  -9999.0  -9999.0  -9999.0  -9999.0  -9999.0  -9999.0  -9999.0  -9999.0  -9999.0  0.58689674316  1.11331096785  9.48618648141  10.3693513455  0.438847539947  6.18368613845  0.331424356136  1.06491352849  2.48434208864  0.810607530564  0.384705038387  0.775549384546  0.286680492191  0.567329896638  0.30011269278  0.266672657659  0.220231635304  0.195879173564  0.15978460273  0.14287446594  0.195275954597  0.2511851616  0.317749611883  162.078936478  6.1011349036  5.56621220537  0.198871080667  0.860409755281  0.210376689987  0.258992270856  6.22128943366  9.73028379321  2.99728043109  2.25022067425  0.352136181743  0.143830013438  0.129933466634  0.313330269238  16.3741089362  16.7618450595  0.201971256825  0.204668115062  0.160536690792  0.121773585811  0.230520612581  9.54872556997  9.7415693748  9.9104771238  0.148588389856  0.0821195192467  0.0675819560484  2.38505121214  2.55194187249  0.41696162488  0.0708919805303  0.240816142258  0.0851660480704  0.0664332241738  -9999.0  -9999.0  -9999.0  -9999.0  -9999.0  -9999.0  -9999.0  -9999.0  -9999.0  -9999.0  -9999.0
-9999.0  -9999.0  -9999.0  -9999.0  -9999.0  -9999.0  -9999.0  -9999.0  -9999.0  -9999.0  -9999.0  -9999.0  0.48836544574  6.80336043385  17.6524471511  19.1377113224  25.7467633227  26.2354538984  5.60130972243  4.07937078989  1.20247116174  0.37807831818  1.51212235822  1.8557019824  2.73051285709  0.616488035846  0.556195916855  0.515912478335  0.996966942653  0.439454029667  0.410173070872  0.224547805424  0.151978042244  0.136204835634  162.310924309  168.630331974  168.97585338  0.20878918976  2.31430492742  1.03941337295  0.292533331173  10.6351155432  0.64543666829  0.335020470665  1.39955009802  0.275720304157  0.203337968764  0.388861521995  0.561989517024  0.759464197313  17.0935401437  0.157181395151  0.137250840053  0.137379070438  0.0972150583597  0.0787754337609  0.236047356397  0.299947611455  10.3839780324  11.0226587675  0.353165542996  0.160330210454  0.0892186381449  0.0717852035348  3.1471797127  4.21908523262  0.912259666245  0.412609219438  0.236666442408  -9999.0  -9999.0  -9999.0  -9999.0  -9999.0  -9999.0  -9999.0  -9999.0  -9999.0  -9999.0  -9999.0
-9999.0  -9999.0  -9999.0  -9999.0  -9999.0  -9999.0  -9999.0  -9999.0  -9999.0  -9999.0  -9999.0  0.542592149666  5.20252206789  6.29204532102  0.994397888275  0.3660710134  0.842341804541  27.4760921911  27.8710995898  33.9514096021  0.335213944357  0.7094343432  0.304008547397  0.30873982293  3.02747946792  3.93995730305  4.77315811882  0.262500436706  1.25682658349  1.95103449901  1.13196813505  0.476029807399  0.355333297622  0.295137839623  0.297183715386  0.13628903644  169.19761442  169.382209674  172.033208665  0.463566221237  0.250876681672  10.9811695763  0.697884319121  0.355730200198  0.392032825859  0.38919936724  0.330222308582  0.550777015631  1.58861557748  2.55832688953  19.8148212779  0.123226405324  0.367155910129  0.247633264375  0.197383099714  0.101438850928  0.0895805766797  0.0899800677644  0.0617639966674  11.1163747667  0.045089740434  0.129454396065  0.100390802843  0.0543013980924  0.0646836263949  4.3075771006  0.164239121077  0.0605748022412  0.10643854398  0.0468772557103  -9999.0  -9999.0  -9999.0  -9999.0  -9999.0  -9999.0  -9999.0  -9999.0  -9999.0  -9999.0
-9999.0  -9999.0  -9999.0  -9999.0  -9999.0  -9999.0  -9999.0  -9999.0  -9999.0  -9999.0  -9999.0  0.556282363794  3.64090796971  0.560538332031  0.481907238768  2.57869098793  2.99442100364  3.40666268711  3.78265556861  45.6417886763  46.0708310358  46.8574231597  51.9651923113  52.8514416711  53.3321850638  53.6345791131  58.986350551  59.7675456818  60.0673642777  62.3012563691  63.7218289215  63.9727651126  64.7790844884  0.53584756847  0.47166284955  0.0969226581022  0.097351468972  169.557935944  172.862016294  0.657596886885  12.8841982546  12.6392134401  1.2823940431  0.304189009165  0.309732235521  0.29507675173  0.292937920673  0.588177195426  0.82934641321  0.232005005515  19.9700404552  20.1346927896  20.891278123  21.0273447252  21.351386813  21.5714584202  0.0925164112967  0.0940680133151  0.0656736468552  11.1836764253  11.2813033008  11.4672875033  11.7223336394  0.114002853421  4.68501564379  4.51089345349  0.10016869333  1.78830878904  1.73729313796  0.129710617962  0.0781897366441  -9999.0  -9999.0  -9999.0  -9999.0  -9999.0  -9999.0  -9999.0  -9999.0  -9999.0
-9999.0  -9999.0  -9999.0  -9999.0  -9999.0  -9999.0  -9999.0  -9999.0  -9999.0  -9999.0  -9999.0  1.88603864833  2.49323460737  1.14636376363  1.67983610246  0.525682622161  5.88883503228  6.3187722415  7.17372733634  7.52203343705  2.76107089282  50.2074910607  50.5799634946  0.258113834706  0.17651804209  0.16092665034  0.349315489549  0.194468907526  0.142275837056  0.139925102227  0.150565264763  64.1870562141  65.0062584417  65.8139346739  66.522747478  66.8922992866  0.165554133176  0.0576056115271  186.318245663  13.2945677673  13.1417786666  0.26498223616  0.238071116332  0.21169601759  0.524042845395  0.510027982545  0.23374621164  0.240103682825  0.217543475241  0.445498453219  0.589930842051  0.127645466124  0.237859968972  0.0761882529797  0.0462552780602  21.6228549129  21.7814363873  21.9654147067  22.1291457008  22.2141716305  22.3215604158  22.3647588592  0.0411429742187  11.9129330566  0.115824964464  6.71287369952  1.91688455338  0.147308196008  1.56167069491  1.3486244305  0.0881481519557  -9999.0  -9999.0  -9999.0  -9999.0  -9999.0  -9999.0  -9999.0  -9999.0  -9999.0
-9999.0  -9999.0  -9999.0  -9999.0  -9999.0  -9999.0  -9999.0  -9999.0  -9999.0  -9999.0  -9999.0  -9999.0  1.27739074467  0.597251034742  0.54037790417  5.0198017948  5.46547675084  0.452385082326  1.72030298114  2.1199601491  2.44988197859  0.378228330887  0.250879932974  7.15318957681  7.35475248843  7.54277535996  19.9751086793  20.1168903429  20.3785952613  22.0363976974  22.8064995855  22.9250350202  0.138785006189  0.145297080413  0.13903316079  67.1681423694  0.0925266274835  188.443630881  188.216288422  1.76643167465  1.58884656208  0.994155577118  0.248802152169  0.425011020352  0.73865076748  0.726309428023  0.449992419131  0.230000790689  0.443612220728  0.438389888321  0.780285303508  0.139723099422  0.381210046166  0.590080309325  0.690226040289  0.745459271415  0.0496281617931  0.050045727493  0.0471878150302  0.048041852432  0.0552301801234  22.4337852018  22.5408268161  34.5080144326  34.5498001681  7.29834171446  0.501622751937  0.321528708163  0.108051940278  1.18612064703  1.10746025316  -9999.0  -9999.0  -9999.0  -9999.0  -9999.0  -9999.0  -9999.0  -9999.0  -9999.0
-9999.0  -9999.0  -9999.0  -9999.0  -9999.0  -9999.0  -9999.0  -9999.0  -9999.0  -9999.0  -9999.0  -9999.0  0.658599966802  1.80652052902  2.35353222695  3.97086646102  0.435738428341  0.898641411788  1.3251073689  5.43540233395  5.77724587737  6.04955900188  6.33704024529  6.67306531539  10.7720065447  11.7796675284  12.2834077138  0.177942080749  1.38247122851  1.54930303868  22.4205169808  23.0686794381  23.3861179624  23.7190100608  23.9662412981  91.2633004659  0.27498997223  189.126544973  0.228034230443  0.108001964468  1.34612019029  1.18528920028  0.162981791213  0.627829139833  0.944585968448  0.922239410022  0.628902867328  1.0388033753  1.64473020876  0.620487038538  1.56775748366  0.120277217074  0.207661576514  0.0425482765521  0.0361307917186  0.839761610188  0.869703552979  0.0836687775828  0.081508868604  0.123906603807  0.0407880295038  0.0418731446213  0.0503510354898  46.7003155647  46.6631973494  12.0083597962  0.155809762106  0.736738776587  0.586959450141  0.392313956325  1.04587652468  0.752791010994  -9999.0  -9999.0  -9999.0  -9999.0  -9999.0  -9999.0  -9999.0  -9999.0
-9999.0  -9999.0  -9999.0  -9999.0  -9999.0  -9999.0  -9999.0  -9999.0  -9999.0  -9999.0  -9999.0  -9999.0  0.606409307223  1.20097581061  0.56192123324  1.11025057385  0.468968850053  3.70495507038  4.57415806308  5.0222522489  0.396162695348  0.765687230461  8.26974463982  10.1267706515  10.4809684207  0.648854306511  0.760114149629  1.09682161651  0.144994523679  0.13134635275  0.247628801028  0.11254915118  14.6092101078  14.7356512473  14.8500769129  91.4943904859  190.431800521  189.237393045  0.177826750828  0.0912553539778  0.0832734745303  0.330578484256  0.26035123568  0.762845264947  1.10932355206  2.2383200858  0.204180435042  0.202652005996  1.80154938409  1.96333013787  3.82193284287  3.91295191883  4.16833896513  4.25106967452  0.0875302452893  0.128738708878  0.921490346006  48.8675002572  47.8308197312  47.6585911004  47.4068172909  0.042872450467  47.0918904732  0.10512310745  0.0600601670576  4.49034978053  1.15446140876  1.09369954792  0.198025865383  0.218202036896  0.184026102074  0.665608135833  -9999.0  -9999.0  -9999.0  -9999.0  -9999.0  -9999.0  -9999.0  -9999.0
-9999.0  -9999.0  -9999.0  -9999.0  -9999.0  -9999.0  -9999.0  -9999.0  -9999.0  -9999.0  -9999.0  -9999.0  -9999.0  0.571660241205  1.15195723214  1.74028565322  2.73427550347  0.498260771461  0.450631189785  3.70125922279  4.10814571353  7.56151754016  7.99292068574  1.17751838115  0.355886809099  0.309631135185  0.329391556966  13.8018073139  13.9723643297  14.1283920274  14.2558451725  14.4907069518  1.74369634899  1.85964889434  16.8843474605  298.922379744  0.853530174498  0.635428206498  0.280706982587  0.0810160207007  0.0701338780607  0.494494918796  0.551923738114  0.887902788696  0.0608901117349  2.31631249323  0.317091040938  0.310144851678  0.0539156215692  0.0399368396032  0.0391798701294  0.0467174748594  0.0411495855107  4.2924076154  57.4167670631  52.9272613177  52.734546749  48.938293728  0.0527129880597  0.0686095259667  0.0696080964379  47.1760736478  0.166930489407  0.0749930194215  0.100448405567  0.0913727568884  3.17053410534  3.00440839947  0.363975706672  0.188025933902  0.240063569267  0.239765969169  -9999.0  -9999.0  -9999.0  -9999.0  -9999.0  -9999.0  -9999.0  -9999.0
-9999.0  -9999.0  -9999.0  -9999.0  -9999.0  -9999.0  -9999.0  -9999.0  -9999.0  -9999.0  -9999.0  -9999.0  -9999.0  -9999.0  0.544516865006  1.17567145656  1.77501086391  2.36761496456  2.80878630304  3.26837979561  1.32498929169  2.25042555063  0.422518587575  0.390370722267  12.1787657946  12.9129308235  13.231698682  13.565871619  0.230536384668  0.401907459644  1.13892084979  1.40691816874  1.59464559109  0.138533295119  0.162805636773  299.480019485  0.211351950753  0.259976006418  0.153472159292  0.393060411207  0.176745080343  0.119166041524  1.52263542868  1.62416648861  0.0548581676942  2.38369690746  2.77837049522  0.408388552865  59.6192771995  59.5123818233  59.427009278  59.235847277  59.1471215696  57.737366589  57.6546883406  0.118661212202  3.7347119322  3.52755266118  3.33422785656  3.28426578249  1.8985215794  1.85014129  1.74395607473  0.660992392239  0.606594920526  0.400795046901  0.095645221613  2.8845599852  2.43305785104  0.169634748105  0.307881117307  0.132133869003  -9999.0  -9999.0  -9999.0  -9999.0  -9999.0  -9999.0  -9999.0  -9999.0
-9999.0  -9999.0  -9999.0  -9999.0  -9999.0  -9999.0  -9999.0  -9999.0  -9999.0  -9999.0  -9999.0  -9999.0  -9999.0  -9999.0  0.201582026537  0.453083305821  0.640222382949  6.55386559721  7.00856284264  0.467018311215  0.447991362463  0.465964943232  10.5529615281  11.4384469019  0.41881282369  0.417784929671  0.318872742943  1.34809314107  1.67727776331  0.729325635417  0.94441199696  8.0900237714  8.29691037305  8.66802607483  13.7235308802  313.347246583  0.234542950329  0.124211611774  0.633528697328  0.51593999614  0.0744615010075  0.275660726863  0.354807119467  1.71344695681  1.79309460284  4.71749336439  2.80873543281  0.457893741916  61.0354605141  0.647595850269  59.3442903455  59.2934680394  1.31607279095  0.0693690479666  0.153530293704  0.0994437461187  0.0990286002483  0.152369923055  0.0745528215427  1.34004089944  1.11640221406  0.0712017405525  1.0428048074  0.179920056151  0.116485251178  0.295357246535  0.143979357121  0.32242892543  1.87285964357  1.54917728173  0.123744214447  0.213782273033  0.11293986943  -9999.0  -9999.0  -9999.0  -9999.0  -9999.0  -9999.0  -9999.0
-9999.0  -9999.0  -9999.0  -9999.0  -9999.0  -9999.0  -9999.0  -9999.0  -9999.0  -9999.0  -9999.0  -9999.0  -9999.0  -9999.0  1.01043662433  1.6714876426  3.37797373833  6.00583318411  7.63901305537  8.79670608156  9.24767614576  9.71323886548  10.1596061253  0.429400840415  0.363727234618  0.716088276707  0.667973035698  0.360201063881  7.04296525276  7.36155627854  7.65118478606  7.92164018623  4.34276772  4.51247277852  4.82428005225  313.472372001  0.419288227692  0.419152517716  1.13945494577  0.114254096616  0.201103643892  0.118256437787  0.0726605376546  0.446428383155  0.0626257305951  0.0662682790905  66.1005248757  61.3335971194  61.2671828177  0.243919867087  0.575666164107  0.348963511099  0.0659676378783  1.11946491248  0.286440193164  0.23570531274  0.178227990911  0.124489420715  0.0694287305704  0.162990535902  1.0534717963  0.884736117403  0.723771021545  0.793845989141  0.737264937887  0.690826479355  0.0788569113762  0.135240064328  0.124164332683  1.14037517861  0.898209964317  0.542370280533  0.0857904252175  -9999.0  -9999.0  -9999.0  -9999.0  -9999.0  -9999.0  -9999.0
-9999.0  -9999.0  -9999.0  -9999.0  -9999.0  -9999.0  -9999.0  -9999.0  -9999.0  -9999.0  -9999.0  -9999.0  -9999.0  -9999.0  0.704875939265  0.679823210818  1.33968757069  2.00274417257  0.615601126967  0.594879250662  1.09374662291  1.57421799034  2.48022383092  2.92091542159  3.26924487256  4.35218788431  4.67936496769  5.06542846335  0.348338267086  3.47164633042  3.73578580348  3.9695391127  0.183281568689  0.13102883418  0.235766967661  318.720417498  318.83999272  319.51545337  1.45763946101  0.232370452713  0.345565720559  0.0976991825005  0.131838259146  0.513123581417  0.63004647126  0.121517921383  66.4186616255  0.115544671559  0.134864833069  0.140132795272  0.1356628394  0.21967585006  0.0962851520002  0.778953707758  0.589190124185  0.42737261674  0.215426923845  0.149487377672  0.081000556617  0.0916926492826  0.0987068481707  0.0996465346605  0.65907162493  0.493219670797  0.33107097852  0.168550561589  0.633993156872  0.472323197938  0.130163443428  0.155989855874  0.125886449905  0.258713578359  0.131267509686  -9999.0  -9999.0  -9999.0  -9999.0  -9999.0  -9999.0  -9999.0
-9999.0  -9999.0  -9999.0  -9999.0  -9999.0  -9999.0  -9999.0  -9999.0  -9999.0  -9999.0  -9999.0  -9999.0  -9999.0  -9999.0  -9999.0  0.652620553461  1.2841374638  0.61850950416  1.28641434396  7.64597471939  8.1410039071  8.57542377046  0.447071341917  0.444901822795  0.801108312704  1.17780402065  1.82081802761  2.16837597883  2.45356621402  2.80367461525  0.248092176545  0.220870633874  4.48720354629  4.64030530943  4.75474062659  4.88105248277  4.23811573569  324.262340814  326.458737664  326.538779181  326.947813167  327.336506351  327.522344289  0.0583868278444  0.684951792582  66.4748865897  0.126050368612  0.0644715416827  0.110218085422  0.113649687429  0.183515493711  0.126700192849  0.0745581872675  0.1076092865  0.0918214020404  0.151420562591  0.0692487614322  0.0531402647526  0.18718625001  0.133334432604  0.0707333168206  0.0693950018534  0.0767384623544  0.0812197878296  0.0863979111558  0.0875732524161  0.0959162184358  0.237133072709  0.0755385629166  0.249871484118  0.109855838424  0.0977279091617  -9999.0  -9999.0  -9999.0  -9999.0  -9999.0  -9999.0  -9999.0  -9999.0
-9999.0  -9999.0  -9999.0  -9999.0  -9999.0  -9999.0  -9999.0  -9999.0  -9999.0  -9999.0  -9999.0  -9999.0  -9999.0  -9999.0  -9999.0  -9999.0  1.90484963017  2.52585787022  4.42091736614  5.68868361782  0.632593704958  9.73069138928  10.1619077612  10.5462586014  0.365164644657  0.714313108883  0.310541349856  2.40583677231  2.64519502105  3.04316234895  3.46647703253  4.19308014574  4.34069342394  0.0967254449785  3.71275504173  3.97650274618  4.118989232  4.62501136123  0.630587140608  0.38141299343  0.213945312502  0.184454635813  327.745363785  327.844033025  329.003961449  66.5323732475  0.414214850169  0.234482194989  0.166383126199  0.0442597672067  0.452674448251  0.211641559066  0.0679164035676  0.363858886859  0.306798475348  0.0533458456686  0.39224497486  0.352186850664  0.248582166182  0.0555472775613  0.157535898285  0.115251245882  0.0483723867067  0.111799934109  0.0631141250822  0.0878327130952  0.0851627064143  0.0557072890401  0.131011663994  1.14459899975  0.684603217039  0.432759661888  0.185885683103  -9999.0  -9999.0  -9999.0  -9999.0  -9999.0  -9999.0  -9999.0
-9999.0  -9999.0  -9999.0  -9999.0  -9999.0  -9999.0  -9999.0  -9999.0  -9999.0  -9999.0  -9999.0  -9999.0  -9999.0  -9999.0  -9999.0  -9999.0  0.651593312037  3.16489293155  3.82607237579  0.630347975232  0.476376670458  0.996046560776  1.46008137528  12.41013701  0.36397602177  1.46253923854  1.78961759986  2.10905373989  0.283354197468  0.630695691817  0.785701857787  2.88319821756  3.22168330562  3.35402307229  0.136219705959  0.121627980146  0.133807663966  0.239354103437  0.107205087045  0.112873177005  0.160311230822  0.118458066607  0.142788755425  0.420369572315  329.092792433  395.86305465  0.527988283584  0.110969993665  0.0603592936283  1.33502179045  1.23694039353  0.708655715966  0.629145395497  0.459024876302  0.108943806988  0.0794885645969  0.432210418958  0.198229845026  0.15462189055  0.0476144268178  0.208092828027  0.369171513285  0.289937865035  0.172687478479  0.0620982141392  0.243410348012  0.174660862987  0.114795556186  1.43430912007  1.38808167369  0.132700894479  0.120198558457  0.106947182061  0.0975280094463  -9999.0  -9999.0  -9999.0  -9999.0  -9999.0  -9999.0
-9999.0  -9999.0  -9999.0  -9999.0  -9999.0  -9999.0  -9999.0  -9999.0  -9999.0  -9999.0  -9999.0  -9999.0  -9999.0  -9999.0  -9999.0  0.570959770729  1.81182889165  0.590258386426  0.549268913211  0.49830178211  0.971712323437  1.45643129595  1.90890972764  14.8434828442  15.1872946387  0.356230263728  0.680935836755  1.01097909374  1.27621138355  1.53129059247  2.49085538955  2.74558935083  0.168615821346  0.134891306575  0.124486078595  0.0853958679453  0.154815808855  0.153673052069  0.18387283738  0.210779879606  0.599012320991  0.263036908285  0.139280819059  0.139314745599  0.0910359596367  0.166237349106  401.27055424  4.8279432498  1.80063961843  0.292179641307  0.149483264422  0.0821222668062  0.227597876249  0.135136788485  0.0627431467445  0.0620485336451  0.553561341506  0.801379123351  0.879995812756  0.0370247885827  0.690797993119  0.44006450955  0.0508653604216  0.0422049429804  0.0947874354251  0.5799737405  0.256909189184  0.176551921725  1.50490152816  0.0832042374476  0.0930897460256  0.436650612213  0.216247609665  0.365727152414  0.160398609203  -9999.0  -9999.0  -9999.0  -9999.0  -9999.0
-9999.0  -9999.0  -9999.0  -9999.0  -9999.0  -9999.0  -9999.0  -9999.0  -9999.0  -9999.0  -9999.0  -9999.0  -9999.0  -9999.0  0.602114667157  1.16024975681  4.12921557297  0.573821829836  1.13164282878  1.60943441004  2.05252127281  0.470374736098  0.865376165305  1.35638711984  17.0251190643  0.331398857642  0.630609318295  0.941731177283  0.302876480519  0.593923821395  0.754993503918  0.960260778551  27.559892941  27.8469120716  28.1982442767  29.544151663  29.8964871915  30.7446640381  0.386172415285  0.815247134422  0.777743027852  33.7588461869  33.9774925179  0.126631886356  0.187718000911  0.247827373839  401.371948011  4.64288458017  2.45747274363  2.27695495013  1.80404534711  1.54202764953  0.298213070315  0.0827107093921  0.127768025203  0.0555691594682  0.0533717233657  0.0989695824188  0.928940762835  1.71061121159  0.74634523241  0.141263940433  0.0962523260136  0.054960568869  0.904385682129  0.744024430198  0.0931469930784  1.8829871979  1.58956956292  0.159470687674  0.884318155988  0.534954201693  0.584928768599  0.487629462589  0.106808020823  -9999.0  -9999.0  -9999.0  -9999.0  -9999.0
-9999.0  -9999.0  -9999.0  -9999.0  -9999.0  -9999.0  -9999.0  -9999.0  -9999.0  -9999.0  -9999.0  -9999.0  -9999.0  -9999.0  0.608891467263  1.84804596935  6.58365082091  9.73796200166  0.520912558615  12.7119814983  15.3079239064  0.425857870859  0.811569554438  1.26535745342  20.7376969531  21.1317852311  0.252135821567  1.45356967595  1.69952146966  1.92472209078  25.7169260394  26.1746663726  26.4755829362  0.159247480534  0.91111828489  1.1130649849  0.411830870187  0.57505542741  31.5790365993  32.6536429382  32.7849772955  32.9084261213  34.1273767449  0.0735679894231  0.0674771590576  0.377551546452  401.497828149  0.191364325279  0.105240141434  0.317516917612  0.118128419948  1.32070453447  1.14738306014  0.701534078583  0.464119685885  0.169402186322  0.063888526287  0.143220910106  0.0355625153236  1.76692945672  0.220678694779  0.177206458488  0.0323242979031  0.0890935595467  0.948612509082  0.0352810849096  0.0412708775437  1.9344777912  0.0501500589033  1.03719595234  0.971356377146  0.847313144906  0.770699257537  0.0892342554569  0.304998958954  0.0974586581718  -9999.0  -9999.0  -9999.0  -9999.0
-9999.0  -9999.0  -9999.0  -9999.0  -9999.0  -9999.0  -9999.0  -9999.0  -9999.0  -9999.0  -9999.0  -9999.0  -9999.0  -9999.0  -9999.0  -9999.0  1.28711484198  2.58980024486  11.5408265235  12.1779092572  15.8740790949  16.4335428391  0.42156122552  0.843729697587  1.968848888  21.6028634365  22.1655875863  22.3838598587  0.179378016802  23.1553113166  23.6181710246  0.29934297212  0.150371537163  0.277897998659  0.54961814909  0.136914145252  0.271099153041  0.584597389658  0.726453154028  0.147732416228  0.102517267841  0.199558149489  34.890019616  35.1637067117  35.2207286777  35.7729559322  401.600777703  0.168134491839  0.0726280494254  0.0909187539939  0.086847386428  0.089216971474  0.0764841616595  0.141822967204  0.102060540283  0.186205927472  0.0804918735798  0.0700082248248  0.267399370467  2.13609615122  2.44269820627  2.49098279247  2.65114305867  0.0357256231817  0.984068145283  0.148751488902  0.0774790508317  1.97580739105  2.06309493578  1.08883376956  1.16563987488  0.947561779057  0.590513316413  0.506817643387  0.41655377612  -9999.0  -9999.0  -9999.0  -9999.0  -9999.0
-9999.0  -9999.0  -9999.0  -9999.0  -9999.0  -9999.0  -9999.0  -9999.0  -9999.0  -9999.0  -9999.0  -9999.0  -9999.0  -9999.0  -9999.0  -9999.0  0.670025178617  0.655200045797  0.641935294526  1.23092563772  0.553177275994  17.5361696094  18.04867142  0.393256515909  0.762244329932  0.332381676691  0.275744594845  0.264559646725  22.8171979999  0.151793683182  0.312277372403  0.159667213409  0.146419354461  0.135445332327  0.106789035156  0.111558175596  0.345390627746  0.475435210807  0.096042094519  0.0881800938754  0.193029968491  0.322967039698  0.421538474484  0.140574302513  35.3227782035  35.8352741502  401.686469946  0.528767260273  0.173917347373  0.0549843049176  0.129302257022  0.0437357993448  0.0326674637332  0.178354245385  0.464804660127  0.258746582682  0.0477680447614  0.0405339264636  0.083145306645  0.0368115651054  0.0403052492398  0.0441533442356  0.0469147732645  3.99510001713  1.16845074944  0.0338865066473  0.0540260982324  0.0253595972442  5.28375444228  3.19136197601  3.15407695577  0.999645280669  0.760151742302  0.0732074356559  -9999.0  -9999.0  -9999.0  -9999.0  -9999.0  -9999.0
-9999.0  -9999.0  -9999.0  -9999.0  -9999.0  -9999.0  -9999.0  -9999.0  -9999.0  -9999.0  -9999.0  -9999.0  -9999.0  -9999.0  -9999.0  -9999.0  -9999.0  -9999.0  0.648849968525  1.82275414029  2.34772980226  2.88969622336  18.5787530667  19.1066135927  19.6102698038  20.0551597988  20.3087941094  20.8383878029  20.9792627217  21.1207164144  21.2401357337  0.12327487073  0.116186895513  0.126051795192  0.462684424855  0.125742518316  0.120884282535  0.0935062557633  0.278596186051  0.117683738935  0.0924963441582  0.0855138241351  0.0724759499415  0.144622326964  0.211603162963  36.273205943  438.560596123  0.182364246085  0.311195505622  0.0429342603848  0.174986908023  0.0918095042874  0.0656946508887  1.01714074847  0.776206189866  0.19492648565  0.0876390536956  0.163343253361  0.0424628252727  0.112226933944  0.069254908977  0.120508225516  0.0418597052252  0.0539509022268  4.03697656012  4.16065353629  6.48928197187  6.45271751607  6.4134274907  0.0438802117698  0.923270088258  0.874472061316  0.0604980552378  -9999.0  -9999.0  -9999.0  -9999.0  -9999.0  -9999.0  -9999.0
-9999.0  -9999.0  -9999.0  -9999.0  -9999.0  -9999.0  -9999.0  -9999.0  -9999.0  -9999.0  -9999.0  -9999.0  -9999.0  -9999.0  -9999.0  -9999.0  -9999.0  -9999.0  -9999.0  0.538328087459  4.27041790152  8.32769660239  8.87760561547  0.57026250209  0.972623014647  1.34311532602  1.62487371459  3.62616468764  3.75325027936  0.123528228434  0.122603692705  21.5644170724  21.8216394241  21.9261001682  0.547781317713  0.080469813609  0.209039837096  0.305620268563  0.921237755097  1.1411200218  1.3189355144  0.162332477048  0.226968802341  0.0779522662807  0.156328455829  0.0816823318254  438.69250463  0.152275851166  0.620885274358  0.166577589012  0.381549872959  1.16764022726  1.31262788345  2.41817685631  0.664024538303  0.554014640055  0.295235094475  0.265473975915  0.0700028670443  0.139513914535  0.16558975207  0.142007983443  0.0211578220237  11.0801540354  10.9860507461  10.9404127597  6.63533390901  0.0678670721536  1.01869343043  0.72598903605  0.478333887864  0.297263243719  0.0512966517788  -9999.0  -9999.0  -9999.0  -9999.0  -9999.0  -9999.0  -9999.0
-9999.0  -9999.0  -9999.0  -9999.0  -9999.0  -9999.0  -9999.0  -9999.0  -9999.0  -9999.0  -9999.0  -9999.0  -9999.0  -9999.0  -9999.0  -9999.0  -9999.0  -9999.0  0.598761608651  1.90653465942  3.73903338074  4.8908865566  12.3992712401  12.9592805084  0.781763236361  1.16329915378  1.48473142722  1.76388373236  3.88579079286  4.1361003662  7.19324752519  7.46585605472  7.65943927734  22.0342679051  22.8802299079  0.198829926369  0.135762003216  0.129089821892  0.249268402031  0.116285350236  1.5473005869  1.63239782543  0.305615633028  0.399019072778  0.116790511927  111.36165961  111.553712689  550.329497692  551.12840281  0.176223880631  0.749585457126  0.281245797679  0.206892049028  2.72250393092  3.47029424471  0.457044207797  0.3372731546  0.070406759266  0.0386781537092  0.176430530959  11.4230814496  11.2308528998  11.2022184493  11.1448480921  0.0742252130066  0.0692236203052  0.0709574163648  0.0738132304035  0.232685838317  0.154942417753  0.139775872226  0.208370465079  0.0633554886896  -9999.0  -9999.0  -9999.0  -9999.0  -9999.0  -9999.0  -9999.0
-9999.0  -9999.0  -9999.0  -9999.0  -9999.0  -9999.0  -9999.0  -9999.0  -9999.0  -9999.0  -9999.0  -9999.0  -9999.0  -9999.0  -9999.0  -9999.0  -9999.0  -9999.0  -9999.0  0.68066823575  0.663797766865  1.25361377265  2.98187360039  13.5103171745  0.404887282502  0.399203665918  0.704980740542  1.03141203956  2.44980019765  2.63072640787  0.159412655578  0.167756497982  7.81703371706  7.9386412474  30.9617666991  31.1046217469  0.0728561590192  0.0636597189178  0.0550723077341  0.0556398929498  0.0619597013804  109.730266004  110.247124418  110.729699136  110.932553164  111.272140213  0.0953553616848  0.349644132045  0.423786731401  551.736745594  551.813824223  551.869456686  551.912519713  551.96238185  3.57610183323  0.0329966917839  0.136853545471  0.109918517393  0.0280576125054  0.204279599428  11.530989669  0.0710002357658  0.034664884519  0.27265795902  0.24078920036  0.195161436484  0.148539384907  0.0827184885641  0.089957013343  0.0851069137984  0.0729880764801  0.0778343574378  -9999.0  -9999.0  -9999.0  -9999.0  -9999.0  -9999.0  -9999.0  -9999.0
-9999.0  -9999.0  -9999.0  -9999.0  -9999.0  -9999.0  -9999.0  -9999.0  -9999.0  -9999.0  -9999.0  -9999.0  -9999.0  -9999.0  -9999.0  -9999.0  -9999.0  -9999.0  -9999.0  -9999.0  0.608101924883  0.636758504818  1.18419561328  15.8172571233  16.3408793051  0.388084035573  0.692061226977  1.02879918661  1.26368659483  0.203115087865  0.380343788372  31.8275604921  31.9403686411  32.1018968747  33.1543054218  64.3946445106  106.635964087  106.809451938  106.9710942  107.124740788  107.798510347  108.017626465  0.441401293732  0.200859744645  0.121938590161  0.22970495191  0.173633760045  0.275932929389  0.0887662863627  1.8320190452  2.20580827899  2.52032147936  2.55734178027  551.984923454  555.620711389  555.879755475  0.184456117981  0.0317465359672  0.29268329919  0.239115955831  11.6055713813  0.0389331925098  0.653099254175  0.340515116156  0.299954955529  0.204268070999  0.0940987574502  0.128523132359  0.0651605665336  -9999.0  -9999.0  -9999.0  -9999.0  -9999.0  -9999.0  -9999.0  -9999.0  -9999.0  -9999.0  -9999.0
-9999.0  -9999.0  -9999.0  -9999.0  -9999.0  -9999.0  -9999.0  -9999.0  -9999.0  -9999.0  -9999.0  -9999.0  -9999.0  -9999.0  -9999.0  -9999.0  -9999.0  -9999.0  -9999.0  -9999.0  -9999.0  0.618846866123  1.18768079305  1.7591336291  16.8183727791  0.404584488795  22.3529469542  22.6984357754  22.9026435615  23.0936048955  31.0325278135  31.2695126162  0.13295096596  0.738318434462  0.920596915398  0.145896438492  42.0691869488  41.8062387682  0.0827422609159  0.195000334704  0.535200980327  0.120064499298  0.13099821278  0.10165469438  0.087902890731  0.0676489424823  0.0818547657015  1.55485098812  1.64276048445  1.74860063781  0.286758410214  0.22177772929  2.72662362274  2.79469301444  2.82204485167  555.897975763  555.9193957  0.379361066835  0.322143091475  12.3579988391  12.3292532267  0.689545340487  0.0650118162486  0.0324137003032  0.503022131217  0.420397215985  0.319542181636  0.192975625694  0.102351571706  0.0468133626472  -9999.0  -9999.0  -9999.0  -9999.0  -9999.0  -9999.0  -9999.0  -9999.0  -9999.0  -9999.0
-9999.0  -9999.0  -9999.0  -9999.0  -9999.0  -9999.0  -9999.0  -9999.0  -9999.0  -9999.0  -9999.0  -9999.0  -9999.0  -9999.0  -9999.0  -9999.0  -9999.0  -9999.0  -9999.0  -9999.0  -9999.0  0.563782230348  0.531212307179  2.74968783389  20.6572147926  21.6064034834  22.0524229515  0.309987988463  7.32958205965  7.52813828101  7.64685817649  0.199720408386  0.351992444114  0.489463436581  9.60916144326  9.71683316905  9.81225243421  41.6323324774  26.1170808462  0.108249795652  0.11630853915  0.110587051175  0.0872809954023  0.895423553727  1.0952211883  1.26960215216  1.36976352419  1.46607830092  9.64369913863  9.71890562769  9.80983723624  10.0039107926  10.900044879  10.9359536336  13.7976782503  0.0289257231722  555.93506283  555.962202262  0.416755119383  12.3819276121  0.0564318887784  0.0273574195403  0.0985091921399  0.792137126381  0.766434384661  0.183104123747  0.0911230602587  0.238069020623  0.163063804319  0.0462810932492  0.0384260057479  0.037678702854  -9999.0  -9999.0  -9999.0  -9999.0  -9999.0  -9999.0  -9999.0  -9999.0
-9999.0  -9999.0  -9999.0  -9999.0  -9999.0  -9999.0  -9999.0  -9999.0  -9999.0  -9999.0  -9999.0  -9999.0  -9999.0  -9999.0  -9999.0  -9999.0  -9999.0  -9999.0  -9999.0  -9999.0  -9999.0  -9999.0  1.10487645981  1.68833735707  0.576522704837  0.400602971519  6.28237412556  6.61015836961  6.82403471417  1.97736074868  2.13132259631  2.29375071835  2.43078400433  9.36403647817  9.51606721885  5.38019945997  15.311667482  15.422108512  26.0306451759  0.225568780659  0.116417041269  0.0799423480835  0.611763709505  0.72054210796  0.0704194736409  0.0665632838984  9.3133830154  9.48815961775  9.57786941859  0.0892610564282  0.136681703343  10.749144471  0.0815915483682  0.284534781178  0.31336737719  14.1665198891  14.1961974448  14.5867881045  570.982680555  12.4658983712  1.02173699177  0.992450761993  0.954948044892  0.816595194335  0.0320315611514  0.387979039538  0.327150279881  0.119300750266  0.0454996766265  0.0797602720234  0.177508281356  0.100528144677  -9999.0  -9999.0  -9999.0  -9999.0  -9999.0  -9999.0  -9999.0  -9999.0
-9999.0  -9999.0  -9999.0  -9999.0  -9999.0  -9999.0  -9999.0  -9999.0  -9999.0  -9999.0  -9999.0  -9999.0  -9999.0  -9999.0  -9999.0  -9999.0  -9999.0  -9999.0  -9999.0  -9999.0  -9999.0  -9999.0  0.555293435135  1.09837539709  4.55641540132  5.12888737887  5.5472494497  1.56955339966  1.82188406647  0.168031840914  6.49907173859  6.64809366876  6.79105038175  0.142524567724  5.10054281913  5.25894667926  0.117642729456  25.444560795  0.253610758314  0.127112719223  0.328742844216  0.445570543482  0.0884574333925  0.070894267823  8.48251111075  9.15667525999  9.25933759356  0.105622055481  0.230369762745  0.289820054661  0.356925598449  0.684135676885  0.103895025074  0.234140202045  0.0485003417338  0.0948702776211  14.5194402014  14.5558674434  571.012732044  584.656781279  1.1523129199  0.0720942825523  0.0559985863117  0.0554382839988  0.0243714003692  0.419042770911  0.248310211843  0.193389613005  0.543418368124  0.474838609625  0.330669582771  0.0761386430165  0.0395179568623  -9999.0  -9999.0  -9999.0  -9999.0  -9999.0  -9999.0  -9999.0
-9999.0  -9999.0  -9999.0  -9999.0  -9999.0  -9999.0  -9999.0  -9999.0  -9999.0  -9999.0  -9999.0  -9999.0  -9999.0  -9999.0  -9999.0  -9999.0  -9999.0  -9999.0  -9999.0  -9999.0  -9999.0  -9999.0  0.54876290492  1.71524965857  2.92977589269  0.564018867609  0.928133848561  1.27747131528  5.8186981125  6.02760576403  6.18584316553  0.141673595475  4.23307652136  4.68758682053  4.83387982244  0.102688783878  24.9400920594  25.2197483563  0.131788654921  0.118990951722  0.239708048347  0.0970850184069  7.99176564218  8.16895482198  8.27693999403  0.412946348999  0.519453601455  0.0922744117433  0.166226292376  0.0746469298613  0.524432203176  0.0793532238651  0.0611835258393  0.063132557107  0.068466893408  0.139342711803  0.188908011933  44.0786973044  44.1825827332  628.941289578  628.947918576  628.97129379  0.0776801942935  0.879005792981  0.802271895661  0.33750811955  0.318138760598  0.0417706719434  0.657032488806  0.0470260929521  0.0408359691624  0.0330877982319  0.147787235169  0.0647239524486  -9999.0  -9999.0  -9999.0  -9999.0  -9999.0  -9999.0
-9999.0  -9999.0  -9999.0  -9999.0  -9999.0  -9999.0  -9999.0  -9999.0  -9999.0  -9999.0  -9999.0  -9999.0  -9999.0  -9999.0  -9999.0  -9999.0  -9999.0  -9999.0  -9999.0  -9999.0  -9999.0  -9999.0  -9999.0  0.593468585646  0.623878426627  0.521689490762  4.23142442452  4.56161285972  5.52967589523  0.228839023996  3.60290134113  3.96551498791  0.15323681915  0.321326165899  0.124815261219  24.5909893198  0.140083925305  0.369165162402  0.462329095791  0.561906077411  7.37828019061  7.70691514264  7.82315527329  0.117401285228  0.219276402537  0.310526601691  0.0591329483647  0.0549422585079  22.6448849575  22.7016186409  22.748240878  23.2357435357  23.2994516903  23.3814075935  23.4347615673  37.3547971875  37.4113981592  44.0446606542  0.0648625369938  0.0777615464676  0.130623623822  629.108896308  629.317609986  630.242399716  630.245645956  0.0424469232193  0.0245290268137  0.735164610517  0.711259813393  0.0310551064372  0.0868180989181  0.630153010801  0.398087428338  0.34671952347  0.0921651257017  -9999.0  -9999.0  -9999.0  -9999.0  -9999.0
-9999.0  -9999.0  -9999.0  -9999.0  -9999.0  -9999.0  -9999.0  -9999.0  -9999.0  -9999.0  -9999.0  -9999.0  -9999.0  -9999.0  -9999.0  -9999.0  -9999.0  -9999.0  -9999.0  -9999.0  -9999.0  -9999.0  -9999.0  0.513149317219  1.02445168163  2.11685164118  3.89122766594  0.37570426316  0.688338046448  2.99779980499  3.21435817045  0.190204070377  5.73869594681  5.89424362761  24.1917216405  24.3295186833  0.121018171811  0.227996079219  1.00945492799  6.43286925249  6.7519587309  0.246441569734  0.125119472846  0.0981290089119  19.8300319353  20.0075298729  20.1570079914  20.3126341777  22.5933885478  0.170298027302  23.1792241508  0.0996459649073  0.0663839537709  0.138001134421  13.8053520193  13.8826729656  6.34327988395  6.56862622038  0.153527950266  0.0749660640223  0.0843998121645  0.0852057704863  0.126271791662  0.0411039976721  663.535229309  663.581651176  0.932089399178  0.77985131162  0.0229477317698  0.995334284198  0.927219698006  0.767444575363  0.0679708024587  0.085155101015  0.0980528217007  -9999.0  -9999.0  -9999.0  -9999.0  -9999.0
-9999.0  -9999.0  -9999.0  -9999.0  -9999.0  -9999.0  -9999.0  -9999.0  -9999.0  -9999.0  -9999.0  -9999.0  -9999.0  -9999.0  -9999.0  -9999.0  -9999.0  -9999.0  -9999.0  -9999.0  -9999.0  -9999.0  -9999.0  -9999.0  0.495627062475  0.958797085481  1.34882397688  2.35064460727  2.66884021754  4.51003814046  5.11059430589  5.34412137381  5.55242117672  18.0051855175  18.1580497358  0.108951325711  0.775038559281  0.902826349656  5.17607876449  5.29950762318  0.201903620338  0.0801677442411  19.3070136444  19.56345828  19.6583219948  0.0973873676552  2.01058660018  2.09719770761  2.19560446273  0.0862343427694  0.0668419176053  0.0546858636508  0.0707621839823  13.518772674  13.6185397748  0.0552242278679  6.28977052165  5.96286321084  5.91123038022  0.0587419423711  0.0914223385096  0.0541683010272  0.10631812831  33.0692502694  33.2727424793  664.528721997  0.0827374072867  0.0421520595509  1.04712583963  0.0312645362792  0.20650227413  0.13617924263  0.0627512300101  -9999.0  -9999.0  -9999.0  -9999.0  -9999.0  -9999.0  -9999.0
-9999.0  -9999.0  -9999.0  -9999.0  -9999.0  -9999.0  -9999.0  -9999.0  -9999.0  -9999.0  -9999.0  -9999.0  -9999.0  -9999.0  -9999.0  -9999.0  -9999.0  -9999.0  -9999.0  -9999.0  -9999.0  -9999.0  -9999.0  -9999.0  0.445925121637  1.44062424107  1.97805329775  2.98469446972  3.79238087064  4.18943888694  0.306180161295  4.62022958684  17.5805551976  17.8468582558  0.221460023386  0.396925271083  0.681386231658  4.93003670221  5.07043377141  13.0247809861  13.2721737235  19.1405041421  19.2261801954  0.145258476711  1.65452408111  1.83160235653  1.94014724931  0.0869089632603  11.7442045835  11.8242898441  12.0595354165  12.9997056752  13.3562657216  13.4163921682  0.078050028672  0.149630649199  0.211945354856  4.91350145727  5.80813291183  0.614149325215  0.555149754863  0.0394314470593  0.0561163345678  32.9170921498  0.164454396256  0.0706988827801  664.59282852  0.0166936933468  0.0143072490497  1.32166158011  0.254149686185  0.0534529012709  0.0394602046549  -9999.0  -9999.0  -9999.0  -9999.0  -9999.0  -9999.0  -9999.0
-9999.0  -9999.0  -9999.0  -9999.0  -9999.0  -9999.0  -9999.0  -9999.0  -9999.0  -9999.0  -9999.0  -9999.0  -9999.0  -9999.0  -9999.0  -9999.0  -9999.0  -9999.0  -9999.0  -9999.0  -9999.0  -9999.0  -9999.0  -9999.0  0.51302726836  0.48991828635  1.96499813514  2.55307993402  0.433260385403  3.91751615712  4.27932551138  0.327064469405  12.3391759945  0.31742683112  2.14891632493  4.57215338174  4.80148631486  12.0838798516  12.2285512042  12.9097645284  0.174055527941  5.78919321428  0.0942388066523  0.218514482402  1.58838712462  0.102591881695  2.68233865185  11.5877760739  0.0824403376104  0.175483020191  0.718526071925  0.107745296434  0.122028467974  0.102086476335  0.0565339962064  4.35956913973  4.70675948157  4.85520835953  0.211997110962  0.170215623587  0.331168252927  0.0587684446706  32.7541029708  32.7917934239  0.0790186133231  0.0439994644478  0.0178936632597  664.701737036  666.284662531  1.57237123827  0.232990470649  0.209191207356  0.106616547209  -9999.0  -9999.0  -9999.0  -9999.0  -9999.0  -9999.0  -9999.0
-9999.0  -9999.0  -9999.0  -9999.0  -9999.0  -9999.0  -9999.0  -9999.0  -9999.0  -9999.0  -9999.0  -9999.0  -9999.0  -9999.0  -9999.0  -9999.0  -9999.0  -9999.0  -9999.0  -9999.0  -9999.0  -9999.0  -9999.0  -9999.0  -9999.0  0.471976725963  0.511772176818  0.482747145486  3.10256727604  3.53818230524  5.38219619788  12.0438821356  0.389695079647  1.20413938091  1.55290077456  2.17240859221  0.54851087884  11.8489380403  0.253493094429  0.509925826784  5.46296260679  0.204926879012  0.884380863935  1.07404159135  0.165930353005  0.0992397956287  2.62182998855  8.83091801358  0.107157736999  0.380168408475  0.636621335355  0.0902858150899  0.0686435428791  3.89419312779  4.10452358616  0.151244737905  0.296639243358  0.0808563204086  0.139778031711  0.0925338066096  0.0931522195903  0.042631900983  32.7228575366  0.122210172332  -9999.0  -9999.0  0.0459890999395  0.0814862127388  666.278689789  666.270251357  666.31622421  0.0361244311565  -9999.0  -9999.0  -9999.0  -9999.0  -9999.0  -9999.0  -9999.0  -9999.0
-9999.0  -9999.0  -9999.0  -9999.0  -9999.0  -9999.0  -9999.0  -9999.0  -9999.0  -9999.0  -9999.0  -9999.0  -9999.0  -9999.0  -9999.0  -9999.0  -9999.0  -9999.0  -9999.0  -9999.0  -9999.0  -9999.0  -9999.0  -9999.0  -9999.0  -9999.0  0.500977996305  1.6790270459  2.18166554641  5.01985779868  2.02248550871  6.26267227891  3.75442308029  0.40314778039  1.17150472136  1.8535557823  0.288950663684  11.0470613263  3.8201547035  4.72190394385  0.538913915846  0.540843676399  0.220085923842  0.124998198274  2.32783823431  2.42893277944  8.52947404011  8.62553872167  0.185615042109  0.286834670185  0.0792257731808  3.10875434101  3.5078258969  3.84915768433  0.159105521183  0.0748018283962  0.216267130457  0.0767719808139  0.0576770787896  0.0425901874034  32.3185166054  32.4448142689  32.5253263528  0.0839868844949  -9999.0  -9999.0  -9999.0  -9999.0  -9999.0  0.0119729914599  666.30065889  666.28833607  -9999.0  -9999.0  -9999.0  -9999.0  -9999.0  -9999.0  -9999.0  -9999.0
-9999.0  -9999.0  -9999.0  -9999.0  -9999.0  -9999.0  -9999.0  -9999.0  -9999.0  -9999.0  -9999.0  -9999.0  -9999.0  -9999.0  -9999.0  -9999.0  -9999.0  -9999.0  -9999.0  -9999.0  -9999.0  -9999.0  -9999.0  -9999.0  -9999.0  -9999.0  0.555155764278  0.491074724464  4.47334545732  0.598894196996  1.55093138886  2.43467838864  3.348335602  0.444922538573  0.390044534152  0.349117606401  10.3916147932  10.7412003104  3.55521820053  0.663699754589  0.317038887053  0.312217504823  2.00791307276  2.22696416506  7.67621801999  8.02184389833  8.32467655614  0.116365679778  0.0952890881164  2.90171024767  2.9681259923  3.0472966176  0.345917943545  0.18196469418  0.0863685088521  0.0825120259281  0.0594921932168  0.49353187018  0.531247279327  32.2521798445  32.2936185341  0.089830930974  0.0425037937269  0.0425370503482  -9999.0  -9999.0  -9999.0  -9999.0  -9999.0  -9999.0  -9999.0  -9999.0  -9999.0  -9999.0  -9999.0  -9999.0  -9999.0  -9999.0  -9999.0  -9999.0
-9999.0  -9999.0  -9999.0  -9999.0  -9999.0  -9999.0  -9999.0  -9999.0  -9999.0  -9999.0  -9999.0  -9999.0  -9999.0  -9999.0  -9999.0  -9999.0  -9999.0  -9999.0  -9999.0  -9999.0  -9999.0  -9999.0  -9999.0  -9999.0  -9999.0  -9999.0  -9999.0  1.04804134425  3.43658404026  1.90842951727  0.481171350774  1.91547465644  0.462855040934  1.39760311201  1.72150700379  9.17588910923  10.0309831928  2.92582649841  3.24871334523  0.332940356739  1.45587004481  1.74239837993  4.89459524304  7.2924117417  7.52304020929  0.223322260107  0.171582565329  2.2479226672  2.56629054225  2.83578888695  0.0966435831126  0.179795139944  0.270681258512  0.0898878154375  0.198990065478  0.319683641458  0.374656022312  0.453992729919  0.0488654769284  31.6220807625  0.117311408955  0.0508031679139  -9999.0  -9999.0  -9999.0  -9999.0  -9999.0  -9999.0  -9999.0  -9999.0  -9999.0  -9999.0  -9999.0  -9999.0  -9999.0  -9999.0  -9999.0  -9999.0  -9999.0  -9999.0
-9999.0  -9999.0  -9999.0  -9999.0  -9999.0  -9999.0  -9999.0  -9999.0  -9999.0  -9999.0  -9999.0  -9999.0  -9999.0  -9999.0  -9999.0  -9999.0  -9999.0  -9999.0  -9999.0  -9999.0  -9999.0  -9999.0  -9999.0  -9999.0  -9999.0  -9999.0  -9999.0  0.55453464392  0.499490872221  0.918789938684  0.509662120912  0.953206091151  0.990873938065  5.49440589473  6.01387028826  0.984304322608  0.389175578247  2.60367054303  0.763118266481  1.15533758331  4.07726092367  4.36507804097  4.6576372537  2.16434436632  0.799169070307  1.26813117865  1.68915887257  2.1545117931  0.225762020981  0.138839370167  17.9452250857  18.0516746155  18.1349876772  0.0717859416927  0.131760102213  0.0711279727889  0.0524706694989  30.0868994227  30.5549906993  0.840583842228  0.702697906558  0.0675198285185  -9999.0  -9999.0  -9999.0  -9999.0  -9999.0  -9999.0  -9999.0  -9999.0  -9999.0  -9999.0  -9999.0  -9999.0  -9999.0  -9999.0  -9999.0  -9999.0  -9999.0  -9999.0
-9999.0  -9999.0  -9999.0  -9999.0  -9999.0  -9999.0  -9999.0  -9999.0  -9999.0  -9999.0  -9999.0  -9999.0  -9999.0  -9999.0  -9999.0  -9999.0  -9999.0  -9999.0  -9999.0  -9999.0  -9999.0  -9999.0  -9999.0  -9999.0  -9999.0  -9999.0  -9999.0  -9999.0  -9999.0  0.390630234013  0.41886349171  0.540843193035  2.08948124255  5.0848738072  2.539646476  0.433036997573  1.8046370889  2.22222798624  0.367693224959  3.46574788563  3.77790622908  1.00362654234  1.58085277028  0.302318570279  0.521696465686  0.241012165466  0.210847728861  0.217151331765  17.5385520115  17.707815244  17.850728044  0.689632841782  19.0449809874  19.1762609927  19.2811830701  19.3878275641  19.5623326365  30.0420918728  30.2138946997  0.264382093571  0.630467393462  0.169043292894  -9999.0  -9999.0  -9999.0  -9999.0  -9999.0  -9999.0  -9999.0  -9999.0  -9999.0  -9999.0  -9999.0  -9999.0  -9999.0  -9999.0  -9999.0  -9999.0  -9999.0  -9999.0
-9999.0  -9999.0  -9999.0  -9999.0  -9999.0  -9999.0  -9999.0  -9999.0  -9999.0  -9999.0  -9999.0  -9999.0  -9999.0  -9999.0  -9999.0  -9999.0  -9999.0  -9999.0  -9999.0  -9999.0  -9999.0  -9999.0  -9999.0  -9999.0  -9999.0  -9999.0  -9999.0  -9999.0  -9999.0  -9999.0  -9999.0  0.558563719509  1.07701942945  1.04209953007  1.01813712639  0.971602812857  1.43294406874  2.3241505123  2.69566016438  3.12927037209  0.343564148145  0.698929680998  0.295639368351  0.25421772525  11.1610557845  13.3687540247  13.8398127536  14.0706921172  17.3679021356  0.198538795213  0.367038086281  0.571468414415  3.23523840775  3.42530608415  3.53860796482  7.71982393299  9.47781039314  10.3557105552  0.1559654924  0.138085584762  0.381298203214  0.096503179294  -9999.0  -9999.0  -9999.0  -9999.0  -9999.0  -9999.0  -9999.0  -9999.0  -9999.0  -9999.0  -9999.0  -9999.0  -9999.0  -9999.0  -9999.0  -9999.0  -9999.0  -9999.0
-9999.0  -9999.0  -9999.0  -9999.0  -9999.0  -9999.0  -9999.0  -9999.0  -9999.0  -9999.0  -9999.0  -9999.0  -9999.0  -9999.0  -9999.0  -9999.0  -9999.0  -9999.0  -9999.0  -9999.0  -9999.0  -9999.0  -9999.0  -9999.0  -9999.0  -9999.0  -9999.0  -9999.0  -9999.0  -9999.0  -9999.0  -9999.0  0.532044554272  0.533806607422  0.513521445583  0.492743514318  0.969488469111  1.90145171238  1.91239769725  2.3132725015  2.63041871588  6.03360518691  6.32639778662  10.7095790173  10.9753941508  2.01390636043  0.253411996169  2.84233967612  3.07031945753  1.25167364536  2.43707009965  2.86334914288  3.05272860628  0.163254014195  4.08216733822  8.07566129381  9.38472494117  0.156175598916  0.594386169497  0.101396685595  0.290593420949  -9999.0  -9999.0  -9999.0  -9999.0  -9999.0  -9999.0  -9999.0  -9999.0  -9999.0  -9999.0  -9999.0  -9999.0  -9999.0  -9999.0  -9999.0  -9999.0  -9999.0  -9999.0  -9999.0
-9999.0  -9999.0  -9999.0  -9999.0  -9999.0  -9999.0  -9999.0  -9999.0  -9999.0  -9999.0  -9999.0  -9999.0  -9999.0  -9999.0  -9999.0  -9999.0  -9999.0  -9999.0  -9999.0  -9999.0  -9999.0  -9999.0  -9999.0  -9999.0  -9999.0  -9999.0  -9999.0  -9999.0  -9999.0  -9999.0  -9999.0  -9999.0  -9999.0  -9999.0  -9999.0  0.522683429463  0.473854869525  0.506487696593  1.48301493479  1.39459307322  2.6680612897  3.10379155611  0.360878089772  4.07802214065  1.43577981299  1.75086418664  1.78162682042  2.61263722323  0.772755134337  0.255201389823  1.01359508152  0.244387525681  2.16372157567  2.60309851148  3.77485091303  0.186559710023  0.734785818026  0.263648939165  0.334924581879  0.103920023345  0.197571406151  -9999.0  -9999.0  -9999.0  -9999.0  -9999.0  -9999.0  -9999.0  -9999.0  -9999.0  -9999.0  -9999.0  -9999.0  -9999.0  -9999.0  -9999.0  -9999.0  -9999.0  -9999.0  -9999.0
-9999.0  -9999.0  -9999.0  -9999.0  -9999.0  -9999.0  -9999.0  -9999.0  -9999.0  -9999.0  -9999.0  -9999.0  -9999.0  -9999.0  -9999.0  -9999.0  -9999.0  -9999.0  -9999.0  -9999.0  -9999.0  -9999.0  -9999.0  -9999.0  -9999.0  -9999.0  -9999.0  -9999.0  -9999.0  -9999.0  -9999.0  -9999.0  -9999.0  -9999.0  -9999.0  -9999.0  -9999.0  0.499206092768  0.456762037125  0.936076082681  0.869135274595  2.51585907756  3.32409578476  0.80449683065  1.11975485506  0.921152574075  1.51893397329  0.560027205736  0.53896224901  0.547800520869  0.23970412828  1.26863607772  1.9589584838  0.236437208048  0.959661359957  0.346118130088  0.21172017853  0.112292778005  0.108856792802  0.115524155633  -9999.0  -9999.0  -9999.0  -9999.0  -9999.0  -9999.0  -9999.0  -9999.0  -9999.0  -9999.0  -9999.0  -9999.0  -9999.0  -9999.0  -9999.0  -9999.0  -9999.0  -9999.0  -9999.0  -9999.0
-9999.0  -9999.0  -9999.0  -9999.0  -9999.0  -9999.0  -9999.0  -9999.0  -9999.0  -9999.0  -9999.0  -9999.0  -9999.0  -9999.0  -9999.0  -9999.0  -9999.0  -9999.0  -9999.0  -9999.0  -9999.0  -9999.0  -9999.0  -9999.0  -9999.0  -9999.0  -9999.0  -9999.0  -9999.0  -9999.0  -9999.0  -9999.0  -9999.0  -9999.0  -9999.0  -9999.0  -9999.0  -9999.0  -9999.0  0.455394116491  1.09532879982  2.09332110366  0.425743115191  0.417368273903  0.303965203308  0.633617988567  0.305652134678  0.281061537029  0.278353529609  0.285286930151  0.531491184634  1.04990765462  0.488004435799  0.507383123369  0.742442324339  0.173736788712  0.102041116625  -9999.0  -9999.0  -9999.0  -9999.0  -9999.0  -9999.0  -9999.0  -9999.0  -9999.0  -9999.0  -9999.0  -9999.0  -9999.0  -9999.0  -9999.0  -9999.0  -9999.0  -9999.0  -9999.0  -9999.0  -9999.0  -9999.0  -9999.0
-9999.0  -9999.0  -9999.0  -9999.0  -9999.0  -9999.0  -9999.0  -9999.0  -9999.0  -9999.0  -9999.0  -9999.0  -9999.0  -9999.0  -9999.0  -9999.0  -9999.0  -9999.0  -9999.0  -9999.0  -9999.0  -9999.0  -9999.0  -9999.0  -9999.0  -9999.0  -9999.0  -9999.0  -9999.0  -9999.0  -9999.0  -9999.0  -9999.0  -9999.0  -9999.0  -9999.0  -9999.0  -9999.0  -9999.0  -9999.0  0.493063002488  0.452020589927  -9999.0  -9999.0  -9999.0  -9999.0  -9999.0  -9999.0  -9999.0  -9999.0  0.269591135517  0.255602487568  0.22837414205  0.239844084063  -9999.0  -9999.0  -9999.0  -9999.0  -9999.0  -9999.0  -9999.0  -9999.0  -9999.0  -9999.0  -9999.0  -9999.0  -9999.0  -9999.0  -9999.0  -9999.0  -9999.0  -9999.0  -9999.0  -9999.0  -9999.0  -9999.0  -9999.0  -9999.0  -9999.0  -9999.0
-9999.0  -9999.0  -9999.0  -9999.0  -9999.0  -9999.0  -9999.0  -9999.0  -9999.0  -9999.0  -9999.0  -9999.0  -9999.0  -9999.0  -9999.0  -9999.0  -9999.0  -9999.0  -9999.0  -9999.0  -9999.0  -9999.0  -9999.0  -9999.0  -9999.0  -9999.0  -9999.0  -9999.0  -9999.0  -9999.0  -9999.0  -9999.0  -9999.0  -9999.0  -9999.0  -9999.0  -9999.0  -9999.0  -9999.0  -9999.0  -9999.0  -9999.0  -9999.0  -9999.0  -9999.0  -9999.0  -9999.0  -9999.0  -9999.0  -9999.0  -9999.0  -9999.0  -9999.0  -9999.0  -9999.0  -9999.0  -9999.0  -9999.0  -9999.0  -9999.0  -9999.0  -9999.0  -9999.0  -9999.0  -9999.0  -9999.0  -9999.0  -9999.0  -9999.0  -9999.0  -9999.0  -9999.0  -9999.0  -9999.0  -9999.0  -9999.0  -9999.0  -9999.0  -9999.0  -9999.0
-9999.0  -9999.0  -9999.0  -9999.0  -9999.0  -9999.0  -9999.0  -9999.0  -9999.0  -9999.0  -9999.0  -9999.0  -9999.0  -9999.0  -9999.0  -9999.0  -9999.0  -9999.0  -9999.0  -9999.0  -9999.0  -9999.0  -9999.0  -9999.0  -9999.0  -9999.0  -9999.0  -9999.0  -9999.0  -9999.0  -9999.0  -9999.0  -9999.0  -9999.0  -9999.0  -9999.0  -9999.0  -9999.0  -9999.0  -9999.0  -9999.0  -9999.0  -9999.0  -9999.0  -9999.0  -9999.0  -9999.0  -9999.0  -9999.0  -9999.0  -9999.0  -9999.0  -9999.0  -9999.0  -9999.0  -9999.0  -9999.0  -9999.0  -9999.0  -9999.0  -9999.0  -9999.0  -9999.0  -9999.0  -9999.0  -9999.0  -9999.0  -9999.0  -9999.0  -9999.0  -9999.0  -9999.0  -9999.0  -9999.0  -9999.0  -9999.0  -9999.0  -9999.0  -9999.0  -9999.0
-9999.0  -9999.0  -9999.0  -9999.0  -9999.0  -9999.0  -9999.0  -9999.0  -9999.0  -9999.0  -9999.0  -9999.0  -9999.0  -9999.0  -9999.0  -9999.0  -9999.0  -9999.0  -9999.0  -9999.0  -9999.0  -9999.0  -9999.0  -9999.0  -9999.0  -9999.0  -9999.0  -9999.0  -9999.0  -9999.0  -9999.0  -9999.0  -9999.0  -9999.0  -9999.0  -9999.0  -9999.0  -9999.0  -9999.0  -9999.0  -9999.0  -9999.0  -9999.0  -9999.0  -9999.0  -9999.0  -9999.0  -9999.0  -9999.0  -9999.0  -9999.0  -9999.0  -9999.0  -9999.0  -9999.0  -9999.0  -9999.0  -9999.0  -9999.0  -9999.0  -9999.0  -9999.0  -9999.0  -9999.0  -9999.0  -9999.0  -9999.0  -9999.0  -9999.0  -9999.0  -9999.0  -9999.0  -9999.0  -9999.0  -9999.0  -9999.0  -9999.0  -9999.0  -9999.0  -9999.0
-9999.0  -9999.0  -9999.0  -9999.0  -9999.0  -9999.0  -9999.0  -9999.0  -9999.0  -9999.0  -9999.0  -9999.0  -9999.0  -9999.0  -9999.0  -9999.0  -9999.0  -9999.0  -9999.0  -9999.0  -9999.0  -9999.0  -9999.0  -9999.0  -9999.0  -9999.0  -9999.0  -9999.0  -9999.0  -9999.0  -9999.0  -9999.0  -9999.0  -9999.0  -9999.0  -9999.0  -9999.0  -9999.0  -9999.0  -9999.0  -9999.0  -9999.0  -9999.0  -9999.0  -9999.0  -9999.0  -9999.0  -9999.0  -9999.0  -9999.0  -9999.0  -9999.0  -9999.0  -9999.0  -9999.0  -9999.0  -9999.0  -9999.0  -9999.0  -9999.0  -9999.0  -9999.0  -9999.0  -9999.0  -9999.0  -9999.0  -9999.0  -9999.0  -9999.0  -9999.0  -9999.0  -9999.0  -9999.0  -9999.0  -9999.0  -9999.0  -9999.0  -9999.0  -9999.0  -9999.0
-9999.0  -9999.0  -9999.0  -9999.0  -9999.0  -9999.0  -9999.0  -9999.0  -9999.0  -9999.0  -9999.0  -9999.0  -9999.0  -9999.0  -9999.0  -9999.0  -9999.0  -9999.0  -9999.0  -9999.0  -9999.0  -9999.0  -9999.0  -9999.0  -9999.0  -9999.0  -9999.0  -9999.0  -9999.0  -9999.0  -9999.0  -9999.0  -9999.0  -9999.0  -9999.0  -9999.0  -9999.0  -9999.0  -9999.0  -9999.0  -9999.0  -9999.0  -9999.0  -9999.0  -9999.0  -9999.0  -9999.0  -9999.0  -9999.0  -9999.0  -9999.0  -9999.0  -9999.0  -9999.0  -9999.0  -9999.0  -9999.0  -9999.0  -9999.0  -9999.0  -9999.0  -9999.0  -9999.0  -9999.0  -9999.0  -9999.0  -9999.0  -9999.0  -9999.0  -9999.0  -9999.0  -9999.0  -9999.0  -9999.0  -9999.0  -9999.0  -9999.0  -9999.0  -9999.0  -9999.0
-9999.0  -9999.0  -9999.0  -9999.0  -9999.0  -9999.0  -9999.0  -9999.0  -9999.0  -9999.0  -9999.0  -9999.0  -9999.0  -9999.0  -9999.0  -9999.0  -9999.0  -9999.0  -9999.0  -9999.0  -9999.0  -9999.0  -9999.0  -9999.0  -9999.0  -9999.0  -9999.0  -9999.0  -9999.0  -9999.0  -9999.0  -9999.0  -9999.0  -9999.0  -9999.0  -9999.0  -9999.0  -9999.0  -9999.0  -9999.0  -9999.0  -9999.0  -9999.0  -9999.0  -9999.0  -9999.0  -9999.0  -9999.0  -9999.0  -9999.0  -9999.0  -9999.0  -9999.0  -9999.0  -9999.0  -9999.0  -9999.0  -9999.0  -9999.0  -9999.0  -9999.0  -9999.0  -9999.0  -9999.0  -9999.0  -9999.0  -9999.0  -9999.0  -9999.0  -9999.0  -9999.0  -9999.0  -9999.0  -9999.0  -9999.0  -9999.0  -9999.0  -9999.0  -9999.0  -9999.0
