ncols                  80
nrows                 72
xllcorner      4374000.0
yllcorner      5656000.0
cellsize            500
NODATA_value       -9999
-9999.0  -9999.0  -9999.0  -9999.0  -9999.0  -9999.0  -9999.0  -9999.0  -9999.0  -9999.0  -9999.0  -9999.0  0.629844362655  0.670248284211  -9999.0  -9999.0  -9999.0  -9999.0  -9999.0  -9999.0  -9999.0  -9999.0  -9999.0  -9999.0  -9999.0  -9999.0  -9999.0  -9999.0  -9999.0  -9999.0  -9999.0  -9999.0  -9999.0  -9999.0  -9999.0  -9999.0  -9999.0  -9999.0  -9999.0  -9999.0  -9999.0  -9999.0  -9999.0  -9999.0  -9999.0  -9999.0  -9999.0  -9999.0  -9999.0  -9999.0  -9999.0  -9999.0  -9999.0  -9999.0  -9999.0  -9999.0  -9999.0  -9999.0  -9999.0  -9999.0  -9999.0  -9999.0  -9999.0  -9999.0  -9999.0  -9999.0  -9999.0  -9999.0  -9999.0  -9999.0  -9999.0  -9999.0  -9999.0  -9999.0  -9999.0  -9999.0  -9999.0  -9999.0  -9999.0  -9999.0
-9999.0  -9999.0  -9999.0  -9999.0  -9999.0  -9999.0  -9999.0  -9999.0  -9999.0  -9999.0  -9999.0  -9999.0  1.35774971914  3.21704425455  0.567798621288  -9999.0  0.585726590573  -9999.0  -9999.0  -9999.0  -9999.0  -9999.0  -9999.0  -9999.0  -9999.0  -9999.0  -9999.0  -9999.0  -9999.0  -9999.0  -9999.0  -9999.0  -9999.0  -9999.0  -9999.0  -9999.0  -9999.0  -9999.0  -9999.0  -9999.0  -9999.0  -9999.0  -9999.0  -9999.0  -9999.0  -9999.0  -9999.0  -9999.0  -9999.0  -9999.0  -9999.0  -9999.0  -9999.0  -9999.0  -9999.0  -9999.0  -9999.0  -9999.0  -9999.0  -9999.0  -9999.0  -9999.0  -9999.0  -9999.0  -9999.0  -9999.0  -9999.0  -9999.0  -9999.0  -9999.0  -9999.0  -9999.0  -9999.0  -9999.0  -9999.0  -9999.0  -9999.0  -9999.0  -9999.0  -9999.0
-9999.0  -9999.0  -9999.0  -9999.0  -9999.0  -9999.0  -9999.0  -9999.0  -9999.0  -9999.0  0.618094536728  0.593903079533  0.656495771055  0.659867360934  4.37989761214  4.87840090195  1.57227390011  0.498838730875  -9999.0  -9999.0  -9999.0  -9999.0  -9999.0  -9999.0  -9999.0  -9999.0  -9999.0  -9999.0  -9999.0  -9999.0  -9999.0  -9999.0  -9999.0  -9999.0  -9999.0  -9999.0  -9999.0  -9999.0  -9999.0  -9999.0  -9999.0  -9999.0  -9999.0  -9999.0  -9999.0  -9999.0  -9999.0  -9999.0  -9999.0  -9999.0  -9999.0  -9999.0  -9999.0  -9999.0  -9999.0  -9999.0  -9999.0  -9999.0  -9999.0  -9999.0  -9999.0  -9999.0  -9999.0  -9999.0  -9999.0  -9999.0  -9999.0  -9999.0  -9999.0  -9999.0  -9999.0  -9999.0  -9999.0  -9999.0  -9999.0  -9999.0  -9999.0  -9999.0  -9999.0  -9999.0
-9999.0  -9999.0  -9999.0  -9999.0  -9999.0  -9999.0  -9999.0  -9999.0  -9999.0  0.585943010486  1.21027586606  2.40509840334  1.23000697049  0.583825036989  1.12072564722  5.38891471327  7.9930819658  0.530005856622  -9999.0  0.596421573158  -9999.0  -9999.0  -9999.0  -9999.0  1.08404935679  0.563842492518  -9999.0  -9999.0  -9999.0  -9999.0  -9999.0  -9999.0  -9999.0  -9999.0  -9999.0  -9999.0  -9999.0  -9999.0  -9999.0  -9999.0  -9999.0  -9999.0  -9999.0  -9999.0  -9999.0  -9999.0  -9999.0  -9999.0  -9999.0  -9999.0  -9999.0  -9999.0  -9999.0  -9999.0  -9999.0  -9999.0  -9999.0  -9999.0  -9999.0  -9999.0  -9999.0  -9999.0  -9999.0  -9999.0  -9999.0  -9999.0  -9999.0  -9999.0  -9999.0  -9999.0  -9999.0  -9999.0  -9999.0  -9999.0  -9999.0  -9999.0  -9999.0  -9999.0  -9999.0  -9999.0
-9999.0  -9999.0  -9999.0  -9999.0  -9999.0  -9999.0  -9999.0  -9999.0  0.792922868044  2.06749564374  2.63725838844  3.21235748212  4.17859529817  0.504763987046  2.09506796625  2.56244192444  11.4530223142  0.4309943304  0.39970479671  1.05838932575  1.50844703842  0.488597664248  -9999.0  2.66319729137  2.19753100988  0.567404729621  -9999.0  -9999.0  -9999.0  -9999.0  -9999.0  -9999.0  -9999.0  -9999.0  -9999.0  -9999.0  -9999.0  -9999.0  -9999.0  -9999.0  -9999.0  -9999.0  -9999.0  -9999.0  -9999.0  -9999.0  -9999.0  -9999.0  -9999.0  -9999.0  -9999.0  -9999.0  -9999.0  -9999.0  -9999.0  -9999.0  -9999.0  -9999.0  -9999.0  -9999.0  -9999.0  -9999.0  -9999.0  -9999.0  -9999.0  -9999.0  -9999.0  -9999.0  -9999.0  -9999.0  -9999.0  -9999.0  -9999.0  -9999.0  -9999.0  -9999.0  -9999.0  -9999.0  -9999.0  -9999.0
-9999.0  -9999.0  -9999.0  -9999.0  -9999.0  -9999.0  0.733055840865  0.623905508026  0.594217307381  0.620769793352  0.648326698255  4.53852458142  9.31179857047  9.88021034786  10.3046921497  0.418503730611  12.3250511691  12.7471953742  0.870147348277  0.459705871471  1.94417057257  3.36219124258  0.476217037053  4.12774579208  0.504022423249  0.501651041272  0.53400495633  -9999.0  -9999.0  -9999.0  -9999.0  -9999.0  -9999.0  -9999.0  -9999.0  -9999.0  -9999.0  -9999.0  -9999.0  -9999.0  -9999.0  -9999.0  -9999.0  -9999.0  -9999.0  -9999.0  -9999.0  -9999.0  -9999.0  -9999.0  -9999.0  -9999.0  -9999.0  -9999.0  -9999.0  -9999.0  -9999.0  -9999.0  -9999.0  -9999.0  -9999.0  -9999.0  -9999.0  -9999.0  -9999.0  -9999.0  -9999.0  -9999.0  -9999.0  -9999.0  -9999.0  -9999.0  -9999.0  -9999.0  -9999.0  -9999.0  -9999.0  -9999.0  -9999.0  -9999.0
-9999.0  -9999.0  -9999.0  -9999.0  -9999.0  -9999.0  1.50276337732  2.20510011094  4.89489001597  6.65943719347  0.515555410716  0.545316199438  0.506463067655  1.52275431845  12.2495348272  0.359659327435  13.1829342959  14.9572230833  1.35139831824  0.830374951493  3.7530554896  0.455448635776  4.56795176938  0.875596130219  0.43754068912  0.913374378517  1.06145985928  0.5532401481  0.569059201379  0.538525968475  0.618400703524  1.23345899723  -9999.0  -9999.0  -9999.0  -9999.0  -9999.0  -9999.0  -9999.0  -9999.0  -9999.0  -9999.0  -9999.0  -9999.0  -9999.0  -9999.0  -9999.0  -9999.0  -9999.0  -9999.0  -9999.0  -9999.0  -9999.0  -9999.0  -9999.0  -9999.0  -9999.0  -9999.0  -9999.0  -9999.0  -9999.0  -9999.0  -9999.0  -9999.0  -9999.0  -9999.0  -9999.0  -9999.0  -9999.0  -9999.0  -9999.0  -9999.0  -9999.0  -9999.0  -9999.0  -9999.0  -9999.0  -9999.0  -9999.0  -9999.0
-9999.0  -9999.0  -9999.0  -9999.0  -9999.0  0.91754154385  1.71658003016  0.791469027581  1.50297830795  7.40422936568  8.59787753069  9.75651377429  34.0748936949  0.544438409118  12.7262729217  51.2123677248  51.5911515819  67.2665239964  0.446496163109  1.20185365223  4.14636723752  0.385221439995  9.63971513547  4.6526981491  2.90364093381  2.44941071754  0.510825699171  1.61927043794  1.62390727333  1.07612339827  0.518894447993  1.7785201059  0.513276476742  0.495921266142  -9999.0  -9999.0  -9999.0  -9999.0  -9999.0  -9999.0  -9999.0  -9999.0  -9999.0  -9999.0  -9999.0  -9999.0  -9999.0  -9999.0  -9999.0  -9999.0  -9999.0  -9999.0  -9999.0  -9999.0  -9999.0  -9999.0  -9999.0  -9999.0  -9999.0  -9999.0  -9999.0  -9999.0  -9999.0  -9999.0  -9999.0  -9999.0  -9999.0  -9999.0  -9999.0  -9999.0  -9999.0  -9999.0  -9999.0  -9999.0  -9999.0  -9999.0  -9999.0  -9999.0  -9999.0  -9999.0
-9999.0  -9999.0  -9999.0  -9999.0  -9999.0  0.937383207681  2.66966020971  5.24326857485  5.9919851019  11.8443989969  12.5036544751  14.6554772373  23.8092902199  35.9701886836  37.1265170083  37.6857947839  0.856626083067  68.8855771822  69.7175085059  71.766712632  87.22681461  10.8874395563  10.0978826775  3.34531149005  0.430682864507  2.94438623725  2.0489395874  0.396321433587  2.07705269131  0.475506824151  0.987162221763  2.75875624814  3.23974600397  0.959447382762  0.469534529978  0.440643042781  -9999.0  -9999.0  -9999.0  -9999.0  0.479816960184  0.448577841087  -9999.0  -9999.0  -9999.0  -9999.0  -9999.0  -9999.0  -9999.0  -9999.0  -9999.0  -9999.0  -9999.0  -9999.0  -9999.0  -9999.0  -9999.0  -9999.0  -9999.0  -9999.0  -9999.0  -9999.0  -9999.0  -9999.0  -9999.0  -9999.0  -9999.0  -9999.0  -9999.0  -9999.0  -9999.0  -9999.0  -9999.0  -9999.0  -9999.0  -9999.0  -9999.0  -9999.0  -9999.0  -9999.0
-9999.0  -9999.0  -9999.0  -9999.0  -9999.0  0.881164747351  0.808335893287  3.54481374397  4.32542757828  5.14862728883  0.742913211188  1.45545539391  8.68280857676  1.53489622152  0.646472742773  0.53953533373  0.443105962901  0.570754979054  0.510589879704  0.510501848053  87.7075626163  88.8925102435  0.384615246169  1.22434426329  0.852982727129  3.34517931213  0.81069450057  0.37591603664  2.54473594619  0.901591951752  2.19906703683  5.52856750126  5.13186565947  1.41906895401  1.35224625681  0.472574119942  0.457594334914  -9999.0  -9999.0  0.443894360953  0.97861747021  2.37124357358  0.476443346552  -9999.0  -9999.0  -9999.0  -9999.0  -9999.0  -9999.0  -9999.0  -9999.0  -9999.0  -9999.0  -9999.0  -9999.0  -9999.0  -9999.0  -9999.0  -9999.0  -9999.0  -9999.0  -9999.0  -9999.0  -9999.0  -9999.0  -9999.0  -9999.0  -9999.0  -9999.0  -9999.0  -9999.0  -9999.0  -9999.0  -9999.0  -9999.0  -9999.0  -9999.0  -9999.0  -9999.0  -9999.0
-9999.0  -9999.0  -9999.0  -9999.0  -9999.0  -9999.0  0.951412945695  0.972960033349  1.75905899915  2.57757658759  5.74413234179  7.27046248993  8.06664220299  0.847316152786  0.53893262777  7.86620494396  9.4657065687  9.92882651243  11.9555965603  12.369770492  0.417064839748  89.3238848426  91.3294698374  1.59092959947  0.265536699563  3.67703155222  8.09122631426  3.27533205807  0.741400074914  0.373344483953  8.49862371792  5.93528420592  0.384694598283  0.380127758986  1.74809733378  1.34639204869  0.407915078052  0.373120730611  0.41764976274  0.845337301583  0.381120837725  2.86845988835  3.22141982325  0.313742770528  -9999.0  -9999.0  -9999.0  -9999.0  0.362495698628  0.328354221366  0.0935410562604  -9999.0  -9999.0  -9999.0  -9999.0  -9999.0  -9999.0  -9999.0  -9999.0  -9999.0  -9999.0  -9999.0  -9999.0  -9999.0  -9999.0  -9999.0  -9999.0  -9999.0  -9999.0  -9999.0  -9999.0  -9999.0  -9999.0  -9999.0  -9999.0  -9999.0  -9999.0  -9999.0  -9999.0  -9999.0
-9999.0  -9999.0  -9999.0  -9999.0  -9999.0  -9999.0  -9999.0  0.909611670174  0.758897355136  1.63346081031  2.46258881374  0.767365258324  0.680843682302  4.32091381884  5.5498385244  6.84005637664  0.581836251022  1.07639495619  0.539103439646  12.826651759  28.4988801774  28.9407777303  121.091165809  0.387811349559  0.743848087763  0.21974255272  8.43382971967  0.366405959676  1.1244332826  0.365174418358  8.8733252569  9.2505764596  0.775707317353  0.755430544808  4.35161071533  2.17805334582  0.788787482065  0.413472787404  0.827972884682  1.24679676829  1.98234279145  0.342929928181  3.82350997439  4.09789088195  0.232489032481  0.26094232484  0.2689129974  0.228702836259  0.207217573632  0.93820117289  0.341378860562  0.209363962367  -9999.0  -9999.0  -9999.0  -9999.0  -9999.0  -9999.0  -9999.0  -9999.0  -9999.0  -9999.0  -9999.0  -9999.0  -9999.0  -9999.0  -9999.0  -9999.0  -9999.0  -9999.0  -9999.0  -9999.0  -9999.0  -9999.0  -9999.0  -9999.0  -9999.0  -9999.0  -9999.0  -9999.0
-9999.0  -9999.0  -9999.0  -9999.0  -9999.0  -9999.0  -9999.0  -9999.0  1.65857776508  2.34068561105  0.760191737895  1.58126562113  2.30050392338  3.75351659115  0.701622260083  0.65310574941  0.500546520371  0.505661765804  0.421149636997  14.719357221  0.560365020022  1.064416918  122.599506048  123.337122408  0.243308696237  1.24201288994  9.96555627364  0.704260028288  1.43024195874  0.635612586532  0.935860575038  10.6526561159  1.09567539861  6.11747640812  5.05932623041  0.370537188288  1.93816696706  0.790250760896  1.17554227083  0.340022497182  2.3025971176  2.92401160181  3.14424233172  3.34634050591  4.94998675661  0.434766134187  0.455838652382  0.394179129415  0.353887516674  1.12312340862  0.201181676345  0.759826307711  0.935258809499  -9999.0  -9999.0  -9999.0  -9999.0  -9999.0  -9999.0  -9999.0  -9999.0  -9999.0  -9999.0  -9999.0  -9999.0  -9999.0  -9999.0  -9999.0  -9999.0  -9999.0  -9999.0  -9999.0  -9999.0  -9999.0  -9999.0  -9999.0  -9999.0  -9999.0  -9999.0  -9999.0
-9999.0  -9999.0  -9999.0  -9999.0  -9999.0  -9999.0  -9999.0  -9999.0  0.88179616247  4.07334536438  4.79587105458  0.719847985869  1.38205450589  0.658193961352  0.558566427987  0.545448163513  7.33416027447  9.71478808361  11.8793992186  14.2277491764  0.546878200348  0.526892587572  0.428587898811  125.457277174  126.28815501  126.532748117  13.0547291619  2.79442868066  2.45090232245  0.274965734028  1.20892164922  12.1541185673  0.286850624249  6.41385971683  0.340019347657  2.52482056314  2.32744834639  0.365547736481  1.52271926951  0.681978026966  1.00657406682  0.270163541913  0.195594636122  3.54434952589  3.71592819348  5.12090109057  0.640561072575  0.565114060606  0.513231824979  1.34482021935  1.7553023204  0.204819755936  1.12711594178  0.212320589512  0.390529944253  0.18633392055  -9999.0  -9999.0  -9999.0  -9999.0  -9999.0  -9999.0  -9999.0  -9999.0  -9999.0  -9999.0  -9999.0  -9999.0  -9999.0  -9999.0  -9999.0  -9999.0  -9999.0  -9999.0  -9999.0  -9999.0  -9999.0  -9999.0  -9999.0  -9999.0
-9999.0  -9999.0  -9999.0  -9999.0  -9999.0  -9999.0  -9999.0  -9999.0  -9999.0  0.933748768916  5.60841732393  6.30544064098  2.05248798187  3.38721468146  4.5498474174  5.16123519363  0.6426285185  1.8634076837  1.23949922883  0.673873571658  0.623729062889  0.512663033497  0.991488463661  1.63379108458  0.446755062512  140.315115124  140.565351528  0.217976009129  0.194365771896  0.558376420823  0.834312556254  12.9877086774  0.557791640754  6.65168707239  3.73854068758  3.12667529059  0.325048234611  0.675456455424  1.812039217  0.289494457284  1.27741483908  0.537441880086  0.304919446837  0.125474112444  4.1268757327  9.37593867335  0.752757073762  0.680356936466  0.666125292209  0.160466066564  1.91307268971  0.15175643021  1.48607905501  0.174621662198  0.565562308271  0.856818785468  0.0802776422737  0.0825167244395  0.100930907105  0.110230724467  0.0682348859519  -9999.0  -9999.0  0.0362547443326  0.0131451786526  -9999.0  -9999.0  -9999.0  -9999.0  -9999.0  -9999.0  -9999.0  -9999.0  -9999.0  -9999.0  -9999.0  -9999.0  -9999.0  -9999.0  -9999.0
-9999.0  -9999.0  -9999.0  -9999.0  -9999.0  -9999.0  -9999.0  -9999.0  -9999.0  -9999.0  0.731014247763  7.80065375932  0.666621676923  1.35372538354  1.91641961211  2.98884055964  0.547806077992  1.19129245726  0.571390431166  0.498180015112  0.457099901177  0.897660030204  0.37759282272  0.385588906743  0.679307644369  0.371037777857  140.872335088  141.340218006  142.041572228  1.08829908505  0.282004167732  0.562212173885  13.2901085055  11.7638563715  4.36309586507  0.305163281637  1.30305766658  0.98538386011  2.10255248505  0.576952237107  2.37231768466  0.81243606811  0.49816723295  0.0817283606788  0.139709209522  9.57111514613  9.72922952622  11.2878687976  1.179434853  0.335963744676  2.089314479  2.4126243216  4.04457035911  0.34373021954  0.154053809755  0.957336948898  1.11617955149  0.0787384671324  0.148467984667  0.277370707427  0.133892233344  0.0659040473173  0.0626165960475  0.0663303044873  0.0265054325734  0.0133873297774  -9999.0  -9999.0  -9999.0  -9999.0  -9999.0  -9999.0  -9999.0  -9999.0  -9999.0  -9999.0  -9999.0  -9999.0  -9999.0  -9999.0
-9999.0  -9999.0  -9999.0  -9999.0  -9999.0  -9999.0  -9999.0  -9999.0  -9999.0  -9999.0  -9999.0  0.43911393781  8.68991303762  0.635787369081  1.18711128999  5.23943488441  0.546940728015  0.531930779246  0.430953525714  0.968057199317  0.487779325519  1.86323926063  2.62114238522  2.94604738684  0.9424087598  1.12276636372  0.217556847089  0.321722865732  0.305975634213  143.6923966  144.454004828  13.5223744597  12.2525373016  12.0121241699  0.488182101488  0.232303985827  1.56541908767  4.19265710331  2.36541800542  0.834028067114  3.45546283608  1.0054353834  0.776386096337  0.151576709433  0.0537693345635  0.0501697572209  0.0661464005584  11.7085617547  13.3628326388  0.157606377122  0.138219265989  0.158539099969  4.19683234101  4.68009809712  0.265003764911  0.0954376551014  1.15561092673  0.104605950333  0.280069668407  0.603967351823  0.791213460935  0.915762229683  0.23102691582  0.118302144468  0.0530694361195  0.0273721643743  0.0462056025893  -9999.0  -9999.0  -9999.0  -9999.0  -9999.0  -9999.0  -9999.0  -9999.0  -9999.0  -9999.0  -9999.0  -9999.0  -9999.0
-9999.0  -9999.0  -9999.0  -9999.0  -9999.0  -9999.0  -9999.0  -9999.0  -9999.0  -9999.0  -9999.0  0.384191630504  9.56205506678  11.6124209638  0.564582078689  6.34091659583  0.474737910774  0.43491950956  0.888587501817  2.33392082737  0.453911501377  0.501253223098  0.371159819109  3.6692985232  4.00444778512  5.50410487435  5.99124240996  6.25238597526  6.46806478876  6.68180688058  151.382945359  165.30644784  177.927992015  178.101572437  0.176699291782  0.22956615739  4.72174827906  4.45957648354  0.256191636757  0.25561335813  3.73721987054  4.99909516395  0.184200894506  2.08438662338  1.95017350974  0.350867564641  0.161125949803  0.294154989701  0.18607909699  13.6437239702  0.143253013836  0.423231272422  0.522469653357  5.51635114163  5.83269136699  6.00299759215  7.19073533629  0.032607543183  0.023760051002  0.0207371069159  0.0203546074726  0.982710256508  1.26611085218  0.0582042333084  0.128140916972  0.0466187601265  0.0849454256285  0.0120272534173  0.00767182370757  -9999.0  -9999.0  -9999.0  -9999.0  -9999.0  -9999.0  -9999.0  -9999.0  -9999.0  -9999.0  -9999.0
-9999.0  -9999.0  -9999.0  -9999.0  -9999.0  -9999.0  -9999.0  -9999.0  -9999.0  -9999.0  -9999.0  0.793879816866  1.48503150519  12.2701663374  13.2866661783  0.516139068474  7.29510043847  0.371215299603  1.17343232446  2.73619486445  0.857545716624  0.399670238047  0.840249359477  0.29564731369  0.57209710575  0.284606824599  0.248844432696  0.18912348513  0.169698753104  0.133830902519  0.11076849483  0.170770157845  0.225289327283  0.260837512321  178.696854953  5.35671560598  4.95843406069  0.110447164467  0.708141883284  0.163617799869  0.149186017812  5.21771456139  7.96569186924  2.33669334047  1.82521866953  0.229694589573  0.0824338531814  0.0667554897236  0.188067160367  13.9751829051  14.2334024437  0.13724701236  0.140601315639  0.113070193666  0.0605039316822  0.103523163141  7.33387623745  7.39497767717  7.44558100686  0.0574890800235  0.0237175669893  0.0212334910197  1.29348729192  1.37764481275  0.150607219184  0.0371172456453  0.121162819984  0.0292817520763  0.014387691959  -9999.0  -9999.0  -9999.0  -9999.0  -9999.0  -9999.0  -9999.0  -9999.0  -9999.0  -9999.0  -9999.0
-9999.0  -9999.0  -9999.0  -9999.0  -9999.0  -9999.0  -9999.0  -9999.0  -9999.0  -9999.0  -9999.0  -9999.0  0.574174838946  9.14945184478  23.0064678113  24.8121342997  32.5725428181  33.0390171686  6.01858804236  4.42248455124  1.268808948  0.38853594955  1.59724662065  1.9505955317  2.8191018258  0.594247458816  0.521062514957  0.470781377664  0.907729760215  0.392724238044  0.352491050419  0.192984484833  0.095340415691  0.0894287067727  178.861104838  184.356174871  184.544538542  0.108273619612  1.72140285128  0.783604577682  0.240604094956  8.75442472602  0.574462406343  0.304065124892  1.26735882357  0.231869830858  0.151830349026  0.274427274519  0.380139148836  0.50661512448  14.4379460825  0.0947143324098  0.0790312224985  0.0791397444494  0.0552737754096  0.0378172049914  0.0972968275113  0.105681015679  7.60572287441  7.82393059067  0.125760337805  0.0655847733917  0.0341030725174  0.0201083796817  1.60802493383  2.07439613334  0.381593982737  0.130456305491  0.0549526306003  -9999.0  -9999.0  -9999.0  -9999.0  -9999.0  -9999.0  -9999.0  -9999.0  -9999.0  -9999.0  -9999.0
-9999.0  -9999.0  -9999.0  -9999.0  -9999.0  -9999.0  -9999.0  -9999.0  -9999.0  -9999.0  -9999.0  0.70436572139  7.04275640538  8.518804568  1.26336499028  0.42558416793  0.871100254823  34.365531424  34.7687129285  41.2382427608  0.334722746843  0.71717609989  0.290627118091  0.297456871917  3.10743931634  3.98851615684  4.75686647639  0.240231092304  1.14514722721  1.76817086655  0.978504081896  0.413666127577  0.257789984735  0.190215792086  0.176922350843  0.0793867595009  184.664076937  184.747714172  186.639819819  0.370169297212  0.20261057429  8.99972029697  0.60915152713  0.321788492391  0.366728506896  0.362909236237  0.288523979597  0.461483616308  1.26765271883  1.91559894012  16.4515801065  0.0672899014969  0.203317600432  0.138513117829  0.108522610538  0.0551530638777  0.0484331864512  0.0395753920671  0.0107857640846  7.84124485525  0.00984825591411  0.0400368051873  0.0173549133155  0.0147019295826  0.0310045672891  2.12222220312  0.0784187153325  0.0194551909943  0.0235064574447  0.00956108102071  -9999.0  -9999.0  -9999.0  -9999.0  -9999.0  -9999.0  -9999.0  -9999.0  -9999.0  -9999.0
-9999.0  -9999.0  -9999.0  -9999.0  -9999.0  -9999.0  -9999.0  -9999.0  -9999.0  -9999.0  -9999.0  0.733770974479  5.09420348735  0.773019227378  0.594920591121  3.43350534488  3.92880890231  4.41342170052  4.81446483663  56.2937677235  56.699805279  57.4566038721  63.0271307922  63.9368955127  64.4102252028  64.7141771949  70.0035697945  70.6602776165  70.9189340384  72.9819231173  74.2425327439  74.4664582671  75.1131485774  0.390761726166  0.295844565222  0.0429364188775  0.0402015843654  184.847374904  187.215131685  0.497956121464  10.5565422043  10.3666288805  1.10051602894  0.251715096938  0.251774020208  0.237410383735  0.23941920376  0.4825198661  0.665231278797  0.168544485198  16.5438840848  16.6444980882  17.0689284712  17.1471728785  17.3277535969  17.4492760587  0.0491052532316  0.0486319470418  0.0276341872524  7.8662096959  7.8932203584  7.95260336836  8.00548667099  0.0232764958738  2.30969225581  2.23482660811  0.055271360238  0.981074200225  0.96188849599  0.034259953486  0.0232500558032  -9999.0  -9999.0  -9999.0  -9999.0  -9999.0  -9999.0  -9999.0  -9999.0  -9999.0
-9999.0  -9999.0  -9999.0  -9999.0  -9999.0  -9999.0  -9999.0  -9999.0  -9999.0  -9999.0  -9999.0  2.70329077165  3.55122740737  1.57174383401  2.28497157944  0.69673007748  7.86619091088  8.39517928873  9.43292011837  9.82294498906  3.26128929265  61.3557955739  61.7091670972  0.294299316117  0.16997468587  0.147449389526  0.336418233996  0.158400870553  0.101041581232  0.0889254343185  0.10170365557  74.6564393664  75.3179245195  75.9558753069  76.4484265535  76.610880639  0.059301368494  0.01757639134  198.13176641  10.8426717316  10.762978436  0.213278405  0.187721636146  0.164122781382  0.417316509385  0.403385518026  0.177472275428  0.179900665718  0.159003741339  0.321959595423  0.407400374996  0.0747131895771  0.125058500353  0.0388399516494  0.0131675015247  17.4702819146  17.5524747285  17.6481302782  17.7292612927  17.7729389434  17.8084184815  17.8212291575  0.0120899658376  8.08451897322  0.057460128807  3.41443981953  1.05835083669  0.0848177344372  0.917799384079  0.816687742165  0.0304260902802  -9999.0  -9999.0  -9999.0  -9999.0  -9999.0  -9999.0  -9999.0  -9999.0  -9999.0
-9999.0  -9999.0  -9999.0  -9999.0  -9999.0  -9999.0  -9999.0  -9999.0  -9999.0  -9999.0  -9999.0  -9999.0  1.83396388057  0.826105270554  0.69281815507  6.79836263917  7.36915095275  0.568930601294  2.11205682847  2.58377365953  2.95666059836  0.443340398851  0.26047127699  8.58323941838  8.77595380051  8.95490521162  22.4130046327  22.5323537963  22.720686656  23.983566743  24.5057543141  24.5757096637  0.0742400930373  0.0822595411157  0.0857209893883  76.7359594431  0.0413709643038  199.593282199  199.511089416  1.31253036327  1.20523676706  0.774551506899  0.191661179889  0.3260923709  0.584279538615  0.571640789245  0.339807973755  0.168815218973  0.324071128458  0.312474974448  0.534861582665  0.064328668947  0.177480283715  0.289048034903  0.317674932711  0.334317711024  0.0141111717799  0.0143017138912  0.013316985538  0.013710226429  0.0182712679518  17.8500159928  17.8936563108  25.9899180057  26.0096929148  3.7699128721  0.309255907537  0.212995082758  0.0551517655141  0.764924859134  0.740123986154  -9999.0  -9999.0  -9999.0  -9999.0  -9999.0  -9999.0  -9999.0  -9999.0  -9999.0
-9999.0  -9999.0  -9999.0  -9999.0  -9999.0  -9999.0  -9999.0  -9999.0  -9999.0  -9999.0  -9999.0  -9999.0  0.961802111635  2.54603310965  3.28018320488  5.44465758192  0.551912441312  1.14198611458  1.65478373654  6.80237216333  7.17510140376  7.43101821258  7.73498638895  8.10289551003  11.8747187561  12.8530125065  13.3313602081  0.170403432275  1.03636890584  1.19030206708  24.2603193736  24.6916539126  24.9063730161  25.1305084842  25.2709770244  102.074943671  0.167482934631  199.951161102  0.107477864972  0.0468309699718  1.01195485722  0.906426509817  0.100567842117  0.465306896243  0.724910441835  0.708963843519  0.461891844227  0.752733199706  1.18422969618  0.431994794896  1.0750465445  0.0704297677462  0.086302524821  0.00909639051851  0.00678089195013  0.357908822321  0.364206094545  0.022459512785  0.0223734570316  0.0347836196203  0.0117145514821  0.0139501700611  0.0239388111066  32.9049349033  32.8859781843  6.82512219643  0.0702378514074  0.53877674357  0.432368806176  0.28297986703  0.724944731086  0.544207171598  -9999.0  -9999.0  -9999.0  -9999.0  -9999.0  -9999.0  -9999.0  -9999.0
-9999.0  -9999.0  -9999.0  -9999.0  -9999.0  -9999.0  -9999.0  -9999.0  -9999.0  -9999.0  -9999.0  -9999.0  0.868701114914  1.70822435582  0.736460833337  1.47449788647  0.562535706246  4.7749213382  5.79139436492  6.33337544429  0.45233387634  0.846471773782  9.43059030654  11.3224686248  11.6035489549  0.667922471037  0.576699968  0.808892109397  0.117239383216  0.0960224920948  0.171538542627  0.0780682904019  14.993541638  15.0805574764  15.1394676396  102.241033759  200.590667435  199.99189488  0.0641014410034  0.0381201734875  0.0314042086802  0.160176330644  0.138203221876  0.530532136654  0.826928976225  1.67745722102  0.138890525169  0.137130978049  1.28203421068  1.38465200907  2.64275454214  2.6849616455  2.78155890805  2.7984868732  0.0157214963681  0.0238871929781  0.382130287021  33.7318715723  33.3161283925  33.2706105909  33.1815263502  0.0158996841527  33.0533344476  0.0358057906596  0.0306680566672  2.96998037962  0.832334149503  0.806866843883  0.153123777737  0.175064360989  0.130335405963  0.513013504109  -9999.0  -9999.0  -9999.0  -9999.0  -9999.0  -9999.0  -9999.0  -9999.0
-9999.0  -9999.0  -9999.0  -9999.0  -9999.0  -9999.0  -9999.0  -9999.0  -9999.0  -9999.0  -9999.0  -9999.0  -9999.0  0.749199205498  1.51729318501  2.30849662841  3.55121258051  0.663390496095  0.538875091799  4.26999120531  4.71824625974  8.69250162061  9.16898545286  1.27064027846  0.384396602531  0.316348827148  0.265120444365  14.4102224354  14.5491935759  14.6726699758  14.7573796005  14.9158319609  1.31419695667  1.38028018067  16.5760812711  319.482844691  0.393687408757  0.279760944098  0.115603099833  0.0351019476508  0.0239581543104  0.217738804095  0.231645566233  0.566707648464  0.0177827522306  1.70680399277  0.197438874803  0.190277864825  0.0160827725507  0.00894356563617  0.00773806245721  0.0151520870258  0.00821745855525  2.80717927404  38.179576469  35.3308511075  35.2276166976  33.7589834173  0.0120989600223  0.0253121648163  0.0217510349278  33.0891011956  0.0663381673966  0.0262371112912  0.0399414245962  0.0384229361848  2.08106735521  2.01017766283  0.275356756559  0.143643163602  0.200291876916  0.200019425332  -9999.0  -9999.0  -9999.0  -9999.0  -9999.0  -9999.0  -9999.0  -9999.0
-9999.0  -9999.0  -9999.0  -9999.0  -9999.0  -9999.0  -9999.0  -9999.0  -9999.0  -9999.0  -9999.0  -9999.0  -9999.0  -9999.0  0.71904868433  1.42686849523  2.04573730157  2.65626489775  3.1979860165  3.77359052715  1.56813937514  2.6349077708  0.452184207235  0.416253678113  12.7671975025  13.5240121479  13.8431965722  14.1975079161  0.202595546634  0.338348177884  0.948860811154  1.08551554655  1.20352613211  0.0947565199401  0.0702068663859  319.78889449  0.106668118863  0.124178760346  0.0664256245466  0.156808203846  0.0668220339774  0.0445109586828  0.831614964754  0.873783841286  0.0187584151562  1.73244836664  1.94156873499  0.205767412504  38.8678240489  38.8401031717  38.8196589991  38.7631380811  38.7326046343  38.2977960875  38.2615314753  0.08087867627  1.44700289317  1.38600411614  1.33088341737  1.31970353712  0.863748589273  0.853132142096  0.825206711902  0.285363445701  0.268582749505  0.187141226631  0.0444898167316  1.92993432993  1.66882749327  0.125528137519  0.243037443748  0.103932944028  -9999.0  -9999.0  -9999.0  -9999.0  -9999.0  -9999.0  -9999.0  -9999.0
-9999.0  -9999.0  -9999.0  -9999.0  -9999.0  -9999.0  -9999.0  -9999.0  -9999.0  -9999.0  -9999.0  -9999.0  -9999.0  -9999.0  0.202765929095  0.437831976705  0.632661127791  6.57524623973  7.1245870615  0.573125621084  0.527511293138  0.527097808251  11.0450787188  12.0088137492  0.438207610992  0.443168130018  0.28662630418  1.23058287088  1.52196354434  0.637998721969  0.796504820918  7.94750065668  8.11490008879  8.46639370025  12.748403681  332.651390079  0.135599819854  0.0523886108788  0.253157167314  0.200170528178  0.0351024262743  0.11949162615  0.156372941338  0.913380271883  0.945482423067  2.93782100785  1.95116112054  0.21613297015  39.4416336145  0.229055168662  38.8002497603  38.7832999565  0.407198775917  0.0247095252336  0.0203663604375  0.0117739176983  0.0235309362929  0.0467020950888  0.0224457473055  0.446195227347  0.37824992044  0.0207784201393  0.529018235652  0.0749130903088  0.0542155387754  0.144771471576  0.0697585786277  0.20416322581  1.2953041253  1.09561222624  0.097225849807  0.141201117937  0.0711180107758  -9999.0  -9999.0  -9999.0  -9999.0  -9999.0  -9999.0  -9999.0
-9999.0  -9999.0  -9999.0  -9999.0  -9999.0  -9999.0  -9999.0  -9999.0  -9999.0  -9999.0  -9999.0  -9999.0  -9999.0  -9999.0  1.01361668422  1.66483838547  3.33766998755  5.94008198762  7.72672086976  9.07119876795  9.59037119808  10.1348619768  10.6375573513  0.456384183303  0.363602071453  0.69778569634  0.614644824685  0.328866238754  7.10909019286  7.38644109333  7.63121944389  7.85928686644  3.78160350675  3.90979267793  4.16389491258  332.751563674  0.25969653963  0.218814962895  0.517103144434  0.0430065342607  0.0963142674507  0.0571609630679  0.0332342920544  0.198783195231  0.0236888602472  0.0250233518253  42.5319468729  39.5750014631  39.5477889184  0.112533314837  0.217283151328  0.12907133762  0.0196411121091  0.333382090204  0.0642603388151  0.055049302767  0.043530099585  0.0319392072429  0.0193661377317  0.0528613356029  0.361873416636  0.303035510704  0.247841561985  0.431170415412  0.415871641221  0.404410955772  0.0328389789959  0.0933610232263  0.0958676266575  0.78529212212  0.612253933893  0.366194586261  0.0545030951352  -9999.0  -9999.0  -9999.0  -9999.0  -9999.0  -9999.0  -9999.0
-9999.0  -9999.0  -9999.0  -9999.0  -9999.0  -9999.0  -9999.0  -9999.0  -9999.0  -9999.0  -9999.0  -9999.0  -9999.0  -9999.0  0.707432847857  0.679855611183  1.34242665809  2.00263470836  0.725606084902  0.755957875075  1.31650315199  1.84809956107  2.77713504047  3.23704837225  3.59612040994  4.67537167877  4.98045229612  5.33368023218  0.292059144251  3.13700274523  3.35103988325  3.52899087149  0.115217592232  0.0426578875531  0.0815523136771  336.893420724  336.985614196  337.426417315  0.666255836982  0.103188653997  0.154349597457  0.0422007918835  0.0592197663533  0.2287057493  0.274203429083  0.0446014461912  42.6538636886  0.0436290384473  0.0589406373987  0.0639809510003  0.0526394473925  0.0889294847851  0.0357841809583  0.258740491944  0.178085502252  0.120350225191  0.058967995545  0.0424088705568  0.0246338845588  0.0323774278822  0.0387285492991  0.0395958152661  0.23005848791  0.176866959085  0.126721510582  0.0735876265578  0.386507732866  0.310440248625  0.0958047390924  0.112183862242  0.0850737249239  0.180413977977  0.0786168050937  -9999.0  -9999.0  -9999.0  -9999.0  -9999.0  -9999.0  -9999.0
-9999.0  -9999.0  -9999.0  -9999.0  -9999.0  -9999.0  -9999.0  -9999.0  -9999.0  -9999.0  -9999.0  -9999.0  -9999.0  -9999.0  -9999.0  0.655863972015  1.27834796394  0.597334940278  1.2314456263  7.47099428844  7.96569655898  8.44965889094  0.465647239534  0.466384166732  0.823362356217  1.19463507318  1.77749868562  2.08796669276  2.3139207675  2.57547192519  0.192508545508  0.149670727392  3.73018169297  3.80475015798  3.87187231082  3.95739373247  3.212713864  340.993253441  342.123359948  342.170575308  342.358915509  342.541542982  342.625421117  0.0204035231639  0.295277846288  42.6734709012  0.0385776920183  0.0198743457215  0.0351043391951  0.0399211775764  0.0642743077197  0.0454907479805  0.0277680883979  0.0499943025375  0.038833033219  0.0468742681938  0.0181360719459  0.0114769438286  0.0453686390669  0.0337383337313  0.0188119890304  0.0181441344553  0.0223457870828  0.0251511206506  0.0296992358105  0.0437383667064  0.0532325277271  0.151566152392  0.0351813553095  0.165347241445  0.0689694342832  0.0611674894197  -9999.0  -9999.0  -9999.0  -9999.0  -9999.0  -9999.0  -9999.0  -9999.0
-9999.0  -9999.0  -9999.0  -9999.0  -9999.0  -9999.0  -9999.0  -9999.0  -9999.0  -9999.0  -9999.0  -9999.0  -9999.0  -9999.0  -9999.0  -9999.0  1.89259801839  2.49254470775  4.33080995741  5.63817537491  0.654382059938  9.71954541745  10.1676386843  10.5703288056  0.377241461719  0.729035653878  0.287321248624  2.36055978506  2.51901415553  2.78923210485  3.04862765213  3.55291629243  3.66297876805  0.0665421491103  2.85502616593  3.03214750695  3.13310288298  3.47137537124  0.38040546793  0.219785013435  0.105135554483  0.0934445694896  342.743703535  342.777200585  343.226455614  42.6916275971  0.132076248154  0.0784814460537  0.0545885341943  0.0149029109343  0.163037970995  0.0789992913953  0.0239884218713  0.137254132275  0.117972444873  0.0172401452109  0.0890721656754  0.0815050892531  0.0595468153459  0.012011357249  0.0353820540738  0.0272567838446  0.0098436986809  0.0308034321887  0.0208686886373  0.0345522439371  0.0324803443972  0.0173599108231  0.0538613288351  0.717298983281  0.455727581019  0.29581269253  0.137679954154  -9999.0  -9999.0  -9999.0  -9999.0  -9999.0  -9999.0  -9999.0
-9999.0  -9999.0  -9999.0  -9999.0  -9999.0  -9999.0  -9999.0  -9999.0  -9999.0  -9999.0  -9999.0  -9999.0  -9999.0  -9999.0  -9999.0  -9999.0  0.636104929475  3.12047611405  3.76696495248  0.684241066109  0.527509682815  1.09769004878  1.56726944256  12.5644092702  0.36929889223  1.49653733722  1.80355405209  2.10343920391  0.192234206242  0.415487334332  0.502242819982  2.29532510551  2.50439278249  2.60391704591  0.10003437049  0.0758961740829  0.0809070540115  0.152033581532  0.0596456746553  0.0590092131969  0.0476889146125  0.0518778915254  0.032899291161  0.130756437192  343.265336055  386.042607165  0.20016627501  0.0492608538011  0.0208797782781  0.495787555485  0.462366161263  0.271454139891  0.241913151278  0.176515610812  0.048832500798  0.02951723822  0.0966156386172  0.0407527745032  0.0322472195192  0.00954804377729  0.0496363519323  0.103364950709  0.0764285109268  0.0469376740827  0.0198708834974  0.0957741360007  0.0710048839658  0.0381013476878  0.875918634765  0.861789299585  0.0830529176767  0.0741531019251  0.0678949641943  0.0611826365263  -9999.0  -9999.0  -9999.0  -9999.0  -9999.0  -9999.0
-9999.0  -9999.0  -9999.0  -9999.0  -9999.0  -9999.0  -9999.0  -9999.0  -9999.0  -9999.0  -9999.0  -9999.0  -9999.0  -9999.0  -9999.0  0.568680037439  1.76538203124  0.568306746936  0.670324478214  0.634662474006  1.18353714611  1.71735403238  2.18570919176  15.2274269981  15.5741673392  0.363223197608  0.672520170559  0.98736883933  1.18432170344  1.39077892266  1.99189025463  2.20279536455  0.0912958802565  0.0858700487603  0.0397673329533  0.0387501119023  0.0715659263072  0.0917026560032  0.0874089680565  0.105641931728  0.234668843229  0.0945528566917  0.0458212292552  0.0453363195717  0.0298215601571  0.0534300451222  388.109986428  1.83341470658  0.666343035786  0.116353504716  0.0611554768765  0.0275166261654  0.0767938575611  0.0457538887715  0.0211013284353  0.0208174534806  0.136715896407  0.189430133346  0.205003176534  0.00690687379053  0.187563809554  0.126785226526  0.0139189273506  0.0109734982465  0.0332905113526  0.246576346365  0.113758115503  0.0665429003357  0.910701294793  0.0415789076129  0.0497927554147  0.268107773234  0.136909137233  0.246957234237  0.117107672512  -9999.0  -9999.0  -9999.0  -9999.0  -9999.0
-9999.0  -9999.0  -9999.0  -9999.0  -9999.0  -9999.0  -9999.0  -9999.0  -9999.0  -9999.0  -9999.0  -9999.0  -9999.0  -9999.0  0.600223878771  1.15649483703  4.03398982577  0.53359825839  1.27121970186  1.86551682605  2.37597114517  0.555831543809  0.985180500705  1.47678114731  17.4746435183  0.32987713188  0.607362495813  0.89496141629  0.25299922162  0.493301284328  0.576535405653  0.744788487197  27.0632052392  27.2466867188  27.3997451042  28.1800386351  28.3237129655  28.7875021694  0.164704082173  0.348677937727  0.282798463077  30.1274843135  30.1997702535  0.0400928180406  0.0583501201625  0.0761274601209  388.148348643  1.76128412949  0.820323210475  0.731048970988  0.612976466215  0.533076552415  0.100683635819  0.0277300149518  0.042129969528  0.0182958920578  0.0199523008664  0.032430431814  0.218245192425  0.428756367853  0.202945556144  0.0370766192803  0.0256396396159  0.0196985314264  0.388501438675  0.326056431615  0.0484943628602  1.07954371595  0.95310511387  0.0794521705927  0.500716732959  0.320234767277  0.373695949149  0.319922052099  0.0688440228063  -9999.0  -9999.0  -9999.0  -9999.0  -9999.0
-9999.0  -9999.0  -9999.0  -9999.0  -9999.0  -9999.0  -9999.0  -9999.0  -9999.0  -9999.0  -9999.0  -9999.0  -9999.0  -9999.0  0.614362878678  1.85773420636  6.49918390221  9.64201322497  0.475109362763  12.4543531287  15.3355126797  0.492060862202  0.910547822085  1.38850276628  21.4183589247  21.7839509889  0.228120467581  1.35910888283  1.56515445503  1.747050548  25.7163403689  26.038027183  26.2488390088  0.101677277279  0.560031202989  0.663985045841  0.234067003384  0.321734023895  29.2321891603  29.7072429337  29.765912034  29.8190859985  30.2503272908  0.0242505471548  0.0210435682389  0.115504005027  388.195701869  0.172029649953  0.0200512462266  0.0504012560225  0.0190497564537  0.44852049187  0.412945494884  0.255760696023  0.168315589426  0.0604010786412  0.0217970454576  0.0458218706959  0.00837728774133  0.436494379466  0.0561844195223  0.0458197284753  0.00775384582135  0.0284673736686  0.403049441247  0.00909465374896  0.007069391838  1.08975403198  0.0232037809709  0.580604167659  0.547292190951  0.518139179928  0.477451978963  0.049633241996  0.187984803131  0.0602846386173  -9999.0  -9999.0  -9999.0  -9999.0
-9999.0  -9999.0  -9999.0  -9999.0  -9999.0  -9999.0  -9999.0  -9999.0  -9999.0  -9999.0  -9999.0  -9999.0  -9999.0  -9999.0  -9999.0  -9999.0  1.29249943376  2.59309181694  11.3683170724  11.9719601432  15.8618716661  16.3804813645  0.47198991712  0.944791355747  2.13842727332  22.1689773438  22.7098461035  22.8895304993  0.132883596799  23.5304115449  23.8608011838  0.212974157742  0.103971865989  0.190561861418  0.368093674929  0.0885630326363  0.165374000226  0.32922538272  0.399688864558  0.0790913327688  0.0443800258973  0.0834537338111  30.6147207217  30.7170994315  30.7349231447  30.9141332117  388.234403188  0.158554668015  0.0117707175456  0.0106650514706  0.00995868306299  0.0104688109361  0.00810407378633  0.0144013677641  0.0352271242377  0.0643716710944  0.0277828798642  0.0236629836505  0.0822886991761  0.540359540606  0.610181315413  0.623710461835  0.670009840352  0.00891791974465  0.412230675356  0.0299464771275  0.0114955292678  1.10042217145  1.1342161728  0.605974132235  0.64639798128  0.586083290073  0.350792567805  0.30442500603  0.254155237407  -9999.0  -9999.0  -9999.0  -9999.0  -9999.0
-9999.0  -9999.0  -9999.0  -9999.0  -9999.0  -9999.0  -9999.0  -9999.0  -9999.0  -9999.0  -9999.0  -9999.0  -9999.0  -9999.0  -9999.0  -9999.0  0.674148131675  0.657167218209  0.626929630245  1.18381957895  0.504146668651  17.3925588532  17.8572929907  0.42899875303  0.81950813364  0.358543269049  0.257149390092  0.242811597757  23.2708637266  0.104182513904  0.218968457657  0.124591975411  0.106151054396  0.0895799108261  0.0605828160019  0.064708168396  0.200441941224  0.280261021364  0.0473225466891  0.039443975193  0.0893268617638  0.158491120921  0.205915311842  0.0557018942321  30.7755269267  30.933778044  388.267510995  0.263531328339  0.0230138222773  0.00455018575393  0.0131410322586  0.0033154042394  0.00225765511463  0.0170405976447  0.164268640786  0.0880909144324  0.015550558487  0.0132706383258  0.023791721745  0.00916530072824  0.00873365057556  0.0116908097545  0.0134442747598  1.17114568393  0.451839307481  0.00898664197334  0.0139437157468  0.00641997974595  2.98875422766  1.84640456979  1.83250279387  0.621428160336  0.451600733376  0.0416520126906  -9999.0  -9999.0  -9999.0  -9999.0  -9999.0  -9999.0
-9999.0  -9999.0  -9999.0  -9999.0  -9999.0  -9999.0  -9999.0  -9999.0  -9999.0  -9999.0  -9999.0  -9999.0  -9999.0  -9999.0  -9999.0  -9999.0  -9999.0  -9999.0  0.646005166875  1.76278145135  2.25267799366  2.74911714368  18.3424203889  18.831689284  19.2786833663  19.6928604614  19.9237242392  20.417678957  20.5174620636  20.6083827849  20.6814936281  0.085160259322  0.0755004500164  0.0836660527012  0.280139783152  0.0775406405403  0.0713343953683  0.0485473908729  0.139930892173  0.0602565397696  0.04160725314  0.0373630385543  0.0303117875447  0.0604533115642  0.0880751406598  31.1155790089  419.676170975  0.078894596444  0.11774256671  0.00301831394943  0.0178836145191  0.0123292152966  0.00454933467446  0.319071586818  0.281409018386  0.0676045394224  0.0284626168059  0.0499119643564  0.0137017295742  0.0299886220326  0.0161275132659  0.0310542932736  0.0113861343243  0.0165437714347  1.1833068045  1.21648647056  3.4321054948  3.41592663375  3.40428511811  0.0137887866104  0.529616920897  0.513454487944  0.0467060050724  -9999.0  -9999.0  -9999.0  -9999.0  -9999.0  -9999.0  -9999.0
-9999.0  -9999.0  -9999.0  -9999.0  -9999.0  -9999.0  -9999.0  -9999.0  -9999.0  -9999.0  -9999.0  -9999.0  -9999.0  -9999.0  -9999.0  -9999.0  -9999.0  -9999.0  -9999.0  0.532381665402  4.25405974486  8.14239629764  8.62988356328  0.589725461853  1.01810028166  1.40470736622  1.67819017817  3.69554445136  3.78938575521  0.0906688018293  0.0865218641827  20.8755379577  21.0255041988  21.0922535884  0.325296848022  0.0381789366394  0.1079567126  0.156346393332  0.469540004135  0.581188815834  0.660664919051  0.0703997086566  0.0968605403914  0.0333815951945  0.066865293923  0.0355135128348  419.739979285  0.0564640601068  0.239474803109  0.0393382163969  0.070934497777  0.463773263686  0.49768124102  0.851902676569  0.237829074623  0.191316874226  0.0935714471325  0.0835955920236  0.0229787753749  0.0391905418752  0.0440134742918  0.0358474185518  0.00421182287253  4.80509916293  4.77513447435  4.75786704904  3.48710009285  0.0243038403729  0.37759836372  0.266076968437  0.176492190098  0.110254206609  0.0176393169541  -9999.0  -9999.0  -9999.0  -9999.0  -9999.0  -9999.0  -9999.0
-9999.0  -9999.0  -9999.0  -9999.0  -9999.0  -9999.0  -9999.0  -9999.0  -9999.0  -9999.0  -9999.0  -9999.0  -9999.0  -9999.0  -9999.0  -9999.0  -9999.0  -9999.0  0.597845877815  1.91435806682  3.73539870541  4.86833499808  12.0886139281  12.6203495748  0.834242184139  1.22829227949  1.53173164992  1.80188860197  3.88018671459  4.06303128012  6.82291584615  7.00850134906  7.09515440095  21.1573784592  21.6322093401  0.100887353218  0.0758845211486  0.0695041823678  0.130015785099  0.0577854345921  0.773952900468  0.811693655818  0.128292185568  0.170669342592  0.0508478405811  100.488498284  100.56814888  520.350399349  520.667362107  0.0750534343943  0.226797347704  0.208840390336  0.111700678249  1.00860567968  1.27740546055  0.154558287143  0.107337879187  0.0232074027933  0.0126285535277  0.0512876212879  4.89896252024  4.84555446259  4.83692614054  4.82509181474  0.0256680649705  0.0204390601179  0.0212951368963  0.0271029424649  0.0905281761461  0.0603657582751  0.0536033858172  0.0810836596833  0.024171954268  -9999.0  -9999.0  -9999.0  -9999.0  -9999.0  -9999.0  -9999.0
-9999.0  -9999.0  -9999.0  -9999.0  -9999.0  -9999.0  -9999.0  -9999.0  -9999.0  -9999.0  -9999.0  -9999.0  -9999.0  -9999.0  -9999.0  -9999.0  -9999.0  -9999.0  -9999.0  0.687963974055  0.663651646187  1.24601945132  2.94317174017  13.1468566361  0.435321350544  0.426933626374  0.723742234512  1.03604389922  2.35918302878  2.50452106661  0.0980915944905  0.125270362412  7.2056915001  7.27914489264  28.9949495498  29.0601207854  0.0310048334713  0.0262186215148  0.0209740805561  0.0212200121504  0.0254819466917  99.7204896657  99.9783274246  100.182224364  100.274616888  100.448167704  0.0437777542284  0.156565762548  0.180173620167  520.925605095  520.961128875  520.985110782  521.018038935  521.064549815  1.33321888644  0.0104175827399  0.0457464344479  0.0365041183865  0.00970228833747  0.0609297732519  4.93049091305  0.0187634847308  0.00701950546121  0.0718469557386  0.0654733523999  0.0553133331353  0.0443756199395  0.0277045731111  0.0375413711884  0.0339418110741  0.0281156832805  0.0312086113483  -9999.0  -9999.0  -9999.0  -9999.0  -9999.0  -9999.0  -9999.0  -9999.0
-9999.0  -9999.0  -9999.0  -9999.0  -9999.0  -9999.0  -9999.0  -9999.0  -9999.0  -9999.0  -9999.0  -9999.0  -9999.0  -9999.0  -9999.0  -9999.0  -9999.0  -9999.0  -9999.0  -9999.0  0.602352589199  0.63352399154  1.16717065067  15.4133987076  15.8855402525  0.411565687104  0.707283530813  1.03138304445  1.21537993256  0.143473293316  0.281199687842  30.1899229803  30.2677721799  30.3638707076  30.992532072  60.107344343  98.1474157698  98.2356209728  98.312787924  98.3857884421  98.7465056751  98.8699012856  0.224948171657  0.0946925565346  0.0626696779063  0.114617871072  0.0775149707531  0.125823816941  0.0388400291624  0.904783313268  1.16200402199  1.3687068896  1.37926221278  521.081239072  522.44517252  522.533840341  0.0585404031529  0.00907427993816  0.0895438654016  0.0721114765738  4.95592140099  0.0130513861134  0.210606976103  0.130097433966  0.121221267664  0.0852502630975  0.0400071431061  0.0378924291055  0.0198632164294  -9999.0  -9999.0  -9999.0  -9999.0  -9999.0  -9999.0  -9999.0  -9999.0  -9999.0  -9999.0  -9999.0
-9999.0  -9999.0  -9999.0  -9999.0  -9999.0  -9999.0  -9999.0  -9999.0  -9999.0  -9999.0  -9999.0  -9999.0  -9999.0  -9999.0  -9999.0  -9999.0  -9999.0  -9999.0  -9999.0  -9999.0  -9999.0  0.613641797819  1.17068712094  1.73118179189  16.3374645496  0.391039058243  21.6397387542  21.9738446728  22.1072094765  22.2511375376  29.5955680671  29.7640118609  0.0840697155146  0.483558143294  0.573888147728  0.0913662012004  37.9574258242  37.7948489778  0.0425210400118  0.105889846112  0.295863064975  0.0689045649987  0.0758997542808  0.0481182729675  0.0393050496818  0.0283814326429  0.0359218759875  0.783782751983  0.823468460187  0.875653425169  0.228701874136  0.175400339154  1.46063599893  1.4803195695  1.48857414992  522.551080354  522.569057622  0.115128689297  0.0983376593655  5.20107439523  5.19211319574  0.22378703693  0.0177054414611  0.00764805006342  0.201827869652  0.16722088496  0.12028639978  0.0575128927216  0.0276009806271  0.0121552893398  -9999.0  -9999.0  -9999.0  -9999.0  -9999.0  -9999.0  -9999.0  -9999.0  -9999.0  -9999.0
-9999.0  -9999.0  -9999.0  -9999.0  -9999.0  -9999.0  -9999.0  -9999.0  -9999.0  -9999.0  -9999.0  -9999.0  -9999.0  -9999.0  -9999.0  -9999.0  -9999.0  -9999.0  -9999.0  -9999.0  -9999.0  0.55566325691  0.517703761767  2.68970996324  20.0471803167  20.9403184177  21.3536580914  0.314526450492  6.99063626289  7.11886239214  7.18332451027  0.149323971152  0.254392751826  0.337801746543  8.84380542297  8.90733581974  8.95931740355  37.7000556966  23.954466689  0.0622310008141  0.0656725493687  0.0610475097601  0.0431101834681  0.478269092743  0.572636801197  0.652425423515  0.699390536183  0.74388903069  6.58795969502  6.62264869289  6.67698630202  6.78140714811  7.14788873515  7.15938781127  8.65973777557  0.00861372238338  522.585596898  522.605039683  0.125883256624  5.20875845917  0.019998447694  0.0101981198888  0.0296624672782  0.327127940639  0.321826033811  0.0860153037931  0.0435530035093  0.0784755522586  0.0452377536768  0.0119681972241  0.00996899596455  0.00971127031488  -9999.0  -9999.0  -9999.0  -9999.0  -9999.0  -9999.0  -9999.0  -9999.0
-9999.0  -9999.0  -9999.0  -9999.0  -9999.0  -9999.0  -9999.0  -9999.0  -9999.0  -9999.0  -9999.0  -9999.0  -9999.0  -9999.0  -9999.0  -9999.0  -9999.0  -9999.0  -9999.0  -9999.0  -9999.0  -9999.0  1.08443699966  1.65509252677  0.523783841224  0.417303295055  6.01383280092  6.33721259952  6.5206804709  1.84420384787  1.93531322674  2.04419349348  2.13967726253  8.69041722043  8.79538665894  4.58961897719  13.6245721158  13.6922839994  23.9086635112  0.130346339504  0.0660925782516  0.0391258508238  0.334399901117  0.393912904222  0.0310089371648  0.0284064495032  6.43214606058  6.51506461912  6.55853959942  0.0450428860772  0.0718041321051  7.1023761123  0.0209088598567  0.0889876478856  0.098024465632  8.7752053411  8.78495455253  8.90841730171  531.657351915  5.23794448836  0.403100383637  0.392955203203  0.378552017936  0.333126874667  0.0100299154412  0.153260042353  0.123643747798  0.0548383413849  0.0176334641969  0.0204366047447  0.0504521964367  0.0301161810931  -9999.0  -9999.0  -9999.0  -9999.0  -9999.0  -9999.0  -9999.0  -9999.0
-9999.0  -9999.0  -9999.0  -9999.0  -9999.0  -9999.0  -9999.0  -9999.0  -9999.0  -9999.0  -9999.0  -9999.0  -9999.0  -9999.0  -9999.0  -9999.0  -9999.0  -9999.0  -9999.0  -9999.0  -9999.0  -9999.0  0.543235545356  1.07284848453  4.33428802981  4.8571088769  5.26800058771  1.52185253718  1.74534338726  0.116329794975  6.27338616035  6.36617776567  6.45598615398  0.0950900463816  4.40226546611  4.51399801904  0.0701740501505  23.5591054188  0.156530279908  0.0766262754292  0.185920248316  0.252355391383  0.044399020784  0.0334192635558  6.01041950809  6.35586016319  6.40835674401  0.0513820542362  0.104025170744  0.12914283916  0.1548016106  0.290801925218  0.0329581394732  0.0738778915437  0.0144719204095  0.0283221497113  8.88678758086  8.89833295693  531.678983621  537.417954747  0.480279347448  0.0501510890781  0.0310904962248  0.0194465878692  0.00564932382054  0.160924281851  0.11771727907  0.0921914712849  0.184301624492  0.148492641241  0.105631605162  0.0273003026662  0.0108983894113  -9999.0  -9999.0  -9999.0  -9999.0  -9999.0  -9999.0  -9999.0
-9999.0  -9999.0  -9999.0  -9999.0  -9999.0  -9999.0  -9999.0  -9999.0  -9999.0  -9999.0  -9999.0  -9999.0  -9999.0  -9999.0  -9999.0  -9999.0  -9999.0  -9999.0  -9999.0  -9999.0  -9999.0  -9999.0  0.535670442706  1.65166865738  2.77211347056  0.528640372072  0.895174173217  1.24392633462  5.80580567042  5.97077387601  6.06879450451  0.0790664902619  3.86655193598  4.13613668007  4.22900114247  0.0475033710186  23.2428458423  23.4234371586  0.0811297978565  0.0699314652036  0.140758352524  0.0520253007072  5.76521305306  5.85580198458  5.91606250993  0.223197776883  0.276059744504  0.0433902000526  0.0766731418042  0.0336537160871  0.233123238834  0.0366882519221  0.0200992388093  0.0202746998947  0.0221962918665  0.0453624618407  0.061142350338  33.826925844  33.872116419  571.348243347  571.365742545  571.383915604  0.0382445896983  0.357209369215  0.32830608768  0.153081066725  0.148411363016  0.0226304670972  0.234663728004  0.014197802311  0.0117664881413  0.00897575828688  0.0464148831619  0.0225357345188  -9999.0  -9999.0  -9999.0  -9999.0  -9999.0  -9999.0
-9999.0  -9999.0  -9999.0  -9999.0  -9999.0  -9999.0  -9999.0  -9999.0  -9999.0  -9999.0  -9999.0  -9999.0  -9999.0  -9999.0  -9999.0  -9999.0  -9999.0  -9999.0  -9999.0  -9999.0  -9999.0  -9999.0  -9999.0  0.556013694052  0.57313385099  0.525543682295  4.27867868042  4.60563735205  5.54431068832  0.192796894889  3.48366153906  3.72415827598  0.0922366902204  0.200689356067  0.0604672142549  23.0521239569  0.0822142412225  0.209562273802  0.258725828669  0.307264895285  5.44483125107  5.61198362024  5.67807923818  0.0674339361879  0.122378600065  0.169482529442  0.0260467384187  0.0232114238959  18.8928574509  18.9181331777  18.9388734783  19.1773379527  19.20627763  19.2375588813  19.2554552982  30.1746907024  30.1987930689  33.8143012041  0.0308248329286  0.0354311855131  0.0665374344607  571.468513281  571.592791175  571.983628888  572.001931833  0.0125329322657  0.00494622775828  0.263274471498  0.255264415618  0.0082781735881  0.0333997321122  0.238289782308  0.162655594449  0.146451134147  0.0398431166237  -9999.0  -9999.0  -9999.0  -9999.0  -9999.0
-9999.0  -9999.0  -9999.0  -9999.0  -9999.0  -9999.0  -9999.0  -9999.0  -9999.0  -9999.0  -9999.0  -9999.0  -9999.0  -9999.0  -9999.0  -9999.0  -9999.0  -9999.0  -9999.0  -9999.0  -9999.0  -9999.0  -9999.0  0.45628957856  0.979884807331  2.05848257442  3.93709155464  0.393726760517  0.68522152521  3.02291883944  3.19113505027  0.125476822211  5.28438288261  5.37410847422  22.8473198025  22.9185393564  0.0628264241291  0.117907780252  0.560647417123  4.9835748687  5.10865348143  0.127886348586  0.0656434839356  0.0478472671942  17.4430687131  17.5365131684  17.6109434733  17.6870773493  18.870121028  0.0833481674435  19.1517982752  0.0502436199768  0.0308584310637  0.0722167421871  10.8667002961  10.9050090532  3.4716672549  3.58480680771  0.0776023132013  0.0379697197679  0.0500224764015  0.0538880330065  0.0681622113116  0.0157635070407  596.572387681  596.609173661  0.360041809571  0.274704885629  0.00646223451309  0.41378120661  0.383967579079  0.305158189226  0.0246894674802  0.0354113145405  0.0451138132727  -9999.0  -9999.0  -9999.0  -9999.0  -9999.0
-9999.0  -9999.0  -9999.0  -9999.0  -9999.0  -9999.0  -9999.0  -9999.0  -9999.0  -9999.0  -9999.0  -9999.0  -9999.0  -9999.0  -9999.0  -9999.0  -9999.0  -9999.0  -9999.0  -9999.0  -9999.0  -9999.0  -9999.0  -9999.0  0.536353604787  1.03705835185  1.44271317751  2.4172730146  2.71210335468  4.48142439927  4.98647871287  5.10379393919  5.20232954974  17.310039441  17.3998610023  0.0453153188309  0.476742656931  0.53657686403  4.35921625905  4.39988792149  0.0744273460041  0.0231514516834  17.2504646727  17.3087567268  17.3581811389  0.0523376359965  1.04322601349  1.08822852093  1.14159405997  0.0435189842704  0.0317196666807  0.0244699026838  0.0399223803952  10.7231677596  10.771514069  0.0255676260539  3.4460937314  3.293825418  3.26911651678  0.0293675302361  0.0801169068564  0.0379059680322  0.0584805027904  24.426309189  24.5459010122  597.002763431  0.0455414028927  0.0188526794446  0.432037076782  0.0115148079489  0.110356358727  0.066606230771  0.0219645071134  -9999.0  -9999.0  -9999.0  -9999.0  -9999.0  -9999.0  -9999.0
-9999.0  -9999.0  -9999.0  -9999.0  -9999.0  -9999.0  -9999.0  -9999.0  -9999.0  -9999.0  -9999.0  -9999.0  -9999.0  -9999.0  -9999.0  -9999.0  -9999.0  -9999.0  -9999.0  -9999.0  -9999.0  -9999.0  -9999.0  -9999.0  0.463015595954  1.52052814649  2.03811820578  3.00004535236  3.79340733751  4.18597351445  0.279631928028  4.5086685923  16.9844093741  17.2166706747  0.174893678395  0.287456384686  0.441838729555  4.25074031097  4.31753889793  11.8883305754  12.0199536419  17.1930829163  17.2251916441  0.0364184628964  0.873919262251  0.946382018851  1.00847036159  0.0454635129904  9.86139858846  9.9033843444  10.0174179402  10.4575183548  10.6313882522  10.6629361477  0.0310707059227  0.0668577829831  0.0978994903503  2.6844639076  3.21811568583  0.399335295257  0.369164812222  0.0289466185344  0.0465470481188  24.34808759  0.10247503866  0.0319004793619  597.051764182  0.00980866316238  0.00885224917252  0.579614542047  0.140594211875  0.0359336096348  0.0169047563478  -9999.0  -9999.0  -9999.0  -9999.0  -9999.0  -9999.0  -9999.0
-9999.0  -9999.0  -9999.0  -9999.0  -9999.0  -9999.0  -9999.0  -9999.0  -9999.0  -9999.0  -9999.0  -9999.0  -9999.0  -9999.0  -9999.0  -9999.0  -9999.0  -9999.0  -9999.0  -9999.0  -9999.0  -9999.0  -9999.0  -9999.0  0.550422108272  0.515809324053  2.01460600799  2.56859241792  0.428768539419  3.85530835649  4.19361262578  0.298188585951  11.9213099558  0.285616196853  1.89152296231  4.03823896869  4.19264981285  11.2912999698  11.3727717925  11.8451764793  0.112126472669  5.14793105479  0.0220840321109  0.0469085671844  0.851571046666  0.0445025796467  2.10969742025  9.78045075272  0.0332077532916  0.0835520871743  0.320810216518  0.0641491676323  0.0553496458928  0.0408424971012  0.0269060633404  2.46321591842  2.59516331203  2.65535867398  0.0984975864455  0.0956400361866  0.195028577573  0.0429588676949  24.2085715282  24.2404258679  0.0576408935613  0.0195275701023  0.00947016976288  597.12913021  597.883885232  0.726435652447  0.137606736174  0.130328973914  0.0623058294929  -9999.0  -9999.0  -9999.0  -9999.0  -9999.0  -9999.0  -9999.0
-9999.0  -9999.0  -9999.0  -9999.0  -9999.0  -9999.0  -9999.0  -9999.0  -9999.0  -9999.0  -9999.0  -9999.0  -9999.0  -9999.0  -9999.0  -9999.0  -9999.0  -9999.0  -9999.0  -9999.0  -9999.0  -9999.0  -9999.0  -9999.0  -9999.0  0.489954215641  0.534269369378  0.494697366996  3.05784404319  3.48754036397  5.37796241369  11.6659793858  0.358924300072  1.09107024721  1.39597855266  1.97050687019  0.44237425779  11.1324930995  0.176828155211  0.366930387205  4.93955741283  0.145293584626  0.64277094558  0.729134291191  0.0410667607897  0.0390528563762  2.08704299015  7.64286498999  0.0471022357964  0.154840584503  0.277413768297  0.049399531439  0.026077337509  2.28317328862  2.35882334037  0.0565129754612  0.111672073218  0.0319736086092  0.0609617035916  0.0545258865028  0.0628543354438  0.0329662490697  24.182131447  0.0980223849663  -9999.0  -9999.0  0.0231656478189  0.0412085997795  597.902695503  597.920295959  597.987307937  0.0408317621036  -9999.0  -9999.0  -9999.0  -9999.0  -9999.0  -9999.0  -9999.0  -9999.0
-9999.0  -9999.0  -9999.0  -9999.0  -9999.0  -9999.0  -9999.0  -9999.0  -9999.0  -9999.0  -9999.0  -9999.0  -9999.0  -9999.0  -9999.0  -9999.0  -9999.0  -9999.0  -9999.0  -9999.0  -9999.0  -9999.0  -9999.0  -9999.0  -9999.0  -9999.0  0.497064102695  1.66130060829  2.13183073444  5.03809559457  1.88942860759  5.91326397405  3.59157939206  0.36196384498  1.0834177777  1.70735745766  0.254604116771  10.5169172867  3.58845739409  4.37639490253  0.430504576763  0.430716675794  0.154039534807  0.0706116914313  1.9708729748  2.0114413719  7.51703041227  7.55561720432  0.0711449583376  0.113429169035  0.0283292581937  2.01022659941  2.14200300445  2.27076060243  0.0600022381748  0.0277596228546  0.080006594919  0.0293226827258  0.0193327715776  0.0169132836796  23.964837361  23.9956740052  24.0231058341  0.0670163479946  -9999.0  -9999.0  -9999.0  -9999.0  -9999.0  0.00836868282553  598.000679695  598.012194503  -9999.0  -9999.0  -9999.0  -9999.0  -9999.0  -9999.0  -9999.0  -9999.0
-9999.0  -9999.0  -9999.0  -9999.0  -9999.0  -9999.0  -9999.0  -9999.0  -9999.0  -9999.0  -9999.0  -9999.0  -9999.0  -9999.0  -9999.0  -9999.0  -9999.0  -9999.0  -9999.0  -9999.0  -9999.0  -9999.0  -9999.0  -9999.0  -9999.0  -9999.0  0.60205381146  0.506435729321  4.54814965884  0.542188398696  1.46549157246  2.36104857201  3.21770253649  0.416110502675  0.36980226711  0.321354795798  9.92749011395  10.2477085396  3.35909093355  0.591450014685  0.273581511792  0.26864504654  1.77219725549  1.93524095755  7.01309004452  7.24419405024  7.42700804442  0.0567043664959  0.03679765494  1.94484615667  1.96483230433  1.9915400513  0.115989883372  0.0691437187355  0.0336912074954  0.0311495438734  0.0192813361233  0.148471489197  0.159669359009  23.9449203138  23.9526728047  0.0182953374682  0.0125304676357  0.0333327786731  -9999.0  -9999.0  -9999.0  -9999.0  -9999.0  -9999.0  -9999.0  -9999.0  -9999.0  -9999.0  -9999.0  -9999.0  -9999.0  -9999.0  -9999.0  -9999.0
-9999.0  -9999.0  -9999.0  -9999.0  -9999.0  -9999.0  -9999.0  -9999.0  -9999.0  -9999.0  -9999.0  -9999.0  -9999.0  -9999.0  -9999.0  -9999.0  -9999.0  -9999.0  -9999.0  -9999.0  -9999.0  -9999.0  -9999.0  -9999.0  -9999.0  -9999.0  -9999.0  1.1124283081  3.53576300683  1.94029122408  0.460164362181  1.87011093705  0.434821645422  1.36263204133  1.65610080008  8.84548155791  9.61194322654  2.79758155848  3.0874591097  0.29896425551  1.30360109772  1.55366506803  4.5856294917  6.72862083511  6.9167186464  0.16337463615  0.106503020745  1.61288349226  1.79288450722  1.92580036246  0.0335326921158  0.0584800398477  0.089563770782  0.0318076300639  0.0576425295049  0.0922178738218  0.108036843603  0.137722175517  0.0174892333928  23.7565860777  0.0369889111212  0.0103319072556  -9999.0  -9999.0  -9999.0  -9999.0  -9999.0  -9999.0  -9999.0  -9999.0  -9999.0  -9999.0  -9999.0  -9999.0  -9999.0  -9999.0  -9999.0  -9999.0  -9999.0  -9999.0
-9999.0  -9999.0  -9999.0  -9999.0  -9999.0  -9999.0  -9999.0  -9999.0  -9999.0  -9999.0  -9999.0  -9999.0  -9999.0  -9999.0  -9999.0  -9999.0  -9999.0  -9999.0  -9999.0  -9999.0  -9999.0  -9999.0  -9999.0  -9999.0  -9999.0  -9999.0  -9999.0  0.602040818762  0.510325087147  0.933142967171  0.496276020487  0.931614226034  0.973989144289  5.44717503582  5.89376014189  0.904350141417  0.365065113559  2.5085640137  0.701787657198  1.05107348032  3.86775185023  4.12890462808  4.38649548716  1.95000099693  0.683079543784  1.01753297553  1.28072202691  1.57320096387  0.141955695698  0.0684158539917  15.0250517828  15.0684890372  15.0958956612  0.0209126394412  0.037292292025  0.0216001401786  0.0160021814479  23.030529083  23.2926248817  0.379102769748  0.295772898082  0.0248763939595  -9999.0  -9999.0  -9999.0  -9999.0  -9999.0  -9999.0  -9999.0  -9999.0  -9999.0  -9999.0  -9999.0  -9999.0  -9999.0  -9999.0  -9999.0  -9999.0  -9999.0  -9999.0
-9999.0  -9999.0  -9999.0  -9999.0  -9999.0  -9999.0  -9999.0  -9999.0  -9999.0  -9999.0  -9999.0  -9999.0  -9999.0  -9999.0  -9999.0  -9999.0  -9999.0  -9999.0  -9999.0  -9999.0  -9999.0  -9999.0  -9999.0  -9999.0  -9999.0  -9999.0  -9999.0  -9999.0  -9999.0  0.381435665122  0.406669664691  0.534904666433  2.07453135192  5.05859602567  2.53940429044  0.41968389423  1.75294303066  2.1535391962  0.340618074518  3.32035601586  3.60377181875  0.920665094479  1.4306981711  0.268595724196  0.446343860505  0.189239040054  0.134912544502  0.129381655976  14.8154039338  14.9123852922  14.9923030726  0.420010856002  15.6570575998  15.7254430311  15.7796835532  15.8344226161  15.9171631144  23.012547996  23.1007018405  0.151792945291  0.264943187258  0.0715051419354  -9999.0  -9999.0  -9999.0  -9999.0  -9999.0  -9999.0  -9999.0  -9999.0  -9999.0  -9999.0  -9999.0  -9999.0  -9999.0  -9999.0  -9999.0  -9999.0  -9999.0  -9999.0
-9999.0  -9999.0  -9999.0  -9999.0  -9999.0  -9999.0  -9999.0  -9999.0  -9999.0  -9999.0  -9999.0  -9999.0  -9999.0  -9999.0  -9999.0  -9999.0  -9999.0  -9999.0  -9999.0  -9999.0  -9999.0  -9999.0  -9999.0  -9999.0  -9999.0  -9999.0  -9999.0  -9999.0  -9999.0  -9999.0  -9999.0  0.572941430003  1.08452618616  1.06399399381  1.0244726777  0.959565865863  1.40944132883  2.27056106244  2.61085384664  3.01670865303  0.311418933639  0.637080211771  0.259858984748  0.215613876834  9.74844875557  11.6075609701  11.9801197578  12.1430166085  14.7191816626  0.127152710372  0.230046633612  0.35798752613  2.33313324206  2.41969341974  2.48003161413  5.49694924133  6.56138634622  7.03007933006  0.0915715888336  0.0809530843941  0.163169908798  0.0436443813027  -9999.0  -9999.0  -9999.0  -9999.0  -9999.0  -9999.0  -9999.0  -9999.0  -9999.0  -9999.0  -9999.0  -9999.0  -9999.0  -9999.0  -9999.0  -9999.0  -9999.0  -9999.0
-9999.0  -9999.0  -9999.0  -9999.0  -9999.0  -9999.0  -9999.0  -9999.0  -9999.0  -9999.0  -9999.0  -9999.0  -9999.0  -9999.0  -9999.0  -9999.0  -9999.0  -9999.0  -9999.0  -9999.0  -9999.0  -9999.0  -9999.0  -9999.0  -9999.0  -9999.0  -9999.0  -9999.0  -9999.0  -9999.0  -9999.0  -9999.0  0.549184634541  0.55157472731  0.519259176717  0.489006678637  0.965083948866  1.86864863235  1.77887086492  2.1299695632  2.3978233563  5.45486347795  5.70571856681  9.40127972378  9.61412391713  1.71673926349  0.196177397537  2.25981202014  2.42177863027  0.92193425074  1.78221576289  2.08075631506  2.21034811401  0.105309645876  2.96720153559  5.73216214231  6.51474124855  0.0963378244718  0.308901338657  0.0474793176939  0.127250913625  -9999.0  -9999.0  -9999.0  -9999.0  -9999.0  -9999.0  -9999.0  -9999.0  -9999.0  -9999.0  -9999.0  -9999.0  -9999.0  -9999.0  -9999.0  -9999.0  -9999.0  -9999.0  -9999.0
-9999.0  -9999.0  -9999.0  -9999.0  -9999.0  -9999.0  -9999.0  -9999.0  -9999.0  -9999.0  -9999.0  -9999.0  -9999.0  -9999.0  -9999.0  -9999.0  -9999.0  -9999.0  -9999.0  -9999.0  -9999.0  -9999.0  -9999.0  -9999.0  -9999.0  -9999.0  -9999.0  -9999.0  -9999.0  -9999.0  -9999.0  -9999.0  -9999.0  -9999.0  -9999.0  0.533322099957  0.465772185921  0.482784861767  1.38575941088  1.26731153302  2.39731538932  2.79323451044  0.312039618015  3.43358137744  1.24350361965  1.50860116418  1.44031106567  2.09735620167  0.575652606931  0.188706796788  0.750785634061  0.18028443465  1.61251953671  1.91589745148  2.77408052019  0.126181580235  0.440598752133  0.147268918405  0.163346024346  0.0466389590545  0.0871024584656  -9999.0  -9999.0  -9999.0  -9999.0  -9999.0  -9999.0  -9999.0  -9999.0  -9999.0  -9999.0  -9999.0  -9999.0  -9999.0  -9999.0  -9999.0  -9999.0  -9999.0  -9999.0  -9999.0
-9999.0  -9999.0  -9999.0  -9999.0  -9999.0  -9999.0  -9999.0  -9999.0  -9999.0  -9999.0  -9999.0  -9999.0  -9999.0  -9999.0  -9999.0  -9999.0  -9999.0  -9999.0  -9999.0  -9999.0  -9999.0  -9999.0  -9999.0  -9999.0  -9999.0  -9999.0  -9999.0  -9999.0  -9999.0  -9999.0  -9999.0  -9999.0  -9999.0  -9999.0  -9999.0  -9999.0  -9999.0  0.464111260653  0.411873983555  0.853757774442  0.775857110158  2.09777810978  2.78638843602  0.70087014096  0.969880367037  0.748922984792  1.2356119185  0.448482990151  0.411988930574  0.41696917528  0.173313387585  0.963564064072  1.47232821982  0.169118523774  0.710324136251  0.227491231739  0.0911582455802  0.0490568784968  0.0509248275416  0.0571184659742  -9999.0  -9999.0  -9999.0  -9999.0  -9999.0  -9999.0  -9999.0  -9999.0  -9999.0  -9999.0  -9999.0  -9999.0  -9999.0  -9999.0  -9999.0  -9999.0  -9999.0  -9999.0  -9999.0  -9999.0
-9999.0  -9999.0  -9999.0  -9999.0  -9999.0  -9999.0  -9999.0  -9999.0  -9999.0  -9999.0  -9999.0  -9999.0  -9999.0  -9999.0  -9999.0  -9999.0  -9999.0  -9999.0  -9999.0  -9999.0  -9999.0  -9999.0  -9999.0  -9999.0  -9999.0  -9999.0  -9999.0  -9999.0  -9999.0  -9999.0  -9999.0  -9999.0  -9999.0  -9999.0  -9999.0  -9999.0  -9999.0  -9999.0  -9999.0  0.409556453906  0.928918310886  1.75172361783  0.366522418778  0.356696729973  0.246083742924  0.51682758556  0.251567500634  0.227737099546  0.21778996448  0.221899091331  0.413537679654  0.81193886589  0.367477658932  0.388419343739  0.557103139067  0.11291617394  0.041244151339  -9999.0  -9999.0  -9999.0  -9999.0  -9999.0  -9999.0  -9999.0  -9999.0  -9999.0  -9999.0  -9999.0  -9999.0  -9999.0  -9999.0  -9999.0  -9999.0  -9999.0  -9999.0  -9999.0  -9999.0  -9999.0  -9999.0  -9999.0
-9999.0  -9999.0  -9999.0  -9999.0  -9999.0  -9999.0  -9999.0  -9999.0  -9999.0  -9999.0  -9999.0  -9999.0  -9999.0  -9999.0  -9999.0  -9999.0  -9999.0  -9999.0  -9999.0  -9999.0  -9999.0  -9999.0  -9999.0  -9999.0  -9999.0  -9999.0  -9999.0  -9999.0  -9999.0  -9999.0  -9999.0  -9999.0  -9999.0  -9999.0  -9999.0  -9999.0  -9999.0  -9999.0  -9999.0  -9999.0  0.445443576794  0.391475647046  -9999.0  -9999.0  -9999.0  -9999.0  -9999.0  -9999.0  -9999.0  -9999.0  0.211422159313  0.194901693731  0.167543547276  0.180274802686  -9999.0  -9999.0  -9999.0  -9999.0  -9999.0  -9999.0  -9999.0  -9999.0  -9999.0  -9999.0  -9999.0  -9999.0  -9999.0  -9999.0  -9999.0  -9999.0  -9999.0  -9999.0  -9999.0  -9999.0  -9999.0  -9999.0  -9999.0  -9999.0  -9999.0  -9999.0
-9999.0  -9999.0  -9999.0  -9999.0  -9999.0  -9999.0  -9999.0  -9999.0  -9999.0  -9999.0  -9999.0  -9999.0  -9999.0  -9999.0  -9999.0  -9999.0  -9999.0  -9999.0  -9999.0  -9999.0  -9999.0  -9999.0  -9999.0  -9999.0  -9999.0  -9999.0  -9999.0  -9999.0  -9999.0  -9999.0  -9999.0  -9999.0  -9999.0  -9999.0  -9999.0  -9999.0  -9999.0  -9999.0  -9999.0  -9999.0  -9999.0  -9999.0  -9999.0  -9999.0  -9999.0  -9999.0  -9999.0  -9999.0  -9999.0  -9999.0  -9999.0  -9999.0  -9999.0  -9999.0  -9999.0  -9999.0  -9999.0  -9999.0  -9999.0  -9999.0  -9999.0  -9999.0  -9999.0  -9999.0  -9999.0  -9999.0  -9999.0  -9999.0  -9999.0  -9999.0  -9999.0  -9999.0  -9999.0  -9999.0  -9999.0  -9999.0  -9999.0  -9999.0  -9999.0  -9999.0
-9999.0  -9999.0  -9999.0  -9999.0  -9999.0  -9999.0  -9999.0  -9999.0  -9999.0  -9999.0  -9999.0  -9999.0  -9999.0  -9999.0  -9999.0  -9999.0  -9999.0  -9999.0  -9999.0  -9999.0  -9999.0  -9999.0  -9999.0  -9999.0  -9999.0  -9999.0  -9999.0  -9999.0  -9999.0  -9999.0  -9999.0  -9999.0  -9999.0  -9999.0  -9999.0  -9999.0  -9999.0  -9999.0  -9999.0  -9999.0  -9999.0  -9999.0  -9999.0  -9999.0  -9999.0  -9999.0  -9999.0  -9999.0  -9999.0  -9999.0  -9999.0  -9999.0  -9999.0  -9999.0  -9999.0  -9999.0  -9999.0  -9999.0  -9999.0  -9999.0  -9999.0  -9999.0  -9999.0  -9999.0  -9999.0  -9999.0  -9999.0  -9999.0  -9999.0  -9999.0  -9999.0  -9999.0  -9999.0  -9999.0  -9999.0  -9999.0  -9999.0  -9999.0  -9999.0  -9999.0
-9999.0  -9999.0  -9999.0  -9999.0  -9999.0  -9999.0  -9999.0  -9999.0  -9999.0  -9999.0  -9999.0  -9999.0  -9999.0  -9999.0  -9999.0  -9999.0  -9999.0  -9999.0  -9999.0  -9999.0  -9999.0  -9999.0  -9999.0  -9999.0  -9999.0  -9999.0  -9999.0  -9999.0  -9999.0  -9999.0  -9999.0  -9999.0  -9999.0  -9999.0  -9999.0  -9999.0  -9999.0  -9999.0  -9999.0  -9999.0  -9999.0  -9999.0  -9999.0  -9999.0  -9999.0  -9999.0  -9999.0  -9999.0  -9999.0  -9999.0  -9999.0  -9999.0  -9999.0  -9999.0  -9999.0  -9999.0  -9999.0  -9999.0  -9999.0  -9999.0  -9999.0  -9999.0  -9999.0  -9999.0  -9999.0  -9999.0  -9999.0  -9999.0  -9999.0  -9999.0  -9999.0  -9999.0  -9999.0  -9999.0  -9999.0  -9999.0  -9999.0  -9999.0  -9999.0  -9999.0
-9999.0  -9999.0  -9999.0  -9999.0  -9999.0  -9999.0  -9999.0  -9999.0  -9999.0  -9999.0  -9999.0  -9999.0  -9999.0  -9999.0  -9999.0  -9999.0  -9999.0  -9999.0  -9999.0  -9999.0  -9999.0  -9999.0  -9999.0  -9999.0  -9999.0  -9999.0  -9999.0  -9999.0  -9999.0  -9999.0  -9999.0  -9999.0  -9999.0  -9999.0  -9999.0  -9999.0  -9999.0  -9999.0  -9999.0  -9999.0  -9999.0  -9999.0  -9999.0  -9999.0  -9999.0  -9999.0  -9999.0  -9999.0  -9999.0  -9999.0  -9999.0  -9999.0  -9999.0  -9999.0  -9999.0  -9999.0  -9999.0  -9999.0  -9999.0  -9999.0  -9999.0  -9999.0  -9999.0  -9999.0  -9999.0  -9999.0  -9999.0  -9999.0  -9999.0  -9999.0  -9999.0  -9999.0  -9999.0  -9999.0  -9999.0  -9999.0  -9999.0  -9999.0  -9999.0  -9999.0
-9999.0  -9999.0  -9999.0  -9999.0  -9999.0  -9999.0  -9999.0  -9999.0  -9999.0  -9999.0  -9999.0  -9999.0  -9999.0  -9999.0  -9999.0  -9999.0  -9999.0  -9999.0  -9999.0  -9999.0  -9999.0  -9999.0  -9999.0  -9999.0  -9999.0  -9999.0  -9999.0  -9999.0  -9999.0  -9999.0  -9999.0  -9999.0  -9999.0  -9999.0  -9999.0  -9999.0  -9999.0  -9999.0  -9999.0  -9999.0  -9999.0  -9999.0  -9999.0  -9999.0  -9999.0  -9999.0  -9999.0  -9999.0  -9999.0  -9999.0  -9999.0  -9999.0  -9999.0  -9999.0  -9999.0  -9999.0  -9999.0  -9999.0  -9999.0  -9999.0  -9999.0  -9999.0  -9999.0  -9999.0  -9999.0  -9999.0  -9999.0  -9999.0  -9999.0  -9999.0  -9999.0  -9999.0  -9999.0  -9999.0  -9999.0  -9999.0  -9999.0  -9999.0  -9999.0  -9999.0
-9999.0  -9999.0  -9999.0  -9999.0  -9999.0  -9999.0  -9999.0  -9999.0  -9999.0  -9999.0  -9999.0  -9999.0  -9999.0  -9999.0  -9999.0  -9999.0  -9999.0  -9999.0  -9999.0  -9999.0  -9999.0  -9999.0  -9999.0  -9999.0  -9999.0  -9999.0  -9999.0  -9999.0  -9999.0  -9999.0  -9999.0  -9999.0  -9999.0  -9999.0  -9999.0  -9999.0  -9999.0  -9999.0  -9999.0  -9999.0  -9999.0  -9999.0  -9999.0  -9999.0  -9999.0  -9999.0  -9999.0  -9999.0  -9999.0  -9999.0  -9999.0  -9999.0  -9999.0  -9999.0  -9999.0  -9999.0  -9999.0  -9999.0  -9999.0  -9999.0  -9999.0  -9999.0  -9999.0  -9999.0  -9999.0  -9999.0  -9999.0  -9999.0  -9999.0  -9999.0  -9999.0  -9999.0  -9999.0  -9999.0  -9999.0  -9999.0  -9999.0  -9999.0  -9999.0  -9999.0
