ncols                  80
nrows                 72
xllcorner      4374000.0
yllcorner      5656000.0
cellsize            500
NODATA_value       -9999
-9999.0  -9999.0  -9999.0  -9999.0  -9999.0  -9999.0  -9999.0  -9999.0  -9999.0  -9999.0  -9999.0  -9999.0  1.07159405288  0.847568284945  -9999.0  -9999.0  -9999.0  -9999.0  -9999.0  -9999.0  -9999.0  -9999.0  -9999.0  -9999.0  -9999.0  -9999.0  -9999.0  -9999.0  -9999.0  -9999.0  -9999.0  -9999.0  -9999.0  -9999.0  -9999.0  -9999.0  -9999.0  -9999.0  -9999.0  -9999.0  -9999.0  -9999.0  -9999.0  -9999.0  -9999.0  -9999.0  -9999.0  -9999.0  -9999.0  -9999.0  -9999.0  -9999.0  -9999.0  -9999.0  -9999.0  -9999.0  -9999.0  -9999.0  -9999.0  -9999.0  -9999.0  -9999.0  -9999.0  -9999.0  -9999.0  -9999.0  -9999.0  -9999.0  -9999.0  -9999.0  -9999.0  -9999.0  -9999.0  -9999.0  -9999.0  -9999.0  -9999.0  -9999.0  -9999.0  -9999.0
-9999.0  -9999.0  -9999.0  -9999.0  -9999.0  -9999.0  -9999.0  -9999.0  -9999.0  -9999.0  -9999.0  -9999.0  2.13201397784  4.57726342638  0.703968134622  -9999.0  0.61258312338  -9999.0  -9999.0  -9999.0  -9999.0  -9999.0  -9999.0  -9999.0  -9999.0  -9999.0  -9999.0  -9999.0  -9999.0  -9999.0  -9999.0  -9999.0  -9999.0  -9999.0  -9999.0  -9999.0  -9999.0  -9999.0  -9999.0  -9999.0  -9999.0  -9999.0  -9999.0  -9999.0  -9999.0  -9999.0  -9999.0  -9999.0  -9999.0  -9999.0  -9999.0  -9999.0  -9999.0  -9999.0  -9999.0  -9999.0  -9999.0  -9999.0  -9999.0  -9999.0  -9999.0  -9999.0  -9999.0  -9999.0  -9999.0  -9999.0  -9999.0  -9999.0  -9999.0  -9999.0  -9999.0  -9999.0  -9999.0  -9999.0  -9999.0  -9999.0  -9999.0  -9999.0  -9999.0  -9999.0
-9999.0  -9999.0  -9999.0  -9999.0  -9999.0  -9999.0  -9999.0  -9999.0  -9999.0  -9999.0  1.02629237419  0.977888873471  1.02031964141  0.996816320886  6.45343294664  7.19613038246  1.72375847342  0.556168346475  -9999.0  -9999.0  -9999.0  -9999.0  -9999.0  -9999.0  -9999.0  -9999.0  -9999.0  -9999.0  -9999.0  -9999.0  -9999.0  -9999.0  -9999.0  -9999.0  -9999.0  -9999.0  -9999.0  -9999.0  -9999.0  -9999.0  -9999.0  -9999.0  -9999.0  -9999.0  -9999.0  -9999.0  -9999.0  -9999.0  -9999.0  -9999.0  -9999.0  -9999.0  -9999.0  -9999.0  -9999.0  -9999.0  -9999.0  -9999.0  -9999.0  -9999.0  -9999.0  -9999.0  -9999.0  -9999.0  -9999.0  -9999.0  -9999.0  -9999.0  -9999.0  -9999.0  -9999.0  -9999.0  -9999.0  -9999.0  -9999.0  -9999.0  -9999.0  -9999.0  -9999.0  -9999.0
-9999.0  -9999.0  -9999.0  -9999.0  -9999.0  -9999.0  -9999.0  -9999.0  -9999.0  0.989396111971  2.02072855854  3.99542862462  1.97445252558  0.961227968636  1.88982598088  8.1136184345  11.0893396477  0.603447030803  -9999.0  0.974863043551  -9999.0  -9999.0  -9999.0  -9999.0  1.16421237265  0.598331062396  -9999.0  -9999.0  -9999.0  -9999.0  -9999.0  -9999.0  -9999.0  -9999.0  -9999.0  -9999.0  -9999.0  -9999.0  -9999.0  -9999.0  -9999.0  -9999.0  -9999.0  -9999.0  -9999.0  -9999.0  -9999.0  -9999.0  -9999.0  -9999.0  -9999.0  -9999.0  -9999.0  -9999.0  -9999.0  -9999.0  -9999.0  -9999.0  -9999.0  -9999.0  -9999.0  -9999.0  -9999.0  -9999.0  -9999.0  -9999.0  -9999.0  -9999.0  -9999.0  -9999.0  -9999.0  -9999.0  -9999.0  -9999.0  -9999.0  -9999.0  -9999.0  -9999.0  -9999.0  -9999.0
-9999.0  -9999.0  -9999.0  -9999.0  -9999.0  -9999.0  -9999.0  -9999.0  1.07242508271  3.08095547801  4.0269262066  4.99775518531  6.90581040142  0.916274596652  3.67726475219  4.5695609283  17.1463541627  0.804606111822  0.850221479768  1.85527064511  2.70093975426  0.873561781672  -9999.0  2.97569542408  2.43574307205  0.657900296855  -9999.0  -9999.0  -9999.0  -9999.0  -9999.0  -9999.0  -9999.0  -9999.0  -9999.0  -9999.0  -9999.0  -9999.0  -9999.0  -9999.0  -9999.0  -9999.0  -9999.0  -9999.0  -9999.0  -9999.0  -9999.0  -9999.0  -9999.0  -9999.0  -9999.0  -9999.0  -9999.0  -9999.0  -9999.0  -9999.0  -9999.0  -9999.0  -9999.0  -9999.0  -9999.0  -9999.0  -9999.0  -9999.0  -9999.0  -9999.0  -9999.0  -9999.0  -9999.0  -9999.0  -9999.0  -9999.0  -9999.0  -9999.0  -9999.0  -9999.0  -9999.0  -9999.0  -9999.0  -9999.0
-9999.0  -9999.0  -9999.0  -9999.0  -9999.0  -9999.0  1.09997027627  1.01716064546  0.973303402426  0.985021494261  0.989248767256  7.0036721816  14.8738854509  15.8289863039  16.644162666  0.778223621302  18.7762918254  19.6277958119  1.72162921828  0.865051334463  3.53208738255  6.10353638335  0.852098717545  5.47524343359  0.876869600107  0.859836916553  0.89549051396  -9999.0  -9999.0  -9999.0  -9999.0  -9999.0  -9999.0  -9999.0  -9999.0  -9999.0  -9999.0  -9999.0  -9999.0  -9999.0  -9999.0  -9999.0  -9999.0  -9999.0  -9999.0  -9999.0  -9999.0  -9999.0  -9999.0  -9999.0  -9999.0  -9999.0  -9999.0  -9999.0  -9999.0  -9999.0  -9999.0  -9999.0  -9999.0  -9999.0  -9999.0  -9999.0  -9999.0  -9999.0  -9999.0  -9999.0  -9999.0  -9999.0  -9999.0  -9999.0  -9999.0  -9999.0  -9999.0  -9999.0  -9999.0  -9999.0  -9999.0  -9999.0  -9999.0  -9999.0
-9999.0  -9999.0  -9999.0  -9999.0  -9999.0  -9999.0  2.19134059056  3.23999420368  7.31306297318  10.1992473516  0.911112422397  0.94980772802  0.907814909279  2.64698978587  20.1165038677  0.78049145444  20.4767137676  23.7395071873  2.55731492001  1.66330556323  6.89927354624  0.844667533676  6.30354320663  1.66561489093  0.829001348232  1.66755490692  1.76655052438  0.883768011311  0.891851154604  0.878866515445  0.89237617403  1.79020068857  -9999.0  -9999.0  -9999.0  -9999.0  -9999.0  -9999.0  -9999.0  -9999.0  -9999.0  -9999.0  -9999.0  -9999.0  -9999.0  -9999.0  -9999.0  -9999.0  -9999.0  -9999.0  -9999.0  -9999.0  -9999.0  -9999.0  -9999.0  -9999.0  -9999.0  -9999.0  -9999.0  -9999.0  -9999.0  -9999.0  -9999.0  -9999.0  -9999.0  -9999.0  -9999.0  -9999.0  -9999.0  -9999.0  -9999.0  -9999.0  -9999.0  -9999.0  -9999.0  -9999.0  -9999.0  -9999.0  -9999.0  -9999.0
-9999.0  -9999.0  -9999.0  -9999.0  -9999.0  1.15153840004  2.25051194251  1.08745922815  2.11635798877  11.2271137201  13.1247632209  15.0285529694  47.8648820582  0.872065873506  20.9913994001  75.6434120205  76.2776061628  101.084981348  0.680335351611  2.46870114754  7.70085251916  0.796838075936  15.5413198581  8.42832462944  5.1240979882  4.28870481323  0.86493981213  2.62330248009  2.61811493832  1.74709400003  0.839758081366  2.65111839911  0.823067516039  0.816501347198  -9999.0  -9999.0  -9999.0  -9999.0  -9999.0  -9999.0  -9999.0  -9999.0  -9999.0  -9999.0  -9999.0  -9999.0  -9999.0  -9999.0  -9999.0  -9999.0  -9999.0  -9999.0  -9999.0  -9999.0  -9999.0  -9999.0  -9999.0  -9999.0  -9999.0  -9999.0  -9999.0  -9999.0  -9999.0  -9999.0  -9999.0  -9999.0  -9999.0  -9999.0  -9999.0  -9999.0  -9999.0  -9999.0  -9999.0  -9999.0  -9999.0  -9999.0  -9999.0  -9999.0  -9999.0  -9999.0
-9999.0  -9999.0  -9999.0  -9999.0  -9999.0  1.16061149969  3.40138781934  6.76060087144  7.80555622297  15.4645184171  16.4588594368  19.535670061  31.9537510752  50.4748224955  52.250148949  53.0633051521  1.50214107441  103.777453919  105.19406833  109.235803922  135.719317126  17.9636109583  16.3675895777  5.94607539849  0.803956081418  5.05344308483  3.4220164385  0.77591508296  3.40721759501  0.76943855839  1.57839317245  4.24500401702  5.03778269359  1.60392280738  0.771649255451  0.772309802592  -9999.0  -9999.0  -9999.0  -9999.0  0.553590957274  0.495785100241  -9999.0  -9999.0  -9999.0  -9999.0  -9999.0  -9999.0  -9999.0  -9999.0  -9999.0  -9999.0  -9999.0  -9999.0  -9999.0  -9999.0  -9999.0  -9999.0  -9999.0  -9999.0  -9999.0  -9999.0  -9999.0  -9999.0  -9999.0  -9999.0  -9999.0  -9999.0  -9999.0  -9999.0  -9999.0  -9999.0  -9999.0  -9999.0  -9999.0  -9999.0  -9999.0  -9999.0  -9999.0  -9999.0
-9999.0  -9999.0  -9999.0  -9999.0  -9999.0  1.13761052922  1.09778512487  4.49785116913  5.55306349302  6.63387907232  1.04015556785  2.06649629284  11.7286889461  2.11193256903  0.971749587257  0.901850199494  0.808762694052  0.89899141034  0.882342932322  0.880400908675  136.565850541  138.949402677  0.78121492988  2.3761591742  1.60198046755  5.84375201444  1.56149956709  0.75979596614  4.20760950249  1.50016673856  3.58726854978  8.84243701715  8.18543865797  2.36468481225  2.28055254058  0.782375756006  0.770474713238  -9999.0  -9999.0  0.771756761249  1.20744666327  2.73102485287  0.51526461749  -9999.0  -9999.0  -9999.0  -9999.0  -9999.0  -9999.0  -9999.0  -9999.0  -9999.0  -9999.0  -9999.0  -9999.0  -9999.0  -9999.0  -9999.0  -9999.0  -9999.0  -9999.0  -9999.0  -9999.0  -9999.0  -9999.0  -9999.0  -9999.0  -9999.0  -9999.0  -9999.0  -9999.0  -9999.0  -9999.0  -9999.0  -9999.0  -9999.0  -9999.0  -9999.0  -9999.0  -9999.0
-9999.0  -9999.0  -9999.0  -9999.0  -9999.0  -9999.0  1.16574120339  1.15264509408  2.24618982206  3.34660614432  7.60777873145  9.72104190291  10.7738949156  1.14281862893  0.897646116493  11.6948950671  14.3537826233  15.2042758689  18.7229806438  19.5559546957  0.81588747465  139.765573929  143.6529253  3.09633182638  0.555946701313  6.56063310702  14.5357596197  5.70191262848  1.46743527873  0.736828076736  13.8438103452  9.57861254372  0.698854087509  0.716350502621  2.99812774488  2.28473745173  0.722904989437  0.707059808047  0.741291929885  1.50059089656  0.71310035769  3.30739154693  3.98113415635  0.64095527817  -9999.0  -9999.0  -9999.0  -9999.0  0.692527191682  0.661915091658  0.202093554846  -9999.0  -9999.0  -9999.0  -9999.0  -9999.0  -9999.0  -9999.0  -9999.0  -9999.0  -9999.0  -9999.0  -9999.0  -9999.0  -9999.0  -9999.0  -9999.0  -9999.0  -9999.0  -9999.0  -9999.0  -9999.0  -9999.0  -9999.0  -9999.0  -9999.0  -9999.0  -9999.0  -9999.0  -9999.0
-9999.0  -9999.0  -9999.0  -9999.0  -9999.0  -9999.0  -9999.0  1.1417843508  1.03923312024  2.15144943253  3.23305328856  1.06505056724  0.979587469649  6.10009025971  7.99095704392  9.91427500231  0.905133054268  1.8110985612  0.882886653304  20.3946671441  44.6496830619  45.22543764  190.354201441  0.785375193953  1.68835064998  0.539326579837  15.2683644522  0.735163664688  2.2155450405  0.727936636233  14.5516395037  15.258037857  1.40584375052  1.41921623408  7.48501433388  3.74931141834  1.4450902383  0.738078555834  1.48243312128  2.2321998356  3.62225690125  0.670322504802  5.21267146661  5.75468640418  0.48032799495  0.518573231009  0.526794073362  0.479229140056  0.449865792696  1.90738022716  0.769862042677  0.500381797174  -9999.0  -9999.0  -9999.0  -9999.0  -9999.0  -9999.0  -9999.0  -9999.0  -9999.0  -9999.0  -9999.0  -9999.0  -9999.0  -9999.0  -9999.0  -9999.0  -9999.0  -9999.0  -9999.0  -9999.0  -9999.0  -9999.0  -9999.0  -9999.0  -9999.0  -9999.0  -9999.0  -9999.0
-9999.0  -9999.0  -9999.0  -9999.0  -9999.0  -9999.0  -9999.0  -9999.0  2.18186951981  3.18445810927  1.06462397114  2.15022403551  3.16246976233  5.18765424924  1.02407244164  0.995306625653  0.8857693785  0.898281263309  0.83638157972  22.5802751541  0.880728313215  1.73637907417  192.71377738  194.36344667  0.794183601237  3.28724756733  19.265329836  1.44950020151  2.88493377264  1.36722014569  2.02283235754  17.96318748  2.05629885121  10.9013962333  8.83827131894  0.688399199004  3.5723455042  1.43895291072  2.16711619112  0.686547242952  4.27974943353  5.5398983451  6.00676135611  6.4503991121  7.56333426772  0.915715220442  0.944207207394  0.866610732998  0.804020899923  2.37055354101  0.495342267489  1.77996198039  2.24929635231  -9999.0  -9999.0  -9999.0  -9999.0  -9999.0  -9999.0  -9999.0  -9999.0  -9999.0  -9999.0  -9999.0  -9999.0  -9999.0  -9999.0  -9999.0  -9999.0  -9999.0  -9999.0  -9999.0  -9999.0  -9999.0  -9999.0  -9999.0  -9999.0  -9999.0  -9999.0  -9999.0
-9999.0  -9999.0  -9999.0  -9999.0  -9999.0  -9999.0  -9999.0  -9999.0  1.12473759565  5.40769878821  6.45410106621  1.04832567205  2.05260411876  1.0040774635  0.9498449411  0.934450686425  11.4875257789  15.2454456635  18.6558317878  21.9642865795  0.833356009475  0.866778709597  0.905443665137  198.119855193  199.821282078  200.57053044  25.869261184  5.77110940074  5.02339803267  0.650793136093  2.65366952455  21.2590278032  0.629255768708  11.5391926191  0.675549109115  4.61023004582  4.28203385661  0.692960335758  2.84697808729  1.36376305913  2.02280532463  0.59453317213  0.436778292554  6.88868007939  7.283153202  7.95670932643  1.35861426888  1.26178877252  1.18854945062  2.89493290291  3.8936132406  0.497854648715  2.74274297522  0.526816134685  1.00576299773  0.488610920386  -9999.0  -9999.0  -9999.0  -9999.0  -9999.0  -9999.0  -9999.0  -9999.0  -9999.0  -9999.0  -9999.0  -9999.0  -9999.0  -9999.0  -9999.0  -9999.0  -9999.0  -9999.0  -9999.0  -9999.0  -9999.0  -9999.0  -9999.0  -9999.0
-9999.0  -9999.0  -9999.0  -9999.0  -9999.0  -9999.0  -9999.0  -9999.0  -9999.0  1.12877305453  7.52443989784  8.55751463932  3.06273165842  5.05859446693  6.94023788357  7.87137000282  0.933093410137  2.87020932922  1.88051313528  0.936987694963  0.933168471345  0.874720713161  1.73381045265  2.98724025565  1.01821834615  228.254091957  229.052875333  0.727795368222  0.593872630151  1.316311763  1.95990284359  23.1422478566  1.24712604417  12.1229670816  7.10398341971  5.83274950863  0.663616165835  1.34647216765  3.47969122221  0.629646181373  2.63243899872  1.1940281173  0.765071929385  0.337343686972  8.34447663328  16.628692336  1.65092131477  1.56374406862  1.60458965244  0.430496838183  4.31515457335  0.413373258782  3.67420801458  0.472100744782  1.47449737319  2.26920923372  0.235432846887  0.243940791336  0.316844321699  0.357799289347  0.204184017118  -9999.0  -9999.0  0.129836721933  0.0838364434132  -9999.0  -9999.0  -9999.0  -9999.0  -9999.0  -9999.0  -9999.0  -9999.0  -9999.0  -9999.0  -9999.0  -9999.0  -9999.0  -9999.0  -9999.0
-9999.0  -9999.0  -9999.0  -9999.0  -9999.0  -9999.0  -9999.0  -9999.0  -9999.0  -9999.0  1.02607117195  10.6235997824  1.0076152667  2.004774815  2.91551402183  4.74830920772  0.943227570932  1.93398024761  0.950040741011  0.92055345217  0.869279232187  1.7276232767  0.790162230431  0.872524585798  1.76659635724  0.988140303407  229.853707586  231.324478123  233.452160459  2.60188595263  0.647489774671  1.28980926133  23.7864248761  22.311991615  8.40747909384  0.646367879244  2.65387539913  1.9986962729  4.11403489404  1.26159742606  5.04507325285  1.79584931605  1.25248924647  0.243652979984  0.365328662046  17.0574084107  17.4300232953  20.970311869  2.94075278642  0.884104312114  4.76506597206  5.61831683175  9.70224991275  0.927387184503  0.440291048548  2.55834737101  3.02609776797  0.232471554938  0.445642178548  0.876894438386  0.402805772564  0.199194255541  0.19256959117  0.263946135937  0.17684316131  0.0840035197447  -9999.0  -9999.0  -9999.0  -9999.0  -9999.0  -9999.0  -9999.0  -9999.0  -9999.0  -9999.0  -9999.0  -9999.0  -9999.0  -9999.0
-9999.0  -9999.0  -9999.0  -9999.0  -9999.0  -9999.0  -9999.0  -9999.0  -9999.0  -9999.0  -9999.0  0.530338685404  11.7718259567  0.964567017492  1.86804143046  8.45874543128  0.952873616386  0.950232372851  0.871959580104  1.81361478008  0.870400635107  3.46673860984  5.05656342155  5.81011653186  2.47931813564  3.16091173419  0.743057887481  0.915546850952  0.829768874909  237.496185286  239.402638704  24.3616248228  23.4363401783  22.88099942  1.17650780784  0.578535499026  3.25911391147  8.58141191615  4.71840079827  1.86376484143  7.47713785238  2.68852126079  2.14859242852  0.511294112038  0.213889121537  0.197773438161  0.243067393128  22.1558201203  26.3150787262  0.431286247685  0.398921912817  0.436248861805  10.1290211979  11.4707953346  0.810411985227  0.348337618261  3.21500247645  0.368824494998  0.951483915457  2.00896496859  2.59032796291  2.96719342557  0.776964024797  0.426203145209  0.308406562301  0.181523879798  0.14691188697  -9999.0  -9999.0  -9999.0  -9999.0  -9999.0  -9999.0  -9999.0  -9999.0  -9999.0  -9999.0  -9999.0  -9999.0  -9999.0
-9999.0  -9999.0  -9999.0  -9999.0  -9999.0  -9999.0  -9999.0  -9999.0  -9999.0  -9999.0  -9999.0  0.497311784805  12.9804798029  15.9590505565  0.916534216673  10.3004047394  0.899384389501  0.875961675795  1.73021763617  4.4117723741  0.850915294747  0.878364081507  0.782696628552  7.37357614518  8.11574974948  12.0593603526  13.5026210735  14.2460948556  14.9424317275  15.7833496842  255.892123896  281.454492292  305.960160835  306.426497514  0.538748342866  0.584705883468  9.79348196427  9.19246293539  0.594292417415  0.586612595865  8.02169782033  11.2658736872  0.479824602014  4.82007049168  4.41471748639  1.03917378865  0.505350306484  0.837562657426  0.419066402903  27.0127828164  0.342616084644  1.16660013723  1.4458415224  13.8254035092  14.8656828515  15.5356438876  18.956406723  0.195707309573  0.158616150321  0.13802342774  0.122290503574  3.26530236867  4.20751102641  0.175514869567  0.741950925445  0.296694676444  0.268359544252  0.0757072670905  0.0607164150087  -9999.0  -9999.0  -9999.0  -9999.0  -9999.0  -9999.0  -9999.0  -9999.0  -9999.0  -9999.0  -9999.0
-9999.0  -9999.0  -9999.0  -9999.0  -9999.0  -9999.0  -9999.0  -9999.0  -9999.0  -9999.0  -9999.0  1.06237312837  2.04205473896  16.9237477687  18.6953272502  0.892051372894  11.9173630496  0.803453022673  2.45847891969  5.21977067168  1.65794271266  0.805148042256  1.63817219853  0.723623895674  1.40560581375  0.691351001673  0.640417588009  0.546557441761  0.479466300173  0.455252856748  0.438750757065  0.586891908891  0.667592059897  0.743914463335  308.240972587  11.6598841373  10.6604816052  0.416940897429  1.71273022442  0.441433991658  0.370710521606  11.7963393858  18.1663786155  5.36833071584  3.92691324792  0.599408457766  0.251007572436  0.230448427115  0.570861641327  27.94430693  28.5778308303  0.329743200614  0.330442948285  0.317090172119  0.239090622826  0.426874931339  19.5534204989  19.9298651017  20.2755830009  0.337509796064  0.180956988405  0.145372643288  4.34629417067  4.64631835508  0.854123374858  0.132132056347  0.385070176126  0.154319583681  0.114647971773  -9999.0  -9999.0  -9999.0  -9999.0  -9999.0  -9999.0  -9999.0  -9999.0  -9999.0  -9999.0  -9999.0
-9999.0  -9999.0  -9999.0  -9999.0  -9999.0  -9999.0  -9999.0  -9999.0  -9999.0  -9999.0  -9999.0  -9999.0  0.950304590911  12.4190725271  32.0308168012  34.7666949229  47.5131853575  48.2222752688  11.641967012  8.51561939564  2.47682174904  0.798380618917  3.2052853004  3.96629314886  6.07000635153  1.40412051012  1.31550080582  1.22894655361  2.3650997656  1.10482727685  1.05516827424  0.534033590013  0.337252486755  0.414828966299  308.836332705  320.95130508  321.42109557  0.40995168658  4.50063330757  1.94838734806  0.573316736236  19.8266441287  1.14716392452  0.588027140435  2.38636283206  0.511125518223  0.432351182484  0.789213174342  1.10069618244  1.44008352282  29.1230630621  0.257352649477  0.222086199879  0.224022711277  0.180982091134  0.182792891098  0.464360310364  0.568904560155  21.1091868758  22.3381057948  0.733750105468  0.36008482175  0.199774946151  0.134458205676  5.80996126745  7.55520430004  1.46613650015  0.650457671965  0.349775377245  -9999.0  -9999.0  -9999.0  -9999.0  -9999.0  -9999.0  -9999.0  -9999.0  -9999.0  -9999.0  -9999.0
-9999.0  -9999.0  -9999.0  -9999.0  -9999.0  -9999.0  -9999.0  -9999.0  -9999.0  -9999.0  -9999.0  1.01546187706  9.45120355512  11.4647271185  1.85690572476  0.552570212969  1.28781864231  50.3515546601  51.0777053746  63.396877612  0.742278013921  1.53531733231  0.694438992642  0.705178728077  6.75324320503  8.8397121715  10.8044288253  0.638241522282  2.99436163755  4.71772270396  2.76840819437  1.1271018069  0.842659061986  0.779590068121  0.730835480059  0.396920659665  321.809960604  322.12747255  327.278737084  0.989954733726  0.516572837226  20.2237987031  1.24699636514  0.632361975746  0.646375944757  0.63863306452  0.601471405207  1.04326248321  2.94703816077  4.74552056364  34.1379008068  0.199173515761  0.589559205299  0.397579345731  0.335133030498  0.162750778002  0.173643776965  0.154942839559  0.116592747932  22.5524501887  0.0804223028507  0.294032547981  0.123376935824  0.121514660926  0.123951174229  7.69721132676  0.275831952055  0.100862111907  0.144830845056  0.0648267842669  -9999.0  -9999.0  -9999.0  -9999.0  -9999.0  -9999.0  -9999.0  -9999.0  -9999.0  -9999.0
-9999.0  -9999.0  -9999.0  -9999.0  -9999.0  -9999.0  -9999.0  -9999.0  -9999.0  -9999.0  -9999.0  1.03467809897  6.48727556303  1.02482156606  0.924122004366  4.69155877163  5.51493792294  6.36042035706  7.16407917395  85.6767270344  86.3532994624  87.7866984423  98.2132418789  100.283261123  101.456410127  102.15753249  114.334436491  115.92007425  116.539358949  121.911047096  125.323068054  125.922650255  127.8292014  1.3372990925  1.13910197621  0.278941187505  0.259961999828  322.488196124  328.995780369  1.4229776209  23.4288150038  22.9627653187  2.36105546454  0.576362751579  0.571029444759  0.556101097133  0.54041411115  1.08461252042  1.54552040989  0.43267492011  34.3905635266  34.656254534  35.8671235695  36.0815389929  36.6115704526  36.9573422635  0.145687573106  0.17307246033  0.128798091836  22.6709213061  22.847609055  23.2435294132  23.6545590259  0.204608893627  8.27225720792  8.01669552138  0.158893032798  2.76423238401  2.67360497313  0.178530439991  0.108379433085  -9999.0  -9999.0  -9999.0  -9999.0  -9999.0  -9999.0  -9999.0  -9999.0  -9999.0
-9999.0  -9999.0  -9999.0  -9999.0  -9999.0  -9999.0  -9999.0  -9999.0  -9999.0  -9999.0  -9999.0  3.32176667452  4.39534400597  2.07048596794  3.04332588492  0.960553137438  10.9856146891  11.8594845058  13.5825522464  14.3053120813  5.71908237717  94.6134802973  95.2636412729  0.64444569526  0.476609809378  0.408119990926  0.911586348114  0.448815693487  0.341429816104  0.329780410758  0.377390166668  126.426591967  128.354622184  130.229502793  131.847161879  132.898362088  0.444680631953  0.166444176049  353.521984345  24.2325522379  23.9124524893  0.534805589581  0.486779082119  0.449200526717  1.02990616089  1.01550723317  0.472526095838  0.474514055927  0.448863850585  0.87979414076  1.15615351382  0.190779164189  0.352889660486  0.146159858415  0.0886194202857  37.0642339831  37.3451457173  37.6870341188  37.9916236273  38.1523052445  38.3438126076  38.426413478  0.0764155395437  23.9355761094  0.167019290807  11.3889380385  2.9686746105  0.220928009191  2.42963681689  2.1023165243  0.119708761308  -9999.0  -9999.0  -9999.0  -9999.0  -9999.0  -9999.0  -9999.0  -9999.0  -9999.0
-9999.0  -9999.0  -9999.0  -9999.0  -9999.0  -9999.0  -9999.0  -9999.0  -9999.0  -9999.0  -9999.0  -9999.0  2.24433885828  1.05833797553  0.986571861449  9.25191977056  10.1439523778  0.899867726358  3.53014697401  4.34742724497  5.08052326561  0.795507558489  0.649021112007  14.4534274058  15.0012469927  15.5235815934  39.4272248927  39.8270890913  40.473349438  43.7003196392  45.5462674228  45.8440219109  0.287053112407  0.297144447919  0.323354185779  133.388569062  0.226363058388  357.872221685  357.527566597  3.71978251787  3.33439158678  2.03209727165  0.510509461693  0.901045770237  1.48436139831  1.46831840651  0.925216762965  0.458919414789  0.899086324868  0.902786794699  1.56069302046  0.292817802446  0.623465323921  1.0060462356  1.18950859389  1.29126588174  0.092187333085  0.0927966504322  0.0874766404042  0.0886403630873  0.0968547604987  38.5489972906  38.7532574182  62.793964687  62.8941971225  12.4496593551  0.872313694408  0.573164103789  0.178028180196  1.88520690258  1.77873619915  -9999.0  -9999.0  -9999.0  -9999.0  -9999.0  -9999.0  -9999.0  -9999.0  -9999.0
-9999.0  -9999.0  -9999.0  -9999.0  -9999.0  -9999.0  -9999.0  -9999.0  -9999.0  -9999.0  -9999.0  -9999.0  1.1518677343  3.24948362561  4.25701279098  7.31626337984  0.909654222339  1.83392814504  2.70408431273  10.502013258  11.2281543155  11.757484908  12.4623507534  13.2068290328  20.2478415163  22.3687094915  23.4660490572  0.42934593784  2.57492994265  2.94152269925  44.5928764066  46.1684478485  46.8091873012  47.4554364865  48.0710847632  181.721444999  0.195284267964  358.845945032  0.526826827153  0.234342212274  2.82976353665  2.46690112012  0.379272719396  1.33864903146  1.91700052571  1.8879011654  1.3123822612  2.15531735753  3.41212975251  1.2973547544  3.22354818086  0.291604919762  0.440045761719  0.0676276839541  0.0505709745598  1.44521299959  1.4934486047  0.153122708157  0.154305260454  0.231181071722  0.0747221401999  0.0827716521353  0.117586308319  83.9836215645  83.8857768541  20.7611026115  0.264277915583  1.3618567178  1.05641320842  0.672674973069  1.69675794449  1.24198611947  -9999.0  -9999.0  -9999.0  -9999.0  -9999.0  -9999.0  -9999.0  -9999.0
-9999.0  -9999.0  -9999.0  -9999.0  -9999.0  -9999.0  -9999.0  -9999.0  -9999.0  -9999.0  -9999.0  -9999.0  1.08396786468  2.1667894036  1.02106428977  2.05556186297  0.92823520682  6.9842878514  8.74838517366  9.655505579  0.825424820645  1.58367748288  15.3141116935  18.9432223961  19.5999492549  1.43956734992  1.34284826654  1.91404636436  0.333854363924  0.31095652941  0.582523934155  0.298812764197  22.9914771682  23.3451884724  23.5956762193  182.137723815  361.055008876  359.10545339  0.355667223515  0.163181068629  0.143593468068  0.735010033588  0.593464991156  1.62950352096  2.29995388354  4.62450091821  0.428976796633  0.428350534173  3.77717563229  4.14890091382  8.03307337081  8.22244542895  8.73117632339  8.85724562696  0.104408013397  0.160714487579  1.55330156199  87.5779992924  85.8209628329  85.5400055412  85.1211928749  0.0732527584175  84.6393366993  0.183036496945  0.143130340808  7.93889217772  2.18760939789  2.06901269469  0.388418200254  0.416772670699  0.308652799259  1.12461955043  -9999.0  -9999.0  -9999.0  -9999.0  -9999.0  -9999.0  -9999.0  -9999.0
-9999.0  -9999.0  -9999.0  -9999.0  -9999.0  -9999.0  -9999.0  -9999.0  -9999.0  -9999.0  -9999.0  -9999.0  -9999.0  1.06157681891  2.10951339297  3.15949322252  5.0757194486  0.990328680035  0.904457294116  6.21597325127  7.03579874315  13.9109217337  14.7154546265  2.27955924529  0.761764760223  0.714787346446  0.64232298486  20.9906367073  21.4246260359  21.7862894589  22.0688150268  22.6609577012  3.71635796084  4.01526780152  27.83980386  571.273483017  1.55636987917  1.17137171498  0.559430167055  0.159098395512  0.127071322164  1.01089248439  1.10414555134  1.87314733852  0.126080518671  4.81487259411  0.716951745135  0.70391635781  0.12000409849  0.0736298564131  0.0591882462096  0.0712832183088  0.0569353102897  8.93298984312  101.829015659  92.6218271873  92.3637066961  87.6516974641  0.0630939574754  0.072972197694  0.0873007126009  84.7449436925  0.206915569445  0.092056753596  0.103372994406  0.0992002004201  5.51654192213  5.31940101048  0.706038453349  0.361746066542  0.44126468979  0.440454871746  -9999.0  -9999.0  -9999.0  -9999.0  -9999.0  -9999.0  -9999.0  -9999.0
-9999.0  -9999.0  -9999.0  -9999.0  -9999.0  -9999.0  -9999.0  -9999.0  -9999.0  -9999.0  -9999.0  -9999.0  -9999.0  -9999.0  1.00664800562  1.89665039348  2.69200185478  3.50478422278  4.41180871475  5.33867839707  2.68592594122  4.4433644989  0.807522849346  0.789262314366  17.538517793  19.0129007013  19.6937178537  20.4240675987  0.549788878139  0.98891194239  2.56014007272  2.97313272878  3.34857111111  0.36348541636  0.230997268409  572.211789734  0.36935768337  0.378081430976  0.181332284349  0.697789793645  0.330530639214  0.15712686993  3.11963384104  3.24248652542  0.0932453977476  4.91880582546  5.70816273087  0.789332723741  104.924794783  104.736415231  104.586892481  104.282502247  104.142042682  102.405027906  102.28654095  0.199059419749  4.65860898126  4.38897054001  4.15711577687  4.09666400319  2.45409801485  2.39615301536  2.27121949956  0.677488012135  0.608951957199  0.4034545076  0.106942519417  5.08464763961  4.57868275757  0.334347199512  0.609980981252  0.263988934698  -9999.0  -9999.0  -9999.0  -9999.0  -9999.0  -9999.0  -9999.0  -9999.0
-9999.0  -9999.0  -9999.0  -9999.0  -9999.0  -9999.0  -9999.0  -9999.0  -9999.0  -9999.0  -9999.0  -9999.0  -9999.0  -9999.0  0.215289683318  0.48466944735  0.806328774622  7.51653392536  8.46014007319  0.949490405857  0.895517222314  0.885039373983  14.4487613283  16.0740394225  0.759724564291  0.782028174894  0.658190936478  2.71957705209  3.37801015391  1.66424017803  2.09745345421  15.6968318679  16.2004253841  17.0388979229  26.5958294611  599.071157551  0.344718603895  0.154862162754  1.09925641744  0.904095751741  0.141635314238  0.445058893004  0.574658434068  3.37761406495  3.4861140718  9.48290828249  5.80914637953  0.919096877766  107.114165878  0.784931636852  104.454261157  104.372610709  1.61978177557  0.167884607252  0.310511582342  0.165115937499  0.118437566654  0.179879510703  0.0868728546767  1.58653759278  1.32819739219  0.0815915702116  1.54066048339  0.19744157105  0.123500873706  0.298589692726  0.147674599194  0.401956011979  3.55914312921  2.98178717551  0.244159658033  0.324746655498  0.15715685512  -9999.0  -9999.0  -9999.0  -9999.0  -9999.0  -9999.0  -9999.0
-9999.0  -9999.0  -9999.0  -9999.0  -9999.0  -9999.0  -9999.0  -9999.0  -9999.0  -9999.0  -9999.0  -9999.0  -9999.0  -9999.0  1.09029146137  1.79526988738  3.74525224525  6.58293998835  9.19603387618  11.0425187836  11.9401029929  12.8377934742  13.6785740638  0.798496692301  0.721523396306  1.42138900555  1.35003431794  0.703149602451  13.6384439902  14.28487847  14.8848293297  15.4441112509  8.45007456313  8.86878074042  9.29848499067  599.296695864  0.609052582646  0.383198572974  1.63935153201  0.205491165108  0.268633732635  0.139108598339  0.121346306117  0.695238856687  0.0900111129539  0.0944401011664  117.089865212  107.530162354  107.432758549  0.343892997696  0.706238720506  0.451838372256  0.0992305581775  1.36336167123  0.35864572113  0.286097820657  0.21011871427  0.145562028008  0.0803068949651  0.188402484251  1.25655729687  1.06178638098  0.87611580657  1.26094078998  1.19612983636  1.14478133511  0.0896159374721  0.22673778267  0.271333923886  2.14680024164  1.63469179361  0.917981841105  0.125322543393  -9999.0  -9999.0  -9999.0  -9999.0  -9999.0  -9999.0  -9999.0
-9999.0  -9999.0  -9999.0  -9999.0  -9999.0  -9999.0  -9999.0  -9999.0  -9999.0  -9999.0  -9999.0  -9999.0  -9999.0  -9999.0  0.758822020761  0.725880787932  1.42879654566  2.14854405094  0.943650570686  1.02061934177  1.93686453129  2.84272391763  4.51406316046  5.34210669909  6.07493081523  8.24728387122  8.91638027302  9.63349256195  0.651691979019  6.61883177402  7.17628271752  7.6519040291  0.349196200116  0.187628829949  0.378810967696  608.827418015  609.041467288  610.009124207  2.25766592367  0.437772760131  0.434071866321  0.116476664305  0.216026763641  0.793950188208  0.96485481518  0.170562275059  117.495769083  0.121786239329  0.182047525375  0.203667337201  0.141076221929  0.263804526117  0.106398110399  0.921331659118  0.68797072857  0.494245810304  0.243149932294  0.168645540417  0.091216466296  0.105735668515  0.114526814679  0.115921805578  0.801909100488  0.618272265709  0.439903250809  0.253480704664  1.07865670731  0.840069918686  0.22502692046  0.291328738974  0.248214053789  0.44684286414  0.203790994479  -9999.0  -9999.0  -9999.0  -9999.0  -9999.0  -9999.0  -9999.0
-9999.0  -9999.0  -9999.0  -9999.0  -9999.0  -9999.0  -9999.0  -9999.0  -9999.0  -9999.0  -9999.0  -9999.0  -9999.0  -9999.0  -9999.0  0.704695110717  1.38436936116  0.658611123241  1.35993036448  8.49555871927  9.33766228996  10.2246900043  0.829324526839  0.834297825527  1.56923382824  2.31729925965  3.63958056786  4.32047806773  4.71370361778  5.33258127907  0.541629038756  0.489883962921  8.30143418271  8.4779925915  8.69992391205  8.92239845987  7.33970267485  618.266852242  621.795752736  622.013258076  622.646535494  623.392935647  623.720323399  0.088012510611  1.04536883059  117.579068122  0.180751042297  0.0925548695041  0.0930347885541  0.0908213592021  0.158564616622  0.14834189451  0.0839080752271  0.126508146544  0.112220354163  0.180658499048  0.078320430068  0.0608426632668  0.207685320503  0.147127695056  0.0775976589291  0.0760587371739  0.0837737330473  0.0893381865296  0.101700602159  0.158258196432  0.183937536042  0.402770759386  0.12257515801  0.430929160662  0.161846908687  0.165238330009  -9999.0  -9999.0  -9999.0  -9999.0  -9999.0  -9999.0  -9999.0  -9999.0
-9999.0  -9999.0  -9999.0  -9999.0  -9999.0  -9999.0  -9999.0  -9999.0  -9999.0  -9999.0  -9999.0  -9999.0  -9999.0  -9999.0  -9999.0  -9999.0  2.05463786806  2.75406989926  4.81681767192  6.39393620055  0.833471814501  12.0178795048  12.8290892948  13.6182749151  0.75920790511  1.49919218032  0.661718647974  4.98529279893  5.34382405971  5.8979314663  6.48652302623  7.87261983761  8.0256669466  0.11060591713  6.48847162427  6.92604398805  7.13065545393  8.0351138821  1.05372070808  0.642367819244  0.371229548578  0.364017066656  624.067144159  624.203499036  625.933076543  117.655944051  0.48714465255  0.243367236399  0.160132503171  0.0547351106381  0.467612795362  0.243524173906  0.0731311611205  0.392018437896  0.329597309464  0.0607138501527  0.432540503277  0.387320807286  0.271730053906  0.0583398331489  0.170036273381  0.124623045772  0.0505120207867  0.155078469235  0.104278706579  0.157739260546  0.153762205855  0.0840148534209  0.203207514668  1.67047538278  0.916810781687  0.57886084817  0.229479548795  -9999.0  -9999.0  -9999.0  -9999.0  -9999.0  -9999.0  -9999.0
-9999.0  -9999.0  -9999.0  -9999.0  -9999.0  -9999.0  -9999.0  -9999.0  -9999.0  -9999.0  -9999.0  -9999.0  -9999.0  -9999.0  -9999.0  -9999.0  0.713678986242  3.44788822058  4.16412173669  0.890022101941  0.914096928022  1.83828417368  2.68210244604  17.1076220979  0.762577637379  3.04372815339  3.72395636818  4.38955535484  0.374280203908  0.888504209289  1.17058665995  5.23442419452  5.7812208302  5.95390797216  0.209562105666  0.221291016708  0.264313962974  0.485937059292  0.209694081681  0.224360547465  0.297200086554  0.304221196632  0.293236928115  0.583971905567  626.077747175  744.053094641  0.593500843728  0.160777346265  0.0543895598724  1.41265193308  1.29324271802  0.7466055603  0.66640081102  0.4955468341  0.116354299844  0.0856973552751  0.47768696693  0.212605782162  0.1641287436  0.051186730604  0.227751657186  0.426869281785  0.348164695291  0.22260740513  0.104021598423  0.442390704457  0.327618030497  0.162570017472  2.02654767576  1.96574231413  0.16448449543  0.152470053461  0.139679151531  0.129825399593  -9999.0  -9999.0  -9999.0  -9999.0  -9999.0  -9999.0
-9999.0  -9999.0  -9999.0  -9999.0  -9999.0  -9999.0  -9999.0  -9999.0  -9999.0  -9999.0  -9999.0  -9999.0  -9999.0  -9999.0  -9999.0  0.63686539258  1.99730077891  0.650720833937  0.98403771612  1.00229306257  1.91591192167  2.81141059525  3.59094235327  21.3403289684  22.0827340236  0.759786013068  1.44662061375  2.13900439896  2.61196290403  3.13186188649  4.62249219111  5.0267061841  0.315160648226  0.298223831481  0.281701763287  0.285755370731  0.323613834342  0.346820534022  0.30564560703  0.427181454737  0.979156384631  0.457901736463  0.110718902782  0.106802123068  0.101934743112  0.192184413082  748.492397861  3.62584275672  1.70004743369  0.15636366618  0.0755141174327  0.05139361602  0.174087336421  0.119747584675  0.0606869498437  0.0600843318638  0.601629336539  0.869757387952  0.951597046047  0.0379843008998  0.775828576641  0.502137898709  0.0577893243415  0.0509532500883  0.114469204151  0.947163422512  0.423161580762  0.232576756467  2.10279600851  0.0829179876299  0.095897678826  0.534711659697  0.271966434177  0.453732862167  0.190729256898  -9999.0  -9999.0  -9999.0  -9999.0  -9999.0
-9999.0  -9999.0  -9999.0  -9999.0  -9999.0  -9999.0  -9999.0  -9999.0  -9999.0  -9999.0  -9999.0  -9999.0  -9999.0  -9999.0  0.675501481412  1.29233043771  4.5612570187  0.624849071724  1.81593166788  2.80277245297  3.72304060163  0.934069715688  1.75230959393  2.49001600232  25.1681192288  0.729562574846  1.38684223352  2.05664842839  0.615494498672  1.21776561283  1.52244452892  1.92002008041  46.0270248082  46.6161142297  47.1503045096  49.1575971559  50.1175232698  51.745219272  0.432040934004  1.03393894812  1.1637674299  56.1611521061  56.3747724688  0.0991579939999  0.176670248343  0.251299627287  748.614332094  3.29523106631  1.38519305312  1.28773658894  1.10426201696  0.991754594477  0.231341783152  0.0559191205819  0.105792524821  0.0544320235664  0.0556329391354  0.113108889833  1.00884829221  1.88567273035  0.835805261136  0.162174428818  0.110426377712  0.0680247581558  1.31579267167  1.12810957993  0.100359357261  2.5158374151  2.18699009644  0.160235629257  0.986427381621  0.633154452779  0.684336343629  0.584002853545  0.126416327181  -9999.0  -9999.0  -9999.0  -9999.0  -9999.0
-9999.0  -9999.0  -9999.0  -9999.0  -9999.0  -9999.0  -9999.0  -9999.0  -9999.0  -9999.0  -9999.0  -9999.0  -9999.0  -9999.0  0.677938362176  2.05332663726  7.28275473268  10.7390053929  0.56221624736  13.9907948434  18.3615150511  0.887578397624  1.70078110767  2.47118425634  32.1541538377  32.7700514937  0.577229913728  3.22669910357  3.77983032409  4.28141601034  42.2890463995  43.2576455787  43.7997154899  0.259040701519  1.46896271485  1.73060070298  0.685403578815  0.967969989825  53.0782374749  54.5004032976  54.696731473  54.8804409034  56.5785859689  0.0988438388967  0.0825709728671  0.402135788374  748.718976342  0.10489804292  0.0352668867751  0.101642341329  0.0389315132736  0.870171816938  0.754832321646  0.4440797092  0.312545456598  0.126140679242  0.0554663526328  0.166265844921  0.0417957037155  1.93365300131  0.248241786832  0.203305311975  0.0375936016791  0.108140317902  1.36672606708  0.0399252126225  0.0695789709876  2.59384177689  0.0576058525682  1.13160706468  1.06808711235  0.937429227083  0.863836567101  0.0867162102998  0.332303236163  0.106128123667  -9999.0  -9999.0  -9999.0  -9999.0
-9999.0  -9999.0  -9999.0  -9999.0  -9999.0  -9999.0  -9999.0  -9999.0  -9999.0  -9999.0  -9999.0  -9999.0  -9999.0  -9999.0  -9999.0  -9999.0  1.41131631233  2.83369689945  12.6857465845  13.371402048  18.9672142965  19.6201985782  0.851184429438  1.7000089663  3.97881209374  33.2979743205  34.4591085926  34.9298743652  0.379980727203  36.6339462837  37.6421443649  0.616641361888  0.262715197663  0.5232282767  0.996024279404  0.230082085852  0.445171204372  0.947738943855  1.15997679138  0.209373767558  0.136103337431  0.265724516654  57.661712848  58.0256375139  58.099457782  58.6968133336  748.814886856  0.0832668788092  0.0238735194101  0.0269322199916  0.0258952924728  0.026750139249  0.0227534295271  0.0419423639552  0.0467620237533  0.107875757851  0.0594077973653  0.0612413022613  0.278436612805  2.34606742356  2.66061494591  2.71264421206  2.90165381501  0.0404383664306  1.40690330717  0.212253156805  0.131791429878  2.63673635858  2.73610034058  1.18864938536  1.26288881051  1.04977798606  0.611296529185  0.529098202476  0.441546286386  -9999.0  -9999.0  -9999.0  -9999.0  -9999.0
-9999.0  -9999.0  -9999.0  -9999.0  -9999.0  -9999.0  -9999.0  -9999.0  -9999.0  -9999.0  -9999.0  -9999.0  -9999.0  -9999.0  -9999.0  -9999.0  0.731712456543  0.717230129447  0.694359664914  1.37546040175  0.591844358927  20.8030573326  21.3975901472  0.789126082665  1.55986308094  0.718217418168  0.568500897553  0.550866106863  35.8916943081  0.328018620721  0.645755419429  0.351767352191  0.289683333627  0.24365020812  0.182499942881  0.189690056124  0.562285230571  0.767468527684  0.140254651985  0.122557843583  0.257814880319  0.425030447381  0.623000712408  0.201676892743  58.2133071309  58.7685194688  748.889667364  0.246651349767  0.0731266018771  0.0146656808737  0.0374006722166  0.0118155162935  0.00919069948934  0.0521126673807  0.231999531679  0.141065110884  0.0307833553063  0.0314777658492  0.105284655666  0.0674845943368  0.0380734561774  0.0453938886125  0.046997720136  4.7400558182  1.65702793184  0.0363837589135  0.0621324682238  0.0297339754801  6.33341394677  3.56393963039  3.52097498471  1.1637664674  0.76541995577  0.0679633399657  -9999.0  -9999.0  -9999.0  -9999.0  -9999.0  -9999.0
-9999.0  -9999.0  -9999.0  -9999.0  -9999.0  -9999.0  -9999.0  -9999.0  -9999.0  -9999.0  -9999.0  -9999.0  -9999.0  -9999.0  -9999.0  -9999.0  -9999.0  -9999.0  0.70688357467  2.02177756974  2.58445725265  3.16243974026  21.9644908558  22.5367269411  23.1009848067  23.7441696938  24.2829677578  25.3960197709  25.7244327722  26.0278027523  26.3084678919  0.273168584906  0.24690528912  0.249798315152  0.821476323318  0.210720776622  0.191984184584  0.152536335701  0.428366211073  0.160748598834  0.12024884793  0.111887034589  0.0967713969539  0.19313666499  0.271741502205  59.3008145814  808.517104902  0.0868729761591  0.144850354226  0.0116663907733  0.0512372176179  0.0294695001645  0.0184946149927  0.476619547195  0.392657046301  0.107887003313  0.0638004923061  0.169653914555  0.0335574820482  0.100114078179  0.066243148962  0.124447344811  0.0429180077487  0.0529630366092  4.7832048922  4.92086740917  7.50808029528  7.46481978711  7.42365306864  0.0449139506138  1.01453667596  0.96479351197  0.107908834165  -9999.0  -9999.0  -9999.0  -9999.0  -9999.0  -9999.0  -9999.0
-9999.0  -9999.0  -9999.0  -9999.0  -9999.0  -9999.0  -9999.0  -9999.0  -9999.0  -9999.0  -9999.0  -9999.0  -9999.0  -9999.0  -9999.0  -9999.0  -9999.0  -9999.0  -9999.0  0.598579003401  4.66545701208  9.09190610831  9.67759721108  0.796782527728  1.57548924496  2.354326291  3.00925512691  7.2469251651  7.55369057306  0.296121561343  0.278455966022  26.8819122633  27.3680746208  27.5928249752  0.976278364351  0.130792898653  0.305373776786  0.450970965059  1.34835875733  1.64911929656  1.8761971604  0.209020047043  0.286888065122  0.0921447432104  0.178820772542  0.0897576723763  808.698435857  0.0618625887061  0.273634886551  0.061992394849  0.14856318025  0.47176313112  0.522117945091  1.0349893807  0.439505202536  0.392755518465  0.275342624604  0.250974663447  0.0556557973526  0.122074616379  0.164356091068  0.144893176095  0.0201703149852  12.7919405051  12.7163618198  12.6732175267  7.63811119027  0.0637573767539  0.981866526765  0.706871784942  0.468527578391  0.294553866695  0.0503901263372  -9999.0  -9999.0  -9999.0  -9999.0  -9999.0  -9999.0  -9999.0
-9999.0  -9999.0  -9999.0  -9999.0  -9999.0  -9999.0  -9999.0  -9999.0  -9999.0  -9999.0  -9999.0  -9999.0  -9999.0  -9999.0  -9999.0  -9999.0  -9999.0  -9999.0  0.658290799522  2.08530477092  4.08255103202  5.3376218531  13.4799267042  14.1738596848  1.60827165527  2.38619383245  3.0623906039  3.70196800522  7.87670564282  8.48602366231  14.9885668007  15.5132785247  15.774749154  27.7996412908  29.239757353  0.310767602598  0.194301953858  0.183783743682  0.341202127521  0.151538174468  2.16565369217  2.27226635592  0.37426060047  0.53577019141  0.121063790602  170.27113491  170.449321183  979.263413  979.644842188  0.0766800890713  0.312914062297  0.0941417857851  0.0622965941942  1.14922628252  1.62826582758  0.354729609062  0.306432068455  0.0532571581954  0.0278153175582  0.148991850378  13.1006126386  12.9146836083  12.8893901119  12.8404576228  0.0546167947931  0.0530814906545  0.0565354372338  0.0678884913692  0.217577043676  0.145608746099  0.132021959837  0.197913791484  0.0610600457819  -9999.0  -9999.0  -9999.0  -9999.0  -9999.0  -9999.0  -9999.0
-9999.0  -9999.0  -9999.0  -9999.0  -9999.0  -9999.0  -9999.0  -9999.0  -9999.0  -9999.0  -9999.0  -9999.0  -9999.0  -9999.0  -9999.0  -9999.0  -9999.0  -9999.0  -9999.0  0.740310966617  0.716481740325  1.36045192967  3.22564475399  14.7710335258  0.822521100517  0.813461283235  1.48524447182  2.16596333784  5.20614515354  5.63504848218  0.296514460564  0.332863796046  16.0866855294  16.2869138386  45.7410466534  45.9286032313  0.104100666035  0.0930795183058  0.074142293689  0.0747859970988  0.0789169099376  168.101620395  168.716964429  169.432808903  169.726579514  170.127307053  0.0937398931096  0.341253878735  0.400470188138  980.205652258  980.272361507  980.430406332  980.60694745  980.767039803  1.71164619068  0.0246213736708  0.102571286436  0.0812221984837  0.020941358239  0.169843117578  13.1774890393  0.0519408033003  0.026208244498  0.21442370878  0.189783424634  0.154848766611  0.118743179468  0.0691263606331  0.0844131175621  0.0795052994557  0.068149623981  0.0726096044846  -9999.0  -9999.0  -9999.0  -9999.0  -9999.0  -9999.0  -9999.0  -9999.0
-9999.0  -9999.0  -9999.0  -9999.0  -9999.0  -9999.0  -9999.0  -9999.0  -9999.0  -9999.0  -9999.0  -9999.0  -9999.0  -9999.0  -9999.0  -9999.0  -9999.0  -9999.0  -9999.0  -9999.0  0.661995382843  0.690213304522  1.27937425211  17.2679310029  17.8743243777  0.802849951135  1.47180302669  2.16331502635  2.65154887733  0.428170821558  0.844904991685  39.523730648  39.769546229  40.0708530332  42.0120309748  88.1910345831  163.852327479  164.112441953  164.333334309  164.547626959  165.435613792  165.723305344  0.494974966278  0.219733983587  0.128702187634  0.241482844478  0.168225613002  0.268850318741  0.0811392903629  1.99348986126  2.16359734381  2.33248302645  2.36012694921  980.835977614  982.668463631  982.886865309  0.13089862496  0.0213770212957  0.231731587755  0.193087035301  13.2271980522  0.0253365777984  0.482299564173  0.238244582942  0.208090995718  0.148330568395  0.0762977660244  0.109284360991  0.0561836826489  -9999.0  -9999.0  -9999.0  -9999.0  -9999.0  -9999.0  -9999.0  -9999.0  -9999.0  -9999.0  -9999.0
-9999.0  -9999.0  -9999.0  -9999.0  -9999.0  -9999.0  -9999.0  -9999.0  -9999.0  -9999.0  -9999.0  -9999.0  -9999.0  -9999.0  -9999.0  -9999.0  -9999.0  -9999.0  -9999.0  -9999.0  -9999.0  0.671782363567  1.28363031749  1.89946214073  18.3951921555  0.642287014623  25.061545041  25.7793169965  26.2267730167  26.6838006006  37.8123286088  38.2651232002  0.253049463111  1.42256659474  1.69460120149  0.222313982302  75.4087396919  75.0074373246  0.116045723282  0.26730984562  0.699002935705  0.152326742688  0.152477751575  0.109531119659  0.0889854921934  0.0697869943992  0.0779539296166  1.75167658665  1.83028391665  1.92555252787  0.120894164377  0.129683945313  2.42828200864  2.46194058999  2.48160947714  982.943045972  982.998887302  0.288567276122  0.249719918313  13.7742272041  13.7556764472  0.505756984335  0.0503219276771  0.0249857611724  0.375440248807  0.321939248204  0.252519357671  0.162817710247  0.0868329087541  0.04019836181  -9999.0  -9999.0  -9999.0  -9999.0  -9999.0  -9999.0  -9999.0  -9999.0  -9999.0  -9999.0
-9999.0  -9999.0  -9999.0  -9999.0  -9999.0  -9999.0  -9999.0  -9999.0  -9999.0  -9999.0  -9999.0  -9999.0  -9999.0  -9999.0  -9999.0  -9999.0  -9999.0  -9999.0  -9999.0  -9999.0  -9999.0  0.617563725758  0.574807188388  2.97238589979  22.542205689  23.7627129778  24.3916472501  0.681324143911  10.1157774492  10.5068245504  10.690586357  0.409588055979  0.691992170027  0.916475272192  17.7802015065  17.9586458755  18.10502765  74.7492199956  45.6868102499  0.145867748142  0.146942142407  0.140691445907  0.104892658426  1.10089341318  1.30305819579  1.48065154225  1.57577968988  1.66726114087  14.9474356139  15.0127392894  15.1459014776  15.4801928591  16.3527340331  16.3799331037  18.887593718  0.0202765874599  983.05242284  983.110619363  0.309487445719  13.7908966723  0.0378691976283  0.0193790633452  0.0748526676946  0.583089847642  0.56256182061  0.130049737863  0.0660876296433  0.199424227099  0.137474684381  0.0398112963826  0.0342723803832  0.0337501275094  -9999.0  -9999.0  -9999.0  -9999.0  -9999.0  -9999.0  -9999.0  -9999.0
-9999.0  -9999.0  -9999.0  -9999.0  -9999.0  -9999.0  -9999.0  -9999.0  -9999.0  -9999.0  -9999.0  -9999.0  -9999.0  -9999.0  -9999.0  -9999.0  -9999.0  -9999.0  -9999.0  -9999.0  -9999.0  -9999.0  1.20058128852  1.82389968577  0.620152308368  0.828151229807  7.74491709369  8.44607796904  8.94389370319  3.73517764923  4.08753565349  4.47309682295  4.74826905325  17.3876875772  17.6311288982  10.4740313384  28.7580593315  28.9228729272  45.5705489436  0.293526604676  0.145297722098  0.102562422181  0.77037602133  0.896077121785  0.0708627423638  0.0657864376651  14.6573559812  14.8137124041  14.8870260201  0.146581794724  0.231575402158  16.2358600276  0.0600418324813  0.171623461551  0.19091177091  19.1180862046  19.1375446859  19.3579462982  1002.83128665  13.8463214425  0.743331180891  0.725905626529  0.702468933543  0.602777500015  0.0271362226825  0.305071150612  0.261148267332  0.0940194086699  0.0412330312885  0.0697181642943  0.153723962924  0.0856152805671  -9999.0  -9999.0  -9999.0  -9999.0  -9999.0  -9999.0  -9999.0  -9999.0
-9999.0  -9999.0  -9999.0  -9999.0  -9999.0  -9999.0  -9999.0  -9999.0  -9999.0  -9999.0  -9999.0  -9999.0  -9999.0  -9999.0  -9999.0  -9999.0  -9999.0  -9999.0  -9999.0  -9999.0  -9999.0  -9999.0  0.59711088184  1.18120624312  4.85157839996  5.48475875746  6.18707254797  2.83305586113  3.37799411265  0.36774737189  11.7738675559  12.0951614501  12.3947677912  0.265730710756  10.0221095931  10.2746024908  0.174976545774  44.7927332182  0.34319466282  0.171416196175  0.421254196805  0.567082957542  0.103052794276  0.0844216682193  13.839084618  14.514635388  14.6075800307  0.0963138551144  0.199475772695  0.255462343375  0.316530354504  0.632924710858  0.0637818055373  0.140454893858  0.0277857073401  0.0546015341259  19.3159366052  19.3380026802  1002.8894206  1017.63621108  0.843124528613  0.0738328600354  0.0391082072446  0.0456050517028  0.0201354507425  0.331176137613  0.192963039402  0.146966320214  0.455029244472  0.402409629286  0.279167640288  0.0623437390941  0.0348992997393  -9999.0  -9999.0  -9999.0  -9999.0  -9999.0  -9999.0  -9999.0
-9999.0  -9999.0  -9999.0  -9999.0  -9999.0  -9999.0  -9999.0  -9999.0  -9999.0  -9999.0  -9999.0  -9999.0  -9999.0  -9999.0  -9999.0  -9999.0  -9999.0  -9999.0  -9999.0  -9999.0  -9999.0  -9999.0  0.589877207696  1.82288395821  3.10691736694  0.711461179108  1.49133298958  2.20170053922  10.2753197996  10.7452069253  11.0907823327  0.319034794429  8.4111655846  9.29463409894  9.55300721993  0.189332166512  44.0568528376  44.4540486568  0.17738570388  0.161153916637  0.308252989638  0.119362463406  13.2962317236  13.4994374741  13.6122664109  0.432326447823  0.526316619192  0.0811667749431  0.1430248101  0.0624037116788  0.452569493856  0.0630290125708  0.0364167790521  0.0368669991051  0.0366415617626  0.074523019107  0.100537467342  64.2885148235  64.3563129391  1082.10049554  1082.20247584  1082.29573127  0.0532204060539  0.697771647839  0.637144341817  0.267906656669  0.25158561797  0.0340497523376  0.545263935163  0.0388059663767  0.0351914294261  0.0298399935586  0.126102151097  0.0536576498001  -9999.0  -9999.0  -9999.0  -9999.0  -9999.0  -9999.0
-9999.0  -9999.0  -9999.0  -9999.0  -9999.0  -9999.0  -9999.0  -9999.0  -9999.0  -9999.0  -9999.0  -9999.0  -9999.0  -9999.0  -9999.0  -9999.0  -9999.0  -9999.0  -9999.0  -9999.0  -9999.0  -9999.0  -9999.0  0.620387397821  0.661495171677  0.802087234163  7.04276611511  7.71504649233  9.67307296887  0.527629840897  7.04528982649  7.81941829342  0.315674981549  0.63276686795  0.210463902164  43.470615271  0.222914312495  0.587267606566  0.721426616013  0.850202812265  12.5841476433  12.9668193  13.0944543718  0.129597410579  0.235036354692  0.329579574636  0.0558300477289  0.0502792538287  35.5316234049  35.5821147607  35.6233312155  36.0246795946  36.0745736628  36.1266977628  36.1580780343  57.3841174549  57.4222774403  64.2657614985  0.0438925864084  0.0482426609124  0.0779328111431  1082.42609312  1082.58880664  1083.35756943  1083.40893536  0.0344980580806  0.0184594433796  0.613128169609  0.59110251222  0.027881255001  0.0769273600072  0.537213839321  0.336351614713  0.293064273004  0.077832198295  -9999.0  -9999.0  -9999.0  -9999.0  -9999.0
-9999.0  -9999.0  -9999.0  -9999.0  -9999.0  -9999.0  -9999.0  -9999.0  -9999.0  -9999.0  -9999.0  -9999.0  -9999.0  -9999.0  -9999.0  -9999.0  -9999.0  -9999.0  -9999.0  -9999.0  -9999.0  -9999.0  -9999.0  0.536034822638  1.36391125507  2.91257284278  6.29318212418  0.747529387497  1.37867196053  5.67589133496  6.17025956164  0.406969753989  10.559681051  10.8880351008  42.7932248378  43.0298889092  0.198744021177  0.379255858011  1.73097938623  11.2708735236  11.6428585969  0.26936332817  0.120924531837  0.0963793958125  32.39983114  32.5797056133  32.7225269351  32.864057516  35.4849325946  0.143526757435  35.9766621958  0.0784265937264  0.0504941483529  0.0928098276759  21.1422808511  21.1996997947  6.6466953699  6.7962199693  0.0991088346989  0.0483547912532  0.0545661741059  0.0400055089314  0.0582550827813  0.0197463515739  1127.87792774  1127.97247093  0.829127518519  0.649678612435  0.0209040667324  0.835790111059  0.775270695362  0.646620812451  0.0569747068728  0.0715601793244  0.0848255209563  -9999.0  -9999.0  -9999.0  -9999.0  -9999.0
-9999.0  -9999.0  -9999.0  -9999.0  -9999.0  -9999.0  -9999.0  -9999.0  -9999.0  -9999.0  -9999.0  -9999.0  -9999.0  -9999.0  -9999.0  -9999.0  -9999.0  -9999.0  -9999.0  -9999.0  -9999.0  -9999.0  -9999.0  -9999.0  0.959155269886  1.84937911252  2.63785488107  4.35872249832  5.00885215415  8.23220563896  9.43576564561  9.86321442202  10.2174841995  31.3678171391  31.6604577083  0.196999327817  1.39290977715  1.58671951694  9.18908062385  9.3804170395  0.231731517559  0.090503202645  31.8897501412  32.1205398098  32.2271256769  0.0974689595986  2.37926162548  2.46134799089  2.54963256074  0.0750273735906  0.0555673041924  0.0424870370357  0.047186600253  20.952728936  21.0109039087  0.0414221244976  6.60710290241  6.34208832613  6.30440893954  0.0390551993523  0.0444906014966  0.0818330011225  0.107516927253  44.2885919549  44.412570417  1128.86904265  0.108298147323  0.0237597618356  0.883247266571  0.0287724262006  0.157891893266  0.107742610953  0.0528639069519  -9999.0  -9999.0  -9999.0  -9999.0  -9999.0  -9999.0  -9999.0
-9999.0  -9999.0  -9999.0  -9999.0  -9999.0  -9999.0  -9999.0  -9999.0  -9999.0  -9999.0  -9999.0  -9999.0  -9999.0  -9999.0  -9999.0  -9999.0  -9999.0  -9999.0  -9999.0  -9999.0  -9999.0  -9999.0  -9999.0  -9999.0  0.926225148022  2.79667828257  3.56728116856  5.22947185362  6.82170455469  7.58771773062  0.636636693366  8.06823604491  30.4926000826  31.032473565  0.432980828923  0.760762035522  1.24275831502  8.83699315501  9.02848610084  21.4026322739  21.6934615504  31.7060255961  31.8201119807  0.143845485667  2.01902966103  2.20634976058  2.31153549009  0.0818590751714  19.019579088  19.0935327204  19.318439587  20.2966263644  20.7229924711  20.8305890496  0.0811520027056  0.135503707454  0.180200867829  5.4631234994  6.23331505634  0.540815809389  0.499764860426  0.0777982657988  0.0723805872885  44.1577536335  0.103705876565  0.0380834280879  1128.95593087  0.0125211867461  0.0136189196314  1.10101822729  0.197749298538  0.040497074847  0.0371365196609  -9999.0  -9999.0  -9999.0  -9999.0  -9999.0  -9999.0  -9999.0
-9999.0  -9999.0  -9999.0  -9999.0  -9999.0  -9999.0  -9999.0  -9999.0  -9999.0  -9999.0  -9999.0  -9999.0  -9999.0  -9999.0  -9999.0  -9999.0  -9999.0  -9999.0  -9999.0  -9999.0  -9999.0  -9999.0  -9999.0  -9999.0  0.986437282023  0.947081459714  3.60377073738  4.36749011515  0.80344569253  6.68498521824  7.41174418685  0.655909639915  21.2080153196  0.601285107271  3.87786438522  8.32196100707  8.63432856869  20.1476479111  20.3568911072  21.251605182  0.207863060735  9.91295846321  0.128143637395  0.224748211134  1.94770602473  0.106832966839  4.19312167042  18.8726638595  0.0828966515613  0.170282830053  0.754318673022  0.110397379218  0.169284805254  0.0919969274594  0.0528914821194  4.96709034182  5.28770062369  5.42049930836  0.181536039436  0.126106206605  0.236137413819  0.107746021642  43.9064341704  43.9789495766  0.071862180378  0.018498184753  0.00905117399061  1129.05591405  1130.42148728  1.30139468631  0.183738386424  0.161838367572  0.087046049407  -9999.0  -9999.0  -9999.0  -9999.0  -9999.0  -9999.0  -9999.0
-9999.0  -9999.0  -9999.0  -9999.0  -9999.0  -9999.0  -9999.0  -9999.0  -9999.0  -9999.0  -9999.0  -9999.0  -9999.0  -9999.0  -9999.0  -9999.0  -9999.0  -9999.0  -9999.0  -9999.0  -9999.0  -9999.0  -9999.0  -9999.0  -9999.0  0.933235973599  0.956982966919  0.931939928981  5.04062348711  5.89299667312  9.6536267793  20.6378920378  0.737791885892  2.21275289206  2.84673780881  4.07155168912  0.930074476713  19.8298516067  0.334262406921  0.663192184735  9.51495017254  0.247307253182  1.16795603069  1.45945836264  0.163238655481  0.10451268587  4.12705307325  14.6010419968  0.109614345566  0.394363284802  0.683016612633  0.123333752477  0.0709736837868  4.52603762662  4.72698497623  0.140194980926  0.273118278706  0.0736161488494  0.12693522585  0.0726862445662  0.056152716731  0.0785835333731  43.8418304235  0.217566783632  -9999.0  -9999.0  0.0176317666217  0.0317925744045  1130.46855779  1130.51695752  1130.63805989  0.0494557295639  -9999.0  -9999.0  -9999.0  -9999.0  -9999.0  -9999.0  -9999.0  -9999.0
-9999.0  -9999.0  -9999.0  -9999.0  -9999.0  -9999.0  -9999.0  -9999.0  -9999.0  -9999.0  -9999.0  -9999.0  -9999.0  -9999.0  -9999.0  -9999.0  -9999.0  -9999.0  -9999.0  -9999.0  -9999.0  -9999.0  -9999.0  -9999.0  -9999.0  -9999.0  0.828503091372  2.55648942707  3.29028938219  8.94211539214  3.06943722558  10.2408287181  6.5330604779  0.735738545249  2.18605085011  3.52953219203  0.548187074374  18.5477857617  6.94236631729  8.52230192691  0.768091153583  0.758454298767  0.220682294805  0.21011224497  3.81937919362  3.9261460774  14.2900885217  14.3895629916  0.192736697059  0.295558762463  0.0777946366571  3.78539492701  4.15257801196  4.48050078053  0.151702395984  0.0693384920126  0.199922529158  0.0698793667965  0.0521527019803  0.0428330200593  43.1697056053  43.3594082323  43.4790997231  0.147047311593  -9999.0  -9999.0  -9999.0  -9999.0  -9999.0  0.00941572638794  1130.68296861  1130.73279657  -9999.0  -9999.0  -9999.0  -9999.0  -9999.0  -9999.0  -9999.0  -9999.0
-9999.0  -9999.0  -9999.0  -9999.0  -9999.0  -9999.0  -9999.0  -9999.0  -9999.0  -9999.0  -9999.0  -9999.0  -9999.0  -9999.0  -9999.0  -9999.0  -9999.0  -9999.0  -9999.0  -9999.0  -9999.0  -9999.0  -9999.0  -9999.0  -9999.0  -9999.0  1.01943056734  0.952955639753  8.26657284175  0.731163346704  2.42069728882  4.22334071036  5.82102594622  0.800608977955  0.735140237175  0.690969144124  17.3257971005  17.9708457341  6.46262636933  1.16321009047  0.508450375531  0.499502731465  3.40759468683  3.70427442849  13.3424028987  13.7462954273  14.0666544177  0.132037279306  0.101586327015  3.57909243829  3.64551878799  3.72417194671  0.314945188939  0.173393273688  0.0845140700301  0.080709749721  0.0571970912383  0.443884428334  0.482462787379  43.0480855757  43.1086172898  0.13252780105  0.0583213639716  0.0735354769641  -9999.0  -9999.0  -9999.0  -9999.0  -9999.0  -9999.0  -9999.0  -9999.0  -9999.0  -9999.0  -9999.0  -9999.0  -9999.0  -9999.0  -9999.0  -9999.0
-9999.0  -9999.0  -9999.0  -9999.0  -9999.0  -9999.0  -9999.0  -9999.0  -9999.0  -9999.0  -9999.0  -9999.0  -9999.0  -9999.0  -9999.0  -9999.0  -9999.0  -9999.0  -9999.0  -9999.0  -9999.0  -9999.0  -9999.0  -9999.0  -9999.0  -9999.0  -9999.0  1.98440755247  6.56538578463  3.66940730488  0.858322479754  3.46182223286  0.806234726022  2.53891677435  3.19988816066  15.4897951424  16.7822679843  5.32735701143  5.90692387251  0.579847918514  2.51293322045  2.98570737946  8.70407096659  12.8343406164  13.1653738038  0.25543150462  0.166676774973  2.915714858  3.22134031958  3.50956853443  0.0877824564975  0.160559520437  0.239639336903  0.0810338653072  0.176278333476  0.281292086425  0.32990569924  0.403115259729  0.048537564401  42.4430674771  0.105481060185  0.0766323987649  -9999.0  -9999.0  -9999.0  -9999.0  -9999.0  -9999.0  -9999.0  -9999.0  -9999.0  -9999.0  -9999.0  -9999.0  -9999.0  -9999.0  -9999.0  -9999.0  -9999.0  -9999.0
-9999.0  -9999.0  -9999.0  -9999.0  -9999.0  -9999.0  -9999.0  -9999.0  -9999.0  -9999.0  -9999.0  -9999.0  -9999.0  -9999.0  -9999.0  -9999.0  -9999.0  -9999.0  -9999.0  -9999.0  -9999.0  -9999.0  -9999.0  -9999.0  -9999.0  -9999.0  -9999.0  1.02290646834  0.955727839241  1.78790945131  0.886724912996  1.74164319803  1.74976470475  9.65353082099  10.2645540048  1.45185594397  0.72071101579  4.71286110603  1.34300120228  2.01550190892  7.32671832937  7.83161360511  8.31861377346  3.74019290606  1.33478925913  1.91335076233  2.34463316846  2.81935318661  0.218244478184  0.157610586152  28.2896918894  28.3991739525  28.4777621548  0.06562234574  0.115619851861  0.058844443783  0.0444460564758  41.0178256753  41.3601933611  0.8048809082  0.703371357598  0.0647085889308  -9999.0  -9999.0  -9999.0  -9999.0  -9999.0  -9999.0  -9999.0  -9999.0  -9999.0  -9999.0  -9999.0  -9999.0  -9999.0  -9999.0  -9999.0  -9999.0  -9999.0  -9999.0
-9999.0  -9999.0  -9999.0  -9999.0  -9999.0  -9999.0  -9999.0  -9999.0  -9999.0  -9999.0  -9999.0  -9999.0  -9999.0  -9999.0  -9999.0  -9999.0  -9999.0  -9999.0  -9999.0  -9999.0  -9999.0  -9999.0  -9999.0  -9999.0  -9999.0  -9999.0  -9999.0  -9999.0  -9999.0  0.811754908627  0.838488309881  0.91259736768  3.63516282794  8.8475748935  4.37034448341  0.795171271213  3.25437439567  4.00404011268  0.662890423689  6.25457930663  6.79695860787  1.78368866938  2.77746665349  0.499560364694  0.891585129152  0.333140318834  0.22005311416  0.215317826706  27.9024024193  28.0731130853  28.1950644312  0.668787872616  29.2631613581  29.3597176962  29.4393693266  29.516516039  29.6438208789  40.9757498809  41.1003258944  0.204183695646  0.632561828664  0.168333330981  -9999.0  -9999.0  -9999.0  -9999.0  -9999.0  -9999.0  -9999.0  -9999.0  -9999.0  -9999.0  -9999.0  -9999.0  -9999.0  -9999.0  -9999.0  -9999.0  -9999.0  -9999.0
-9999.0  -9999.0  -9999.0  -9999.0  -9999.0  -9999.0  -9999.0  -9999.0  -9999.0  -9999.0  -9999.0  -9999.0  -9999.0  -9999.0  -9999.0  -9999.0  -9999.0  -9999.0  -9999.0  -9999.0  -9999.0  -9999.0  -9999.0  -9999.0  -9999.0  -9999.0  -9999.0  -9999.0  -9999.0  -9999.0  -9999.0  0.939784312396  1.87943807375  1.86009245814  1.7865142813  1.73888511259  2.55442989365  4.19009051343  4.88299769031  5.63099102977  0.622880918581  1.26112211172  0.527354013996  0.465378552675  18.6761369762  22.2113038565  22.8953178807  23.1809221813  27.748805041  0.207545833488  0.370418394085  0.572339071705  3.66265796717  3.77977659566  3.87341512038  8.60756491579  10.4397405512  11.2475947513  0.113412196461  0.115198653042  0.39487879675  0.0990583796458  -9999.0  -9999.0  -9999.0  -9999.0  -9999.0  -9999.0  -9999.0  -9999.0  -9999.0  -9999.0  -9999.0  -9999.0  -9999.0  -9999.0  -9999.0  -9999.0  -9999.0  -9999.0
-9999.0  -9999.0  -9999.0  -9999.0  -9999.0  -9999.0  -9999.0  -9999.0  -9999.0  -9999.0  -9999.0  -9999.0  -9999.0  -9999.0  -9999.0  -9999.0  -9999.0  -9999.0  -9999.0  -9999.0  -9999.0  -9999.0  -9999.0  -9999.0  -9999.0  -9999.0  -9999.0  -9999.0  -9999.0  -9999.0  -9999.0  -9999.0  0.953286479481  0.94812571864  0.903123024936  0.875458582214  1.74051282393  3.40521935278  3.21405242451  3.90860798773  4.47960589407  10.313873868  10.8278134571  18.0571952303  18.4108617016  3.25754268153  0.313488169539  4.07867765013  4.32718093187  1.51451687092  2.89628198235  3.35544254068  3.53724246205  0.159635285861  4.65627680442  8.96515161051  10.3731787229  0.129242267178  0.602890428809  0.100407518902  0.310541146473  -9999.0  -9999.0  -9999.0  -9999.0  -9999.0  -9999.0  -9999.0  -9999.0  -9999.0  -9999.0  -9999.0  -9999.0  -9999.0  -9999.0  -9999.0  -9999.0  -9999.0  -9999.0  -9999.0
-9999.0  -9999.0  -9999.0  -9999.0  -9999.0  -9999.0  -9999.0  -9999.0  -9999.0  -9999.0  -9999.0  -9999.0  -9999.0  -9999.0  -9999.0  -9999.0  -9999.0  -9999.0  -9999.0  -9999.0  -9999.0  -9999.0  -9999.0  -9999.0  -9999.0  -9999.0  -9999.0  -9999.0  -9999.0  -9999.0  -9999.0  -9999.0  -9999.0  -9999.0  -9999.0  0.934898328006  0.859952997677  0.85314372667  2.48058514922  2.32974703941  4.54042354889  5.26713837463  0.641500556342  6.70127057215  2.45126653922  2.90733273935  2.65446452083  3.81464675596  0.965095411002  0.303288572409  1.2081935588  0.277635168543  2.57786100182  3.05233588396  4.36394382262  0.200284975047  0.84394983991  0.300524134218  0.377019664081  0.115425506491  0.217141014887  -9999.0  -9999.0  -9999.0  -9999.0  -9999.0  -9999.0  -9999.0  -9999.0  -9999.0  -9999.0  -9999.0  -9999.0  -9999.0  -9999.0  -9999.0  -9999.0  -9999.0  -9999.0  -9999.0
-9999.0  -9999.0  -9999.0  -9999.0  -9999.0  -9999.0  -9999.0  -9999.0  -9999.0  -9999.0  -9999.0  -9999.0  -9999.0  -9999.0  -9999.0  -9999.0  -9999.0  -9999.0  -9999.0  -9999.0  -9999.0  -9999.0  -9999.0  -9999.0  -9999.0  -9999.0  -9999.0  -9999.0  -9999.0  -9999.0  -9999.0  -9999.0  -9999.0  -9999.0  -9999.0  -9999.0  -9999.0  0.841814124519  0.771652027075  1.56181868626  1.5236745618  4.00285192622  5.39023363945  1.39814940684  1.92965690954  1.45188717973  2.29292287775  0.803814238987  0.692562388559  0.684696865744  0.272830735848  1.5533835237  2.35570731816  0.258091605434  1.09361290317  0.411674914498  0.24806676016  0.130165291627  0.121656784056  0.13044634933  -9999.0  -9999.0  -9999.0  -9999.0  -9999.0  -9999.0  -9999.0  -9999.0  -9999.0  -9999.0  -9999.0  -9999.0  -9999.0  -9999.0  -9999.0  -9999.0  -9999.0  -9999.0  -9999.0  -9999.0
-9999.0  -9999.0  -9999.0  -9999.0  -9999.0  -9999.0  -9999.0  -9999.0  -9999.0  -9999.0  -9999.0  -9999.0  -9999.0  -9999.0  -9999.0  -9999.0  -9999.0  -9999.0  -9999.0  -9999.0  -9999.0  -9999.0  -9999.0  -9999.0  -9999.0  -9999.0  -9999.0  -9999.0  -9999.0  -9999.0  -9999.0  -9999.0  -9999.0  -9999.0  -9999.0  -9999.0  -9999.0  -9999.0  -9999.0  0.801605239652  1.69470633625  3.28333660959  0.729550321885  0.724030053355  0.51852550829  1.03005377503  0.440921158102  0.414520952254  0.374260011428  0.370510064683  0.665212885592  1.30978209778  0.583167088392  0.608484840561  0.869466359218  0.21726242101  0.122769107624  -9999.0  -9999.0  -9999.0  -9999.0  -9999.0  -9999.0  -9999.0  -9999.0  -9999.0  -9999.0  -9999.0  -9999.0  -9999.0  -9999.0  -9999.0  -9999.0  -9999.0  -9999.0  -9999.0  -9999.0  -9999.0  -9999.0  -9999.0
-9999.0  -9999.0  -9999.0  -9999.0  -9999.0  -9999.0  -9999.0  -9999.0  -9999.0  -9999.0  -9999.0  -9999.0  -9999.0  -9999.0  -9999.0  -9999.0  -9999.0  -9999.0  -9999.0  -9999.0  -9999.0  -9999.0  -9999.0  -9999.0  -9999.0  -9999.0  -9999.0  -9999.0  -9999.0  -9999.0  -9999.0  -9999.0  -9999.0  -9999.0  -9999.0  -9999.0  -9999.0  -9999.0  -9999.0  -9999.0  0.821967490603  0.78268256965  -9999.0  -9999.0  -9999.0  -9999.0  -9999.0  -9999.0  -9999.0  -9999.0  0.338532370116  0.31628257818  0.26796951769  0.283596052701  -9999.0  -9999.0  -9999.0  -9999.0  -9999.0  -9999.0  -9999.0  -9999.0  -9999.0  -9999.0  -9999.0  -9999.0  -9999.0  -9999.0  -9999.0  -9999.0  -9999.0  -9999.0  -9999.0  -9999.0  -9999.0  -9999.0  -9999.0  -9999.0  -9999.0  -9999.0
-9999.0  -9999.0  -9999.0  -9999.0  -9999.0  -9999.0  -9999.0  -9999.0  -9999.0  -9999.0  -9999.0  -9999.0  -9999.0  -9999.0  -9999.0  -9999.0  -9999.0  -9999.0  -9999.0  -9999.0  -9999.0  -9999.0  -9999.0  -9999.0  -9999.0  -9999.0  -9999.0  -9999.0  -9999.0  -9999.0  -9999.0  -9999.0  -9999.0  -9999.0  -9999.0  -9999.0  -9999.0  -9999.0  -9999.0  -9999.0  -9999.0  -9999.0  -9999.0  -9999.0  -9999.0  -9999.0  -9999.0  -9999.0  -9999.0  -9999.0  -9999.0  -9999.0  -9999.0  -9999.0  -9999.0  -9999.0  -9999.0  -9999.0  -9999.0  -9999.0  -9999.0  -9999.0  -9999.0  -9999.0  -9999.0  -9999.0  -9999.0  -9999.0  -9999.0  -9999.0  -9999.0  -9999.0  -9999.0  -9999.0  -9999.0  -9999.0  -9999.0  -9999.0  -9999.0  -9999.0
-9999.0  -9999.0  -9999.0  -9999.0  -9999.0  -9999.0  -9999.0  -9999.0  -9999.0  -9999.0  -9999.0  -9999.0  -9999.0  -9999.0  -9999.0  -9999.0  -9999.0  -9999.0  -9999.0  -9999.0  -9999.0  -9999.0  -9999.0  -9999.0  -9999.0  -9999.0  -9999.0  -9999.0  -9999.0  -9999.0  -9999.0  -9999.0  -9999.0  -9999.0  -9999.0  -9999.0  -9999.0  -9999.0  -9999.0  -9999.0  -9999.0  -9999.0  -9999.0  -9999.0  -9999.0  -9999.0  -9999.0  -9999.0  -9999.0  -9999.0  -9999.0  -9999.0  -9999.0  -9999.0  -9999.0  -9999.0  -9999.0  -9999.0  -9999.0  -9999.0  -9999.0  -9999.0  -9999.0  -9999.0  -9999.0  -9999.0  -9999.0  -9999.0  -9999.0  -9999.0  -9999.0  -9999.0  -9999.0  -9999.0  -9999.0  -9999.0  -9999.0  -9999.0  -9999.0  -9999.0
-9999.0  -9999.0  -9999.0  -9999.0  -9999.0  -9999.0  -9999.0  -9999.0  -9999.0  -9999.0  -9999.0  -9999.0  -9999.0  -9999.0  -9999.0  -9999.0  -9999.0  -9999.0  -9999.0  -9999.0  -9999.0  -9999.0  -9999.0  -9999.0  -9999.0  -9999.0  -9999.0  -9999.0  -9999.0  -9999.0  -9999.0  -9999.0  -9999.0  -9999.0  -9999.0  -9999.0  -9999.0  -9999.0  -9999.0  -9999.0  -9999.0  -9999.0  -9999.0  -9999.0  -9999.0  -9999.0  -9999.0  -9999.0  -9999.0  -9999.0  -9999.0  -9999.0  -9999.0  -9999.0  -9999.0  -9999.0  -9999.0  -9999.0  -9999.0  -9999.0  -9999.0  -9999.0  -9999.0  -9999.0  -9999.0  -9999.0  -9999.0  -9999.0  -9999.0  -9999.0  -9999.0  -9999.0  -9999.0  -9999.0  -9999.0  -9999.0  -9999.0  -9999.0  -9999.0  -9999.0
-9999.0  -9999.0  -9999.0  -9999.0  -9999.0  -9999.0  -9999.0  -9999.0  -9999.0  -9999.0  -9999.0  -9999.0  -9999.0  -9999.0  -9999.0  -9999.0  -9999.0  -9999.0  -9999.0  -9999.0  -9999.0  -9999.0  -9999.0  -9999.0  -9999.0  -9999.0  -9999.0  -9999.0  -9999.0  -9999.0  -9999.0  -9999.0  -9999.0  -9999.0  -9999.0  -9999.0  -9999.0  -9999.0  -9999.0  -9999.0  -9999.0  -9999.0  -9999.0  -9999.0  -9999.0  -9999.0  -9999.0  -9999.0  -9999.0  -9999.0  -9999.0  -9999.0  -9999.0  -9999.0  -9999.0  -9999.0  -9999.0  -9999.0  -9999.0  -9999.0  -9999.0  -9999.0  -9999.0  -9999.0  -9999.0  -9999.0  -9999.0  -9999.0  -9999.0  -9999.0  -9999.0  -9999.0  -9999.0  -9999.0  -9999.0  -9999.0  -9999.0  -9999.0  -9999.0  -9999.0
-9999.0  -9999.0  -9999.0  -9999.0  -9999.0  -9999.0  -9999.0  -9999.0  -9999.0  -9999.0  -9999.0  -9999.0  -9999.0  -9999.0  -9999.0  -9999.0  -9999.0  -9999.0  -9999.0  -9999.0  -9999.0  -9999.0  -9999.0  -9999.0  -9999.0  -9999.0  -9999.0  -9999.0  -9999.0  -9999.0  -9999.0  -9999.0  -9999.0  -9999.0  -9999.0  -9999.0  -9999.0  -9999.0  -9999.0  -9999.0  -9999.0  -9999.0  -9999.0  -9999.0  -9999.0  -9999.0  -9999.0  -9999.0  -9999.0  -9999.0  -9999.0  -9999.0  -9999.0  -9999.0  -9999.0  -9999.0  -9999.0  -9999.0  -9999.0  -9999.0  -9999.0  -9999.0  -9999.0  -9999.0  -9999.0  -9999.0  -9999.0  -9999.0  -9999.0  -9999.0  -9999.0  -9999.0  -9999.0  -9999.0  -9999.0  -9999.0  -9999.0  -9999.0  -9999.0  -9999.0
-9999.0  -9999.0  -9999.0  -9999.0  -9999.0  -9999.0  -9999.0  -9999.0  -9999.0  -9999.0  -9999.0  -9999.0  -9999.0  -9999.0  -9999.0  -9999.0  -9999.0  -9999.0  -9999.0  -9999.0  -9999.0  -9999.0  -9999.0  -9999.0  -9999.0  -9999.0  -9999.0  -9999.0  -9999.0  -9999.0  -9999.0  -9999.0  -9999.0  -9999.0  -9999.0  -9999.0  -9999.0  -9999.0  -9999.0  -9999.0  -9999.0  -9999.0  -9999.0  -9999.0  -9999.0  -9999.0  -9999.0  -9999.0  -9999.0  -9999.0  -9999.0  -9999.0  -9999.0  -9999.0  -9999.0  -9999.0  -9999.0  -9999.0  -9999.0  -9999.0  -9999.0  -9999.0  -9999.0  -9999.0  -9999.0  -9999.0  -9999.0  -9999.0  -9999.0  -9999.0  -9999.0  -9999.0  -9999.0  -9999.0  -9999.0  -9999.0  -9999.0  -9999.0  -9999.0  -9999.0
