ncols                  80
nrows                 72
xllcorner      4374000.0
yllcorner      5656000.0
cellsize            500
NODATA_value       -9999
-9999.0  -9999.0  -9999.0  -9999.0  -9999.0  -9999.0  -9999.0  -9999.0  -9999.0  -9999.0  -9999.0  -9999.0  0.482368550468  0.589605757854  -9999.0  -9999.0  -9999.0  -9999.0  -9999.0  -9999.0  -9999.0  -9999.0  -9999.0  -9999.0  -9999.0  -9999.0  -9999.0  -9999.0  -9999.0  -9999.0  -9999.0  -9999.0  -9999.0  -9999.0  -9999.0  -9999.0  -9999.0  -9999.0  -9999.0  -9999.0  -9999.0  -9999.0  -9999.0  -9999.0  -9999.0  -9999.0  -9999.0  -9999.0  -9999.0  -9999.0  -9999.0  -9999.0  -9999.0  -9999.0  -9999.0  -9999.0  -9999.0  -9999.0  -9999.0  -9999.0  -9999.0  -9999.0  -9999.0  -9999.0  -9999.0  -9999.0  -9999.0  -9999.0  -9999.0  -9999.0  -9999.0  -9999.0  -9999.0  -9999.0  -9999.0  -9999.0  -9999.0  -9999.0  -9999.0  -9999.0
-9999.0  -9999.0  -9999.0  -9999.0  -9999.0  -9999.0  -9999.0  -9999.0  -9999.0  -9999.0  -9999.0  -9999.0  0.984603484772  2.56403725364  0.505694198124  -9999.0  0.544306538199  -9999.0  -9999.0  -9999.0  -9999.0  -9999.0  -9999.0  -9999.0  -9999.0  -9999.0  -9999.0  -9999.0  -9999.0  -9999.0  -9999.0  -9999.0  -9999.0  -9999.0  -9999.0  -9999.0  -9999.0  -9999.0  -9999.0  -9999.0  -9999.0  -9999.0  -9999.0  -9999.0  -9999.0  -9999.0  -9999.0  -9999.0  -9999.0  -9999.0  -9999.0  -9999.0  -9999.0  -9999.0  -9999.0  -9999.0  -9999.0  -9999.0  -9999.0  -9999.0  -9999.0  -9999.0  -9999.0  -9999.0  -9999.0  -9999.0  -9999.0  -9999.0  -9999.0  -9999.0  -9999.0  -9999.0  -9999.0  -9999.0  -9999.0  -9999.0  -9999.0  -9999.0  -9999.0  -9999.0
-9999.0  -9999.0  -9999.0  -9999.0  -9999.0  -9999.0  -9999.0  -9999.0  -9999.0  -9999.0  0.44169036904  0.408416711656  0.445581416342  0.448280447311  3.35149525196  3.763332449  1.45453740371  0.461690244581  -9999.0  -9999.0  -9999.0  -9999.0  -9999.0  -9999.0  -9999.0  -9999.0  -9999.0  -9999.0  -9999.0  -9999.0  -9999.0  -9999.0  -9999.0  -9999.0  -9999.0  -9999.0  -9999.0  -9999.0  -9999.0  -9999.0  -9999.0  -9999.0  -9999.0  -9999.0  -9999.0  -9999.0  -9999.0  -9999.0  -9999.0  -9999.0  -9999.0  -9999.0  -9999.0  -9999.0  -9999.0  -9999.0  -9999.0  -9999.0  -9999.0  -9999.0  -9999.0  -9999.0  -9999.0  -9999.0  -9999.0  -9999.0  -9999.0  -9999.0  -9999.0  -9999.0  -9999.0  -9999.0  -9999.0  -9999.0  -9999.0  -9999.0  -9999.0  -9999.0  -9999.0  -9999.0
-9999.0  -9999.0  -9999.0  -9999.0  -9999.0  -9999.0  -9999.0  -9999.0  -9999.0  0.408505806116  0.852117248095  1.69163216658  0.839130316828  0.399892821407  0.777943735277  4.10930818027  6.48900175102  0.479268557865  -9999.0  0.410217650766  -9999.0  -9999.0  -9999.0  -9999.0  1.00025983062  0.525078564466  -9999.0  -9999.0  -9999.0  -9999.0  -9999.0  -9999.0  -9999.0  -9999.0  -9999.0  -9999.0  -9999.0  -9999.0  -9999.0  -9999.0  -9999.0  -9999.0  -9999.0  -9999.0  -9999.0  -9999.0  -9999.0  -9999.0  -9999.0  -9999.0  -9999.0  -9999.0  -9999.0  -9999.0  -9999.0  -9999.0  -9999.0  -9999.0  -9999.0  -9999.0  -9999.0  -9999.0  -9999.0  -9999.0  -9999.0  -9999.0  -9999.0  -9999.0  -9999.0  -9999.0  -9999.0  -9999.0  -9999.0  -9999.0  -9999.0  -9999.0  -9999.0  -9999.0  -9999.0  -9999.0
-9999.0  -9999.0  -9999.0  -9999.0  -9999.0  -9999.0  -9999.0  -9999.0  0.529254787294  1.40267220181  1.78668414571  2.17776443503  2.90985973444  0.355177880511  1.45788977257  1.78233043378  8.97077689468  0.306440033444  0.263314389363  0.727953402609  1.03528832545  0.330456430729  -9999.0  2.41648563065  1.99380493813  0.505721984251  -9999.0  -9999.0  -9999.0  -9999.0  -9999.0  -9999.0  -9999.0  -9999.0  -9999.0  -9999.0  -9999.0  -9999.0  -9999.0  -9999.0  -9999.0  -9999.0  -9999.0  -9999.0  -9999.0  -9999.0  -9999.0  -9999.0  -9999.0  -9999.0  -9999.0  -9999.0  -9999.0  -9999.0  -9999.0  -9999.0  -9999.0  -9999.0  -9999.0  -9999.0  -9999.0  -9999.0  -9999.0  -9999.0  -9999.0  -9999.0  -9999.0  -9999.0  -9999.0  -9999.0  -9999.0  -9999.0  -9999.0  -9999.0  -9999.0  -9999.0  -9999.0  -9999.0  -9999.0  -9999.0
-9999.0  -9999.0  -9999.0  -9999.0  -9999.0  -9999.0  0.516639567803  0.432139306292  0.405936934755  0.422553297587  0.43254376112  3.06461292902  6.38488596317  6.7790445998  7.07752419891  0.301828521715  9.58042258032  9.85892110364  0.591039347669  0.316351732339  1.33399165862  2.28714398796  0.327315837779  3.44031174714  0.325404961326  0.338153305418  0.344786072243  -9999.0  -9999.0  -9999.0  -9999.0  -9999.0  -9999.0  -9999.0  -9999.0  -9999.0  -9999.0  -9999.0  -9999.0  -9999.0  -9999.0  -9999.0  -9999.0  -9999.0  -9999.0  -9999.0  -9999.0  -9999.0  -9999.0  -9999.0  -9999.0  -9999.0  -9999.0  -9999.0  -9999.0  -9999.0  -9999.0  -9999.0  -9999.0  -9999.0  -9999.0  -9999.0  -9999.0  -9999.0  -9999.0  -9999.0  -9999.0  -9999.0  -9999.0  -9999.0  -9999.0  -9999.0  -9999.0  -9999.0  -9999.0  -9999.0  -9999.0  -9999.0  -9999.0  -9999.0
-9999.0  -9999.0  -9999.0  -9999.0  -9999.0  -9999.0  1.05127394339  1.52930798782  3.36343375721  4.56340360778  0.344492575008  0.379422231858  0.347560838552  1.04581595813  8.39674860148  0.249738366145  10.1987620955  11.5600630369  1.00037632188  0.566827796103  2.55004499795  0.301106047418  3.7363761192  0.564914936744  0.281693459991  0.603629441285  0.681028125731  0.359946268344  0.38845623057  0.367275406448  0.424803722168  0.845680322308  -9999.0  -9999.0  -9999.0  -9999.0  -9999.0  -9999.0  -9999.0  -9999.0  -9999.0  -9999.0  -9999.0  -9999.0  -9999.0  -9999.0  -9999.0  -9999.0  -9999.0  -9999.0  -9999.0  -9999.0  -9999.0  -9999.0  -9999.0  -9999.0  -9999.0  -9999.0  -9999.0  -9999.0  -9999.0  -9999.0  -9999.0  -9999.0  -9999.0  -9999.0  -9999.0  -9999.0  -9999.0  -9999.0  -9999.0  -9999.0  -9999.0  -9999.0  -9999.0  -9999.0  -9999.0  -9999.0  -9999.0  -9999.0
-9999.0  -9999.0  -9999.0  -9999.0  -9999.0  0.633448094466  1.18558559894  0.547642223746  1.02194873646  5.05651725043  5.84440588637  6.62825659033  23.2323081252  0.38770918916  8.70384690746  35.0195313553  35.3373813395  47.4867597832  0.3730024481  0.819585452568  2.81440705358  0.25975927884  7.05083152651  3.03127677442  1.88369666372  1.59057186577  0.326316636011  1.06932706298  1.10872343723  0.734415083028  0.353112638818  1.21610072036  0.348642085736  0.336620118985  -9999.0  -9999.0  -9999.0  -9999.0  -9999.0  -9999.0  -9999.0  -9999.0  -9999.0  -9999.0  -9999.0  -9999.0  -9999.0  -9999.0  -9999.0  -9999.0  -9999.0  -9999.0  -9999.0  -9999.0  -9999.0  -9999.0  -9999.0  -9999.0  -9999.0  -9999.0  -9999.0  -9999.0  -9999.0  -9999.0  -9999.0  -9999.0  -9999.0  -9999.0  -9999.0  -9999.0  -9999.0  -9999.0  -9999.0  -9999.0  -9999.0  -9999.0  -9999.0  -9999.0  -9999.0  -9999.0
-9999.0  -9999.0  -9999.0  -9999.0  -9999.0  0.647726054844  1.84013480939  3.6122559225  4.12202236252  8.10607180007  8.55210224777  10.0008644599  16.2611575714  24.6571496065  25.4168224303  25.7731320507  0.55283770065  48.5822488007  49.2094437542  50.5735836354  61.5798092177  7.87971877735  7.35212059592  2.17545182664  0.288328402154  1.91943257082  1.34451918417  0.255989280214  1.40892097055  0.360973179132  0.73269211317  1.89933004155  2.22894030197  0.654716994833  0.314137988652  0.308979264546  -9999.0  -9999.0  -9999.0  -9999.0  0.449812481585  0.421855025236  -9999.0  -9999.0  -9999.0  -9999.0  -9999.0  -9999.0  -9999.0  -9999.0  -9999.0  -9999.0  -9999.0  -9999.0  -9999.0  -9999.0  -9999.0  -9999.0  -9999.0  -9999.0  -9999.0  -9999.0  -9999.0  -9999.0  -9999.0  -9999.0  -9999.0  -9999.0  -9999.0  -9999.0  -9999.0  -9999.0  -9999.0  -9999.0  -9999.0  -9999.0  -9999.0  -9999.0  -9999.0  -9999.0
-9999.0  -9999.0  -9999.0  -9999.0  -9999.0  0.609533999482  0.555184414824  2.41371115013  2.9441149494  3.50217839605  0.499562971528  0.979534245628  5.93575746917  1.15676010964  0.425204895985  0.343473733329  0.276512765982  0.387807270548  0.364036696646  0.326053479144  61.9417582617  62.7228858785  0.257902486811  0.821529252978  0.571591163043  2.17801740792  0.52325772003  0.242923269629  1.71284662285  0.649548377933  1.59821343372  3.77519066561  3.50595852286  0.95254895752  0.912287347679  0.329814969676  0.329211048715  -9999.0  -9999.0  0.333815568661  0.895973602996  2.20905813275  0.451362948666  -9999.0  -9999.0  -9999.0  -9999.0  -9999.0  -9999.0  -9999.0  -9999.0  -9999.0  -9999.0  -9999.0  -9999.0  -9999.0  -9999.0  -9999.0  -9999.0  -9999.0  -9999.0  -9999.0  -9999.0  -9999.0  -9999.0  -9999.0  -9999.0  -9999.0  -9999.0  -9999.0  -9999.0  -9999.0  -9999.0  -9999.0  -9999.0  -9999.0  -9999.0  -9999.0  -9999.0  -9999.0
-9999.0  -9999.0  -9999.0  -9999.0  -9999.0  -9999.0  0.653153524965  0.663028728539  1.18501285508  1.74170517701  3.89603889644  4.92971377646  5.52403874051  0.69847261937  0.346376371791  5.24501973368  6.25695373947  6.55100638098  7.8805190558  8.15589448318  0.274668169034  63.0016333682  64.3392863322  1.06781015492  0.21421788801  2.40211881791  5.32174359922  2.18418340625  0.496077210145  0.255456842985  5.89986790713  4.05236565571  0.254347932939  0.254651568364  1.18309979801  0.955775566953  0.285016536824  0.26132817839  0.318846869265  0.641393036499  0.304131507186  2.67613210324  2.95436492949  0.248028508169  -9999.0  -9999.0  -9999.0  -9999.0  0.318875748245  0.29118582917  0.0908743532423  -9999.0  -9999.0  -9999.0  -9999.0  -9999.0  -9999.0  -9999.0  -9999.0  -9999.0  -9999.0  -9999.0  -9999.0  -9999.0  -9999.0  -9999.0  -9999.0  -9999.0  -9999.0  -9999.0  -9999.0  -9999.0  -9999.0  -9999.0  -9999.0  -9999.0  -9999.0  -9999.0  -9999.0  -9999.0
-9999.0  -9999.0  -9999.0  -9999.0  -9999.0  -9999.0  -9999.0  0.607056993135  0.518650917665  1.11412067998  1.67589230604  0.519374860872  0.484869449858  2.92956510821  3.73642526342  4.58129168764  0.365426968332  0.718302495393  0.349840462775  8.45624650916  19.2907750903  19.6696659032  84.5947163132  0.257437720199  0.591748505135  0.179931405345  5.54350462263  0.23716675883  0.757568895308  0.243499946238  6.14480438174  6.39195860079  0.514365063687  0.50814450328  3.02799264153  1.54227167622  0.555229884245  0.291300663213  0.632366337729  0.948834722014  1.52276377832  0.260333120087  3.43511979467  3.66449417417  0.206571607581  0.229540377794  0.246603313429  0.212765479431  0.202071697756  0.836854074972  0.323211348228  0.196532815738  -9999.0  -9999.0  -9999.0  -9999.0  -9999.0  -9999.0  -9999.0  -9999.0  -9999.0  -9999.0  -9999.0  -9999.0  -9999.0  -9999.0  -9999.0  -9999.0  -9999.0  -9999.0  -9999.0  -9999.0  -9999.0  -9999.0  -9999.0  -9999.0  -9999.0  -9999.0  -9999.0  -9999.0
-9999.0  -9999.0  -9999.0  -9999.0  -9999.0  -9999.0  -9999.0  -9999.0  1.13905284565  1.61385418581  0.523114012744  1.08741299458  1.56507259739  2.56312118481  0.479799940372  0.445949329407  0.340741592868  0.343940065955  0.286171094609  10.2019148491  0.373871392835  0.709309675987  85.6900266276  86.2225019526  0.161897308008  0.921147035277  6.65284218376  0.465847783021  0.957549990099  0.422103525802  0.621584736167  7.32146834657  0.728885042091  4.24918234801  3.53715354844  0.275511127261  1.39762744644  0.573578913136  0.903654773832  0.265684834589  1.77074795485  2.2509801995  2.44203171707  2.61857479489  4.42960711065  0.389431131583  0.42618749017  0.37324761482  0.350431577368  1.01646651957  0.19407631672  0.721103141429  0.895731168029  -9999.0  -9999.0  -9999.0  -9999.0  -9999.0  -9999.0  -9999.0  -9999.0  -9999.0  -9999.0  -9999.0  -9999.0  -9999.0  -9999.0  -9999.0  -9999.0  -9999.0  -9999.0  -9999.0  -9999.0  -9999.0  -9999.0  -9999.0  -9999.0  -9999.0  -9999.0  -9999.0
-9999.0  -9999.0  -9999.0  -9999.0  -9999.0  -9999.0  -9999.0  -9999.0  0.604170498697  2.82088075383  3.31905267868  0.496520153148  0.950510327072  0.451344420869  0.385360853751  0.377138953357  4.99131092101  6.57415053619  8.09762066797  9.77781979783  0.372445150962  0.351146607219  0.258749850143  87.7162660753  88.38942383  88.5706159437  8.69544998268  1.84758390298  1.62991508899  0.181497719423  0.802664893709  8.31653451564  0.194166495575  4.44907257326  0.245701197876  1.86098988435  1.68848501972  0.274423471201  1.17478889593  0.53297128473  0.797011616331  0.213506353882  0.169979887499  2.79183693702  2.94964746384  4.58691256678  0.603808148732  0.538615739383  0.510515693131  1.22190802793  1.61742737024  0.197376888865  1.08529089333  0.218503142165  0.406173165903  0.196468355493  -9999.0  -9999.0  -9999.0  -9999.0  -9999.0  -9999.0  -9999.0  -9999.0  -9999.0  -9999.0  -9999.0  -9999.0  -9999.0  -9999.0  -9999.0  -9999.0  -9999.0  -9999.0  -9999.0  -9999.0  -9999.0  -9999.0  -9999.0  -9999.0
-9999.0  -9999.0  -9999.0  -9999.0  -9999.0  -9999.0  -9999.0  -9999.0  -9999.0  0.659337451378  3.88885115293  4.37971278439  1.4201097745  2.32868894616  3.1185987232  3.52785423488  0.429719407778  1.24667582141  0.823680096443  0.453167806639  0.416073296239  0.340838048782  0.638732113324  1.04461563775  0.315022473307  97.8217244776  97.99091838  0.153035736868  0.132610499795  0.377484978454  0.564646805874  8.87781474541  0.378329421828  4.61253903708  2.74807618795  2.31140293623  0.248061588064  0.511316467512  1.40514325379  0.230617252062  1.02227890385  0.426267626587  0.263393710641  0.110288260596  3.32500979068  8.03259986051  0.713559809882  0.651476411654  0.659956985015  0.153756545289  1.77335543945  0.150159481867  1.4371812029  0.181326133176  0.592674959444  0.906528299959  0.0898794243747  0.0926268422371  0.113462284974  0.121632313748  0.0763112402994  -9999.0  -9999.0  0.0401976468763  0.0261907640305  -9999.0  -9999.0  -9999.0  -9999.0  -9999.0  -9999.0  -9999.0  -9999.0  -9999.0  -9999.0  -9999.0  -9999.0  -9999.0  -9999.0  -9999.0
-9999.0  -9999.0  -9999.0  -9999.0  -9999.0  -9999.0  -9999.0  -9999.0  -9999.0  -9999.0  0.498713516476  5.40097819247  0.463733955928  0.929827714353  1.30725967449  2.0202880643  0.360459923719  0.793636248968  0.373744282338  0.329514568219  0.303440467399  0.595858347687  0.250192910626  0.240451860796  0.440136956604  0.256611174834  98.2273563414  98.5660525576  99.0558501793  0.740144598164  0.19662504615  0.392028511027  9.09142694922  8.34665112708  3.20536925145  0.223677983876  0.990902436915  0.74823199667  1.63638246789  0.459606541594  1.90137516361  0.644586750737  0.42349242486  0.0901178253319  0.129343560411  8.20938516458  8.3603737545  9.84674565642  1.14738624189  0.3200549812  1.94684720849  2.26599608288  3.85050743918  0.350343981281  0.164053128227  1.0189462554  1.19655191347  0.0880332140663  0.165401693841  0.308186206319  0.149380424801  0.0733719726501  0.0701074473162  0.0779094015974  0.0551621247696  0.0263037291391  -9999.0  -9999.0  -9999.0  -9999.0  -9999.0  -9999.0  -9999.0  -9999.0  -9999.0  -9999.0  -9999.0  -9999.0  -9999.0  -9999.0
-9999.0  -9999.0  -9999.0  -9999.0  -9999.0  -9999.0  -9999.0  -9999.0  -9999.0  -9999.0  -9999.0  0.368789330429  6.15689005906  0.440672222382  0.821343056964  3.56718608464  0.370253154638  0.360901740874  0.297744015969  0.659919740897  0.346915552834  1.27483967573  1.78277486606  2.00468417768  0.619467665373  0.758284576949  0.164524538832  0.224082938607  0.231154619665  100.208021232  100.742267544  9.24458391247  8.6760109528  8.51417033671  0.352447331237  0.168062765874  1.19477342026  3.24737111838  1.84926738725  0.66810857418  2.77004230563  0.907473253527  0.723759915979  0.176237461873  0.0755583951644  0.0588419585731  0.0714035664597  10.3224027986  11.9437289646  0.151828368165  0.138084989307  0.157034088883  4.01002535255  4.50721260589  0.2845273625  0.108510607763  1.25002349452  0.139117517377  0.35617917196  0.72629441732  0.937244947374  1.07400152177  0.256367162066  0.133261370234  0.0938950299716  0.0615532549298  0.0486756749143  -9999.0  -9999.0  -9999.0  -9999.0  -9999.0  -9999.0  -9999.0  -9999.0  -9999.0  -9999.0  -9999.0  -9999.0  -9999.0
-9999.0  -9999.0  -9999.0  -9999.0  -9999.0  -9999.0  -9999.0  -9999.0  -9999.0  -9999.0  -9999.0  0.300107903066  6.79554912755  8.27763287926  0.391339163813  4.32942761168  0.324322726648  0.301197259312  0.6282163967  1.63169034291  0.32452031024  0.355768465275  0.252000272446  2.49599287469  2.7214166079  3.73395948652  4.06881691672  4.23165273118  4.38261676474  4.53185696367  105.459296171  114.986780621  123.929365901  124.070383557  0.133556650362  0.170799309988  3.65806590462  3.45449908287  0.207806974926  0.2099323177  3.02210120891  4.13415327549  0.154355554153  2.10186674752  1.97865137705  0.461173580662  0.199482186674  0.353608864453  0.192020977124  12.2346307046  0.150560120369  0.427612747562  0.53224955396  5.43340848681  5.82328011533  6.03066291493  7.3627522806  0.0783736202253  0.0596740731769  0.0504718960081  0.0478697091303  1.183185455  1.49600203219  0.0633113767784  0.233356835266  0.0977862874504  0.0884801348785  0.0213978486342  0.0195632836575  -9999.0  -9999.0  -9999.0  -9999.0  -9999.0  -9999.0  -9999.0  -9999.0  -9999.0  -9999.0  -9999.0
-9999.0  -9999.0  -9999.0  -9999.0  -9999.0  -9999.0  -9999.0  -9999.0  -9999.0  -9999.0  -9999.0  0.587494838007  1.08679074456  8.75246610435  9.49512799651  0.369087904672  5.05978659883  0.263568388985  0.824501398388  1.91852167672  0.62134515817  0.294090558373  0.590672602323  0.207660876216  0.398078165446  0.205329447823  0.178501448949  0.146589025148  0.127828595825  0.094559182193  0.0733218368507  0.105499346181  0.149144142041  0.199908211662  124.533491425  4.15915702478  3.85687144613  0.0928743450392  0.580205263976  0.13470857838  0.133195341029  4.31359742362  6.98029128907  2.31785703967  1.80786024111  0.306722478803  0.118661919792  0.0998241196991  0.233100528966  12.6187112312  12.9007834562  0.150163035966  0.158076312829  0.131889180234  0.111422906958  0.222165400639  7.71147837056  7.87028750776  8.01229839256  0.174888214074  0.0730245746884  0.0555511558539  1.54595046435  1.64723334853  0.265052910575  0.0402057986804  0.124910727642  0.0422363920941  0.036502106278  -9999.0  -9999.0  -9999.0  -9999.0  -9999.0  -9999.0  -9999.0  -9999.0  -9999.0  -9999.0  -9999.0
-9999.0  -9999.0  -9999.0  -9999.0  -9999.0  -9999.0  -9999.0  -9999.0  -9999.0  -9999.0  -9999.0  -9999.0  0.431270994752  7.06641274631  16.9829745455  18.3114672776  23.7007929311  24.0930108332  4.3360721468  3.14967602897  0.923410009844  0.286329001069  1.14421664208  1.39395393309  2.0051371485  0.427506291858  0.373391016674  0.347775394764  0.666859836158  0.280269269954  0.249170548409  0.147828277709  0.100411604669  0.0701483341598  124.655929186  128.913628072  129.072163241  0.0910880955756  1.44083952542  0.664312467148  0.207213458136  7.64530585908  0.490408132979  0.25899825578  1.15549397466  0.213376692332  0.150592589356  0.281121147799  0.396464890537  0.534199042913  13.1236687036  0.103390148737  0.0876276340024  0.0877622615133  0.0603067174214  0.0577308461901  0.149877878346  0.179763122812  8.31648725264  9.01293985483  0.413877110328  0.208199224709  0.117688129045  0.0534940216755  2.03215045957  2.63455367892  0.512545681089  0.219240199896  0.123160297255  -9999.0  -9999.0  -9999.0  -9999.0  -9999.0  -9999.0  -9999.0  -9999.0  -9999.0  -9999.0  -9999.0
-9999.0  -9999.0  -9999.0  -9999.0  -9999.0  -9999.0  -9999.0  -9999.0  -9999.0  -9999.0  -9999.0  0.540624244154  5.4972685124  6.59649586565  0.941209136174  0.371952874003  0.721706549086  25.1472957278  25.45847556  30.1742632502  0.252433416123  0.534306701988  0.216678427327  0.221531288372  2.21580622819  2.85287875013  3.40456767858  0.174664939491  0.838568799003  1.28577496444  0.716896829338  0.310554940785  0.226602533075  0.173333322584  0.168296818804  0.0586354463074  129.167902174  129.230403345  130.796876296  0.304691730265  0.169738766182  7.87852210005  0.550365155806  0.2843661751  0.336319683157  0.333017827102  0.280024279629  0.459395690862  1.27383723467  1.96270281144  15.1948179823  0.0729591690757  0.221418791856  0.151482643226  0.116774271717  0.0593084406254  0.0592655795063  0.0780648848002  0.0261047055328  9.05418718428  0.0241441867078  0.138972189574  0.072677099071  0.0621154680564  0.0283511323262  2.68428686214  0.113611791038  0.0443674900803  0.0503384838348  0.0208403168925  -9999.0  -9999.0  -9999.0  -9999.0  -9999.0  -9999.0  -9999.0  -9999.0  -9999.0  -9999.0
-9999.0  -9999.0  -9999.0  -9999.0  -9999.0  -9999.0  -9999.0  -9999.0  -9999.0  -9999.0  -9999.0  0.561168457955  4.01098166914  0.575731138482  0.444216730482  2.65124537293  3.01365084093  3.36669303711  3.67004931496  41.8675186471  42.2171557755  42.8322021221  47.0914230501  47.7744781823  48.1355422207  48.3531199686  52.18868521  52.7104302824  52.8894450445  54.3806662916  55.298644651  55.4595053341  55.9865023543  0.325819604152  0.278057047702  0.0441920701636  0.0285410719925  129.304345083  131.267018004  0.412686276627  9.28066340141  9.11877143459  0.988019374267  0.224864332483  0.235030386634  0.221567742944  0.232797846345  0.470071649154  0.660694523126  0.17949452885  15.2966670695  15.4081232827  15.8722765347  15.9582872968  16.1537550569  16.2846956773  0.0508223606006  0.056509334972  0.0429502629358  9.10577208549  9.16700620779  9.34720161143  9.53497040522  0.0872479200005  2.87640152662  2.80534445013  0.0596316463762  1.33189436538  1.30620350392  0.0723709861521  0.0486552752775  -9999.0  -9999.0  -9999.0  -9999.0  -9999.0  -9999.0  -9999.0  -9999.0  -9999.0
-9999.0  -9999.0  -9999.0  -9999.0  -9999.0  -9999.0  -9999.0  -9999.0  -9999.0  -9999.0  -9999.0  2.16344970317  2.83334251614  1.23053293192  1.78000245246  0.536815549391  6.20669933736  6.60496931844  7.38577837442  7.71214529898  2.50731749498  45.8461782403  46.1129368924  0.228737947283  0.143158597749  0.138967338405  0.291075029519  0.141220520699  0.108084958795  0.101974969177  0.100662970907  55.6126169868  56.1453106509  56.6598132372  57.0907437603  57.2221139006  0.0463290638383  0.0114830304535  140.843105275  9.5247282778  9.45902822268  0.190450587493  0.172386380389  0.15304702409  0.398375673584  0.385360322562  0.178408559278  0.180575254876  0.165394757919  0.339798361743  0.4345823832  0.0707872849537  0.116434746003  0.0412981711883  0.0268158227578  16.3139318476  16.4054532498  16.5195062012  16.6278962646  16.6848480613  16.7625129518  16.791207035  0.0281501562421  9.61758702636  0.0543692054234  4.33540056889  1.41056198056  0.0978816267226  1.21411951136  1.07356512681  0.0642702886127  -9999.0  -9999.0  -9999.0  -9999.0  -9999.0  -9999.0  -9999.0  -9999.0  -9999.0
-9999.0  -9999.0  -9999.0  -9999.0  -9999.0  -9999.0  -9999.0  -9999.0  -9999.0  -9999.0  -9999.0  -9999.0  1.4789910463  0.653816238363  0.548874748512  5.4054021622  5.83004441874  0.430049600863  1.63981621152  1.99604674278  2.27678047626  0.346491948451  0.202217098945  7.08127599678  7.23112547273  7.37213350481  18.7953736531  18.8979256992  19.0921208069  20.2637809562  20.8183779458  20.8967503505  0.0948344800989  0.102159185143  0.0875702036289  57.3210817405  0.0305999522965  142.129598494  142.075970113  1.18898677131  1.09995022659  0.700951072725  0.174987262204  0.303521814373  0.562770225898  0.551186951768  0.343787731035  0.169510850748  0.330424640069  0.332905130079  0.575853571859  0.0722252028766  0.174232583751  0.300133970371  0.360036284723  0.396295521953  0.0321620426138  0.0325311074498  0.0310572615123  0.0318277966506  0.0404163832102  16.8456927717  16.9098317902  26.5543003479  26.5724273993  4.72809561073  0.352544772021  0.243638505774  0.0733997751502  0.964547749771  0.918519606591  -9999.0  -9999.0  -9999.0  -9999.0  -9999.0  -9999.0  -9999.0  -9999.0  -9999.0
-9999.0  -9999.0  -9999.0  -9999.0  -9999.0  -9999.0  -9999.0  -9999.0  -9999.0  -9999.0  -9999.0  -9999.0  0.791060970107  2.03937218439  2.62326355611  4.35427686969  0.429305413107  0.891344121615  1.29460663669  5.57354932632  5.88300724981  6.15899376812  6.40361609249  6.70569818205  10.0943182867  10.899805796  11.3232626479  0.166128832995  0.943605352707  1.0993831917  20.5597252237  21.0162376838  21.2638916617  21.5252203732  21.6695822917  79.038546078  0.134696324938  142.42958633  0.102468672838  0.0522600719723  0.934891711989  0.823879774125  0.105090560126  0.43691492009  0.705594449204  0.684154842977  0.467583707288  0.760301547039  1.20227233197  0.465324475602  1.16185290838  0.0871413388387  0.123958719237  0.0187250167224  0.0131732069374  0.446719738014  0.459830648882  0.0505393378786  0.0522678376105  0.0808742939493  0.0272465225459  0.0261343574278  0.0203600200239  35.0514442714  35.0351014883  8.40505722064  0.075992073681  0.626738835184  0.508867620106  0.336153007479  0.885550134305  0.666052418801  -9999.0  -9999.0  -9999.0  -9999.0  -9999.0  -9999.0  -9999.0  -9999.0
-9999.0  -9999.0  -9999.0  -9999.0  -9999.0  -9999.0  -9999.0  -9999.0  -9999.0  -9999.0  -9999.0  -9999.0  0.690362021404  1.35701741999  0.605143735807  1.19179214054  0.45014356326  3.95305060547  4.77329739457  5.20178641419  0.355959519166  0.684995754961  8.02948834727  9.62920439182  9.86759929822  0.548568937957  0.499224763098  0.702564776645  0.123734419591  0.104117860939  0.186434238797  0.0703578946398  13.7527294792  13.8254494268  13.8754058649  79.1614321094  142.945957082  142.456078072  0.0740793066349  0.0459712509531  0.0418944846814  0.197832405564  0.166421042267  0.526995164063  0.816881625938  1.64478454963  0.149291576097  0.147312398205  1.31924626025  1.44336901933  2.82128562799  2.87685504312  3.02057992173  3.05436379427  0.0339244077043  0.0496090081363  0.476623577601  36.1194330328  35.5832173949  35.4916742747  35.3523222274  0.0195521756087  35.1949227823  0.0319103922703  0.0327465550035  3.56765690751  0.970874095814  0.932729737388  0.177359188992  0.205052826008  0.15482116101  0.608976420036  -9999.0  -9999.0  -9999.0  -9999.0  -9999.0  -9999.0  -9999.0  -9999.0
-9999.0  -9999.0  -9999.0  -9999.0  -9999.0  -9999.0  -9999.0  -9999.0  -9999.0  -9999.0  -9999.0  -9999.0  -9999.0  0.633352182881  1.28352607687  1.95273672171  2.96344729089  0.539447220251  0.443225817484  3.67327546155  4.04473724553  7.38404957881  7.7898998987  1.07245225309  0.311225675374  0.261291935432  0.231342303983  13.1653532923  13.2940222004  13.4273053723  13.5256493448  13.6829522107  1.23605655447  1.28880296124  15.2051581635  237.35379515  0.344153660807  0.260748892205  0.12332198398  0.0360843790003  0.0303182435355  0.273433774448  0.29255408677  0.585195173293  0.0312802901723  1.69031145775  0.227796291193  0.221335213732  0.0334836108293  0.0186712386892  0.0153260078709  0.0169160933971  0.0157228520332  3.07061682228  41.5815672512  38.4287865987  38.3429915287  36.1428387073  0.0227540583832  0.0252029805272  0.0331930397395  35.2295017513  0.0759383493725  0.0324005580912  0.0410915830249  0.0414399052633  2.52796375368  2.44363607968  0.314586433545  0.164606835586  0.236365361264  0.236500834329  -9999.0  -9999.0  -9999.0  -9999.0  -9999.0  -9999.0  -9999.0  -9999.0
-9999.0  -9999.0  -9999.0  -9999.0  -9999.0  -9999.0  -9999.0  -9999.0  -9999.0  -9999.0  -9999.0  -9999.0  -9999.0  -9999.0  0.593816324572  1.22452659841  1.78922447137  2.34921608799  2.79322669777  3.26405301256  1.33230252817  2.24145023148  0.387143192212  0.342807702787  11.8058819444  12.4431782769  12.6984271399  12.9854468592  0.17532372774  0.297737610619  0.841074232733  1.02574698781  1.14253844175  0.0764745640572  0.0586029441111  237.576382962  0.0819546372168  0.105311103237  0.0578756553976  0.15076346423  0.0673284555828  0.0398109530407  0.910860378165  0.948008708427  0.0182589654426  1.71437761305  1.96751375437  0.270051393889  42.5370534227  42.4786086469  42.4407460415  42.3679057505  42.3374869404  41.7121634554  41.6833018962  0.0703320223741  2.18412248148  2.09659775244  1.99489967923  1.97391981843  1.1063994834  1.08574296189  1.03423544509  0.293526970968  0.274238288736  0.19411909269  0.0487418730566  2.35388111099  2.02420195436  0.142324169391  0.264005892788  0.111139235701  -9999.0  -9999.0  -9999.0  -9999.0  -9999.0  -9999.0  -9999.0  -9999.0
-9999.0  -9999.0  -9999.0  -9999.0  -9999.0  -9999.0  -9999.0  -9999.0  -9999.0  -9999.0  -9999.0  -9999.0  -9999.0  -9999.0  0.193185491221  0.416363403251  0.593034391207  6.32539780291  6.79618854511  0.49110194132  0.455043546363  0.461806413509  10.3325455241  11.1702749075  0.3790242054  0.385305211972  0.24187880375  1.06131157458  1.31623926167  0.561328372903  0.711884463503  7.17045444395  7.31410992138  7.5805977636  11.5000789238  249.140006895  0.0961224009984  0.0396839894836  0.228847855418  0.18566143556  0.030741047738  0.105905890601  0.140105250419  0.983877632564  1.01317386911  3.02886554885  1.9770363494  0.28270022155  43.2339002178  0.255779530431  42.4095863831  42.3906971533  0.594460914989  0.0238140297294  0.0541238901374  0.0343650405384  0.0431272074689  0.0861686965025  0.0417570007561  0.84901658139  0.720974669729  0.0395947573747  0.727315782346  0.0851674258232  0.0573446475236  0.153827577586  0.0735369224747  0.24129691579  1.58744373466  1.33026250944  0.102166011028  0.15095237757  0.0774716136376  -9999.0  -9999.0  -9999.0  -9999.0  -9999.0  -9999.0  -9999.0
-9999.0  -9999.0  -9999.0  -9999.0  -9999.0  -9999.0  -9999.0  -9999.0  -9999.0  -9999.0  -9999.0  -9999.0  -9999.0  -9999.0  1.00271206132  1.63120353704  3.22100526917  5.76470317749  7.3728240699  8.61701153156  9.06983350993  9.54360388562  9.97954565428  0.395702571494  0.312724743931  0.603568016487  0.523952345005  0.294044001169  6.43925551195  6.68063954321  6.88855081774  7.08284827238  3.51338961855  3.64399530476  3.82210315208  249.192691652  0.180618783068  0.141116094753  0.399823396942  0.0349264344077  0.0843269890241  0.0504437873305  0.0304716110205  0.178334892892  0.0212202965299  0.0224547357249  46.4232911589  43.3794531789  43.3556157505  0.135457983044  0.241532761802  0.144556708726  0.0231713230556  0.526558479085  0.118471673225  0.10215373821  0.0817208339699  0.0599654531088  0.0362264631755  0.0995087851058  0.689416378284  0.576067458241  0.46919449285  0.611230739232  0.585893762629  0.567566190701  0.0345689722204  0.102290299694  0.111018145505  0.981140737998  0.751868678609  0.420733103532  0.0586704695863  -9999.0  -9999.0  -9999.0  -9999.0  -9999.0  -9999.0  -9999.0
-9999.0  -9999.0  -9999.0  -9999.0  -9999.0  -9999.0  -9999.0  -9999.0  -9999.0  -9999.0  -9999.0  -9999.0  -9999.0  -9999.0  0.699773647896  0.664649360664  1.31228356024  1.96704973292  0.693964604113  0.747452766274  1.25897158459  1.74570152946  2.61409726915  3.03484891622  3.35304292554  4.29880079659  4.57075864234  4.90425508543  0.271284858146  2.85790806887  3.05354786051  3.24128774491  0.145480646028  0.0944444578597  0.128035893463  253.206610722  253.252015638  253.534438405  0.49544298754  0.0694918603439  0.124155063818  0.0288126386471  0.0521516301529  0.203297891534  0.24344041211  0.0387028102941  46.5338232785  0.0417799837657  0.0706932675027  0.0798305904759  0.0589677290065  0.100200036244  0.0377378253889  0.389900256993  0.295404370399  0.214694795076  0.111432012333  0.0803240567227  0.047037308245  0.0612859657122  0.0750445311029  0.0767203021978  0.436804061906  0.331113112441  0.231228115086  0.132412166488  0.545208272021  0.432779535056  0.101474826729  0.13209373181  0.125434396035  0.21382399866  0.0927438548765  -9999.0  -9999.0  -9999.0  -9999.0  -9999.0  -9999.0  -9999.0
-9999.0  -9999.0  -9999.0  -9999.0  -9999.0  -9999.0  -9999.0  -9999.0  -9999.0  -9999.0  -9999.0  -9999.0  -9999.0  -9999.0  -9999.0  0.63724434404  1.2421169442  0.582757206211  1.19437431719  7.29563125987  7.74610179769  8.18438917978  0.426779470186  0.427689116567  0.743911772904  1.08152558062  1.60652980549  1.88576469643  2.10373742661  2.34171937254  0.169895073809  0.141985831813  3.61940166281  3.73384787277  3.776402036  3.83144709592  3.01940636184  256.775740345  257.569946305  257.583481613  257.712856258  257.827642744  257.880294185  0.0153061391299  0.261086499425  46.5464935421  0.0346611715957  0.0179656972895  0.0329354605854  0.036917827233  0.0601091368019  0.046608521391  0.0289618005839  0.0572507574716  0.0467012881239  0.0768535386302  0.0339307223121  0.0220539852903  0.0896916584215  0.0665569675259  0.0373493206855  0.036110381261  0.0447098657748  0.0501067730303  0.0571410292711  0.0818869578389  0.0993412976772  0.219814131668  0.056843385439  0.194130820245  0.0772017081056  0.0736833817613  -9999.0  -9999.0  -9999.0  -9999.0  -9999.0  -9999.0  -9999.0  -9999.0
-9999.0  -9999.0  -9999.0  -9999.0  -9999.0  -9999.0  -9999.0  -9999.0  -9999.0  -9999.0  -9999.0  -9999.0  -9999.0  -9999.0  -9999.0  -9999.0  1.84323606402  2.43403820064  4.24535719099  5.52086081718  0.639270662047  9.40593110336  9.83008764834  10.2018538832  0.347754209019  0.672370399418  0.261424745791  2.18192875709  2.33812355929  2.61089952914  2.87315907814  3.3729417426  3.50810796307  0.0726331478444  2.77876746626  2.89895175865  2.96912533697  3.19413873529  0.262011456457  0.155125767021  0.0809232940656  0.0720858432156  257.948208295  257.956084847  258.324778842  46.5570601144  0.117553327531  0.0713761814437  0.0507868518836  0.013215662446  0.159993310096  0.0809700215867  0.0242398761892  0.146404575985  0.127469851788  0.0179510474715  0.172249696784  0.157946665707  0.116448331786  0.0229317665677  0.0704413361253  0.0542023179478  0.0201133710247  0.0704073105729  0.0501293452092  0.084945282086  0.0831985507791  0.0421065541831  0.100505282981  0.883314732264  0.534290005474  0.350844352703  0.163288450554  -9999.0  -9999.0  -9999.0  -9999.0  -9999.0  -9999.0  -9999.0
-9999.0  -9999.0  -9999.0  -9999.0  -9999.0  -9999.0  -9999.0  -9999.0  -9999.0  -9999.0  -9999.0  -9999.0  -9999.0  -9999.0  -9999.0  -9999.0  0.625854121986  3.05318024706  3.69339818817  0.661557201192  0.502625824049  1.06190677551  1.52886783774  12.1303084037  0.342657683192  1.38536124152  1.66684193696  1.94160606209  0.193297678015  0.407572837622  0.504879296158  2.25436629724  2.49630169015  2.58178001368  0.0690741452212  0.0503866107262  0.0529175263814  0.0997953107542  0.0365711107878  0.0351845182547  0.0358359308123  0.0376277848915  0.0273054607009  0.10792065002  258.339594367  304.944537147  0.16819543212  0.0371948095866  0.0151439467489  0.501713532188  0.471668712764  0.284599606513  0.256014081051  0.18885755197  0.0550514907638  0.0318842190409  0.186506811546  0.0780854731881  0.0620887789406  0.0185562223952  0.0877581274321  0.191886615547  0.163439786011  0.103695247005  0.0502212441504  0.219345990371  0.164314508615  0.0769316385599  1.07714159278  1.04903702519  0.0961344155813  0.0841292456089  0.0753922609363  0.0665154042074  -9999.0  -9999.0  -9999.0  -9999.0  -9999.0  -9999.0
-9999.0  -9999.0  -9999.0  -9999.0  -9999.0  -9999.0  -9999.0  -9999.0  -9999.0  -9999.0  -9999.0  -9999.0  -9999.0  -9999.0  -9999.0  0.556368877913  1.73654705487  0.563010978016  0.63556874539  0.604149685937  1.13510214848  1.66135616291  2.11371660236  14.7144146564  15.0434479192  0.345615020756  0.635047881477  0.931671091699  1.11391465353  1.32639489872  1.98333385307  2.17350887675  0.141719211581  0.0826027027412  0.0314898579135  0.0306049691683  0.0531971360096  0.0566623152332  0.0491047446315  0.0614050251674  0.168880558801  0.0710841613668  0.0357941193692  0.0347132427941  0.0242413102083  0.0427416925182  306.884867345  1.76957998759  0.623839290807  0.0825225054511  0.040744607361  0.0216649182044  0.0680614016853  0.0428103988052  0.0205193418369  0.0202042313328  0.228064125529  0.327945260493  0.356259384725  0.0124790047368  0.322906410869  0.221579850024  0.0281246185929  0.0213518168099  0.0454152594285  0.463306856843  0.207334981777  0.106748759488  1.11296354984  0.0418813056444  0.0523562202646  0.297329619445  0.152004008589  0.280413489619  0.138017204567  -9999.0  -9999.0  -9999.0  -9999.0  -9999.0
-9999.0  -9999.0  -9999.0  -9999.0  -9999.0  -9999.0  -9999.0  -9999.0  -9999.0  -9999.0  -9999.0  -9999.0  -9999.0  -9999.0  0.59143630898  1.13249625658  3.97400485386  0.539442345656  1.23583905903  1.80336263389  2.2961972217  0.536977271003  0.951348230185  1.43110242816  16.886962375  0.312397694742  0.569882661118  0.841364651918  0.240875577167  0.472447727799  0.605750336122  0.754298074068  26.6484247048  26.8268268946  26.958241948  27.7168211618  27.8265179699  28.2217604466  0.102110530827  0.218616677753  0.201509219999  29.2766473645  29.331574839  0.0301996245513  0.0439203078318  0.05715552415  306.891618061  1.71542085631  0.893335969867  0.834964134209  0.585026594169  0.485464047653  0.0895097260928  0.023887666361  0.038536424863  0.0174484313283  0.019495558915  0.040941679831  0.38133954837  0.741471790952  0.345680386936  0.0747476315799  0.0522398172889  0.026249755874  0.615098843002  0.53918363859  0.0405544665295  1.31003582023  1.15572977838  0.0795258389874  0.538707445182  0.352641413165  0.421126698962  0.363147444525  0.076986908527  -9999.0  -9999.0  -9999.0  -9999.0  -9999.0
-9999.0  -9999.0  -9999.0  -9999.0  -9999.0  -9999.0  -9999.0  -9999.0  -9999.0  -9999.0  -9999.0  -9999.0  -9999.0  -9999.0  0.610780260684  1.84089590922  6.41479620045  9.55689094565  0.477682734052  12.4040401233  15.2032857784  0.492251481274  0.907606478749  1.37651400967  20.7864095332  21.1417296941  0.222603720777  1.2977211872  1.49561166457  1.68409657702  25.1939084468  25.5972414624  25.8140102757  0.102409839071  0.556363709356  0.658458590729  0.219302882018  0.302624539907  28.6336953752  28.9615986669  29.012610849  29.0578310882  29.3690837815  0.0185457427083  0.0161420446565  0.0868024685573  306.906225093  0.135161026103  0.112450194819  0.206578388378  0.0603801329652  0.426825328713  0.350832687735  0.214301924639  0.145413345407  0.0556811538196  0.0205000163475  0.0583810313166  0.0156933996418  0.756883638382  0.110525567807  0.091301772322  0.0152861705088  0.0421721176101  0.636960978845  0.0180982393651  0.0199620291266  1.32329977833  0.0258010912051  0.6168489715  0.585454265996  0.569968124233  0.529963696708  0.0516118158358  0.207757855685  0.0660174989329  -9999.0  -9999.0  -9999.0  -9999.0
-9999.0  -9999.0  -9999.0  -9999.0  -9999.0  -9999.0  -9999.0  -9999.0  -9999.0  -9999.0  -9999.0  -9999.0  -9999.0  -9999.0  -9999.0  -9999.0  1.28982237548  2.59527123714  11.2931163304  11.9082450688  15.7305801311  16.2495099405  0.468659126959  0.938470520305  2.11843243621  21.5346443  22.0843911677  22.2644829146  0.128632532111  22.9250108853  23.3645086382  0.264650029733  0.104791926455  0.191484321714  0.368264330387  0.086106463033  0.157228113734  0.313058943161  0.375832521141  0.0709199947355  0.0372394795374  0.0690683575128  29.6805436642  29.7607783073  29.7725888838  29.9086530945  306.91441349  0.116188732194  0.0774103781114  0.0351979199891  0.0352222891525  0.0367005951645  0.0305175410519  0.0555020136505  0.0250045216233  0.0516410987614  0.0255321983107  0.022823807964  0.101531065717  0.910720698306  1.04744833975  1.07168774673  1.14829579766  0.0173066391218  0.655146069758  0.0665954389886  0.0299408920682  1.34481819425  1.39271562319  0.642217585117  0.677176794655  0.625079522964  0.382100306508  0.334480803583  0.282053782718  -9999.0  -9999.0  -9999.0  -9999.0  -9999.0
-9999.0  -9999.0  -9999.0  -9999.0  -9999.0  -9999.0  -9999.0  -9999.0  -9999.0  -9999.0  -9999.0  -9999.0  -9999.0  -9999.0  -9999.0  -9999.0  0.678828997922  0.661477555141  0.633323058659  1.22161442752  0.51825503921  17.2853169142  17.7472548504  0.428569066354  0.818550184815  0.366775174005  0.26334523398  0.248730747395  22.6641804835  0.154378320979  0.316231757131  0.14099628746  0.107292648127  0.0913175896928  0.0584282700106  0.0628014368528  0.193651961171  0.271507153691  0.0433960215948  0.0346774426911  0.0798017568149  0.144331910401  0.18623955632  0.0479446166294  29.8055606896  29.9221335729  306.915666314  0.277044511131  0.114218283825  0.0174304731036  0.0490573980366  0.014255155274  0.010829241874  0.0675673300525  0.118766081848  0.0684442091581  0.0123214077787  0.0107905604489  0.0232866632094  0.0104855021797  0.0144639996989  0.0203628870757  0.0234354252912  1.97539127807  0.739639193516  0.0168226264068  0.027797526069  0.0128991707478  3.35683513293  1.94762386414  1.92770334898  0.652596877513  0.46792270687  0.0406220335732  -9999.0  -9999.0  -9999.0  -9999.0  -9999.0  -9999.0
-9999.0  -9999.0  -9999.0  -9999.0  -9999.0  -9999.0  -9999.0  -9999.0  -9999.0  -9999.0  -9999.0  -9999.0  -9999.0  -9999.0  -9999.0  -9999.0  -9999.0  -9999.0  0.647594366112  1.80192622906  2.29032723199  2.79739799376  18.233024541  18.7167859172  19.15712619  19.5789758715  19.8147753286  20.3194729434  20.4508048833  20.5932073264  20.6857031361  0.0867589675934  0.074748706667  0.0841598202498  0.275016391856  0.0763639737225  0.0690433427838  0.0453392884165  0.1290725661  0.0557116677438  0.0368507217761  0.0325737099813  0.02594071326  0.0517159409688  0.0750014084076  30.0735729414  337.265597735  0.0437428646982  0.0701145151537  0.0127950873546  0.0824427751202  0.0947949960575  0.0217741089293  0.280114927951  0.197802447844  0.0480564194335  0.0230260890411  0.044726348873  0.0115593536026  0.0343636655968  0.0226608563661  0.0547755161825  0.0202193242107  0.0282801254773  1.99725234014  2.05938280364  4.21008601982  4.19348255514  4.17166284763  0.0270591143518  0.568157665086  0.535008024439  0.0361865073516  -9999.0  -9999.0  -9999.0  -9999.0  -9999.0  -9999.0  -9999.0
-9999.0  -9999.0  -9999.0  -9999.0  -9999.0  -9999.0  -9999.0  -9999.0  -9999.0  -9999.0  -9999.0  -9999.0  -9999.0  -9999.0  -9999.0  -9999.0  -9999.0  -9999.0  -9999.0  0.530746443458  4.26473336288  8.20206217995  8.70610432835  0.604584418388  1.03273442601  1.42746705371  1.70144762559  3.75834242638  3.86012327311  0.0974397473146  0.0903219975214  20.8861261968  21.0304206204  21.0952993517  0.316659582156  0.033735327839  0.102052657104  0.146826600298  0.438996552842  0.542065056417  0.612045235882  0.0608972835767  0.0831699408138  0.0288155546965  0.0561917243806  0.030962686062  337.296894046  0.0304424726832  0.136072957987  0.0365061146317  0.127715780317  0.46933488449  0.509134639931  0.810472390155  0.171283225046  0.142479610196  0.0794536073703  0.0717409248235  0.0187019793473  0.041445805065  0.0671519401659  0.0609058912637  0.00700190370669  6.45397605505  6.42214837733  6.40514179684  4.28819753636  0.0445589187548  0.743833129694  0.533378911286  0.359838709148  0.225687821119  0.0377641418029  -9999.0  -9999.0  -9999.0  -9999.0  -9999.0  -9999.0  -9999.0
-9999.0  -9999.0  -9999.0  -9999.0  -9999.0  -9999.0  -9999.0  -9999.0  -9999.0  -9999.0  -9999.0  -9999.0  -9999.0  -9999.0  -9999.0  -9999.0  -9999.0  -9999.0  0.600651158208  1.92785474007  3.75091634523  4.87939711442  12.1558959974  12.6965540675  0.853615569426  1.25635738588  1.56114501104  1.83419425824  3.9793239233  4.18266137871  7.17138954447  7.35357413721  7.43765126181  21.1584193999  21.6117385481  0.0930549101542  0.0742741223008  0.067008502205  0.123556876153  0.0533358999159  0.716073474272  0.749057768397  0.107487850763  0.139320310651  0.0358600144359  103.291878623  103.354660659  440.659672247  440.815887397  0.0417388033317  0.214957477523  0.148388178413  0.0753526122615  0.921526238625  1.11323123301  0.119786170345  0.0903069215922  0.0181236800258  0.00991303037067  0.0509148430186  6.57263878168  6.49872228692  6.49139234245  6.47330838028  0.0251128159068  0.0272810923589  0.0366016532491  0.0487916827429  0.169849899405  0.11600728764  0.107580892942  0.16369590029  0.050337969099  -9999.0  -9999.0  -9999.0  -9999.0  -9999.0  -9999.0  -9999.0
-9999.0  -9999.0  -9999.0  -9999.0  -9999.0  -9999.0  -9999.0  -9999.0  -9999.0  -9999.0  -9999.0  -9999.0  -9999.0  -9999.0  -9999.0  -9999.0  -9999.0  -9999.0  -9999.0  0.694666172945  0.666591407253  1.24876358785  2.93847240201  13.2146157203  0.448176777651  0.439973577774  0.736065402445  1.05436183826  2.50291648479  2.68907417597  0.132831210243  0.129061915071  7.54751601603  7.62035465985  29.3116875395  29.3715142053  0.0266381257413  0.022073780042  0.0172492299373  0.0174719417538  0.021542915006  102.644264108  102.879918037  103.041879228  103.109429686  103.266727939  0.0395296298951  0.139438105397  0.157995229327  441.009480609  441.004447974  440.993026657  440.98791666  440.990145955  1.15185120738  0.00743485049192  0.035135395662  0.0282923919857  0.00723502182407  0.0580977277256  6.60192697984  0.0200775183737  0.0107420487655  0.123133638675  0.113306706865  0.0972019615348  0.0810159853229  0.0507338088768  0.0718875487236  0.0659246860048  0.0569360708454  0.0623483564173  -9999.0  -9999.0  -9999.0  -9999.0  -9999.0  -9999.0  -9999.0  -9999.0
-9999.0  -9999.0  -9999.0  -9999.0  -9999.0  -9999.0  -9999.0  -9999.0  -9999.0  -9999.0  -9999.0  -9999.0  -9999.0  -9999.0  -9999.0  -9999.0  -9999.0  -9999.0  -9999.0  -9999.0  0.602732255821  0.635329722071  1.16452860064  15.4666335054  15.9365219783  0.423882431207  0.720486117007  1.05190549662  1.29854138568  0.209471297323  0.355383640001  30.6478892463  30.7223917348  30.8206449393  31.4637546475  60.885897727  101.21049245  101.287369808  101.352953387  101.414421446  101.750962875  101.865238111  0.211558467795  0.0866417365244  0.0587671934017  0.106643508864  0.0691790550201  0.113243055258  0.0342695059578  0.846444945873  1.04155778069  1.19273869059  1.19985642406  440.974722544  442.117976149  442.157255115  0.0439733078712  0.00605776847856  0.0785870452028  0.0662203148232  6.62076663985  0.00993706016719  0.265380774022  0.129917192571  0.117429683786  0.0855758118509  0.0441415059818  0.076040428405  0.0407182422439  -9999.0  -9999.0  -9999.0  -9999.0  -9999.0  -9999.0  -9999.0  -9999.0  -9999.0  -9999.0  -9999.0
-9999.0  -9999.0  -9999.0  -9999.0  -9999.0  -9999.0  -9999.0  -9999.0  -9999.0  -9999.0  -9999.0  -9999.0  -9999.0  -9999.0  -9999.0  -9999.0  -9999.0  -9999.0  -9999.0  -9999.0  -9999.0  0.61444238318  1.16821401265  1.72519151295  16.3710278703  0.390762822479  21.6377511306  21.9829853022  22.1881250439  22.3568027099  29.9788718827  30.1499392601  0.0843605103484  0.495071534407  0.590072470357  0.0926384124571  40.2544463571  40.0947505148  0.0380230821735  0.0987190045752  0.283779476933  0.0675608318915  0.0748240521113  0.0445311461002  0.0354587420672  0.0244364826212  0.0318408051068  0.741843243003  0.777174824827  0.822844988248  0.175182700003  0.132290084216  1.25114603444  1.26516162271  1.27037680464  442.143089955  442.129412707  0.0950287850223  0.0841273155636  6.90976821528  6.90451867616  0.275184753742  0.0195675848907  0.0099943787501  0.24547274012  0.215818427907  0.173556253362  0.111831502562  0.0583182595852  0.0259261240808  -9999.0  -9999.0  -9999.0  -9999.0  -9999.0  -9999.0  -9999.0  -9999.0  -9999.0  -9999.0
-9999.0  -9999.0  -9999.0  -9999.0  -9999.0  -9999.0  -9999.0  -9999.0  -9999.0  -9999.0  -9999.0  -9999.0  -9999.0  -9999.0  -9999.0  -9999.0  -9999.0  -9999.0  -9999.0  -9999.0  -9999.0  0.553625368184  0.512039408898  2.66984804152  20.0481671245  20.9356716386  21.3493420314  0.321410282997  7.06558501169  7.28527761575  7.38758077304  0.154194608108  0.260476238281  0.345339634198  9.56109745  9.62268549328  9.67172020205  40.0124418785  24.9090315795  0.0575268407408  0.0641080406223  0.0593297082344  0.0406034119877  0.462688098653  0.549752335219  0.622058049319  0.665258247368  0.705928936373  6.87485851273  6.89973091666  6.93213242164  7.00642845339  7.29964256355  7.3069526795  8.58454943809  0.0055214244512  442.114694587  442.10211832  0.101959820728  6.91410209884  0.0141215208329  0.00747382377377  0.0292920647342  0.362672369751  0.354470030621  0.0781518569891  0.0403410847537  0.129462334354  0.0949973749061  0.025566639143  0.0222506297058  0.0217247723727  -9999.0  -9999.0  -9999.0  -9999.0  -9999.0  -9999.0  -9999.0  -9999.0
-9999.0  -9999.0  -9999.0  -9999.0  -9999.0  -9999.0  -9999.0  -9999.0  -9999.0  -9999.0  -9999.0  -9999.0  -9999.0  -9999.0  -9999.0  -9999.0  -9999.0  -9999.0  -9999.0  -9999.0  -9999.0  -9999.0  1.07739159477  1.64633517608  0.525161254304  0.436743373782  6.02554231911  6.3611418922  6.55539126034  1.98150018215  2.13369229181  2.28935454903  2.38720752357  9.4106462941  9.51660039025  5.25575621748  14.9975729208  15.0591615629  24.8710070569  0.125144905046  0.0653330759884  0.0364514572154  0.32563803109  0.384003829728  0.0270176979796  0.0243470804226  6.74488189738  6.81654670253  6.851749093  0.0378954257139  0.0557211191625  7.27148767487  0.0154980880373  0.0636380874799  0.0693106619964  8.66429618788  8.66979400897  8.75227068652  450.941814653  6.93344895181  0.42892493022  0.42242673441  0.411845204798  0.370650538741  0.0118844855146  0.194270062076  0.169893246932  0.0552911674679  0.0228299796094  0.0435446470795  0.10983292021  0.0647435228978  -9999.0  -9999.0  -9999.0  -9999.0  -9999.0  -9999.0  -9999.0  -9999.0
-9999.0  -9999.0  -9999.0  -9999.0  -9999.0  -9999.0  -9999.0  -9999.0  -9999.0  -9999.0  -9999.0  -9999.0  -9999.0  -9999.0  -9999.0  -9999.0  -9999.0  -9999.0  -9999.0  -9999.0  -9999.0  -9999.0  0.538843755444  1.06397567607  4.31905406488  4.84588203312  5.25485189455  1.57636499501  1.81376858112  0.187605265039  6.65430235549  6.80210459512  6.92696355542  0.106226025449  5.06767349499  5.18107735782  0.0690443856558  24.5390235294  0.151961653984  0.0761314634155  0.182924303459  0.248604060868  0.0422111102599  0.0303476176181  6.35657387596  6.68218228441  6.72703452821  0.0475275621997  0.091069745583  0.112212790253  0.128427223316  0.243594693408  0.0232122319405  0.0531508572173  0.00976392154706  0.0190244876461  8.73976765885  8.74654216324  450.929952602  458.326249738  0.475874785849  0.0334157500325  0.0206451732472  0.0191061324659  0.00869913164168  0.20784992771  0.112584866921  0.0879093026482  0.338173124953  0.305482248183  0.222725649499  0.0559256886883  0.025146356863  -9999.0  -9999.0  -9999.0  -9999.0  -9999.0  -9999.0  -9999.0
-9999.0  -9999.0  -9999.0  -9999.0  -9999.0  -9999.0  -9999.0  -9999.0  -9999.0  -9999.0  -9999.0  -9999.0  -9999.0  -9999.0  -9999.0  -9999.0  -9999.0  -9999.0  -9999.0  -9999.0  -9999.0  -9999.0  0.530349170729  1.65109263086  2.77334826506  0.539222602004  0.912333890744  1.28400785633  5.93821629589  6.16596494651  6.32451208157  0.134596610382  4.35591351243  4.77421604892  4.88398472568  0.0651899927659  24.2297589649  24.410742982  0.0817846902388  0.0696672430189  0.140005230731  0.0501013093125  6.12952672829  6.21492966234  6.27339992522  0.216190167802  0.265426786469  0.0394142171386  0.0679295135165  0.0288821305195  0.197100826617  0.0316336420369  0.0145711144602  0.0147612408318  0.0161047164291  0.0330321306183  0.043571712122  34.7708827376  34.8032208941  493.144326223  493.125148028  493.105713218  0.0249077181049  0.401464714221  0.376023324427  0.151989972699  0.144493745154  0.018414969594  0.399827094681  0.0282511253311  0.0252802032105  0.0196739777369  0.103364705142  0.049081523695  -9999.0  -9999.0  -9999.0  -9999.0  -9999.0  -9999.0
-9999.0  -9999.0  -9999.0  -9999.0  -9999.0  -9999.0  -9999.0  -9999.0  -9999.0  -9999.0  -9999.0  -9999.0  -9999.0  -9999.0  -9999.0  -9999.0  -9999.0  -9999.0  -9999.0  -9999.0  -9999.0  -9999.0  -9999.0  0.563701186465  0.578350535414  0.5353914583  4.35999368697  4.70707301142  5.67000996584  0.229147497796  3.70784591539  4.11542491084  0.143552759837  0.306736117494  0.0956400069765  23.997709344  0.105700814511  0.241709573342  0.290154311897  0.336054768435  5.80821294811  5.9838543025  6.04819884581  0.066434532983  0.119712291745  0.164602568745  0.0221909087354  0.0194045195348  19.2833404321  19.3029958307  19.3184656575  19.5276178619  19.5499903482  19.5731235577  19.5842770645  30.7015747019  30.7175599275  34.7651144678  0.0253085552186  0.0287549067882  0.0490475919193  493.13734042  493.189927928  493.583686345  493.566624019  0.014753304962  0.00839751870165  0.440952299491  0.430739877671  0.0171110345109  0.0501012725285  0.501087192102  0.348052710948  0.312014522489  0.0855697648438  -9999.0  -9999.0  -9999.0  -9999.0  -9999.0
-9999.0  -9999.0  -9999.0  -9999.0  -9999.0  -9999.0  -9999.0  -9999.0  -9999.0  -9999.0  -9999.0  -9999.0  -9999.0  -9999.0  -9999.0  -9999.0  -9999.0  -9999.0  -9999.0  -9999.0  -9999.0  -9999.0  -9999.0  0.466215243193  0.999862104237  2.10020237691  4.01545599908  0.406190403787  0.705118580346  3.1173932813  3.31789883817  0.228103725249  5.62307714496  5.76757489791  23.678086416  23.7912071431  0.0831350578942  0.149189419578  0.725482435864  5.25275182392  5.44457797155  0.135248881655  0.0652221303417  0.0452756880414  17.6272212674  17.7152306184  17.7822535853  17.8504360701  19.2659351305  0.0751523366749  19.5079365444  0.0456612599363  0.0256648746044  0.053579090267  11.0777412022  11.1097471481  3.93301813877  4.02517895965  0.0626867032739  0.0293970921511  0.0381473659219  0.0365087669672  0.0452901866394  0.00993094918195  520.163976526  520.161573219  0.529735759651  0.460695901734  0.0122147538764  0.718438898876  0.682818203451  0.59354226791  0.0539715239824  0.0741174233811  0.0964242279821  -9999.0  -9999.0  -9999.0  -9999.0  -9999.0
-9999.0  -9999.0  -9999.0  -9999.0  -9999.0  -9999.0  -9999.0  -9999.0  -9999.0  -9999.0  -9999.0  -9999.0  -9999.0  -9999.0  -9999.0  -9999.0  -9999.0  -9999.0  -9999.0  -9999.0  -9999.0  -9999.0  -9999.0  -9999.0  0.560544758844  1.08114025698  1.48766591841  2.49912422831  2.79922958939  4.609165885  5.12434910659  5.28437666626  5.45017762646  17.6558929364  17.7944360706  0.0781371242256  0.570628106773  0.665525061106  4.39690507455  4.46016678247  0.114458231461  0.0343919892718  17.3888948831  17.4973115619  17.549178812  0.0507772084715  1.28702586503  1.32931535145  1.38007827331  0.0400333014059  0.027102125904  0.0164049513969  0.0267404076608  10.9711940731  11.0065431766  0.0207244054486  3.91259387602  3.78686146826  3.76742253702  0.0207833008006  0.0496174304233  0.0245610182391  0.039114326099  26.5390463722  26.6121576257  520.678141243  0.0339332808614  0.0143794584767  0.7451902311  0.0173164309646  0.127322020581  0.0897530822828  0.0485403228531  -9999.0  -9999.0  -9999.0  -9999.0  -9999.0  -9999.0  -9999.0
-9999.0  -9999.0  -9999.0  -9999.0  -9999.0  -9999.0  -9999.0  -9999.0  -9999.0  -9999.0  -9999.0  -9999.0  -9999.0  -9999.0  -9999.0  -9999.0  -9999.0  -9999.0  -9999.0  -9999.0  -9999.0  -9999.0  -9999.0  -9999.0  0.489093714329  1.59286427691  2.11514338629  3.11370514303  3.89557435925  4.30422979804  0.281731698265  4.56545372344  17.2759399866  17.5074124134  0.178056880664  0.305531320179  0.511355621875  4.2256918776  4.33210262237  12.0098760671  12.1523927069  17.2915587999  17.3465112973  0.0660971217709  1.08605902515  1.19352896891  1.25598399891  0.0434802093497  10.0374982606  10.0759534506  10.1981848166  10.7423473767  10.904739911  10.9306683737  0.0251733681174  0.0560430927663  0.0816536440398  3.27165380944  3.7299733197  0.308739216143  0.284053726007  0.0184897901888  0.0289704648766  26.4898652986  0.0639411271793  0.0185368989414  520.676469186  0.00616155840157  0.00648026296202  0.91131165903  0.154574790462  0.0293964545578  0.0254702435272  -9999.0  -9999.0  -9999.0  -9999.0  -9999.0  -9999.0  -9999.0
-9999.0  -9999.0  -9999.0  -9999.0  -9999.0  -9999.0  -9999.0  -9999.0  -9999.0  -9999.0  -9999.0  -9999.0  -9999.0  -9999.0  -9999.0  -9999.0  -9999.0  -9999.0  -9999.0  -9999.0  -9999.0  -9999.0  -9999.0  -9999.0  0.580815864536  0.547468803768  2.1041889068  2.66709406716  0.420495529526  3.91423975577  4.24779116641  0.294676205981  12.1653375235  0.276467078208  1.86967621672  3.98385305183  4.14146502113  11.3586160926  11.4489821012  11.9385947125  0.111277609144  5.10081618247  0.0413011143558  0.115131788763  1.05366323201  0.0684426258347  2.1862277305  9.96278712666  0.0473383830789  0.0967750684465  0.443835013304  0.0578028332967  0.0643682219083  0.0404597607178  0.0257204536494  2.94282488992  3.15823534139  3.24808579614  0.119556546339  0.0886688606704  0.171508440603  0.032016787606  26.406467284  26.4257657289  0.0379560973764  0.0116438923281  0.00467445916418  520.689746596  521.728051265  1.05015599068  0.131178212948  0.117867163729  0.0644102012567  -9999.0  -9999.0  -9999.0  -9999.0  -9999.0  -9999.0  -9999.0
-9999.0  -9999.0  -9999.0  -9999.0  -9999.0  -9999.0  -9999.0  -9999.0  -9999.0  -9999.0  -9999.0  -9999.0  -9999.0  -9999.0  -9999.0  -9999.0  -9999.0  -9999.0  -9999.0  -9999.0  -9999.0  -9999.0  -9999.0  -9999.0  -9999.0  0.525440084665  0.555969968368  0.515558665604  3.11126280603  3.54768455652  5.58065697748  11.9186753993  0.354476455441  1.08111886725  1.37767251055  1.9329907391  0.437516392905  11.1968470621  0.183755054743  0.381218947312  4.87049117608  0.149076992464  0.661040772156  0.771796979206  0.101069163648  0.0672988456685  2.15877621495  7.73690048902  0.077824866687  0.252634218594  0.403689769715  0.0543104044212  0.0384102243246  2.6720036298  2.80190882291  0.0946795512347  0.191350126892  0.0539947703489  0.084934305378  0.0529949584704  0.0513666644332  0.0217806997918  26.3919511811  0.0688886239881  -9999.0  -9999.0  0.0132879406143  0.0229500511994  521.708325297  521.688347872  521.700734116  0.0225612164826  -9999.0  -9999.0  -9999.0  -9999.0  -9999.0  -9999.0  -9999.0  -9999.0
-9999.0  -9999.0  -9999.0  -9999.0  -9999.0  -9999.0  -9999.0  -9999.0  -9999.0  -9999.0  -9999.0  -9999.0  -9999.0  -9999.0  -9999.0  -9999.0  -9999.0  -9999.0  -9999.0  -9999.0  -9999.0  -9999.0  -9999.0  -9999.0  -9999.0  -9999.0  0.501357082893  1.70086321224  2.1678047173  5.25402395246  1.89975512785  5.97520040396  3.65078277062  0.358677359714  1.0605247173  1.66057490474  0.241617767482  10.5759809374  3.5466415423  4.30982232437  0.429791202915  0.432311464612  0.154685141231  0.0780716458302  1.96036681621  2.02983191635  7.52806575169  7.59240431635  0.124053863901  0.194700751751  0.0483421304586  2.20538197245  2.42974762091  2.65090954675  0.103631299725  0.046570710258  0.137851508223  0.0498377247244  0.0338831288698  0.0181601289043  26.1799613886  26.2409279046  26.2852681633  0.048543673577  -9999.0  -9999.0  -9999.0  -9999.0  -9999.0  0.00423789401703  521.678373727  521.656731614  -9999.0  -9999.0  -9999.0  -9999.0  -9999.0  -9999.0  -9999.0  -9999.0
-9999.0  -9999.0  -9999.0  -9999.0  -9999.0  -9999.0  -9999.0  -9999.0  -9999.0  -9999.0  -9999.0  -9999.0  -9999.0  -9999.0  -9999.0  -9999.0  -9999.0  -9999.0  -9999.0  -9999.0  -9999.0  -9999.0  -9999.0  -9999.0  -9999.0  -9999.0  0.631112646654  0.532839857587  4.76535703429  0.549224219867  1.48416583174  2.42320897935  3.28842581476  0.416654207807  0.361647725403  0.312337936435  10.0095312686  10.3205408847  3.33098876158  0.577092343384  0.272316834585  0.268203734704  1.73439563807  1.89903569132  6.95078974946  7.18849673098  7.3829373963  0.0889346162432  0.0655097850545  2.09059847503  2.1261863269  2.17312457842  0.197652797371  0.118081069052  0.0594750077253  0.0553659103763  0.0349253409502  0.249296068489  0.269301341348  26.1484341386  26.1694221239  0.0451745513971  0.0249648837113  0.0250692193484  -9999.0  -9999.0  -9999.0  -9999.0  -9999.0  -9999.0  -9999.0  -9999.0  -9999.0  -9999.0  -9999.0  -9999.0  -9999.0  -9999.0  -9999.0  -9999.0
-9999.0  -9999.0  -9999.0  -9999.0  -9999.0  -9999.0  -9999.0  -9999.0  -9999.0  -9999.0  -9999.0  -9999.0  -9999.0  -9999.0  -9999.0  -9999.0  -9999.0  -9999.0  -9999.0  -9999.0  -9999.0  -9999.0  -9999.0  -9999.0  -9999.0  -9999.0  -9999.0  1.16946205814  3.72274778997  2.05584961331  0.476215786156  1.93672432325  0.434290549763  1.38381528459  1.66747417193  8.94221034096  9.70275148759  2.78623297963  3.06784408874  0.292557918471  1.28438672205  1.52297037709  4.5686889553  6.66904035481  6.85082001363  0.164136618852  0.107433576629  1.67775997196  1.87697843763  2.05553862511  0.0568085503506  0.0987161237427  0.150717588334  0.0536614978976  0.0936124058155  0.14947746697  0.177306027961  0.229513695004  0.0267955756029  25.8329400827  0.0699447294228  0.022040294989  -9999.0  -9999.0  -9999.0  -9999.0  -9999.0  -9999.0  -9999.0  -9999.0  -9999.0  -9999.0  -9999.0  -9999.0  -9999.0  -9999.0  -9999.0  -9999.0  -9999.0  -9999.0
-9999.0  -9999.0  -9999.0  -9999.0  -9999.0  -9999.0  -9999.0  -9999.0  -9999.0  -9999.0  -9999.0  -9999.0  -9999.0  -9999.0  -9999.0  -9999.0  -9999.0  -9999.0  -9999.0  -9999.0  -9999.0  -9999.0  -9999.0  -9999.0  -9999.0  -9999.0  -9999.0  0.633218178486  0.53042522332  1.01422179136  0.520010771332  0.967421881695  1.00035740827  5.53805844516  5.98376867803  0.905532033313  0.360968589625  2.50650272221  0.694188355975  1.0395545833  3.87271804651  4.12463871607  4.37822274036  1.91632605151  0.673860114408  1.02300235616  1.30223358824  1.63476682169  0.159468217015  0.102114040896  15.988908521  16.0484334713  16.0898968898  0.0330911387957  0.0577505254354  0.0327646638173  0.0208298397678  24.8357655413  25.0798022008  0.632690639253  0.55427583666  0.047719218474  -9999.0  -9999.0  -9999.0  -9999.0  -9999.0  -9999.0  -9999.0  -9999.0  -9999.0  -9999.0  -9999.0  -9999.0  -9999.0  -9999.0  -9999.0  -9999.0  -9999.0  -9999.0
-9999.0  -9999.0  -9999.0  -9999.0  -9999.0  -9999.0  -9999.0  -9999.0  -9999.0  -9999.0  -9999.0  -9999.0  -9999.0  -9999.0  -9999.0  -9999.0  -9999.0  -9999.0  -9999.0  -9999.0  -9999.0  -9999.0  -9999.0  -9999.0  -9999.0  -9999.0  -9999.0  -9999.0  -9999.0  0.439712129631  0.421443643307  0.559099109591  2.14125461138  5.14898129048  2.55938654947  0.419087476017  1.75857481629  2.15528310733  0.334778015944  3.33731026186  3.61454546889  0.905503287568  1.40736183897  0.264751711845  0.439665205066  0.19112935141  0.1429290848  0.144573019076  15.7500727436  15.856608265  15.9376065904  0.442236200174  16.6609071891  16.7189133569  16.7636461488  16.8077897284  16.8836499246  24.8196434563  24.8958555133  0.152329442895  0.505391928442  0.135713652829  -9999.0  -9999.0  -9999.0  -9999.0  -9999.0  -9999.0  -9999.0  -9999.0  -9999.0  -9999.0  -9999.0  -9999.0  -9999.0  -9999.0  -9999.0  -9999.0  -9999.0  -9999.0
-9999.0  -9999.0  -9999.0  -9999.0  -9999.0  -9999.0  -9999.0  -9999.0  -9999.0  -9999.0  -9999.0  -9999.0  -9999.0  -9999.0  -9999.0  -9999.0  -9999.0  -9999.0  -9999.0  -9999.0  -9999.0  -9999.0  -9999.0  -9999.0  -9999.0  -9999.0  -9999.0  -9999.0  -9999.0  -9999.0  -9999.0  0.60416975788  1.10865599232  1.08129971285  1.03312871617  0.96793598052  1.41927297288  2.29191052687  2.6298470451  3.03963748912  0.309464728584  0.633142637349  0.257938994325  0.212840117058  10.3309020801  12.3012693858  12.6815099652  12.8536628225  15.6564753078  0.135752420656  0.240438676484  0.380953194442  2.51134454501  2.59155985921  2.64657751215  5.95548596945  7.26219519749  7.88019434154  0.0895559913139  0.0860172721323  0.314660602055  0.0827729377947  -9999.0  -9999.0  -9999.0  -9999.0  -9999.0  -9999.0  -9999.0  -9999.0  -9999.0  -9999.0  -9999.0  -9999.0  -9999.0  -9999.0  -9999.0  -9999.0  -9999.0  -9999.0
-9999.0  -9999.0  -9999.0  -9999.0  -9999.0  -9999.0  -9999.0  -9999.0  -9999.0  -9999.0  -9999.0  -9999.0  -9999.0  -9999.0  -9999.0  -9999.0  -9999.0  -9999.0  -9999.0  -9999.0  -9999.0  -9999.0  -9999.0  -9999.0  -9999.0  -9999.0  -9999.0  -9999.0  -9999.0  -9999.0  -9999.0  -9999.0  0.556723513027  0.55996354069  0.523048381318  0.4933368533  0.968906187116  1.89042468494  1.84509491545  2.20577082992  2.47230380466  5.67744302765  5.92825313129  9.97215078062  10.195564281  1.82642357809  0.207952452984  2.46360693147  2.63641835221  1.01338092889  1.95154161851  2.26838266247  2.39901910446  0.104561565622  3.26581385881  6.20897050848  7.22349150745  0.0953308387449  0.467488643029  0.0716593055102  0.246702634958  -9999.0  -9999.0  -9999.0  -9999.0  -9999.0  -9999.0  -9999.0  -9999.0  -9999.0  -9999.0  -9999.0  -9999.0  -9999.0  -9999.0  -9999.0  -9999.0  -9999.0  -9999.0  -9999.0
-9999.0  -9999.0  -9999.0  -9999.0  -9999.0  -9999.0  -9999.0  -9999.0  -9999.0  -9999.0  -9999.0  -9999.0  -9999.0  -9999.0  -9999.0  -9999.0  -9999.0  -9999.0  -9999.0  -9999.0  -9999.0  -9999.0  -9999.0  -9999.0  -9999.0  -9999.0  -9999.0  -9999.0  -9999.0  -9999.0  -9999.0  -9999.0  -9999.0  -9999.0  -9999.0  0.536475658905  0.478081204009  0.501607428821  1.44247866984  1.31939179123  2.53212114102  2.94380385996  0.325188474315  3.77709432688  1.31939810796  1.60625216016  1.57661072481  2.28900203768  0.63584018241  0.209464745235  0.828135669083  0.197363530279  1.77403231696  2.11370664776  3.07350361321  0.141434957098  0.591814021284  0.229217583581  0.297073264461  0.0903233907018  0.170214059014  -9999.0  -9999.0  -9999.0  -9999.0  -9999.0  -9999.0  -9999.0  -9999.0  -9999.0  -9999.0  -9999.0  -9999.0  -9999.0  -9999.0  -9999.0  -9999.0  -9999.0  -9999.0  -9999.0
-9999.0  -9999.0  -9999.0  -9999.0  -9999.0  -9999.0  -9999.0  -9999.0  -9999.0  -9999.0  -9999.0  -9999.0  -9999.0  -9999.0  -9999.0  -9999.0  -9999.0  -9999.0  -9999.0  -9999.0  -9999.0  -9999.0  -9999.0  -9999.0  -9999.0  -9999.0  -9999.0  -9999.0  -9999.0  -9999.0  -9999.0  -9999.0  -9999.0  -9999.0  -9999.0  -9999.0  -9999.0  0.484148443117  0.428584274466  0.888241165926  0.843619866123  2.34022325858  3.08892543512  0.747422998422  1.0306169226  0.828820869446  1.35668975072  0.484075372487  0.456822492644  0.46675296259  0.188046194514  1.06702969564  1.6227012799  0.191297381064  0.796716600493  0.275650836725  0.180040630701  0.109799796079  0.097567285671  0.107830118264  -9999.0  -9999.0  -9999.0  -9999.0  -9999.0  -9999.0  -9999.0  -9999.0  -9999.0  -9999.0  -9999.0  -9999.0  -9999.0  -9999.0  -9999.0  -9999.0  -9999.0  -9999.0  -9999.0  -9999.0
-9999.0  -9999.0  -9999.0  -9999.0  -9999.0  -9999.0  -9999.0  -9999.0  -9999.0  -9999.0  -9999.0  -9999.0  -9999.0  -9999.0  -9999.0  -9999.0  -9999.0  -9999.0  -9999.0  -9999.0  -9999.0  -9999.0  -9999.0  -9999.0  -9999.0  -9999.0  -9999.0  -9999.0  -9999.0  -9999.0  -9999.0  -9999.0  -9999.0  -9999.0  -9999.0  -9999.0  -9999.0  -9999.0  -9999.0  0.453458666162  1.04531113566  1.95959984047  0.399322925554  0.388616841756  0.272615010049  0.577960345418  0.27482778159  0.247075271001  0.242200163015  0.249748371211  0.461569914799  0.905359394325  0.407351931218  0.433892033131  0.626953258799  0.142409388211  0.084557002187  -9999.0  -9999.0  -9999.0  -9999.0  -9999.0  -9999.0  -9999.0  -9999.0  -9999.0  -9999.0  -9999.0  -9999.0  -9999.0  -9999.0  -9999.0  -9999.0  -9999.0  -9999.0  -9999.0  -9999.0  -9999.0  -9999.0  -9999.0
-9999.0  -9999.0  -9999.0  -9999.0  -9999.0  -9999.0  -9999.0  -9999.0  -9999.0  -9999.0  -9999.0  -9999.0  -9999.0  -9999.0  -9999.0  -9999.0  -9999.0  -9999.0  -9999.0  -9999.0  -9999.0  -9999.0  -9999.0  -9999.0  -9999.0  -9999.0  -9999.0  -9999.0  -9999.0  -9999.0  -9999.0  -9999.0  -9999.0  -9999.0  -9999.0  -9999.0  -9999.0  -9999.0  -9999.0  -9999.0  0.479498513917  0.42516762924  -9999.0  -9999.0  -9999.0  -9999.0  -9999.0  -9999.0  -9999.0  -9999.0  0.236073141854  0.216657161639  0.182664748003  0.20030555768  -9999.0  -9999.0  -9999.0  -9999.0  -9999.0  -9999.0  -9999.0  -9999.0  -9999.0  -9999.0  -9999.0  -9999.0  -9999.0  -9999.0  -9999.0  -9999.0  -9999.0  -9999.0  -9999.0  -9999.0  -9999.0  -9999.0  -9999.0  -9999.0  -9999.0  -9999.0
-9999.0  -9999.0  -9999.0  -9999.0  -9999.0  -9999.0  -9999.0  -9999.0  -9999.0  -9999.0  -9999.0  -9999.0  -9999.0  -9999.0  -9999.0  -9999.0  -9999.0  -9999.0  -9999.0  -9999.0  -9999.0  -9999.0  -9999.0  -9999.0  -9999.0  -9999.0  -9999.0  -9999.0  -9999.0  -9999.0  -9999.0  -9999.0  -9999.0  -9999.0  -9999.0  -9999.0  -9999.0  -9999.0  -9999.0  -9999.0  -9999.0  -9999.0  -9999.0  -9999.0  -9999.0  -9999.0  -9999.0  -9999.0  -9999.0  -9999.0  -9999.0  -9999.0  -9999.0  -9999.0  -9999.0  -9999.0  -9999.0  -9999.0  -9999.0  -9999.0  -9999.0  -9999.0  -9999.0  -9999.0  -9999.0  -9999.0  -9999.0  -9999.0  -9999.0  -9999.0  -9999.0  -9999.0  -9999.0  -9999.0  -9999.0  -9999.0  -9999.0  -9999.0  -9999.0  -9999.0
-9999.0  -9999.0  -9999.0  -9999.0  -9999.0  -9999.0  -9999.0  -9999.0  -9999.0  -9999.0  -9999.0  -9999.0  -9999.0  -9999.0  -9999.0  -9999.0  -9999.0  -9999.0  -9999.0  -9999.0  -9999.0  -9999.0  -9999.0  -9999.0  -9999.0  -9999.0  -9999.0  -9999.0  -9999.0  -9999.0  -9999.0  -9999.0  -9999.0  -9999.0  -9999.0  -9999.0  -9999.0  -9999.0  -9999.0  -9999.0  -9999.0  -9999.0  -9999.0  -9999.0  -9999.0  -9999.0  -9999.0  -9999.0  -9999.0  -9999.0  -9999.0  -9999.0  -9999.0  -9999.0  -9999.0  -9999.0  -9999.0  -9999.0  -9999.0  -9999.0  -9999.0  -9999.0  -9999.0  -9999.0  -9999.0  -9999.0  -9999.0  -9999.0  -9999.0  -9999.0  -9999.0  -9999.0  -9999.0  -9999.0  -9999.0  -9999.0  -9999.0  -9999.0  -9999.0  -9999.0
-9999.0  -9999.0  -9999.0  -9999.0  -9999.0  -9999.0  -9999.0  -9999.0  -9999.0  -9999.0  -9999.0  -9999.0  -9999.0  -9999.0  -9999.0  -9999.0  -9999.0  -9999.0  -9999.0  -9999.0  -9999.0  -9999.0  -9999.0  -9999.0  -9999.0  -9999.0  -9999.0  -9999.0  -9999.0  -9999.0  -9999.0  -9999.0  -9999.0  -9999.0  -9999.0  -9999.0  -9999.0  -9999.0  -9999.0  -9999.0  -9999.0  -9999.0  -9999.0  -9999.0  -9999.0  -9999.0  -9999.0  -9999.0  -9999.0  -9999.0  -9999.0  -9999.0  -9999.0  -9999.0  -9999.0  -9999.0  -9999.0  -9999.0  -9999.0  -9999.0  -9999.0  -9999.0  -9999.0  -9999.0  -9999.0  -9999.0  -9999.0  -9999.0  -9999.0  -9999.0  -9999.0  -9999.0  -9999.0  -9999.0  -9999.0  -9999.0  -9999.0  -9999.0  -9999.0  -9999.0
-9999.0  -9999.0  -9999.0  -9999.0  -9999.0  -9999.0  -9999.0  -9999.0  -9999.0  -9999.0  -9999.0  -9999.0  -9999.0  -9999.0  -9999.0  -9999.0  -9999.0  -9999.0  -9999.0  -9999.0  -9999.0  -9999.0  -9999.0  -9999.0  -9999.0  -9999.0  -9999.0  -9999.0  -9999.0  -9999.0  -9999.0  -9999.0  -9999.0  -9999.0  -9999.0  -9999.0  -9999.0  -9999.0  -9999.0  -9999.0  -9999.0  -9999.0  -9999.0  -9999.0  -9999.0  -9999.0  -9999.0  -9999.0  -9999.0  -9999.0  -9999.0  -9999.0  -9999.0  -9999.0  -9999.0  -9999.0  -9999.0  -9999.0  -9999.0  -9999.0  -9999.0  -9999.0  -9999.0  -9999.0  -9999.0  -9999.0  -9999.0  -9999.0  -9999.0  -9999.0  -9999.0  -9999.0  -9999.0  -9999.0  -9999.0  -9999.0  -9999.0  -9999.0  -9999.0  -9999.0
-9999.0  -9999.0  -9999.0  -9999.0  -9999.0  -9999.0  -9999.0  -9999.0  -9999.0  -9999.0  -9999.0  -9999.0  -9999.0  -9999.0  -9999.0  -9999.0  -9999.0  -9999.0  -9999.0  -9999.0  -9999.0  -9999.0  -9999.0  -9999.0  -9999.0  -9999.0  -9999.0  -9999.0  -9999.0  -9999.0  -9999.0  -9999.0  -9999.0  -9999.0  -9999.0  -9999.0  -9999.0  -9999.0  -9999.0  -9999.0  -9999.0  -9999.0  -9999.0  -9999.0  -9999.0  -9999.0  -9999.0  -9999.0  -9999.0  -9999.0  -9999.0  -9999.0  -9999.0  -9999.0  -9999.0  -9999.0  -9999.0  -9999.0  -9999.0  -9999.0  -9999.0  -9999.0  -9999.0  -9999.0  -9999.0  -9999.0  -9999.0  -9999.0  -9999.0  -9999.0  -9999.0  -9999.0  -9999.0  -9999.0  -9999.0  -9999.0  -9999.0  -9999.0  -9999.0  -9999.0
-9999.0  -9999.0  -9999.0  -9999.0  -9999.0  -9999.0  -9999.0  -9999.0  -9999.0  -9999.0  -9999.0  -9999.0  -9999.0  -9999.0  -9999.0  -9999.0  -9999.0  -9999.0  -9999.0  -9999.0  -9999.0  -9999.0  -9999.0  -9999.0  -9999.0  -9999.0  -9999.0  -9999.0  -9999.0  -9999.0  -9999.0  -9999.0  -9999.0  -9999.0  -9999.0  -9999.0  -9999.0  -9999.0  -9999.0  -9999.0  -9999.0  -9999.0  -9999.0  -9999.0  -9999.0  -9999.0  -9999.0  -9999.0  -9999.0  -9999.0  -9999.0  -9999.0  -9999.0  -9999.0  -9999.0  -9999.0  -9999.0  -9999.0  -9999.0  -9999.0  -9999.0  -9999.0  -9999.0  -9999.0  -9999.0  -9999.0  -9999.0  -9999.0  -9999.0  -9999.0  -9999.0  -9999.0  -9999.0  -9999.0  -9999.0  -9999.0  -9999.0  -9999.0  -9999.0  -9999.0
