ncols                  80
nrows                 72
xllcorner      4374000.0
yllcorner      5656000.0
cellsize            500
NODATA_value       -9999
-9999.0  -9999.0  -9999.0  -9999.0  -9999.0  -9999.0  -9999.0  -9999.0  -9999.0  -9999.0  -9999.0  -9999.0  1.12848568845  0.976019728931  -9999.0  -9999.0  -9999.0  -9999.0  -9999.0  -9999.0  -9999.0  -9999.0  -9999.0  -9999.0  -9999.0  -9999.0  -9999.0  -9999.0  -9999.0  -9999.0  -9999.0  -9999.0  -9999.0  -9999.0  -9999.0  -9999.0  -9999.0  -9999.0  -9999.0  -9999.0  -9999.0  -9999.0  -9999.0  -9999.0  -9999.0  -9999.0  -9999.0  -9999.0  -9999.0  -9999.0  -9999.0  -9999.0  -9999.0  -9999.0  -9999.0  -9999.0  -9999.0  -9999.0  -9999.0  -9999.0  -9999.0  -9999.0  -9999.0  -9999.0  -9999.0  -9999.0  -9999.0  -9999.0  -9999.0  -9999.0  -9999.0  -9999.0  -9999.0  -9999.0  -9999.0  -9999.0  -9999.0  -9999.0  -9999.0  -9999.0
-9999.0  -9999.0  -9999.0  -9999.0  -9999.0  -9999.0  -9999.0  -9999.0  -9999.0  -9999.0  -9999.0  -9999.0  2.21110638548  5.07743791872  0.857394520996  -9999.0  0.677387659658  -9999.0  -9999.0  -9999.0  -9999.0  -9999.0  -9999.0  -9999.0  -9999.0  -9999.0  -9999.0  -9999.0  -9999.0  -9999.0  -9999.0  -9999.0  -9999.0  -9999.0  -9999.0  -9999.0  -9999.0  -9999.0  -9999.0  -9999.0  -9999.0  -9999.0  -9999.0  -9999.0  -9999.0  -9999.0  -9999.0  -9999.0  -9999.0  -9999.0  -9999.0  -9999.0  -9999.0  -9999.0  -9999.0  -9999.0  -9999.0  -9999.0  -9999.0  -9999.0  -9999.0  -9999.0  -9999.0  -9999.0  -9999.0  -9999.0  -9999.0  -9999.0  -9999.0  -9999.0  -9999.0  -9999.0  -9999.0  -9999.0  -9999.0  -9999.0  -9999.0  -9999.0  -9999.0  -9999.0
-9999.0  -9999.0  -9999.0  -9999.0  -9999.0  -9999.0  -9999.0  -9999.0  -9999.0  -9999.0  1.04130188063  1.01161167983  1.0474836274  1.01328663493  7.00499666089  7.92003260657  1.91083738645  0.607516381366  -9999.0  -9999.0  -9999.0  -9999.0  -9999.0  -9999.0  -9999.0  -9999.0  -9999.0  -9999.0  -9999.0  -9999.0  -9999.0  -9999.0  -9999.0  -9999.0  -9999.0  -9999.0  -9999.0  -9999.0  -9999.0  -9999.0  -9999.0  -9999.0  -9999.0  -9999.0  -9999.0  -9999.0  -9999.0  -9999.0  -9999.0  -9999.0  -9999.0  -9999.0  -9999.0  -9999.0  -9999.0  -9999.0  -9999.0  -9999.0  -9999.0  -9999.0  -9999.0  -9999.0  -9999.0  -9999.0  -9999.0  -9999.0  -9999.0  -9999.0  -9999.0  -9999.0  -9999.0  -9999.0  -9999.0  -9999.0  -9999.0  -9999.0  -9999.0  -9999.0  -9999.0  -9999.0
-9999.0  -9999.0  -9999.0  -9999.0  -9999.0  -9999.0  -9999.0  -9999.0  -9999.0  1.02006000556  2.0480150721  4.06077178515  2.01500102262  0.978665329406  1.91796315291  8.85438947385  12.3182780429  0.732127432729  -9999.0  1.01858980667  -9999.0  -9999.0  -9999.0  -9999.0  1.33258572696  0.666962169826  -9999.0  -9999.0  -9999.0  -9999.0  -9999.0  -9999.0  -9999.0  -9999.0  -9999.0  -9999.0  -9999.0  -9999.0  -9999.0  -9999.0  -9999.0  -9999.0  -9999.0  -9999.0  -9999.0  -9999.0  -9999.0  -9999.0  -9999.0  -9999.0  -9999.0  -9999.0  -9999.0  -9999.0  -9999.0  -9999.0  -9999.0  -9999.0  -9999.0  -9999.0  -9999.0  -9999.0  -9999.0  -9999.0  -9999.0  -9999.0  -9999.0  -9999.0  -9999.0  -9999.0  -9999.0  -9999.0  -9999.0  -9999.0  -9999.0  -9999.0  -9999.0  -9999.0  -9999.0  -9999.0
-9999.0  -9999.0  -9999.0  -9999.0  -9999.0  -9999.0  -9999.0  -9999.0  1.12854894083  3.21381059859  4.192709595  5.17446072039  7.01664198083  0.918298064433  3.70200437052  4.60763027876  18.7662279081  0.962946415439  0.916198790863  1.92725344545  2.8115149224  0.919709362246  -9999.0  3.65788784631  2.98534154108  0.867408972963  -9999.0  -9999.0  -9999.0  -9999.0  -9999.0  -9999.0  -9999.0  -9999.0  -9999.0  -9999.0  -9999.0  -9999.0  -9999.0  -9999.0  -9999.0  -9999.0  -9999.0  -9999.0  -9999.0  -9999.0  -9999.0  -9999.0  -9999.0  -9999.0  -9999.0  -9999.0  -9999.0  -9999.0  -9999.0  -9999.0  -9999.0  -9999.0  -9999.0  -9999.0  -9999.0  -9999.0  -9999.0  -9999.0  -9999.0  -9999.0  -9999.0  -9999.0  -9999.0  -9999.0  -9999.0  -9999.0  -9999.0  -9999.0  -9999.0  -9999.0  -9999.0  -9999.0  -9999.0  -9999.0
-9999.0  -9999.0  -9999.0  -9999.0  -9999.0  -9999.0  1.1394571333  1.03661436145  1.01256709705  1.02556177924  1.0295575501  7.23773744872  15.2294258282  16.1943040229  16.9588130789  0.697270368895  20.3817206729  21.2569277995  1.75650163448  0.882355857379  3.67622661605  6.37808773179  0.95848258569  6.60397214207  0.995995088111  1.0337376287  1.03784519317  -9999.0  -9999.0  -9999.0  -9999.0  -9999.0  -9999.0  -9999.0  -9999.0  -9999.0  -9999.0  -9999.0  -9999.0  -9999.0  -9999.0  -9999.0  -9999.0  -9999.0  -9999.0  -9999.0  -9999.0  -9999.0  -9999.0  -9999.0  -9999.0  -9999.0  -9999.0  -9999.0  -9999.0  -9999.0  -9999.0  -9999.0  -9999.0  -9999.0  -9999.0  -9999.0  -9999.0  -9999.0  -9999.0  -9999.0  -9999.0  -9999.0  -9999.0  -9999.0  -9999.0  -9999.0  -9999.0  -9999.0  -9999.0  -9999.0  -9999.0  -9999.0  -9999.0  -9999.0
-9999.0  -9999.0  -9999.0  -9999.0  -9999.0  -9999.0  2.2722708381  3.3390574745  7.50108498856  10.4968044526  0.932968696702  0.951190648933  0.915095616547  2.67809395575  20.4783112288  0.747603474077  22.0970511743  25.2346218486  2.49009241595  1.70022643238  7.20788700814  0.890547502796  7.48993330237  1.83502773279  0.943984164471  1.96833417697  2.04302764854  1.00416649332  0.99516174535  0.9788419954  1.03076033052  2.07135594261  -9999.0  -9999.0  -9999.0  -9999.0  -9999.0  -9999.0  -9999.0  -9999.0  -9999.0  -9999.0  -9999.0  -9999.0  -9999.0  -9999.0  -9999.0  -9999.0  -9999.0  -9999.0  -9999.0  -9999.0  -9999.0  -9999.0  -9999.0  -9999.0  -9999.0  -9999.0  -9999.0  -9999.0  -9999.0  -9999.0  -9999.0  -9999.0  -9999.0  -9999.0  -9999.0  -9999.0  -9999.0  -9999.0  -9999.0  -9999.0  -9999.0  -9999.0  -9999.0  -9999.0  -9999.0  -9999.0  -9999.0  -9999.0
-9999.0  -9999.0  -9999.0  -9999.0  -9999.0  1.19121482546  2.31402845563  1.1058126702  2.15469016606  11.5625122297  13.5173916134  15.4445696189  48.5449535477  0.865808322465  21.3756350207  76.5778497196  77.1685846397  103.389293059  0.617799785561  2.50620045775  8.04629958034  0.83325869216  17.8242516695  9.47352086918  5.88206446183  4.95885157984  0.987445960075  2.97702146552  2.90198690752  1.93908608456  0.957520272427  3.06104657094  0.969402577935  0.962333695391  -9999.0  -9999.0  -9999.0  -9999.0  -9999.0  -9999.0  -9999.0  -9999.0  -9999.0  -9999.0  -9999.0  -9999.0  -9999.0  -9999.0  -9999.0  -9999.0  -9999.0  -9999.0  -9999.0  -9999.0  -9999.0  -9999.0  -9999.0  -9999.0  -9999.0  -9999.0  -9999.0  -9999.0  -9999.0  -9999.0  -9999.0  -9999.0  -9999.0  -9999.0  -9999.0  -9999.0  -9999.0  -9999.0  -9999.0  -9999.0  -9999.0  -9999.0  -9999.0  -9999.0  -9999.0  -9999.0
-9999.0  -9999.0  -9999.0  -9999.0  -9999.0  1.19311127348  3.47065174704  6.90576180176  7.9577447848  15.7198690684  16.7173423043  19.822605819  32.2119731143  50.973116215  52.7831834483  53.6308285748  1.56835609207  106.12173675  107.441500385  111.540362452  140.83637783  20.3937913624  18.7147505457  6.76906910146  0.878079400916  5.75793629269  3.92051862954  0.929174097786  3.79802511816  0.837080251264  1.71659523678  4.8595055052  5.79510166447  1.89342508561  0.943507470731  0.936346487421  -9999.0  -9999.0  -9999.0  -9999.0  0.754801754725  0.639899480115  -9999.0  -9999.0  -9999.0  -9999.0  -9999.0  -9999.0  -9999.0  -9999.0  -9999.0  -9999.0  -9999.0  -9999.0  -9999.0  -9999.0  -9999.0  -9999.0  -9999.0  -9999.0  -9999.0  -9999.0  -9999.0  -9999.0  -9999.0  -9999.0  -9999.0  -9999.0  -9999.0  -9999.0  -9999.0  -9999.0  -9999.0  -9999.0  -9999.0  -9999.0  -9999.0  -9999.0  -9999.0  -9999.0
-9999.0  -9999.0  -9999.0  -9999.0  -9999.0  1.16377514037  1.10821415361  4.57397644227  5.63804830139  6.73408348496  1.05268497483  2.08903927827  11.717454389  1.97354333269  0.992195693856  0.93779683995  0.85306701486  0.886036765722  0.838509020252  0.91627524116  141.720382036  144.259505624  0.836248510374  2.57970144654  1.75118097806  6.62645155063  1.84500645688  0.905338556301  4.73557316333  1.6272909503  3.89285725566  10.3062927559  9.54093304704  2.82662620104  2.84642632607  0.94368062263  0.952454493313  -9999.0  -9999.0  0.958619032926  1.71238684213  3.69376941177  0.677285399954  -9999.0  -9999.0  -9999.0  -9999.0  -9999.0  -9999.0  -9999.0  -9999.0  -9999.0  -9999.0  -9999.0  -9999.0  -9999.0  -9999.0  -9999.0  -9999.0  -9999.0  -9999.0  -9999.0  -9999.0  -9999.0  -9999.0  -9999.0  -9999.0  -9999.0  -9999.0  -9999.0  -9999.0  -9999.0  -9999.0  -9999.0  -9999.0  -9999.0  -9999.0  -9999.0  -9999.0  -9999.0
-9999.0  -9999.0  -9999.0  -9999.0  -9999.0  -9999.0  1.18200660477  1.18662694579  2.27789354006  3.37614198703  7.61389408853  9.73860422722  10.75154846  0.985160521405  0.90534999978  11.852128121  14.6298920556  15.522377996  19.1755203624  20.0429287144  0.872884431964  145.128442775  149.278001692  3.29361328772  0.479585016801  7.37610532821  16.6217589131  6.54326003038  1.72974927651  0.84646793771  15.872711913  11.1759054237  0.880038034146  0.879594472512  3.74347337862  2.79753607718  0.927163822293  0.968881574283  0.933481953131  1.87308689992  0.920939939324  4.51204676181  5.44528182331  0.934611842733  -9999.0  -9999.0  -9999.0  -9999.0  1.05185148341  1.0161402766  0.262735952693  -9999.0  -9999.0  -9999.0  -9999.0  -9999.0  -9999.0  -9999.0  -9999.0  -9999.0  -9999.0  -9999.0  -9999.0  -9999.0  -9999.0  -9999.0  -9999.0  -9999.0  -9999.0  -9999.0  -9999.0  -9999.0  -9999.0  -9999.0  -9999.0  -9999.0  -9999.0  -9999.0  -9999.0  -9999.0
-9999.0  -9999.0  -9999.0  -9999.0  -9999.0  -9999.0  -9999.0  1.17528945197  1.00465703202  2.11695155931  3.20960984968  1.07302535319  0.925985047117  6.06077538164  8.04428007418  10.0490649158  0.949373149374  1.86282639069  0.921036144222  20.911304044  46.9163301634  47.6482613425  198.654539339  0.850311994861  1.47965409127  0.463430675764  17.4802136085  0.860292645353  2.59151279605  0.842614831799  16.7419104934  17.6047721894  1.75630485353  1.73327536639  9.28118391439  4.6355561022  1.8939127764  0.953526542961  1.87007105354  2.79360842612  4.62323717139  0.920203042556  7.37296873331  8.38201428511  0.974142631834  1.0087118856  1.0307931881  0.993705035534  0.972804371121  3.0230275785  1.1389260143  0.74912402621  -9999.0  -9999.0  -9999.0  -9999.0  -9999.0  -9999.0  -9999.0  -9999.0  -9999.0  -9999.0  -9999.0  -9999.0  -9999.0  -9999.0  -9999.0  -9999.0  -9999.0  -9999.0  -9999.0  -9999.0  -9999.0  -9999.0  -9999.0  -9999.0  -9999.0  -9999.0  -9999.0  -9999.0
-9999.0  -9999.0  -9999.0  -9999.0  -9999.0  -9999.0  -9999.0  -9999.0  2.09541939311  3.04874606013  1.06383629224  2.15351326984  3.18308575297  5.18085735466  1.03970271234  1.01110430816  0.909430375142  0.926010672675  0.876247906927  24.2208557813  0.939377168862  1.84764446215  201.391088919  203.883699627  1.36328374257  4.12606746857  22.4955910542  1.68157378526  3.39105314617  1.65069433777  2.44652605013  21.0036377571  2.58058610245  13.5330177752  10.9720847698  0.828894465816  4.60818764243  1.84347936459  2.75453241257  0.882853850751  5.55454431139  7.44529391887  8.4023120498  9.33659364519  12.1828191802  1.90865904036  1.95904266074  1.89500994518  1.85033797212  3.91034913392  0.859641388489  2.75984942531  3.57532134274  -9999.0  -9999.0  -9999.0  -9999.0  -9999.0  -9999.0  -9999.0  -9999.0  -9999.0  -9999.0  -9999.0  -9999.0  -9999.0  -9999.0  -9999.0  -9999.0  -9999.0  -9999.0  -9999.0  -9999.0  -9999.0  -9999.0  -9999.0  -9999.0  -9999.0  -9999.0  -9999.0
-9999.0  -9999.0  -9999.0  -9999.0  -9999.0  -9999.0  -9999.0  -9999.0  1.13006954159  5.2868754323  6.32838114845  1.04428730057  2.05664583951  1.01233517484  0.964703324036  0.945232630515  11.8165664026  15.8897375822  19.7060318461  23.4539644327  0.975436739707  0.922284831636  1.12460406687  208.655064057  211.488944528  212.891688104  30.6715740989  6.85678619849  5.93608812489  0.843652770288  3.2853416556  25.1054513626  0.851007562925  14.3664520445  0.844629132453  5.85108880064  5.50118925201  0.878997299595  3.62887150192  1.75446669248  2.62424887425  0.941527417647  0.925138355004  10.2655509265  11.1685200657  13.0832499099  2.8843539127  2.80230615008  2.74809279318  4.77873915039  6.49726802369  0.853791632108  4.38830917143  0.804568957534  1.58497840179  0.793341479988  -9999.0  -9999.0  -9999.0  -9999.0  -9999.0  -9999.0  -9999.0  -9999.0  -9999.0  -9999.0  -9999.0  -9999.0  -9999.0  -9999.0  -9999.0  -9999.0  -9999.0  -9999.0  -9999.0  -9999.0  -9999.0  -9999.0  -9999.0  -9999.0
-9999.0  -9999.0  -9999.0  -9999.0  -9999.0  -9999.0  -9999.0  -9999.0  -9999.0  1.14679253541  7.41211352408  8.45018848607  3.08318679171  5.12287737607  7.07276824925  8.06066363457  1.00572444919  3.1501111156  2.06018043802  1.01521008114  1.01734531203  0.937514010163  1.91288828189  3.47894677823  1.54572173667  246.463858353  247.869534222  1.31120166813  0.907348473506  1.6303513137  2.43506801131  27.5529967905  1.65062483583  15.1739392042  9.0448587994  7.40649148237  0.862609788008  1.72884372894  4.47075958435  0.834981897748  3.45437122655  1.77822716478  1.59609374856  0.613815374422  13.295684453  27.2200054011  3.6912419185  3.61291449853  3.55656320757  0.789595478657  7.28941738318  0.783004921654  6.00705907722  0.765967787531  2.36773237652  3.93683459285  0.720972795978  0.729164342909  0.736853659967  0.709789537755  0.681455463016  -9999.0  -9999.0  0.514541020812  0.272761068911  -9999.0  -9999.0  -9999.0  -9999.0  -9999.0  -9999.0  -9999.0  -9999.0  -9999.0  -9999.0  -9999.0  -9999.0  -9999.0  -9999.0  -9999.0
-9999.0  -9999.0  -9999.0  -9999.0  -9999.0  -9999.0  -9999.0  -9999.0  -9999.0  -9999.0  1.03824338265  10.5443192407  1.02379192246  2.05108501713  3.01272369078  4.99191884807  1.0378979205  2.14533740527  1.0517795158  1.0296735784  0.978481390893  1.94476825362  0.93045040839  1.10564849477  2.53005868144  1.49852209869  249.285778089  251.980226689  255.657382769  3.39088265121  0.799588892385  1.589974243  28.3627262346  28.3159167685  10.719999928  0.82871066979  3.42497889319  2.575965113  5.31545371669  1.67653679121  6.90443814284  2.61244144069  2.38354570869  0.384683421081  0.637908877627  28.1306643901  29.021232154  37.1597006277  5.98240694288  1.60551166336  8.1302952373  9.72541683377  16.5093986987  1.53365484027  0.73169994863  4.70867042234  6.14510905457  0.714456492573  1.39608418443  2.11479281333  1.34786065772  0.668471774339  0.661610764119  0.975940579925  0.54859183184  0.26677631012  -9999.0  -9999.0  -9999.0  -9999.0  -9999.0  -9999.0  -9999.0  -9999.0  -9999.0  -9999.0  -9999.0  -9999.0  -9999.0  -9999.0
-9999.0  -9999.0  -9999.0  -9999.0  -9999.0  -9999.0  -9999.0  -9999.0  -9999.0  -9999.0  -9999.0  0.504855933659  11.599110513  0.934813311817  1.89350187775  8.87849896368  1.04946708977  1.04886050697  0.954105066457  1.98465057378  0.926075194806  3.79781970336  5.63435026775  6.52800804213  3.46971437857  4.67468871918  1.41224308368  1.47559792508  1.38172453161  261.199086084  263.765504954  29.1358290867  29.8681872825  29.0929676106  1.636223718  0.8155635034  4.22764832398  11.1635869047  6.13602818327  2.49696238462  10.2201271303  4.40776628537  3.61077380855  0.731166636283  0.35175516563  0.378094900712  0.510130973339  39.4064147904  47.8669148122  0.771560757235  0.774423525237  0.759663738132  17.2524783199  19.491489511  1.37513233888  0.601970874341  6.62308892779  1.04734239946  2.79710011931  5.43620627373  7.38409847634  8.68849561676  2.83606378341  1.58031940642  0.971744188164  0.536236322205  0.579644063317  -9999.0  -9999.0  -9999.0  -9999.0  -9999.0  -9999.0  -9999.0  -9999.0  -9999.0  -9999.0  -9999.0  -9999.0  -9999.0
-9999.0  -9999.0  -9999.0  -9999.0  -9999.0  -9999.0  -9999.0  -9999.0  -9999.0  -9999.0  -9999.0  0.47402105369  12.7691217236  15.8538628775  0.96156344678  10.7943631415  0.984976260058  0.961118640386  1.8586561298  4.75546577389  0.913037782368  0.947899208513  0.883056546013  8.33706446092  9.23375650426  14.7955922706  17.1150644776  18.1593353605  19.4469681652  20.6883529388  285.781960019  317.066167993  349.123387684  350.189582467  0.950853046872  0.806373536711  12.7687844337  11.9757702465  0.802565788474  0.777780174365  10.9301373003  16.1550402835  0.715577494598  7.13587357072  6.59543759864  1.60314097838  0.928226331454  1.46999781117  0.890921715483  49.5843796162  0.867819387794  2.33732931292  3.11264461371  24.5577916291  26.2510190792  27.3590393639  34.2653284943  0.272508165215  0.27751934546  0.286046593891  0.30055796642  9.52305288363  12.9666297295  0.635607184358  2.28491177374  0.879179908577  1.098789558  0.277843648889  0.207631916157  -9999.0  -9999.0  -9999.0  -9999.0  -9999.0  -9999.0  -9999.0  -9999.0  -9999.0  -9999.0  -9999.0
-9999.0  -9999.0  -9999.0  -9999.0  -9999.0  -9999.0  -9999.0  -9999.0  -9999.0  -9999.0  -9999.0  1.10180797355  2.12303265899  16.8567147819  18.7061874891  0.933745192671  12.7156544973  0.906648406441  2.72778171348  5.62810560498  1.78505215061  0.869865372842  1.80118307871  0.871391439743  1.6727278501  0.788613331727  0.72363915868  0.555087400732  0.487426277734  0.491048395139  0.557514246339  0.839711296172  1.13061421734  1.36226976829  353.682232885  17.1196260338  15.107793181  1.08553723708  2.36801341359  0.591435626613  0.450885421075  16.9295025014  26.4255893087  7.97992721448  5.89380055617  0.844720215566  0.407119870161  0.384965842983  1.16206865732  51.61605114  53.354134628  0.885430434912  0.887531657718  0.690416634395  0.358001633566  0.614830266878  35.078707072  35.6000600946  36.1295782051  0.557766514261  0.27485224201  0.272760934167  13.3494937794  14.3951940015  2.67757212197  0.516744338021  1.6068303804  0.618475593457  0.401850012281  -9999.0  -9999.0  -9999.0  -9999.0  -9999.0  -9999.0  -9999.0  -9999.0  -9999.0  -9999.0  -9999.0
-9999.0  -9999.0  -9999.0  -9999.0  -9999.0  -9999.0  -9999.0  -9999.0  -9999.0  -9999.0  -9999.0  -9999.0  0.981210774632  13.1335553596  32.8020085319  35.6934157809  49.3254293868  50.2441476923  12.8041490599  9.18044603309  2.67394812341  0.861619979529  3.51187287868  4.35087741365  6.81907020125  1.60414044846  1.51549700609  1.35572763246  2.63391608146  1.27277184754  1.30673297909  0.585565994587  0.328515500959  0.516734189629  354.772806915  372.460239352  373.688170839  1.21299362958  7.28538026757  2.64098797522  0.816080199568  28.9447442255  1.74982635231  0.896538205096  3.57328475808  0.731166367815  0.762918982992  1.51862831058  2.30299949852  3.14088711695  54.9671389349  0.791556399756  0.744436776378  0.744194149791  0.608262270868  0.343271795271  1.00639252381  1.11921086017  37.7184963558  39.5663526332  1.06441180119  0.547709431914  0.300169243871  0.328404977613  18.0351512937  24.6699147545  5.5367955705  2.41261266743  1.24833564749  -9999.0  -9999.0  -9999.0  -9999.0  -9999.0  -9999.0  -9999.0  -9999.0  -9999.0  -9999.0  -9999.0
-9999.0  -9999.0  -9999.0  -9999.0  -9999.0  -9999.0  -9999.0  -9999.0  -9999.0  -9999.0  -9999.0  1.06314142789  10.0163673465  12.1504999998  2.00036735922  0.556180980224  1.27611541477  52.4271806016  53.3333046291  67.0059820643  0.818226102048  1.67294895297  0.782550138957  0.798103369008  7.61400001481  10.0120819735  12.277182035  0.760874995931  3.40444027488  5.43090342964  3.37815573874  1.33274193589  0.939959234678  0.882737944406  1.08587659861  0.747501284501  374.837233097  375.966235275  385.420870238  1.53582135978  0.772458384765  29.6514858356  1.79046096095  0.921523729632  0.967344100526  0.957226448271  0.911492591506  1.69789792897  5.1620405652  9.18073588962  64.9436559037  0.699041683543  2.09339519442  1.40453920901  1.23819394081  0.634568395379  0.541807999783  0.352927008725  0.18220394443  39.906501074  0.230649859568  0.411932747101  0.163468982512  0.260986038529  0.494367904139  25.2492768897  0.918372410996  0.303828151417  0.550296668675  0.25876757163  -9999.0  -9999.0  -9999.0  -9999.0  -9999.0  -9999.0  -9999.0  -9999.0  -9999.0  -9999.0
-9999.0  -9999.0  -9999.0  -9999.0  -9999.0  -9999.0  -9999.0  -9999.0  -9999.0  -9999.0  -9999.0  1.08814673215  6.92390218928  1.0895693867  0.982106194355  5.0311167257  5.93384102764  6.86936486155  7.7468072833  91.2106668587  91.8772082793  93.3728802804  104.905093666  107.274017174  108.653925085  109.478448734  123.313231099  125.048362759  125.779549336  131.984919447  136.172979295  136.927814937  139.152548153  1.60532491331  1.53968468545  0.375420633004  0.640880567838  377.020802793  389.022308055  2.44981273036  34.5584510952  33.8109704623  3.50167558117  0.856557390901  0.879365046917  0.870828471784  0.855267997321  1.72425588746  2.58459549395  0.889224458407  65.7310667759  66.5389103098  70.7915037293  71.5304021135  73.482243628  74.8076014634  0.608256068732  0.581662797228  0.398943580933  40.2261911177  40.7422709247  41.4507313169  42.3286758832  0.476971684779  27.4481983203  26.4865734197  0.614513762218  7.89338478426  7.50292828444  0.59970803716  0.328377251325  -9999.0  -9999.0  -9999.0  -9999.0  -9999.0  -9999.0  -9999.0  -9999.0  -9999.0
-9999.0  -9999.0  -9999.0  -9999.0  -9999.0  -9999.0  -9999.0  -9999.0  -9999.0  -9999.0  -9999.0  3.56519016027  4.71033025989  2.19659933443  3.25176022096  1.0424310688  11.9203262024  12.917071533  14.8669428355  15.587292448  6.41612055793  100.990328994  101.685041168  0.75596508193  0.56940416644  0.446285956029  1.05122419783  0.453380331279  0.336954204788  0.305922423185  0.394004904805  137.487669108  139.783996447  142.13603067  144.373407561  146.549839465  1.09138514279  0.562158550916  426.357138991  36.1965366644  35.3298298267  0.78756948173  0.791433776548  0.781677421444  1.68427103996  1.6825146266  0.78973589182  0.773503611331  0.752359606729  1.63014304818  2.36683268622  0.687063928747  1.29511123078  0.535694633615  0.257408763193  75.1651398608  76.2391187145  77.3752579276  78.3596912734  78.8797463638  79.4547051565  79.7143155522  0.253139379265  43.0819885214  0.45044018079  36.5737331816  8.5934395111  0.764582863306  6.63295441361  5.52750351613  0.345480180508  -9999.0  -9999.0  -9999.0  -9999.0  -9999.0  -9999.0  -9999.0  -9999.0  -9999.0
-9999.0  -9999.0  -9999.0  -9999.0  -9999.0  -9999.0  -9999.0  -9999.0  -9999.0  -9999.0  -9999.0  -9999.0  2.41250881753  1.12437043362  1.05063052055  9.95858699449  10.9813673163  1.01628633932  4.01593257551  4.91840159123  5.71209735761  0.880059074734  0.826384684798  16.3159468599  17.0700332547  17.7617265312  46.4744936371  46.9635793016  47.6559628227  51.7054868906  53.8282485257  54.1356455809  0.269777796398  0.283873202814  0.356586465969  148.12006983  0.734250977878  434.545920273  433.222733883  5.90887662803  4.99716585924  3.08644450449  0.772602303838  1.55672854627  2.48751813811  2.48117723217  1.56145439297  0.745736774206  1.49366920511  1.48321883681  3.06259243416  0.406897500829  1.73296947428  2.97311710253  3.50927528079  3.78558020415  0.263568494407  0.265064687356  0.260395346268  0.263013383779  0.289396752251  80.0663118215  80.6624686068  123.883884677  124.02355445  38.8897594701  1.99765616041  1.48841928486  0.598212173124  4.859481758  4.49471643803  -9999.0  -9999.0  -9999.0  -9999.0  -9999.0  -9999.0  -9999.0  -9999.0  -9999.0
-9999.0  -9999.0  -9999.0  -9999.0  -9999.0  -9999.0  -9999.0  -9999.0  -9999.0  -9999.0  -9999.0  -9999.0  1.24202687721  3.49459061286  4.57804840323  7.87842088047  1.03894506107  2.09198004665  3.09300475779  11.559321483  12.3271215511  12.7933497916  13.631538773  14.6574195931  23.7523831973  26.6588578097  28.1217645476  0.496797324401  3.28840862607  3.71113150752  52.8109845877  54.5338905265  55.1863474697  55.8362893578  56.5912267415  205.542513788  0.814513957148  437.393375699  1.16303273194  0.437420687327  4.23714917207  3.7138937453  0.535093002535  2.23578321742  3.18428353389  3.18046940266  2.25154224795  3.68450669368  5.84015303106  2.16205373121  5.88879425204  0.499988035404  0.669088547264  0.251724688859  0.222712864041  4.302646286  4.5131686891  0.488953395831  0.486537518909  0.742342083455  0.250131856648  0.294861605816  0.312390193546  183.695876139  183.547506725  59.1633328242  0.464555867303  3.01656546574  2.34897823037  1.60444500645  4.20351331061  2.83864642811  -9999.0  -9999.0  -9999.0  -9999.0  -9999.0  -9999.0  -9999.0  -9999.0
-9999.0  -9999.0  -9999.0  -9999.0  -9999.0  -9999.0  -9999.0  -9999.0  -9999.0  -9999.0  -9999.0  -9999.0  1.18808853313  2.34770805077  1.08026130123  2.17825368709  1.00878351586  7.57443684685  9.58328904343  10.6061164681  0.964904309967  1.7846904903  17.7822267526  22.0308284857  22.7997833495  1.94827317411  1.83597631272  2.51546779976  0.389151915622  0.368452078301  0.717795153388  0.439773484876  28.0753842516  28.5307681327  29.2052301192  206.219997953  442.153431832  437.957014923  0.775037355068  0.316716225233  0.293050056462  1.10684390917  0.821273787591  2.59647184277  3.75435894286  7.63275645287  0.699981023126  0.703183638089  6.4291307197  7.02473713093  14.1055884608  14.6424808902  15.5722914888  16.057856311  0.449860408883  0.690027172598  4.85609383634  196.295354303  190.665773725  189.619409757  188.013339304  0.362728928357  185.890986598  0.467668751985  0.237167156899  19.6613255277  4.85284384842  4.44202210658  0.747786262957  0.789328884571  0.803147230492  2.45035356102  -9999.0  -9999.0  -9999.0  -9999.0  -9999.0  -9999.0  -9999.0  -9999.0
-9999.0  -9999.0  -9999.0  -9999.0  -9999.0  -9999.0  -9999.0  -9999.0  -9999.0  -9999.0  -9999.0  -9999.0  -9999.0  1.12280287957  2.24619258841  3.37267788607  5.46874499305  1.11484759228  1.03899562853  7.37559628106  8.33361897304  16.2448554278  17.1835361221  2.65431347962  0.979093153135  0.974537880395  0.929787155054  25.38612962  25.9995940317  26.4414035773  26.8049225031  27.6401240684  4.92731075106  5.5980991632  35.5501991861  684.244183717  3.415964771  2.86762150007  1.23987938526  0.355357021016  0.286855737203  1.7066444178  1.97013792464  3.16094393535  0.27480790569  7.95842750856  1.13783429191  1.11290343428  0.274440332184  0.240782775653  0.228801595875  0.329736519972  0.236778670511  16.2897741959  233.371040869  216.229741251  215.509520703  196.701609384  0.283390197878  0.409887125333  0.388298524386  186.428196366  1.01721339019  0.463325001763  0.572450700435  0.505548992991  14.0786236999  13.166876962  1.43322682104  0.734831769932  0.818601681684  0.809421925703  -9999.0  -9999.0  -9999.0  -9999.0  -9999.0  -9999.0  -9999.0  -9999.0
-9999.0  -9999.0  -9999.0  -9999.0  -9999.0  -9999.0  -9999.0  -9999.0  -9999.0  -9999.0  -9999.0  -9999.0  -9999.0  -9999.0  1.10893222967  2.20999899715  3.21600629165  4.26247799609  5.3039879945  6.37056021802  3.13563925186  5.16069152011  0.935831621102  0.917621385181  20.8055896536  22.6500376805  23.5415788972  24.5159117856  0.828052943505  1.48937920473  3.65694051421  4.04523708621  4.44517618216  0.678871365854  0.823434333062  686.160286298  0.6011299514  0.985931515594  0.462360461839  1.36895729626  0.6436933102  0.42238173135  5.55616959764  6.02405202839  0.35554672315  8.36109084726  9.72581171276  1.31230853496  244.492733914  243.982048028  243.478198581  242.260788939  241.603564833  234.394679763  234.048184492  0.362536533983  18.4812050558  17.5734453657  16.6484915095  16.3719589045  10.2291541172  9.95464212237  9.37981112676  3.61883394208  3.23547072206  2.06061482653  0.502550648797  12.5483438063  10.71119585  0.684087808121  1.46416287413  0.716857067106  -9999.0  -9999.0  -9999.0  -9999.0  -9999.0  -9999.0  -9999.0  -9999.0
-9999.0  -9999.0  -9999.0  -9999.0  -9999.0  -9999.0  -9999.0  -9999.0  -9999.0  -9999.0  -9999.0  -9999.0  -9999.0  -9999.0  0.24409621446  0.558189894412  1.00605962327  8.76748273583  9.84786970673  1.08454093129  1.058960618  1.01843011635  17.0426878734  18.9725940791  0.941012912877  0.969401692887  0.839336166392  3.38682883764  4.22283817717  2.37721690425  2.88834952801  19.2246901998  19.8369532047  21.2447514113  33.9768727181  720.505017015  0.619639461518  0.43592017333  2.06565948156  1.70697010767  0.384117847141  1.21665809499  1.62672453494  6.48350862405  6.91250551423  17.6048398958  9.96224639467  1.4689349714  251.421755371  3.91308938183  242.965452613  242.625883488  6.64283719275  0.381472120056  0.420832609245  0.199506958595  0.503469574351  0.679834569462  0.338796828964  5.87896009562  4.87824780056  0.335331446126  5.44689103799  1.02422767132  0.64336408319  1.45457629375  0.712257539814  1.40996546923  8.71632172035  7.62264994169  0.638798086456  1.27619335604  0.63379441527  -9999.0  -9999.0  -9999.0  -9999.0  -9999.0  -9999.0  -9999.0
-9999.0  -9999.0  -9999.0  -9999.0  -9999.0  -9999.0  -9999.0  -9999.0  -9999.0  -9999.0  -9999.0  -9999.0  -9999.0  -9999.0  1.2850401448  2.08554953388  4.37632623109  7.63466265011  10.7897911302  13.0231546284  14.0622211509  15.1108656496  16.1160936063  0.951296235479  0.921181175503  1.79967121214  1.70296384065  0.86100815099  16.6274879454  17.447071537  18.2310436386  18.9649232752  10.4479876108  10.9601821818  11.8418151657  720.815429803  1.02028473779  1.14432250923  3.40238468022  0.30089531516  0.852271298131  0.444621649874  0.388286102646  2.03858628445  0.368744688962  0.386963515915  271.056826186  253.109256649  252.704324958  1.36137980555  3.6360296744  2.3475241803  0.558631568235  5.82986372391  1.69568547164  1.28957899443  0.907538848444  0.610951339269  0.327077724574  0.696498925525  4.56285758891  3.84728276693  3.15157388402  4.02174228513  3.7033777393  3.41905227663  0.528927525065  0.746861218528  0.608576431409  5.6782072402  4.63381434647  3.12910258308  0.561834945485  -9999.0  -9999.0  -9999.0  -9999.0  -9999.0  -9999.0  -9999.0
-9999.0  -9999.0  -9999.0  -9999.0  -9999.0  -9999.0  -9999.0  -9999.0  -9999.0  -9999.0  -9999.0  -9999.0  -9999.0  -9999.0  0.895577562351  0.812088480857  1.57686045496  2.43853549328  1.11427876784  1.10742759186  2.15085106137  3.1952751265  5.14558021568  6.11665505925  7.0650644488  9.83413673374  10.7199115624  11.6105787465  0.816326172374  8.29202913213  8.99569598995  9.54032560958  0.369032493375  0.150078480201  0.333095069812  732.423104297  732.72684389  734.378656415  4.23146757709  0.600934520974  1.3425045974  0.399168701532  0.722547117757  2.39006542439  3.0858315584  0.72558271855  272.853359508  0.597384224028  0.779356764576  0.829193451195  0.740370335871  1.27836458528  0.576822549525  3.70069707556  2.73386275128  1.95388383634  0.962048271429  0.655784119535  0.343468963579  0.36545717758  0.382372343873  0.384347657107  2.82823297896  2.1294277548  1.43755786111  0.740227187001  3.04162025189  2.14119850815  0.711856702231  0.660731702607  0.461464568615  1.38741300268  0.883491369157  -9999.0  -9999.0  -9999.0  -9999.0  -9999.0  -9999.0  -9999.0
-9999.0  -9999.0  -9999.0  -9999.0  -9999.0  -9999.0  -9999.0  -9999.0  -9999.0  -9999.0  -9999.0  -9999.0  -9999.0  -9999.0  -9999.0  0.754057955843  1.50226724991  0.775896336584  1.59538954797  10.0739739459  11.095029777  12.1422307421  0.977818588133  0.980875807842  1.92330653439  2.85767803862  4.59552888039  5.44999652746  5.89246037671  6.6611362513  0.696671216257  0.578508631442  10.2603278086  10.4147281625  10.6732852111  10.9586369786  9.14570014623  744.726539588  750.874554306  751.142556345  752.737028892  754.160442846  755.409569805  0.426863518849  3.44496790902  273.292039768  1.13311142598  0.577528509974  0.575610744744  0.47486169955  0.8344807487  0.751840677107  0.416151679347  0.511768586353  0.466209675323  0.70243740214  0.314342206468  0.273038993313  0.90633228004  0.62707367717  0.325194037493  0.321993653154  0.33680081386  0.346266625088  0.357290669056  0.367350210466  0.362927679634  1.08996063961  0.413448060762  1.21764290935  0.611209904696  0.556021461217  -9999.0  -9999.0  -9999.0  -9999.0  -9999.0  -9999.0  -9999.0  -9999.0
-9999.0  -9999.0  -9999.0  -9999.0  -9999.0  -9999.0  -9999.0  -9999.0  -9999.0  -9999.0  -9999.0  -9999.0  -9999.0  -9999.0  -9999.0  -9999.0  2.23243959991  3.07748321567  5.5789074526  7.55733496328  1.09873680891  14.3319219944  15.3040292789  16.2839254805  0.977411379054  1.92646054674  0.890832418502  6.45637475004  6.86638724386  7.52113256747  8.1900408077  9.83577742611  9.99631370415  0.115528199994  8.00195698683  8.57371271968  8.86538930956  10.0356876731  1.61016478202  1.06753078998  0.679892180112  0.651780474643  756.548782099  757.23596999  763.250226038  273.800353175  2.94228540916  1.33447926051  0.915733931339  0.296145209914  2.37192063697  1.19033490314  0.387457269165  2.00726225972  1.65864665871  0.343297621852  1.95820802023  1.73021216626  1.19758031332  0.276076508304  0.813403646593  0.573243853817  0.25838217558  0.54068083229  0.281268787511  0.277076629625  0.269650248019  0.265919208925  0.682746578353  5.68106364705  3.30672081585  2.01870664332  0.767884185456  -9999.0  -9999.0  -9999.0  -9999.0  -9999.0  -9999.0  -9999.0
-9999.0  -9999.0  -9999.0  -9999.0  -9999.0  -9999.0  -9999.0  -9999.0  -9999.0  -9999.0  -9999.0  -9999.0  -9999.0  -9999.0  -9999.0  -9999.0  0.849045314575  3.90364586595  4.78982302805  1.1542471843  1.05304402574  2.09094532783  3.05235605662  20.3167985803  0.965796394314  3.87938084855  4.78508030726  5.67385549127  0.435494547075  1.05166852698  1.35354177044  6.50063583336  7.11661698767  7.33331219205  0.269912788346  0.275804119653  0.322596387042  0.591774378241  0.249065015751  0.269790882812  0.593951786232  0.432572118306  0.598465421026  2.01542836292  763.958859042  1039.63749853  3.55570456769  0.383618273705  0.307109057052  7.14363986545  6.51542891966  3.74320126312  3.33635100926  2.47725569752  0.507155283114  0.429472511449  2.18601071565  1.03423328243  0.795107959863  0.254119117186  1.165916881  1.87235078826  1.38591038182  0.824888245411  0.2634715384  0.871959171944  0.589273995717  0.58971277122  7.16456097661  6.90966284611  0.651395159894  0.623919102296  0.586587580163  0.561640308048  -9999.0  -9999.0  -9999.0  -9999.0  -9999.0  -9999.0
-9999.0  -9999.0  -9999.0  -9999.0  -9999.0  -9999.0  -9999.0  -9999.0  -9999.0  -9999.0  -9999.0  -9999.0  -9999.0  -9999.0  -9999.0  0.670262883571  2.30435982791  0.776971824546  1.20983584447  1.14256265224  2.21378393651  3.2414221918  4.24636973619  25.4432848017  26.3821325313  0.961689989025  1.86726406755  2.77470184594  3.36049437186  3.99058287969  5.65354556265  6.25254761297  0.31809787163  0.361739577723  0.355864792903  0.627626096026  0.578353588088  0.562605434575  0.472902629887  0.521412926096  2.34234949211  1.11494147158  0.654519160953  0.638817786743  0.635335183598  1.22174539884  1060.06493549  16.5323606543  8.49485693532  0.664668087786  0.287615534265  0.305896918149  1.04094740437  0.717042125338  0.361245935165  0.358908896126  2.89317049881  4.1699586667  4.60884983942  0.213560139251  3.72368099003  2.26261185247  0.243137385867  0.227903536803  0.58011378969  2.41806578288  1.08404166262  0.977136623688  7.58197045905  0.455273687034  0.491262364609  2.32260795611  1.16447900431  1.8397023907  0.699831219862  -9999.0  -9999.0  -9999.0  -9999.0  -9999.0
-9999.0  -9999.0  -9999.0  -9999.0  -9999.0  -9999.0  -9999.0  -9999.0  -9999.0  -9999.0  -9999.0  -9999.0  -9999.0  -9999.0  0.703628492996  1.36202978957  5.11998231339  0.767969075423  2.35229588567  3.47777342547  4.55578087434  1.08887882996  2.07968757159  3.09100788787  30.3234262292  0.925742585162  1.79823062126  2.66908101098  0.779792982078  1.53243349599  1.82019612302  2.38003037687  59.126876162  60.0007659257  60.8656051398  65.3162843843  67.0471561298  70.7532778293  1.16018744557  2.34910425724  2.95047396518  83.4505088692  84.7108819396  0.611432590292  1.13825650557  1.65430252892  1060.59853234  15.8827794264  6.60324386492  6.30023109192  5.68946141976  5.30088852082  1.38928256445  0.340726720813  0.668407878257  0.335240908653  0.322945429392  0.562222213499  4.84639833534  9.08134398467  4.03289889016  0.698704538834  0.470490114206  0.329348538067  4.22270596479  3.24013585079  0.41340354162  9.45545349819  8.04180779753  0.88961315484  4.69455548463  2.82006308619  2.91148114764  2.41736551969  0.55865994948  -9999.0  -9999.0  -9999.0  -9999.0  -9999.0
-9999.0  -9999.0  -9999.0  -9999.0  -9999.0  -9999.0  -9999.0  -9999.0  -9999.0  -9999.0  -9999.0  -9999.0  -9999.0  -9999.0  0.710098251437  2.16108423953  7.99248953349  11.7342654679  0.692281860428  15.6705017537  21.0822845958  1.03999163718  2.01707580949  3.03845766542  39.0229952989  39.9274705972  0.901045410271  4.48020676533  5.3062739595  5.9034988452  54.0075748664  55.3190211979  56.3675854567  0.53280124692  3.09938596442  3.67746083254  1.86385504477  2.70330575941  74.683888868  78.3676704237  79.1397232104  79.8941473286  85.9092799654  0.590588644708  0.559872701976  2.72174429381  1061.21794868  0.46827930447  0.117655891125  0.338487695154  0.134091371983  4.73372230116  4.32862402434  2.52750415704  1.82430911216  0.770321067314  0.349967267605  0.82186404149  0.190584535725  9.26756460815  1.0916276688  0.892058895909  0.182091932625  0.526529738881  4.47898389369  0.193487952047  0.106317981737  9.63542949244  0.322746863931  5.53079387438  5.14540855219  4.26965226834  3.84922969497  0.458936599537  1.56175695556  0.512581310397  -9999.0  -9999.0  -9999.0  -9999.0
-9999.0  -9999.0  -9999.0  -9999.0  -9999.0  -9999.0  -9999.0  -9999.0  -9999.0  -9999.0  -9999.0  -9999.0  -9999.0  -9999.0  -9999.0  -9999.0  1.51742057538  3.05979442073  13.9872459625  14.820198816  21.8100958179  22.674019687  1.02357229623  2.04308671205  4.93174686616  40.7742371275  42.663296856  43.5252368209  0.761389098594  46.4406929184  47.7306414948  0.894145873262  0.538836365191  1.06771454567  2.0945905517  0.513110795272  1.07614280463  2.52426521159  3.21402338628  0.607882800059  0.486775074755  1.00280994821  89.0692748962  90.0286018735  90.5448542129  94.3883566646  1061.80400576  0.328302505881  0.0811658309671  0.092785003867  0.0954651472401  0.0982481471325  0.094356094605  0.174645139148  0.268174717196  0.657072328747  0.382175089192  0.374842027308  1.45963185535  11.0353313945  12.3271154851  12.5595184376  13.4731366983  0.193800467883  4.67339836266  0.594008914537  0.204657475601  9.83207735346  10.354062574  5.86838222398  6.29085346289  4.65013645373  2.98157926415  2.53887384183  2.07768825672  -9999.0  -9999.0  -9999.0  -9999.0  -9999.0
-9999.0  -9999.0  -9999.0  -9999.0  -9999.0  -9999.0  -9999.0  -9999.0  -9999.0  -9999.0  -9999.0  -9999.0  -9999.0  -9999.0  -9999.0  -9999.0  0.793283115464  0.77724767495  0.789253087492  1.71178616269  0.768660325764  24.1863339756  24.9841699225  0.991463107697  1.94466833421  1.02466785192  0.943580282737  0.932234885487  45.0887145679  0.395863257731  0.78433726659  0.525157896044  0.561523167605  0.514950775897  0.448754160305  0.459763939243  1.39728039278  1.89019636335  0.416208727528  0.384048571823  0.812889095891  1.29940672349  1.58662494421  0.376039555371  91.1010555401  94.9180728679  1062.26483402  0.897541935798  0.264388431832  0.0543269601873  0.141011673296  0.0470401490369  0.0406785162943  0.220900945129  1.35399802213  0.896970866887  0.250293320557  0.25120862747  0.498559183766  0.218198966452  0.205070154615  0.212596337902  0.223569760706  19.7941857439  5.45880127853  0.185370759877  0.322663632601  0.154819517761  26.5672441447  16.0427436349  15.8092129001  4.84867201321  3.73877328861  0.397590933889  -9999.0  -9999.0  -9999.0  -9999.0  -9999.0  -9999.0
-9999.0  -9999.0  -9999.0  -9999.0  -9999.0  -9999.0  -9999.0  -9999.0  -9999.0  -9999.0  -9999.0  -9999.0  -9999.0  -9999.0  -9999.0  -9999.0  -9999.0  -9999.0  0.768217971562  2.42769625918  3.08916487383  3.82381118217  25.6961395969  26.4050822994  27.1686554706  28.1349438479  29.0525229159  30.9266388897  31.350366088  31.7108095274  32.1355423851  0.521128403977  0.505329162675  0.517477577308  1.89597954403  0.487692256736  0.476560182581  0.414013728675  1.23181812168  0.459095600593  0.396599626106  0.378084894917  0.340503368225  0.680113884913  1.0067309112  97.0311590061  1160.69633892  0.307335584777  0.75904707526  0.043029917669  0.195410927186  0.109011333132  0.0819785729589  2.7219463389  2.26851452007  0.733338726974  0.507005784459  1.00567274591  0.262817453383  0.676583318412  0.412058313938  0.605688567486  0.208838358113  0.243941843051  20.0068916193  20.7161217106  31.6988015927  31.4370148457  31.2317895371  0.217683165924  4.30951885161  4.07994797845  0.180098332249  -9999.0  -9999.0  -9999.0  -9999.0  -9999.0  -9999.0  -9999.0
-9999.0  -9999.0  -9999.0  -9999.0  -9999.0  -9999.0  -9999.0  -9999.0  -9999.0  -9999.0  -9999.0  -9999.0  -9999.0  -9999.0  -9999.0  -9999.0  -9999.0  -9999.0  -9999.0  0.644949278323  5.0658793953  10.2957633495  11.1030592618  1.08051941911  2.07125968025  3.01594124117  3.87929670259  9.33002355538  9.85499126202  0.516502820257  0.5104325109  33.1670530863  34.1557279552  34.628381353  2.3078148598  0.392735099346  0.894476286841  1.32286476616  3.95129451795  4.8321349702  5.59969792317  0.72687993695  1.04397204082  0.354247462334  0.710585373854  0.364149862246  1161.48534299  0.336786475165  1.37379276333  0.490993797992  0.98631835618  2.37195728798  2.63838287819  5.53232615159  2.7289556263  2.55426618119  1.89426764012  1.68415319847  0.459156441564  0.87166934866  0.935026569129  0.758277667533  0.139510083849  54.5866976096  54.0706144828  53.7817092936  32.3549067957  0.276046257923  4.17210781474  3.03203541813  2.00435705702  1.24654971393  0.230901597442  -9999.0  -9999.0  -9999.0  -9999.0  -9999.0  -9999.0  -9999.0
-9999.0  -9999.0  -9999.0  -9999.0  -9999.0  -9999.0  -9999.0  -9999.0  -9999.0  -9999.0  -9999.0  -9999.0  -9999.0  -9999.0  -9999.0  -9999.0  -9999.0  -9999.0  0.713107929325  2.26144692912  4.43270626405  5.79943067305  15.2824994609  16.2298416571  1.94045868034  2.88387810274  3.70651275001  4.57872728096  10.3068784064  11.3224629831  19.1856120313  19.7767739437  20.2099186706  35.1189376256  38.7604244822  0.883221107787  0.522406593999  0.510124404816  0.99981982554  0.472766116304  6.51317397932  6.88379056712  1.38530279074  1.66525094106  0.326890452047  236.036680902  236.799742733  1398.88136959  1400.7495646  0.296076337742  1.59695494274  0.402994595324  0.382987993585  6.27609608188  9.3176215778  2.3606581644  2.14808266378  0.454932581569  0.237061078475  1.1029118307  56.5917881782  55.4643402269  55.2593687003  54.9249075333  0.379646626917  0.31517789206  0.290219109051  0.290959688828  0.883414736274  0.584511913123  0.554515425721  0.830971001573  0.264077497853  -9999.0  -9999.0  -9999.0  -9999.0  -9999.0  -9999.0  -9999.0
-9999.0  -9999.0  -9999.0  -9999.0  -9999.0  -9999.0  -9999.0  -9999.0  -9999.0  -9999.0  -9999.0  -9999.0  -9999.0  -9999.0  -9999.0  -9999.0  -9999.0  -9999.0  -9999.0  0.803775243809  0.781760247643  1.4829552402  3.52767722536  16.9147286772  0.986715573224  0.974507119049  1.82485778123  2.653916613  6.21939673765  6.70088525617  0.297990675848  0.38658097095  20.768051991  21.2690894321  60.4438122007  60.8359534824  0.373511173232  0.344717543792  0.314702997471  0.316892953333  0.327907653604  229.794265417  231.872291391  233.819759876  234.410605815  235.744322117  0.400856594689  1.52794497387  2.03836955724  1403.70585074  1404.06941777  1404.37981572  1404.74622577  1405.01076158  9.72023417007  0.261346248485  0.897241326146  0.696647559539  0.194112543863  1.2963179243  57.2216599252  0.406459193066  0.182825658189  1.2056008413  1.031057356  0.807396159403  0.572395399645  0.304283348544  0.313039613983  0.302938397709  0.280613650327  0.291717601705  -9999.0  -9999.0  -9999.0  -9999.0  -9999.0  -9999.0  -9999.0  -9999.0
-9999.0  -9999.0  -9999.0  -9999.0  -9999.0  -9999.0  -9999.0  -9999.0  -9999.0  -9999.0  -9999.0  -9999.0  -9999.0  -9999.0  -9999.0  -9999.0  -9999.0  -9999.0  -9999.0  -9999.0  0.721153281769  0.752611331074  1.40055115774  19.6486226484  20.4739690089  0.962103592738  1.81002664723  2.6485703138  3.13010523019  0.401542859758  0.882721966423  46.3220107343  46.8346461284  47.2283514805  50.4462811592  111.670559997  216.437903972  217.244157218  218.014947289  218.765915597  221.646028477  222.538623193  1.74704722995  0.825095428503  0.464632681012  0.896059905148  0.758221629727  1.17662092472  0.391814301123  7.92296105221  8.91236746582  9.64550962215  10.0100928677  1405.38235317  1415.52545666  1417.54169638  1.29502054418  0.304151547809  1.97376454168  1.53564162104  57.6682549991  0.227253649956  2.95354480564  1.54423965619  1.33627833353  0.888215788452  0.416918970302  0.492583236161  0.250254014097  -9999.0  -9999.0  -9999.0  -9999.0  -9999.0  -9999.0  -9999.0  -9999.0  -9999.0  -9999.0  -9999.0
-9999.0  -9999.0  -9999.0  -9999.0  -9999.0  -9999.0  -9999.0  -9999.0  -9999.0  -9999.0  -9999.0  -9999.0  -9999.0  -9999.0  -9999.0  -9999.0  -9999.0  -9999.0  -9999.0  -9999.0  -9999.0  0.732251956065  1.40441750667  2.07997272401  21.0628234087  0.903825032099  29.1162464904  29.9798173544  30.3809503193  30.8687396608  44.4142797184  44.9323269512  0.535363646934  2.40484630924  2.90589263103  0.52771269643  103.947862926  102.959977631  0.380504272984  0.8265339449  2.17834826211  0.46268049481  0.487223744953  0.417268795582  0.383592912142  0.32875670976  0.367105071232  6.62224519233  7.00417294279  7.43375834754  0.488599667161  0.319793749955  10.2571676651  10.6891446728  10.9992702575  1417.93995191  1418.34186672  2.86820076037  2.27489546229  61.3657466955  61.0710029933  3.17512877794  0.401046082249  0.190388275371  2.06921133992  1.67461914573  1.24424503729  0.74486357833  0.41794087351  0.197447354815  -9999.0  -9999.0  -9999.0  -9999.0  -9999.0  -9999.0  -9999.0  -9999.0  -9999.0  -9999.0
-9999.0  -9999.0  -9999.0  -9999.0  -9999.0  -9999.0  -9999.0  -9999.0  -9999.0  -9999.0  -9999.0  -9999.0  -9999.0  -9999.0  -9999.0  -9999.0  -9999.0  -9999.0  -9999.0  -9999.0  -9999.0  0.670909792015  0.629864076921  3.25997256015  25.7417438228  27.3679146932  28.2840351121  0.943337089455  12.6515657027  12.9961832549  13.1617826963  0.471327665644  1.05251006244  1.58048505149  24.2392324663  24.681168411  25.0894354688  102.168065247  61.8115555961  0.442746624926  0.456203319958  0.445014444047  0.396741625525  3.82658904959  4.65367635066  5.41379077015  5.82954050975  6.23574755497  31.1929881227  31.5309398935  31.8030422925  32.4400752371  36.5041674473  36.8402097984  48.2172769233  0.318488196781  1418.71625977  1419.14450143  3.20631198323  61.6411647228  0.423677715365  0.189082573152  0.620239826995  3.4268990433  3.27256373738  0.81843064322  0.411082075737  1.01200923406  0.651452032055  0.195921316917  0.174054912469  0.171856174269  -9999.0  -9999.0  -9999.0  -9999.0  -9999.0  -9999.0  -9999.0  -9999.0
-9999.0  -9999.0  -9999.0  -9999.0  -9999.0  -9999.0  -9999.0  -9999.0  -9999.0  -9999.0  -9999.0  -9999.0  -9999.0  -9999.0  -9999.0  -9999.0  -9999.0  -9999.0  -9999.0  -9999.0  -9999.0  -9999.0  1.31056485389  2.00158958805  0.810951525898  0.974783133275  9.37521397009  10.3476251739  11.1139327475  5.15472532602  5.50231465193  5.91688097183  6.4490043745  23.292933019  23.8145287099  13.9227853883  39.484439344  39.9401980566  61.4154180556  0.913364843416  0.461629554342  0.378085018588  2.58946626774  3.03865385173  0.344442581768  0.328832126377  29.6946454395  30.4682810308  30.8642247209  0.324508585509  0.459113887141  35.7303584218  0.508333852752  2.34784579404  2.66949837739  51.5191463457  51.8413133456  55.1926809212  1477.92398646  62.3658772864  4.93456346239  4.67131767955  4.4428908705  3.58682650983  0.201163374332  1.72790834095  1.41209979124  0.598267954413  0.240550526123  0.354284693506  0.758497413167  0.410908926747  -9999.0  -9999.0  -9999.0  -9999.0  -9999.0  -9999.0  -9999.0  -9999.0
-9999.0  -9999.0  -9999.0  -9999.0  -9999.0  -9999.0  -9999.0  -9999.0  -9999.0  -9999.0  -9999.0  -9999.0  -9999.0  -9999.0  -9999.0  -9999.0  -9999.0  -9999.0  -9999.0  -9999.0  -9999.0  -9999.0  0.655801110571  1.29956635214  5.68982920101  6.53605801594  7.50327734401  3.92949953111  4.78993489533  0.385689449173  15.5716871407  15.9325756896  16.3253828375  0.472956539143  12.9221488556  13.4518895202  0.460216367552  59.0938136393  0.958045233486  0.476279550416  1.3499915995  1.81261092938  0.404259346726  0.356105031403  26.0283613663  28.9616679968  29.3967818469  0.432985860717  1.07850498711  1.38237440538  1.63153017245  3.09182658552  0.875377729678  1.90508961605  0.419905775231  0.829420727732  54.5087364215  54.8640470806  1478.36486769  1546.76588488  5.60922877306  0.311035508788  0.200937132127  0.381691155374  0.154968715592  1.88639968642  1.25388332215  0.956606867512  2.26242454509  1.91855042403  1.30332652464  0.271486418072  0.175292930284  -9999.0  -9999.0  -9999.0  -9999.0  -9999.0  -9999.0  -9999.0
-9999.0  -9999.0  -9999.0  -9999.0  -9999.0  -9999.0  -9999.0  -9999.0  -9999.0  -9999.0  -9999.0  -9999.0  -9999.0  -9999.0  -9999.0  -9999.0  -9999.0  -9999.0  -9999.0  -9999.0  -9999.0  -9999.0  0.647746506798  2.07422715317  3.70699683653  0.978885798483  1.93861560686  2.9674222476  13.9451204582  14.4606304043  14.8301148892  0.346411269981  10.4626648248  11.528027793  11.9735704283  0.336560290295  57.1709547374  58.1835494855  0.492688370233  0.471785083339  0.947525342544  0.428202453331  23.7155537795  24.5324283912  24.9874141364  1.77334641374  2.21480908915  0.406116180499  0.75772768224  0.353570661557  2.38382654147  0.36186525521  0.471227722253  0.511814069986  0.518435643171  1.04637101895  1.46844348362  136.987218822  137.664066034  1685.22858441  1685.49406797  1685.79646895  0.383667716967  4.57293807388  4.00808161761  1.79517208911  1.6628794882  0.252713040318  2.79835716489  0.199933295129  0.180495777979  0.156629292766  0.605310979853  0.242753011151  -9999.0  -9999.0  -9999.0  -9999.0  -9999.0  -9999.0
-9999.0  -9999.0  -9999.0  -9999.0  -9999.0  -9999.0  -9999.0  -9999.0  -9999.0  -9999.0  -9999.0  -9999.0  -9999.0  -9999.0  -9999.0  -9999.0  -9999.0  -9999.0  -9999.0  -9999.0  -9999.0  -9999.0  -9999.0  0.749720625358  0.861537137426  1.06628146106  9.03843618713  10.0466155637  13.0079627093  0.670632662511  8.99458800442  9.79078029149  0.364001202324  0.740157729961  0.312682896831  56.008716026  0.393254436362  1.28096788933  1.69302007558  2.08878152417  21.0923343452  22.4494112936  22.9214054732  0.470527135188  0.912589867154  1.33100632715  0.321107317049  0.30029065463  61.4796149951  61.787066558  62.0585416289  64.3305857128  64.6571947276  65.1516114765  65.596464293  109.482891607  109.820826709  136.625868778  0.299758682606  0.354430956214  0.698725750431  1686.84414947  1688.31578426  1693.58074525  1693.86786462  0.293419455569  0.13769819603  3.21144038803  3.04756308324  0.151546623927  0.433644924922  2.39223243799  1.38415967259  1.17546909082  0.306780735752  -9999.0  -9999.0  -9999.0  -9999.0  -9999.0
-9999.0  -9999.0  -9999.0  -9999.0  -9999.0  -9999.0  -9999.0  -9999.0  -9999.0  -9999.0  -9999.0  -9999.0  -9999.0  -9999.0  -9999.0  -9999.0  -9999.0  -9999.0  -9999.0  -9999.0  -9999.0  -9999.0  -9999.0  0.69720855234  1.82116893534  3.93619354387  8.10081019288  1.05720606965  2.03486510268  7.33807434061  7.95346623008  0.408392997911  13.2477685967  13.6124445442  55.0315416397  55.364767617  0.381234942746  0.774582622196  3.02568090433  17.7013384386  18.6722279611  0.986825773988  0.526013994089  0.459497127676  51.5433506459  52.3821464778  53.12665214  53.8722600751  61.1886664732  0.790832667227  64.0276746252  0.422201622678  0.326469659308  0.601104450685  43.1937032531  43.5481782339  25.4783294701  26.4749148077  0.665240138154  0.328132025297  0.351711321538  0.416359329922  0.757691681249  0.361896700817  1802.02129265  1802.58359759  4.08577893037  3.46504176155  0.133790167449  4.15232199444  3.76646100131  2.98260729064  0.248214174336  0.29079064539  0.319313491365  -9999.0  -9999.0  -9999.0  -9999.0  -9999.0
-9999.0  -9999.0  -9999.0  -9999.0  -9999.0  -9999.0  -9999.0  -9999.0  -9999.0  -9999.0  -9999.0  -9999.0  -9999.0  -9999.0  -9999.0  -9999.0  -9999.0  -9999.0  -9999.0  -9999.0  -9999.0  -9999.0  -9999.0  -9999.0  1.12830181114  2.18495585966  3.15905607402  5.36747140143  6.35109107361  10.4794654166  12.199212445  12.5949187912  12.8951406011  40.7109834792  41.0799533122  0.294816094432  2.48686351354  2.81450201281  14.2787780203  14.5527721061  0.637948283045  0.291517134378  49.8445660864  50.2896218673  50.7004526009  0.438277532492  6.07674529076  6.48825687478  6.92266243832  0.404763432397  0.343245504743  0.280022204112  0.2539501426  41.9616461876  42.3187910074  0.289842084872  25.1960751027  23.6429438452  23.3684576649  0.285683250899  0.306857772939  0.215811320493  0.49752591648  106.63276892  107.754575032  1806.99100371  0.394852754775  0.229386123208  4.47351965376  0.174283019742  0.930647554956  0.588641358238  0.235671962355  -9999.0  -9999.0  -9999.0  -9999.0  -9999.0  -9999.0  -9999.0
-9999.0  -9999.0  -9999.0  -9999.0  -9999.0  -9999.0  -9999.0  -9999.0  -9999.0  -9999.0  -9999.0  -9999.0  -9999.0  -9999.0  -9999.0  -9999.0  -9999.0  -9999.0  -9999.0  -9999.0  -9999.0  -9999.0  -9999.0  -9999.0  1.08853574171  3.32505388997  4.38934251541  6.42200406214  8.42240483736  9.49870428126  0.893616720012  10.3757858902  39.4956358321  40.3415834654  0.751817832035  1.3349165476  2.21267442291  13.5844296235  13.9744058175  31.9969488611  32.9613737113  49.4524323311  49.5684034583  0.210447054259  4.60480768311  5.24418667729  5.70703561693  0.418219964246  34.9439275918  35.3433292026  36.4296206515  40.1868421355  41.4577154758  41.6472757818  0.30426450161  0.652284168512  0.962886325066  18.9996357105  22.8380290769  2.57294865465  2.27716812654  0.159450360131  0.22044418635  105.740932279  0.769841821388  0.656812533528  1807.89740364  0.165464913147  0.135980682911  5.80481206561  1.20183555129  0.289946290764  0.205135960899  -9999.0  -9999.0  -9999.0  -9999.0  -9999.0  -9999.0  -9999.0
-9999.0  -9999.0  -9999.0  -9999.0  -9999.0  -9999.0  -9999.0  -9999.0  -9999.0  -9999.0  -9999.0  -9999.0  -9999.0  -9999.0  -9999.0  -9999.0  -9999.0  -9999.0  -9999.0  -9999.0  -9999.0  -9999.0  -9999.0  -9999.0  1.14577722672  1.09403146297  4.34445030672  5.40882000248  1.0224467493  8.43154159838  9.39437590962  0.963188272978  27.2121071077  0.957264277681  5.63612430695  12.3303696363  13.1885250754  28.6260861437  29.1992639288  31.6618268559  0.687769006454  16.2013318877  0.174733043576  0.409613623275  4.32303246441  0.33027867491  7.80792091498  34.1538489487  0.319959441184  0.746902125033  2.75886862694  0.39520678431  0.448810466842  0.342824742607  0.313576198095  16.7144549975  18.0996323819  18.698432529  0.940780739857  0.753823529631  1.42304965715  0.219325426485  105.083052238  105.215081972  0.347634187113  0.378366084248  0.228890967122  1809.26083389  1816.91716756  7.26444576592  1.28083700328  1.12826854334  0.536539833786  -9999.0  -9999.0  -9999.0  -9999.0  -9999.0  -9999.0  -9999.0
-9999.0  -9999.0  -9999.0  -9999.0  -9999.0  -9999.0  -9999.0  -9999.0  -9999.0  -9999.0  -9999.0  -9999.0  -9999.0  -9999.0  -9999.0  -9999.0  -9999.0  -9999.0  -9999.0  -9999.0  -9999.0  -9999.0  -9999.0  -9999.0  -9999.0  1.08671502351  1.12277363568  1.09417588513  6.43900010775  7.46072656072  11.8375780028  26.2815612431  0.952794898382  2.79197169653  3.74118564694  5.79514426633  1.82059449096  27.7515934566  0.920419591838  1.78015213872  15.0564154963  0.74605732629  2.90705977338  3.43442280455  0.205947933099  0.314549569044  7.50742517232  26.0424059456  0.331969768662  1.29393471611  2.36213908772  0.383413840976  0.29024203567  14.7410772147  15.5514295423  0.568658586024  1.11934622166  0.293790821027  0.598813477116  0.40645225219  0.358744236595  0.14055544021  104.961802107  0.382415844555  -9999.0  -9999.0  0.37995877843  0.708974985372  1817.18462564  1817.43739824  1818.00204949  0.218289190857  -9999.0  -9999.0  -9999.0  -9999.0  -9999.0  -9999.0  -9999.0  -9999.0
-9999.0  -9999.0  -9999.0  -9999.0  -9999.0  -9999.0  -9999.0  -9999.0  -9999.0  -9999.0  -9999.0  -9999.0  -9999.0  -9999.0  -9999.0  -9999.0  -9999.0  -9999.0  -9999.0  -9999.0  -9999.0  -9999.0  -9999.0  -9999.0  -9999.0  -9999.0  1.09639518631  3.27240385457  4.30839167968  10.8937804384  4.11183043  13.4689455483  8.40573701178  0.920407952844  2.91043382925  4.77874532049  0.868867163352  25.011642658  9.88690227241  12.5847852316  1.69925716435  1.69601194914  0.804163606718  0.441891406509  6.56535364876  6.88270971755  25.0780727232  25.3920916587  0.615783902969  0.937365288622  0.286099265217  11.8366973339  13.3198357109  14.5291753044  0.580491120369  0.282573707631  0.826298121718  0.286440897582  0.244313818719  0.254645195952  103.896945056  104.159763714  104.314884649  0.254739122704  -9999.0  -9999.0  -9999.0  -9999.0  -9999.0  0.182213519237  1818.18638517  1818.34000808  -9999.0  -9999.0  -9999.0  -9999.0  -9999.0  -9999.0  -9999.0  -9999.0
-9999.0  -9999.0  -9999.0  -9999.0  -9999.0  -9999.0  -9999.0  -9999.0  -9999.0  -9999.0  -9999.0  -9999.0  -9999.0  -9999.0  -9999.0  -9999.0  -9999.0  -9999.0  -9999.0  -9999.0  -9999.0  -9999.0  -9999.0  -9999.0  -9999.0  -9999.0  1.20567246569  1.12592172641  9.92822542169  1.03490318257  3.14763380356  5.41889409191  7.44723354407  1.01754769089  0.994515874157  0.949607529908  23.1875654684  24.1334602325  9.02892909558  1.83668605531  0.869296769447  0.879752604663  5.4773904011  6.28522102428  21.8039780036  23.1975749275  24.4241529143  0.35234436212  0.311538566333  11.0322764682  11.297062733  11.5876567144  1.25051748449  0.630028559887  0.300777856852  0.294276123691  0.247222553404  2.09774243013  2.28653397381  103.732364382  103.801704739  0.186798657278  0.0709882806429  0.124905120592  -9999.0  -9999.0  -9999.0  -9999.0  -9999.0  -9999.0  -9999.0  -9999.0  -9999.0  -9999.0  -9999.0  -9999.0  -9999.0  -9999.0  -9999.0  -9999.0
-9999.0  -9999.0  -9999.0  -9999.0  -9999.0  -9999.0  -9999.0  -9999.0  -9999.0  -9999.0  -9999.0  -9999.0  -9999.0  -9999.0  -9999.0  -9999.0  -9999.0  -9999.0  -9999.0  -9999.0  -9999.0  -9999.0  -9999.0  -9999.0  -9999.0  -9999.0  -9999.0  2.35563458869  7.75364622548  4.30632773907  1.0415233069  4.33871887314  1.02422918348  3.19963628866  4.11727243701  20.2826426267  22.2582549397  7.20720363473  8.12729046727  0.92222439894  3.8000134502  4.66411074979  12.948350686  20.3184299831  21.163834545  0.865077209562  0.712541548368  8.41400966046  9.74255660863  10.7733090857  0.334822836306  0.644808736244  0.969821246953  0.31778503814  0.839772290134  1.36629228217  1.61047702605  1.90164369563  0.242871436452  101.084211428  0.45440817275  0.126035851615  -9999.0  -9999.0  -9999.0  -9999.0  -9999.0  -9999.0  -9999.0  -9999.0  -9999.0  -9999.0  -9999.0  -9999.0  -9999.0  -9999.0  -9999.0  -9999.0  -9999.0  -9999.0
-9999.0  -9999.0  -9999.0  -9999.0  -9999.0  -9999.0  -9999.0  -9999.0  -9999.0  -9999.0  -9999.0  -9999.0  -9999.0  -9999.0  -9999.0  -9999.0  -9999.0  -9999.0  -9999.0  -9999.0  -9999.0  -9999.0  -9999.0  -9999.0  -9999.0  -9999.0  -9999.0  1.21705661821  1.15279396509  2.04272113825  1.10098232312  2.18978530494  2.17972719834  12.2221110246  13.1728030771  2.06384527528  1.00542332233  6.28751166182  1.98765651296  2.95448444274  10.3092295497  11.2116690657  12.1165584594  6.55288354376  2.67790162215  4.49515118397  6.21840544005  7.95808017235  0.848159726018  0.485239095338  49.3689951669  49.8017840427  50.1452752175  0.296373047849  0.569022979258  0.296371094593  0.279831449063  94.8076368319  97.0463640852  3.05648726292  2.45695740098  0.263835853959  -9999.0  -9999.0  -9999.0  -9999.0  -9999.0  -9999.0  -9999.0  -9999.0  -9999.0  -9999.0  -9999.0  -9999.0  -9999.0  -9999.0  -9999.0  -9999.0  -9999.0  -9999.0
-9999.0  -9999.0  -9999.0  -9999.0  -9999.0  -9999.0  -9999.0  -9999.0  -9999.0  -9999.0  -9999.0  -9999.0  -9999.0  -9999.0  -9999.0  -9999.0  -9999.0  -9999.0  -9999.0  -9999.0  -9999.0  -9999.0  -9999.0  -9999.0  -9999.0  -9999.0  -9999.0  -9999.0  -9999.0  0.867623161504  1.08291189541  1.10438787348  4.50149113477  11.2020148437  5.64665497046  1.04928657755  4.26931372829  5.30218622679  0.992639859878  8.48553619305  9.40564876898  2.8998651648  4.73365321042  0.922675774068  1.77816519912  0.925595337689  0.878515645204  0.84500258593  47.7004081978  48.4043949097  49.0052532066  2.7738742621  53.564648634  54.2104702232  54.7722560305  55.3417851725  56.2258256366  94.4905419178  95.4065184611  1.1886805298  2.14860349079  0.591273300945  -9999.0  -9999.0  -9999.0  -9999.0  -9999.0  -9999.0  -9999.0  -9999.0  -9999.0  -9999.0  -9999.0  -9999.0  -9999.0  -9999.0  -9999.0  -9999.0  -9999.0  -9999.0
-9999.0  -9999.0  -9999.0  -9999.0  -9999.0  -9999.0  -9999.0  -9999.0  -9999.0  -9999.0  -9999.0  -9999.0  -9999.0  -9999.0  -9999.0  -9999.0  -9999.0  -9999.0  -9999.0  -9999.0  -9999.0  -9999.0  -9999.0  -9999.0  -9999.0  -9999.0  -9999.0  -9999.0  -9999.0  -9999.0  -9999.0  1.169029886  2.3183292014  2.30636758128  2.26957396425  2.20991608417  3.28843601833  5.5030920363  6.49297200035  7.53547342624  0.974726344672  1.96661953373  0.93043919735  0.89296320396  26.3178010717  33.015431216  34.7412877269  35.6230721579  46.9402704505  0.777796498073  1.47926582328  2.2534737947  11.3908825865  12.0160686305  12.5896100437  27.6398234606  34.2761209557  37.6634887516  0.671261528334  0.604090067564  1.26149917328  0.316097382096  -9999.0  -9999.0  -9999.0  -9999.0  -9999.0  -9999.0  -9999.0  -9999.0  -9999.0  -9999.0  -9999.0  -9999.0  -9999.0  -9999.0  -9999.0  -9999.0  -9999.0  -9999.0
-9999.0  -9999.0  -9999.0  -9999.0  -9999.0  -9999.0  -9999.0  -9999.0  -9999.0  -9999.0  -9999.0  -9999.0  -9999.0  -9999.0  -9999.0  -9999.0  -9999.0  -9999.0  -9999.0  -9999.0  -9999.0  -9999.0  -9999.0  -9999.0  -9999.0  -9999.0  -9999.0  -9999.0  -9999.0  -9999.0  -9999.0  -9999.0  1.19041247654  1.17880084839  1.15210880306  1.1115959377  2.25251737241  4.44551431864  4.21656513652  5.16953745575  6.07861238742  14.0073177656  14.9055429193  24.5147290985  25.4674637705  5.83604681798  0.915404535222  9.65406825885  10.4659451496  4.33090340509  8.46232576152  10.0231632602  10.7525990342  0.681579838415  14.5064159748  29.0012941981  33.7568886398  0.6532183497  2.10454881057  0.387692877989  0.94767142086  -9999.0  -9999.0  -9999.0  -9999.0  -9999.0  -9999.0  -9999.0  -9999.0  -9999.0  -9999.0  -9999.0  -9999.0  -9999.0  -9999.0  -9999.0  -9999.0  -9999.0  -9999.0  -9999.0
-9999.0  -9999.0  -9999.0  -9999.0  -9999.0  -9999.0  -9999.0  -9999.0  -9999.0  -9999.0  -9999.0  -9999.0  -9999.0  -9999.0  -9999.0  -9999.0  -9999.0  -9999.0  -9999.0  -9999.0  -9999.0  -9999.0  -9999.0  -9999.0  -9999.0  -9999.0  -9999.0  -9999.0  -9999.0  -9999.0  -9999.0  -9999.0  -9999.0  -9999.0  -9999.0  1.17804976463  1.12705540799  1.10260317823  3.19978638194  3.0617306578  6.01565394764  7.00506528365  0.919424829234  8.68598585262  3.88587611886  4.89548807589  5.92002378081  8.82038294545  2.66171033788  0.863110675017  3.42394519504  0.835689351936  7.62832150008  9.17171448769  13.2002031791  0.68799673508  2.55410276466  0.907861053781  1.05951662387  0.326223161068  0.635725194612  -9999.0  -9999.0  -9999.0  -9999.0  -9999.0  -9999.0  -9999.0  -9999.0  -9999.0  -9999.0  -9999.0  -9999.0  -9999.0  -9999.0  -9999.0  -9999.0  -9999.0  -9999.0  -9999.0
-9999.0  -9999.0  -9999.0  -9999.0  -9999.0  -9999.0  -9999.0  -9999.0  -9999.0  -9999.0  -9999.0  -9999.0  -9999.0  -9999.0  -9999.0  -9999.0  -9999.0  -9999.0  -9999.0  -9999.0  -9999.0  -9999.0  -9999.0  -9999.0  -9999.0  -9999.0  -9999.0  -9999.0  -9999.0  -9999.0  -9999.0  -9999.0  -9999.0  -9999.0  -9999.0  -9999.0  -9999.0  1.06719344861  1.01945352618  2.05461511944  2.0040511836  4.92840316074  6.82824281839  1.93795448763  2.89881713039  2.98863648669  4.97902282053  1.97014613396  1.82836397833  1.78950860224  0.829987981232  4.39552823085  6.86608749679  0.796765407771  3.27724379191  1.24469248075  0.65022324164  0.342372358416  0.334229786475  0.346465804368  -9999.0  -9999.0  -9999.0  -9999.0  -9999.0  -9999.0  -9999.0  -9999.0  -9999.0  -9999.0  -9999.0  -9999.0  -9999.0  -9999.0  -9999.0  -9999.0  -9999.0  -9999.0  -9999.0  -9999.0
-9999.0  -9999.0  -9999.0  -9999.0  -9999.0  -9999.0  -9999.0  -9999.0  -9999.0  -9999.0  -9999.0  -9999.0  -9999.0  -9999.0  -9999.0  -9999.0  -9999.0  -9999.0  -9999.0  -9999.0  -9999.0  -9999.0  -9999.0  -9999.0  -9999.0  -9999.0  -9999.0  -9999.0  -9999.0  -9999.0  -9999.0  -9999.0  -9999.0  -9999.0  -9999.0  -9999.0  -9999.0  -9999.0  -9999.0  1.03409167462  1.99815800464  3.98460648811  0.976985006923  0.977258043624  0.982513581318  2.00778114685  1.00679127536  0.99676539649  0.9452844807  0.921594522347  1.8061468918  3.58881687529  1.69552305566  1.72470763643  2.51937586028  0.609037770964  0.317285614749  -9999.0  -9999.0  -9999.0  -9999.0  -9999.0  -9999.0  -9999.0  -9999.0  -9999.0  -9999.0  -9999.0  -9999.0  -9999.0  -9999.0  -9999.0  -9999.0  -9999.0  -9999.0  -9999.0  -9999.0  -9999.0  -9999.0  -9999.0
-9999.0  -9999.0  -9999.0  -9999.0  -9999.0  -9999.0  -9999.0  -9999.0  -9999.0  -9999.0  -9999.0  -9999.0  -9999.0  -9999.0  -9999.0  -9999.0  -9999.0  -9999.0  -9999.0  -9999.0  -9999.0  -9999.0  -9999.0  -9999.0  -9999.0  -9999.0  -9999.0  -9999.0  -9999.0  -9999.0  -9999.0  -9999.0  -9999.0  -9999.0  -9999.0  -9999.0  -9999.0  -9999.0  -9999.0  -9999.0  1.06177426096  1.00884433931  -9999.0  -9999.0  -9999.0  -9999.0  -9999.0  -9999.0  -9999.0  -9999.0  0.911492812253  0.890500161086  0.837159042088  0.857373818776  -9999.0  -9999.0  -9999.0  -9999.0  -9999.0  -9999.0  -9999.0  -9999.0  -9999.0  -9999.0  -9999.0  -9999.0  -9999.0  -9999.0  -9999.0  -9999.0  -9999.0  -9999.0  -9999.0  -9999.0  -9999.0  -9999.0  -9999.0  -9999.0  -9999.0  -9999.0
-9999.0  -9999.0  -9999.0  -9999.0  -9999.0  -9999.0  -9999.0  -9999.0  -9999.0  -9999.0  -9999.0  -9999.0  -9999.0  -9999.0  -9999.0  -9999.0  -9999.0  -9999.0  -9999.0  -9999.0  -9999.0  -9999.0  -9999.0  -9999.0  -9999.0  -9999.0  -9999.0  -9999.0  -9999.0  -9999.0  -9999.0  -9999.0  -9999.0  -9999.0  -9999.0  -9999.0  -9999.0  -9999.0  -9999.0  -9999.0  -9999.0  -9999.0  -9999.0  -9999.0  -9999.0  -9999.0  -9999.0  -9999.0  -9999.0  -9999.0  -9999.0  -9999.0  -9999.0  -9999.0  -9999.0  -9999.0  -9999.0  -9999.0  -9999.0  -9999.0  -9999.0  -9999.0  -9999.0  -9999.0  -9999.0  -9999.0  -9999.0  -9999.0  -9999.0  -9999.0  -9999.0  -9999.0  -9999.0  -9999.0  -9999.0  -9999.0  -9999.0  -9999.0  -9999.0  -9999.0
-9999.0  -9999.0  -9999.0  -9999.0  -9999.0  -9999.0  -9999.0  -9999.0  -9999.0  -9999.0  -9999.0  -9999.0  -9999.0  -9999.0  -9999.0  -9999.0  -9999.0  -9999.0  -9999.0  -9999.0  -9999.0  -9999.0  -9999.0  -9999.0  -9999.0  -9999.0  -9999.0  -9999.0  -9999.0  -9999.0  -9999.0  -9999.0  -9999.0  -9999.0  -9999.0  -9999.0  -9999.0  -9999.0  -9999.0  -9999.0  -9999.0  -9999.0  -9999.0  -9999.0  -9999.0  -9999.0  -9999.0  -9999.0  -9999.0  -9999.0  -9999.0  -9999.0  -9999.0  -9999.0  -9999.0  -9999.0  -9999.0  -9999.0  -9999.0  -9999.0  -9999.0  -9999.0  -9999.0  -9999.0  -9999.0  -9999.0  -9999.0  -9999.0  -9999.0  -9999.0  -9999.0  -9999.0  -9999.0  -9999.0  -9999.0  -9999.0  -9999.0  -9999.0  -9999.0  -9999.0
-9999.0  -9999.0  -9999.0  -9999.0  -9999.0  -9999.0  -9999.0  -9999.0  -9999.0  -9999.0  -9999.0  -9999.0  -9999.0  -9999.0  -9999.0  -9999.0  -9999.0  -9999.0  -9999.0  -9999.0  -9999.0  -9999.0  -9999.0  -9999.0  -9999.0  -9999.0  -9999.0  -9999.0  -9999.0  -9999.0  -9999.0  -9999.0  -9999.0  -9999.0  -9999.0  -9999.0  -9999.0  -9999.0  -9999.0  -9999.0  -9999.0  -9999.0  -9999.0  -9999.0  -9999.0  -9999.0  -9999.0  -9999.0  -9999.0  -9999.0  -9999.0  -9999.0  -9999.0  -9999.0  -9999.0  -9999.0  -9999.0  -9999.0  -9999.0  -9999.0  -9999.0  -9999.0  -9999.0  -9999.0  -9999.0  -9999.0  -9999.0  -9999.0  -9999.0  -9999.0  -9999.0  -9999.0  -9999.0  -9999.0  -9999.0  -9999.0  -9999.0  -9999.0  -9999.0  -9999.0
-9999.0  -9999.0  -9999.0  -9999.0  -9999.0  -9999.0  -9999.0  -9999.0  -9999.0  -9999.0  -9999.0  -9999.0  -9999.0  -9999.0  -9999.0  -9999.0  -9999.0  -9999.0  -9999.0  -9999.0  -9999.0  -9999.0  -9999.0  -9999.0  -9999.0  -9999.0  -9999.0  -9999.0  -9999.0  -9999.0  -9999.0  -9999.0  -9999.0  -9999.0  -9999.0  -9999.0  -9999.0  -9999.0  -9999.0  -9999.0  -9999.0  -9999.0  -9999.0  -9999.0  -9999.0  -9999.0  -9999.0  -9999.0  -9999.0  -9999.0  -9999.0  -9999.0  -9999.0  -9999.0  -9999.0  -9999.0  -9999.0  -9999.0  -9999.0  -9999.0  -9999.0  -9999.0  -9999.0  -9999.0  -9999.0  -9999.0  -9999.0  -9999.0  -9999.0  -9999.0  -9999.0  -9999.0  -9999.0  -9999.0  -9999.0  -9999.0  -9999.0  -9999.0  -9999.0  -9999.0
-9999.0  -9999.0  -9999.0  -9999.0  -9999.0  -9999.0  -9999.0  -9999.0  -9999.0  -9999.0  -9999.0  -9999.0  -9999.0  -9999.0  -9999.0  -9999.0  -9999.0  -9999.0  -9999.0  -9999.0  -9999.0  -9999.0  -9999.0  -9999.0  -9999.0  -9999.0  -9999.0  -9999.0  -9999.0  -9999.0  -9999.0  -9999.0  -9999.0  -9999.0  -9999.0  -9999.0  -9999.0  -9999.0  -9999.0  -9999.0  -9999.0  -9999.0  -9999.0  -9999.0  -9999.0  -9999.0  -9999.0  -9999.0  -9999.0  -9999.0  -9999.0  -9999.0  -9999.0  -9999.0  -9999.0  -9999.0  -9999.0  -9999.0  -9999.0  -9999.0  -9999.0  -9999.0  -9999.0  -9999.0  -9999.0  -9999.0  -9999.0  -9999.0  -9999.0  -9999.0  -9999.0  -9999.0  -9999.0  -9999.0  -9999.0  -9999.0  -9999.0  -9999.0  -9999.0  -9999.0
-9999.0  -9999.0  -9999.0  -9999.0  -9999.0  -9999.0  -9999.0  -9999.0  -9999.0  -9999.0  -9999.0  -9999.0  -9999.0  -9999.0  -9999.0  -9999.0  -9999.0  -9999.0  -9999.0  -9999.0  -9999.0  -9999.0  -9999.0  -9999.0  -9999.0  -9999.0  -9999.0  -9999.0  -9999.0  -9999.0  -9999.0  -9999.0  -9999.0  -9999.0  -9999.0  -9999.0  -9999.0  -9999.0  -9999.0  -9999.0  -9999.0  -9999.0  -9999.0  -9999.0  -9999.0  -9999.0  -9999.0  -9999.0  -9999.0  -9999.0  -9999.0  -9999.0  -9999.0  -9999.0  -9999.0  -9999.0  -9999.0  -9999.0  -9999.0  -9999.0  -9999.0  -9999.0  -9999.0  -9999.0  -9999.0  -9999.0  -9999.0  -9999.0  -9999.0  -9999.0  -9999.0  -9999.0  -9999.0  -9999.0  -9999.0  -9999.0  -9999.0  -9999.0  -9999.0  -9999.0
