ncols                  80
nrows                 72
xllcorner      4374000.0
yllcorner      5656000.0
cellsize            500
NODATA_value       -9999
-9999.0  -9999.0  -9999.0  -9999.0  -9999.0  -9999.0  -9999.0  -9999.0  -9999.0  -9999.0  -9999.0  -9999.0  1.28939077165  1.0877081562  -9999.0  -9999.0  -9999.0  -9999.0  -9999.0  -9999.0  -9999.0  -9999.0  -9999.0  -9999.0  -9999.0  -9999.0  -9999.0  -9999.0  -9999.0  -9999.0  -9999.0  -9999.0  -9999.0  -9999.0  -9999.0  -9999.0  -9999.0  -9999.0  -9999.0  -9999.0  -9999.0  -9999.0  -9999.0  -9999.0  -9999.0  -9999.0  -9999.0  -9999.0  -9999.0  -9999.0  -9999.0  -9999.0  -9999.0  -9999.0  -9999.0  -9999.0  -9999.0  -9999.0  -9999.0  -9999.0  -9999.0  -9999.0  -9999.0  -9999.0  -9999.0  -9999.0  -9999.0  -9999.0  -9999.0  -9999.0  -9999.0  -9999.0  -9999.0  -9999.0  -9999.0  -9999.0  -9999.0  -9999.0  -9999.0  -9999.0
-9999.0  -9999.0  -9999.0  -9999.0  -9999.0  -9999.0  -9999.0  -9999.0  -9999.0  -9999.0  -9999.0  -9999.0  2.54891058659  5.73981147687  0.950377352437  -9999.0  0.708101059332  -9999.0  -9999.0  -9999.0  -9999.0  -9999.0  -9999.0  -9999.0  -9999.0  -9999.0  -9999.0  -9999.0  -9999.0  -9999.0  -9999.0  -9999.0  -9999.0  -9999.0  -9999.0  -9999.0  -9999.0  -9999.0  -9999.0  -9999.0  -9999.0  -9999.0  -9999.0  -9999.0  -9999.0  -9999.0  -9999.0  -9999.0  -9999.0  -9999.0  -9999.0  -9999.0  -9999.0  -9999.0  -9999.0  -9999.0  -9999.0  -9999.0  -9999.0  -9999.0  -9999.0  -9999.0  -9999.0  -9999.0  -9999.0  -9999.0  -9999.0  -9999.0  -9999.0  -9999.0  -9999.0  -9999.0  -9999.0  -9999.0  -9999.0  -9999.0  -9999.0  -9999.0  -9999.0  -9999.0
-9999.0  -9999.0  -9999.0  -9999.0  -9999.0  -9999.0  -9999.0  -9999.0  -9999.0  -9999.0  1.22840225679  1.19000621939  1.23006727798  1.18994893041  8.0221879344  9.05831087368  2.05293966932  0.66200855887  -9999.0  -9999.0  -9999.0  -9999.0  -9999.0  -9999.0  -9999.0  -9999.0  -9999.0  -9999.0  -9999.0  -9999.0  -9999.0  -9999.0  -9999.0  -9999.0  -9999.0  -9999.0  -9999.0  -9999.0  -9999.0  -9999.0  -9999.0  -9999.0  -9999.0  -9999.0  -9999.0  -9999.0  -9999.0  -9999.0  -9999.0  -9999.0  -9999.0  -9999.0  -9999.0  -9999.0  -9999.0  -9999.0  -9999.0  -9999.0  -9999.0  -9999.0  -9999.0  -9999.0  -9999.0  -9999.0  -9999.0  -9999.0  -9999.0  -9999.0  -9999.0  -9999.0  -9999.0  -9999.0  -9999.0  -9999.0  -9999.0  -9999.0  -9999.0  -9999.0  -9999.0  -9999.0
-9999.0  -9999.0  -9999.0  -9999.0  -9999.0  -9999.0  -9999.0  -9999.0  -9999.0  1.19930869879  2.42040644917  4.79570582859  2.38409134461  1.16432808201  2.28509883268  10.1831146057  13.9475673288  0.786372915684  -9999.0  1.19130353697  -9999.0  -9999.0  -9999.0  -9999.0  1.4344975598  0.712760251227  -9999.0  -9999.0  -9999.0  -9999.0  -9999.0  -9999.0  -9999.0  -9999.0  -9999.0  -9999.0  -9999.0  -9999.0  -9999.0  -9999.0  -9999.0  -9999.0  -9999.0  -9999.0  -9999.0  -9999.0  -9999.0  -9999.0  -9999.0  -9999.0  -9999.0  -9999.0  -9999.0  -9999.0  -9999.0  -9999.0  -9999.0  -9999.0  -9999.0  -9999.0  -9999.0  -9999.0  -9999.0  -9999.0  -9999.0  -9999.0  -9999.0  -9999.0  -9999.0  -9999.0  -9999.0  -9999.0  -9999.0  -9999.0  -9999.0  -9999.0  -9999.0  -9999.0  -9999.0  -9999.0
-9999.0  -9999.0  -9999.0  -9999.0  -9999.0  -9999.0  -9999.0  -9999.0  1.27924910611  3.70607937838  4.85938170789  6.02273751425  8.30043518155  1.1019182122  4.4356040031  5.52041048501  21.5163056159  1.07839806432  1.09425653127  2.27450757617  3.31950777273  1.07892483381  -9999.0  3.94631233743  3.21957943353  0.938519555625  -9999.0  -9999.0  -9999.0  -9999.0  -9999.0  -9999.0  -9999.0  -9999.0  -9999.0  -9999.0  -9999.0  -9999.0  -9999.0  -9999.0  -9999.0  -9999.0  -9999.0  -9999.0  -9999.0  -9999.0  -9999.0  -9999.0  -9999.0  -9999.0  -9999.0  -9999.0  -9999.0  -9999.0  -9999.0  -9999.0  -9999.0  -9999.0  -9999.0  -9999.0  -9999.0  -9999.0  -9999.0  -9999.0  -9999.0  -9999.0  -9999.0  -9999.0  -9999.0  -9999.0  -9999.0  -9999.0  -9999.0  -9999.0  -9999.0  -9999.0  -9999.0  -9999.0  -9999.0  -9999.0
-9999.0  -9999.0  -9999.0  -9999.0  -9999.0  -9999.0  1.30775625692  1.2290072032  1.18589673038  1.19562416749  1.19643648731  8.42234426504  17.8724796021  19.015444167  19.9846969294  0.920175037119  23.521347735  24.5863173047  2.16266957683  1.06097652396  4.3454883818  7.52082470557  1.10870808076  7.3855564162  1.21593361668  1.21771196269  1.25580569116  -9999.0  -9999.0  -9999.0  -9999.0  -9999.0  -9999.0  -9999.0  -9999.0  -9999.0  -9999.0  -9999.0  -9999.0  -9999.0  -9999.0  -9999.0  -9999.0  -9999.0  -9999.0  -9999.0  -9999.0  -9999.0  -9999.0  -9999.0  -9999.0  -9999.0  -9999.0  -9999.0  -9999.0  -9999.0  -9999.0  -9999.0  -9999.0  -9999.0  -9999.0  -9999.0  -9999.0  -9999.0  -9999.0  -9999.0  -9999.0  -9999.0  -9999.0  -9999.0  -9999.0  -9999.0  -9999.0  -9999.0  -9999.0  -9999.0  -9999.0  -9999.0  -9999.0  -9999.0
-9999.0  -9999.0  -9999.0  -9999.0  -9999.0  -9999.0  2.58545063766  3.82053701005  8.66351510361  12.1733065667  1.1090479252  1.13216051136  1.08904554419  3.21164945397  24.2107341095  0.939101712269  25.6080051789  29.5720781132  3.15770950261  2.04366447742  8.50573842553  1.04471948122  8.41844308865  2.19725476212  1.13728053738  2.3316053543  2.43557840235  1.11401560255  1.1184444386  1.10507020618  1.12111986986  2.25278425906  -9999.0  -9999.0  -9999.0  -9999.0  -9999.0  -9999.0  -9999.0  -9999.0  -9999.0  -9999.0  -9999.0  -9999.0  -9999.0  -9999.0  -9999.0  -9999.0  -9999.0  -9999.0  -9999.0  -9999.0  -9999.0  -9999.0  -9999.0  -9999.0  -9999.0  -9999.0  -9999.0  -9999.0  -9999.0  -9999.0  -9999.0  -9999.0  -9999.0  -9999.0  -9999.0  -9999.0  -9999.0  -9999.0  -9999.0  -9999.0  -9999.0  -9999.0  -9999.0  -9999.0  -9999.0  -9999.0  -9999.0  -9999.0
-9999.0  -9999.0  -9999.0  -9999.0  -9999.0  1.33448666098  2.61518305597  1.26293627885  2.47238424734  13.3890984109  15.6765356025  17.9488980923  55.9474210153  1.05619044363  25.2787297737  89.1937040421  89.9112168584  120.673026775  0.77761705707  3.03356098635  9.49853206374  0.987366742798  20.6372727757  11.2106025185  6.97491337871  5.88551772154  1.20440759893  3.31906787141  3.28048797718  2.19194100682  1.06070052573  3.34273791721  1.04916952969  1.04301682808  -9999.0  -9999.0  -9999.0  -9999.0  -9999.0  -9999.0  -9999.0  -9999.0  -9999.0  -9999.0  -9999.0  -9999.0  -9999.0  -9999.0  -9999.0  -9999.0  -9999.0  -9999.0  -9999.0  -9999.0  -9999.0  -9999.0  -9999.0  -9999.0  -9999.0  -9999.0  -9999.0  -9999.0  -9999.0  -9999.0  -9999.0  -9999.0  -9999.0  -9999.0  -9999.0  -9999.0  -9999.0  -9999.0  -9999.0  -9999.0  -9999.0  -9999.0  -9999.0  -9999.0  -9999.0  -9999.0
-9999.0  -9999.0  -9999.0  -9999.0  -9999.0  1.34103874672  3.92747568737  7.8163076386  9.02678467082  17.8588865272  19.0228407473  22.6093119702  36.9318986977  58.9046584288  61.0180808625  61.9984060334  1.85719081428  123.946613065  125.600028421  130.529244157  164.652983022  23.6333095166  21.6621911293  7.996206833  1.00633166614  6.60036337665  4.42159803838  1.04061032545  4.27364832477  0.956737745816  1.97436954979  5.36166170513  6.37043100633  2.04788607643  1.00154771827  0.997624110786  -9999.0  -9999.0  -9999.0  -9999.0  0.761259229074  0.634617770745  -9999.0  -9999.0  -9999.0  -9999.0  -9999.0  -9999.0  -9999.0  -9999.0  -9999.0  -9999.0  -9999.0  -9999.0  -9999.0  -9999.0  -9999.0  -9999.0  -9999.0  -9999.0  -9999.0  -9999.0  -9999.0  -9999.0  -9999.0  -9999.0  -9999.0  -9999.0  -9999.0  -9999.0  -9999.0  -9999.0  -9999.0  -9999.0  -9999.0  -9999.0  -9999.0  -9999.0  -9999.0  -9999.0
-9999.0  -9999.0  -9999.0  -9999.0  -9999.0  1.32035571857  1.27195922493  5.17866956617  6.39507505188  7.63961587732  1.21052279283  2.40906661785  13.5540160985  2.41517966014  1.15507152983  1.10551127888  1.01314256965  1.10015273194  1.06783102711  1.07082345914  165.674324122  168.615964392  0.971482339163  2.96750542995  2.00487006313  7.60717409654  2.1028096951  1.06115771598  5.29256368687  1.87014913425  4.43564389811  11.219730245  10.4119639324  3.04814948019  2.9984087022  1.00407468069  1.00101667471  -9999.0  -9999.0  1.0084339012  1.68919020313  3.65677917688  0.67221824697  -9999.0  -9999.0  -9999.0  -9999.0  -9999.0  -9999.0  -9999.0  -9999.0  -9999.0  -9999.0  -9999.0  -9999.0  -9999.0  -9999.0  -9999.0  -9999.0  -9999.0  -9999.0  -9999.0  -9999.0  -9999.0  -9999.0  -9999.0  -9999.0  -9999.0  -9999.0  -9999.0  -9999.0  -9999.0  -9999.0  -9999.0  -9999.0  -9999.0  -9999.0  -9999.0  -9999.0  -9999.0
-9999.0  -9999.0  -9999.0  -9999.0  -9999.0  -9999.0  1.33428098715  1.31976719066  2.5950727267  3.8627753722  8.76199659254  11.212509306  12.4283254449  1.28864036735  1.08045569014  13.9016493973  17.1539772233  18.205420851  22.4732427163  23.4923416208  1.00441878751  169.613804687  174.430284142  3.84251045957  0.704459415267  8.49263744677  18.9036078318  7.35480488104  1.88177837998  0.933204718634  17.4550724424  12.1576790416  0.929068139999  0.936745488529  3.94854883258  2.94775086867  0.973265200747  1.01871438211  0.970547196927  1.96183601538  0.947695830716  4.45231517277  5.40563354896  1.02164032124  -9999.0  -9999.0  -9999.0  -9999.0  1.10237921922  1.07244772335  0.231077965547  -9999.0  -9999.0  -9999.0  -9999.0  -9999.0  -9999.0  -9999.0  -9999.0  -9999.0  -9999.0  -9999.0  -9999.0  -9999.0  -9999.0  -9999.0  -9999.0  -9999.0  -9999.0  -9999.0  -9999.0  -9999.0  -9999.0  -9999.0  -9999.0  -9999.0  -9999.0  -9999.0  -9999.0  -9999.0
-9999.0  -9999.0  -9999.0  -9999.0  -9999.0  -9999.0  -9999.0  1.33172197324  1.18811154543  2.45591677072  3.70000007206  1.2377369243  1.1697299744  7.15429982516  9.44594960115  11.7550529129  1.09722469219  2.18080034042  1.06906651011  24.5142165173  54.0086200199  54.7713069985  231.08846764  0.972269470026  2.11932223696  0.678706682457  19.8706791546  0.939435309826  2.83125948737  0.926995081189  18.3781103357  19.2919814405  1.85715985631  1.84350963348  9.77659983144  4.87861324746  2.00646806918  0.990066975691  1.94452460885  2.92100097607  4.79370466679  0.942926632171  7.48989407439  8.54086186207  0.96548475215  0.949194135156  1.06128665956  1.02820465776  0.998274457991  3.18669925752  1.05927207689  0.679053287542  -9999.0  -9999.0  -9999.0  -9999.0  -9999.0  -9999.0  -9999.0  -9999.0  -9999.0  -9999.0  -9999.0  -9999.0  -9999.0  -9999.0  -9999.0  -9999.0  -9999.0  -9999.0  -9999.0  -9999.0  -9999.0  -9999.0  -9999.0  -9999.0  -9999.0  -9999.0  -9999.0  -9999.0
-9999.0  -9999.0  -9999.0  -9999.0  -9999.0  -9999.0  -9999.0  -9999.0  2.49840287009  3.64849675015  1.23042884794  2.47481807796  3.65530031234  6.04188220495  1.20980163637  1.17863675288  1.06885722282  1.08541292567  1.02074614251  27.4486263006  1.06937048374  2.11498043135  234.113275505  236.698936568  1.38408007111  4.82439340149  25.6585466652  1.83810472061  3.69614077478  1.78135386779  2.6430338527  22.8770632234  2.72100932735  14.2633349211  11.5507822509  0.88954404414  4.81433588304  1.90792154065  2.85337819594  0.91871856633  5.7675005379  7.71531945002  8.64415977927  9.55251481541  12.1895735063  1.80824879642  1.95920582767  1.90155093482  1.83638415999  4.0682888768  0.847440643037  2.5604142653  3.29720576113  -9999.0  -9999.0  -9999.0  -9999.0  -9999.0  -9999.0  -9999.0  -9999.0  -9999.0  -9999.0  -9999.0  -9999.0  -9999.0  -9999.0  -9999.0  -9999.0  -9999.0  -9999.0  -9999.0  -9999.0  -9999.0  -9999.0  -9999.0  -9999.0  -9999.0  -9999.0  -9999.0
-9999.0  -9999.0  -9999.0  -9999.0  -9999.0  -9999.0  -9999.0  -9999.0  1.2838703355  6.17874792291  7.39189114826  1.2177172656  2.39585424822  1.17913602792  1.13472275449  1.11491194466  13.676331077  18.3062553404  22.5506212533  26.645242111  1.05628416114  1.05653842158  1.21241360712  241.774541847  244.583611818  245.979607753  34.4487099201  7.45401520175  6.46022492223  0.895975967464  3.48963902828  27.2270021114  0.854418946025  15.1299509701  0.880160182023  6.10755572004  5.74318483589  0.907853084373  3.75301753507  1.81583194588  2.69905934493  0.936132983444  0.901396139764  10.4560105717  11.3173856542  13.0487542021  2.8544388883  2.78040620377  2.70062540714  4.94599510961  6.64157358146  0.843296087263  4.0404639326  0.757800844762  1.46711664707  0.720801246198  -9999.0  -9999.0  -9999.0  -9999.0  -9999.0  -9999.0  -9999.0  -9999.0  -9999.0  -9999.0  -9999.0  -9999.0  -9999.0  -9999.0  -9999.0  -9999.0  -9999.0  -9999.0  -9999.0  -9999.0  -9999.0  -9999.0  -9999.0  -9999.0
-9999.0  -9999.0  -9999.0  -9999.0  -9999.0  -9999.0  -9999.0  -9999.0  -9999.0  1.26959639079  8.61482897944  9.81660557482  3.57799713871  5.93004002647  8.18892663906  9.31341242003  1.12798420531  3.55245527139  2.29762104774  1.12925526825  1.1343233735  1.07270317351  2.15818604526  3.76035621298  1.52204944839  283.281733641  284.662793918  1.31145867599  0.941750350363  1.74688190661  2.59109451225  29.754812566  1.68637797617  15.9518417431  9.37119920964  7.69233037496  0.879742870863  1.77528978611  4.60367252508  0.844960963995  3.52783054753  1.77956147914  1.57232296619  0.638990388283  13.4031614553  27.2224970385  3.58418130572  3.51483413706  3.44770858785  0.736520992885  7.37054327933  0.720595863312  5.56048559212  0.694257346269  2.16626686673  3.56953667051  0.616023173689  0.622777199133  0.629267320548  0.609013677937  0.563949612357  -9999.0  -9999.0  0.432121105099  0.264134055478  -9999.0  -9999.0  -9999.0  -9999.0  -9999.0  -9999.0  -9999.0  -9999.0  -9999.0  -9999.0  -9999.0  -9999.0  -9999.0  -9999.0  -9999.0
-9999.0  -9999.0  -9999.0  -9999.0  -9999.0  -9999.0  -9999.0  -9999.0  -9999.0  -9999.0  1.18736491808  12.2103021909  1.18164588452  2.35842658814  3.46416628344  5.714682372  1.16213621992  2.432149483  1.17583355318  1.15302435598  1.09537037524  2.1999420206  1.01788575831  1.17114399879  2.60046481435  1.48968792915  286.007420034  288.657646141  292.30007208  3.58157371871  0.832782163519  1.65819138338  30.5895092354  29.4754893678  11.0850450115  0.848980430165  3.50807050997  2.64045873578  5.45680004191  1.69519329087  6.97277108388  2.60872161137  2.33373971713  0.482111903912  0.646305852008  28.0563156003  28.8585689355  36.7155177114  5.7078206177  1.50246068222  8.14258055764  9.61017475989  15.8579081399  1.3775022216  0.656460550251  4.24519225507  5.47180477815  0.610414418974  1.17928574675  1.79590045015  1.11570637737  0.553179509343  0.546049384195  0.827704370792  0.532984388102  0.261175123995  -9999.0  -9999.0  -9999.0  -9999.0  -9999.0  -9999.0  -9999.0  -9999.0  -9999.0  -9999.0  -9999.0  -9999.0  -9999.0  -9999.0
-9999.0  -9999.0  -9999.0  -9999.0  -9999.0  -9999.0  -9999.0  -9999.0  -9999.0  -9999.0  -9999.0  0.572320984876  13.470434368  1.13893539103  2.22592917832  10.2609519184  1.24181263709  1.24237612335  1.08617146049  2.24418539729  1.06397028752  4.33169836238  6.38172653315  7.39090761208  3.61996947297  4.86371582749  1.37356243009  1.4466311469  1.34007389918  297.961517525  300.596106733  31.3891625224  31.0300579325  30.2617257483  1.62489901928  0.801398680163  4.31517286479  11.3924881207  6.27260424067  2.50992620225  10.2784516086  4.61557824736  3.84296078587  0.943742623164  0.434908810504  0.454463246081  0.513837801423  38.9822051623  46.9121308386  0.710874076172  0.68663447523  0.700461490337  16.5266909281  18.5347709188  1.22276041349  0.536953930773  5.89180907105  0.935713410891  2.44537434846  4.68346353667  6.27800395839  7.33212991543  2.29689034299  1.29418854087  0.875085252121  0.516546701091  0.436957738468  -9999.0  -9999.0  -9999.0  -9999.0  -9999.0  -9999.0  -9999.0  -9999.0  -9999.0  -9999.0  -9999.0  -9999.0  -9999.0
-9999.0  -9999.0  -9999.0  -9999.0  -9999.0  -9999.0  -9999.0  -9999.0  -9999.0  -9999.0  -9999.0  0.541280744041  14.8144457146  18.2619684277  1.09085290441  12.4665134137  1.18283834204  1.09978916161  2.12097883113  5.41051240565  1.04011611521  1.07177608586  0.993629600305  9.42441101662  10.3751162557  16.2273393174  18.5796831699  19.6803148995  20.9553247873  22.1656571681  324.011386755  357.535710788  390.637641184  391.63886215  0.945372357269  0.809484603536  13.0071397314  12.2075833847  0.800418116311  0.786458278274  11.0068618596  16.4142609593  0.699715375278  7.5059382338  6.91749375385  1.94663770201  0.999946090362  1.56085894361  0.788054863171  48.4266661393  0.761474898314  2.10103070299  2.77497618036  23.105056272  24.6893490625  25.6989955481  31.9121243297  0.311653540033  0.300492813028  0.296766680927  0.290326551477  8.06119266402  10.8282215644  0.497459546068  2.03741215436  0.809513160253  0.836674970801  0.23221392313  0.183756631696  -9999.0  -9999.0  -9999.0  -9999.0  -9999.0  -9999.0  -9999.0  -9999.0  -9999.0  -9999.0  -9999.0
-9999.0  -9999.0  -9999.0  -9999.0  -9999.0  -9999.0  -9999.0  -9999.0  -9999.0  -9999.0  -9999.0  1.2164498747  2.34281255588  19.3755092925  21.4893583052  1.07504469368  14.6509863554  1.00666348227  3.06200816127  6.39009601681  2.02262158753  0.980548961646  2.03845349088  0.968237496006  1.83542062848  0.864570909284  0.801652903996  0.681962040511  0.62443800763  0.641100574869  0.692045437906  0.911995682841  1.11037305879  1.29459301403  394.976533686  17.0688286531  15.1768203601  1.02765217917  2.35735685452  0.553640573523  0.432737356336  17.1672443292  26.9253831  8.30061185731  6.02215439555  1.02314478818  0.474338022859  0.453745940652  1.14539285945  50.3366924929  51.8375263931  0.76453088932  0.763259575628  0.622261324899  0.397676080294  0.665083617294  32.8126572174  33.4035449354  33.9977820292  0.60189521781  0.287948561044  0.277603304076  11.1534195616  11.973589626  2.33497095427  0.377163593092  1.19938812552  0.484127684237  0.349693766616  -9999.0  -9999.0  -9999.0  -9999.0  -9999.0  -9999.0  -9999.0  -9999.0  -9999.0  -9999.0  -9999.0
-9999.0  -9999.0  -9999.0  -9999.0  -9999.0  -9999.0  -9999.0  -9999.0  -9999.0  -9999.0  -9999.0  -9999.0  1.11453709656  14.2163820844  36.7823685972  39.9933756176  55.6775501598  56.6679318427  14.3800963136  10.3976500866  3.02087498123  0.972779319846  3.95892520843  4.90519467615  7.61333209467  1.75595007499  1.65331542718  1.54283327403  3.00424726138  1.4690310177  1.48499577391  0.681540854561  0.510057367807  0.654435516163  396.000853537  413.584471211  414.685685858  1.10464045773  7.01174097293  2.54377871001  0.788190326322  29.3057610384  1.64195871749  0.83826582953  3.3661895167  0.720664491914  0.712867600993  1.40413390137  2.09324966335  2.82877441733  53.2314867941  0.684239584508  0.640327338441  0.641570781199  0.517025802402  0.31798857861  0.890628449431  1.00413157358  35.4641477476  37.5222524429  1.18960385236  0.600625624048  0.320062462473  0.305926352174  15.1003363287  20.3383115852  4.43295455634  2.03782706476  1.12907221144  -9999.0  -9999.0  -9999.0  -9999.0  -9999.0  -9999.0  -9999.0  -9999.0  -9999.0  -9999.0  -9999.0
-9999.0  -9999.0  -9999.0  -9999.0  -9999.0  -9999.0  -9999.0  -9999.0  -9999.0  -9999.0  -9999.0  1.17039423216  10.8104582127  13.1163037756  2.16677352228  0.600391042509  1.44586910045  59.1260813818  60.0722001356  75.3348477167  0.905717262064  1.87212885114  0.861443407246  0.875139932392  8.46792691252  11.0772875463  13.5435831414  0.804712454383  3.80527108562  6.06138341771  3.69149624787  1.44854231059  1.16443741907  1.14763043688  1.26413525012  0.790131438115  415.690005107  416.663167434  425.554090476  1.4514146697  0.736245382818  29.9436404815  1.71667546117  0.877135138522  0.904179203535  0.894309178384  0.844758841929  1.57722792687  4.69448172424  8.28803934272  62.2036727505  0.588623818738  1.76304660583  1.18736921632  1.02520931776  0.519724395184  0.455653864838  0.344594127445  0.165517738735  37.8171042899  0.210083232214  0.42103304219  0.179170460123  0.263748296772  0.351933383165  20.7565689839  0.750666763712  0.274215275266  0.51267290593  0.242036079462  -9999.0  -9999.0  -9999.0  -9999.0  -9999.0  -9999.0  -9999.0  -9999.0  -9999.0  -9999.0
-9999.0  -9999.0  -9999.0  -9999.0  -9999.0  -9999.0  -9999.0  -9999.0  -9999.0  -9999.0  -9999.0  1.19266407058  7.36800183522  1.16994184597  1.07763914826  5.34615360084  6.32846581377  7.3435914959  8.31095312468  101.46387603  102.237766697  103.93708367  116.609323246  119.208957401  120.7463144  121.62405248  136.966008629  138.948381282  139.730235098  146.612606543  151.129960608  151.899941  154.443222024  1.88048874719  1.80768271596  0.520759693889  0.658669498756  417.586846005  428.840345809  2.30087462011  34.5729084715  33.8788900349  3.32857910268  0.818772614758  0.832319616169  0.815781644148  0.790924388754  1.59231913738  2.35329543159  0.783236421887  62.8720458598  63.5576417928  67.1391505166  67.7573143153  69.3733959396  70.4626403376  0.473706748219  0.4614028304  0.322718515544  38.1078383095  38.5655769083  39.2455100438  40.1028600317  0.480059772312  22.388864038  21.6826799651  0.46270829119  6.81275956555  6.51129688467  0.558253400561  0.305204480555  -9999.0  -9999.0  -9999.0  -9999.0  -9999.0  -9999.0  -9999.0  -9999.0  -9999.0
-9999.0  -9999.0  -9999.0  -9999.0  -9999.0  -9999.0  -9999.0  -9999.0  -9999.0  -9999.0  -9999.0  3.75299852361  4.96843956333  2.34985036519  3.47004089202  1.10894999938  12.8583552741  13.919405696  16.0008539738  16.8507374506  7.01233546176  112.239458417  112.992186878  0.835388098352  0.670174522804  0.589271682486  1.28128027739  0.615911103748  0.505362297119  0.479938851835  0.52167440954  152.548535517  155.121376742  157.720863335  160.186114713  162.577976587  1.15978860491  0.53950463862  465.867485121  36.0918403336  35.2848018116  0.755371840821  0.756694959235  0.726576468207  1.56406589963  1.55645000421  0.707395669714  0.70883941066  0.671543312083  1.4464347169  2.0720998922  0.551118324396  1.01489972195  0.409981568824  0.24247123664  70.7647189179  71.6073916343  72.4996122147  73.2772280158  73.6854169661  74.1891208439  74.4104591651  0.208635558573  40.729053184  0.369061670119  30.1740391819  7.36654754104  0.622834876465  5.70698892601  4.79094980159  0.32384950287  -9999.0  -9999.0  -9999.0  -9999.0  -9999.0  -9999.0  -9999.0  -9999.0  -9999.0
-9999.0  -9999.0  -9999.0  -9999.0  -9999.0  -9999.0  -9999.0  -9999.0  -9999.0  -9999.0  -9999.0  -9999.0  2.5404385706  1.19616989237  1.13233213611  10.7514968015  11.8399906594  1.08297055339  4.38387722909  5.35879215315  6.2518592985  0.952366064706  0.883132614953  17.688492043  18.488258626  19.2415924046  49.7638821464  50.3567748505  51.3525409715  56.2095765645  59.120904991  59.5735574655  0.420043243628  0.43581045427  0.442054415334  163.957763929  0.638817587488  473.48726885  472.326754675  5.66440686597  4.82493486413  2.9470757243  0.733081698282  1.46058580725  2.30936084862  2.29822617617  1.39793504414  0.684845762205  1.35129410883  1.33027997408  2.68243193684  0.359040980951  1.39994472522  2.38156042979  2.88447536001  3.14323166447  0.242575026808  0.243950732837  0.234905126961  0.23759008787  0.255345837827  74.7101021508  75.1966745344  116.04593378  116.152167062  32.0678107358  1.63812985343  1.21193098227  0.495648422354  4.1651230276  3.83932100548  -9999.0  -9999.0  -9999.0  -9999.0  -9999.0  -9999.0  -9999.0  -9999.0  -9999.0
-9999.0  -9999.0  -9999.0  -9999.0  -9999.0  -9999.0  -9999.0  -9999.0  -9999.0  -9999.0  -9999.0  -9999.0  1.30025272933  3.71012504219  4.87067394249  8.51495256593  1.19568083141  2.31914479717  3.38408939649  12.4438348723  13.3146301413  13.9883432315  14.8942266019  15.9295992898  25.3107567214  28.2716106508  29.8625378745  0.621297157041  3.82760336766  4.38665453095  57.6892530244  60.0895930878  61.0389404489  61.9958544955  62.9605383171  227.628826522  0.646053658214  476.029525931  1.175624028  0.50346341778  4.10471632661  3.55588768819  0.534022846418  2.092861868  2.95612792521  2.94475772007  2.01049138594  3.29864542412  5.21597878674  1.92130247683  5.16520225707  0.424029052449  0.636809828778  0.231731827715  0.196770809201  3.61389042352  3.78539548434  0.427947490616  0.418690456349  0.633382714499  0.209252698591  0.227601325854  0.2572887328  165.573242679  165.460778541  49.0325722018  0.383524390517  2.49303438468  1.95213227223  1.3334777521  3.56128359267  2.41547216452  -9999.0  -9999.0  -9999.0  -9999.0  -9999.0  -9999.0  -9999.0  -9999.0
-9999.0  -9999.0  -9999.0  -9999.0  -9999.0  -9999.0  -9999.0  -9999.0  -9999.0  -9999.0  -9999.0  -9999.0  1.2518009643  2.48649812199  1.16839262455  2.38938643673  1.10811897228  8.17059957557  10.3177963651  11.4192179287  1.00792791178  1.91704091996  19.0637323283  23.5333696489  24.3455283058  1.96962503369  1.96843461149  2.776278017  0.528576170053  0.507704408935  0.975476723412  0.49757287679  29.8864832953  30.3939133807  31.0254265665  228.226666067  480.547541406  476.606260596  0.879441907787  0.372986006531  0.342593564785  1.24733214186  0.90184195713  2.51562742443  3.50057537703  7.07965774303  0.628865500158  0.629746627305  5.74837556605  6.28900186247  12.4648652778  12.924872163  13.8058531515  14.2542622517  0.404299539762  0.619993862671  4.03345665494  175.736272743  171.085309196  170.204313633  168.947833756  0.256868212425  167.35385723  0.37391458772  0.186758201161  16.4616715966  4.01397539264  3.66771200266  0.622112495366  0.655728196919  0.671027546914  2.06201150513  -9999.0  -9999.0  -9999.0  -9999.0  -9999.0  -9999.0  -9999.0  -9999.0
-9999.0  -9999.0  -9999.0  -9999.0  -9999.0  -9999.0  -9999.0  -9999.0  -9999.0  -9999.0  -9999.0  -9999.0  -9999.0  1.21841456939  2.41369828377  3.60264164503  5.87042704364  1.22125257768  1.09954121169  7.85286136191  8.86032701107  17.3366175751  18.3238316424  2.79639371787  1.00459188824  0.994299227048  0.964872031469  26.6709874934  27.3502482744  27.9194845255  28.4079377626  29.4004255817  5.38135090168  6.04810297742  37.7211930815  746.757405709  3.28953721935  2.81231012956  1.33082627521  0.361997893166  0.311771269334  1.94091972181  2.22965856766  3.1328217344  0.298467340682  7.42613191845  1.04030254268  1.02197283541  0.264686382528  0.217749646012  0.208789668027  0.247919402605  0.212255777513  14.4696763043  208.234193588  193.014964048  192.507391327  176.028254181  0.24805139604  0.306607324  0.315492172707  167.766788045  0.795815575495  0.364227067743  0.452286567021  0.400064631685  11.8665364501  11.147091094  1.19003297271  0.60863062943  0.691878816646  0.685264540379  -9999.0  -9999.0  -9999.0  -9999.0  -9999.0  -9999.0  -9999.0  -9999.0
-9999.0  -9999.0  -9999.0  -9999.0  -9999.0  -9999.0  -9999.0  -9999.0  -9999.0  -9999.0  -9999.0  -9999.0  -9999.0  -9999.0  1.17894622458  2.29150571801  3.31376635787  4.43951168588  5.60299732798  6.78625910031  3.40551392411  5.53502024561  0.996671903999  0.990010088823  21.8999745825  23.8604046377  24.7836420546  25.7779703832  0.843619890673  1.5539549073  3.79504083342  4.36528259673  4.87590619159  0.672960281419  0.703143513726  748.395227804  0.522196988099  0.884753102924  0.417552235519  1.36260135144  0.645097324987  0.382484211605  5.74137858062  6.1275444716  0.295569869994  7.75501408488  9.0322853724  1.25011843107  217.524716869  217.044162198  216.588287951  215.604840619  215.128481533  209.043680313  208.778033909  0.282818459006  16.2617353541  15.5141623061  14.6995298055  14.4586937683  8.74725712161  8.5063392285  7.99407918272  2.92532794889  2.6176648987  1.68352996772  0.393668608052  10.6492582719  9.13611119137  0.570955457338  1.21454745955  0.588745921434  -9999.0  -9999.0  -9999.0  -9999.0  -9999.0  -9999.0  -9999.0  -9999.0
-9999.0  -9999.0  -9999.0  -9999.0  -9999.0  -9999.0  -9999.0  -9999.0  -9999.0  -9999.0  -9999.0  -9999.0  -9999.0  -9999.0  0.239042551637  0.56428729832  1.02215243466  8.97540368186  10.2211786842  1.24473317343  1.11749967474  1.07652102068  17.8974403684  19.9428024191  0.99240577073  1.02726080531  0.90464232587  3.62733582285  4.50469113509  2.4741896853  3.02496173526  20.4207567184  21.0849865757  22.4253028658  35.9636305934  784.658160872  0.519484646058  0.378870434599  2.02169597966  1.68211529466  0.344385202557  1.08817774296  1.42731760434  6.51331872739  6.85481971684  16.6968760386  9.24694967734  1.38700175305  223.023915749  2.92210940625  216.14306492  215.884351099  5.65493388852  0.33711071904  0.352240974649  0.179286555398  0.427821804572  0.606325371145  0.301244913706  5.48221577315  4.57787761167  0.298827487835  4.81517985187  0.857275303835  0.528058329724  1.19999369317  0.591955661869  1.15653213514  7.43635719355  6.47541044041  0.534565447632  1.0626636874  0.542256553584  -9999.0  -9999.0  -9999.0  -9999.0  -9999.0  -9999.0  -9999.0
-9999.0  -9999.0  -9999.0  -9999.0  -9999.0  -9999.0  -9999.0  -9999.0  -9999.0  -9999.0  -9999.0  -9999.0  -9999.0  -9999.0  1.27713220642  2.06161401011  4.39326346038  7.72883502865  11.2123508495  13.5732450609  14.745227127  15.8519452353  16.9127656008  1.01490839131  0.959322251093  1.89407293855  1.82336178078  0.920262287779  17.7167327986  18.5791023005  19.3876931009  20.1402160791  11.3996138109  12.0327064828  12.7953948905  784.907709145  0.854406566651  0.964545647985  3.15940898741  0.283281310927  0.709121605582  0.371442195279  0.315671264592  1.75670572287  0.286744076068  0.305833978323  241.230452652  224.297754766  223.999689166  1.04071986451  2.6928053751  1.73304119913  0.408057643999  4.98693744362  1.46184552146  1.12921147821  0.808588098442  0.546202205417  0.291238076071  0.632890059243  4.2965707007  3.64602039498  3.01266631702  3.6167420186  3.32252302867  3.05200488394  0.444507281363  0.600605011022  0.492913035717  4.84337420945  3.96514565665  2.64141017736  0.469761551966  -9999.0  -9999.0  -9999.0  -9999.0  -9999.0  -9999.0  -9999.0
-9999.0  -9999.0  -9999.0  -9999.0  -9999.0  -9999.0  -9999.0  -9999.0  -9999.0  -9999.0  -9999.0  -9999.0  -9999.0  -9999.0  0.904779466177  0.824766457364  1.59394846748  2.46774631926  1.14542624487  1.18561226547  2.30287422698  3.41071931246  5.51361053256  6.5712860971  7.59089566102  10.5025600237  11.4265339614  12.3736279467  0.875827268084  8.86902072008  9.62281494635  10.2739439092  0.521558902985  0.21326066555  0.395386770082  797.583642775  797.820292336  799.178160631  3.88794140856  0.538685437749  1.11283952451  0.316359557939  0.569637952932  2.02368702605  2.54879585595  0.562605735673  242.608378732  0.454291593511  0.599192199512  0.636794702991  0.556332974275  0.962126534642  0.429276008396  3.17147148322  2.41946156722  1.76912830243  0.889763567236  0.607327994543  0.319379752576  0.338183761784  0.35396976779  0.355499986746  2.7175004489  2.06404889302  1.41630086682  0.737236827825  2.72401217169  1.90779772234  0.581487512642  0.55959610692  0.41113605791  1.17937366089  0.745279628509  -9999.0  -9999.0  -9999.0  -9999.0  -9999.0  -9999.0  -9999.0
-9999.0  -9999.0  -9999.0  -9999.0  -9999.0  -9999.0  -9999.0  -9999.0  -9999.0  -9999.0  -9999.0  -9999.0  -9999.0  -9999.0  -9999.0  0.771824495197  1.53939713613  0.79318813403  1.64451613635  10.3604856669  11.4478186228  12.5647838797  1.04903533115  1.05523026687  2.0803124968  3.07213465244  4.92339705942  5.83615831371  6.29614282372  7.133879747  0.736719428156  0.662676084494  11.3328973889  11.5426420861  11.7745893374  12.0252179755  9.72665648668  809.929100845  815.434878654  815.639524581  816.937853026  818.09606889  819.030617054  0.30976058549  2.80092568127  242.915567309  0.805325192916  0.411713793546  0.423008364541  0.361789176567  0.624811833598  0.558945158225  0.315446760752  0.395021336993  0.363400790038  0.614567520971  0.289725011265  0.251316339588  0.847884989926  0.587016210156  0.305155124896  0.302330227484  0.316074071686  0.324186299087  0.345531070552  0.380203553894  0.374055881829  0.95729852818  0.360829025056  1.01189701289  0.499444577664  0.459440177976  -9999.0  -9999.0  -9999.0  -9999.0  -9999.0  -9999.0  -9999.0  -9999.0
-9999.0  -9999.0  -9999.0  -9999.0  -9999.0  -9999.0  -9999.0  -9999.0  -9999.0  -9999.0  -9999.0  -9999.0  -9999.0  -9999.0  -9999.0  -9999.0  2.29391369496  3.18127587517  5.74294884562  7.76793573591  1.09239479617  14.8310650034  15.8787892953  16.9358466124  1.0625332959  2.08152428555  0.949247641978  6.94414855421  7.36900325586  8.09590935829  8.88418094324  10.709774182  10.9093662559  0.129254488835  8.72912655835  9.23626225445  9.48873031139  10.5064362637  1.38515094112  0.91808673763  0.591643300785  0.560939131435  819.905571614  820.401221688  825.196694369  243.251441549  2.09050215087  0.983674714537  0.671723533299  0.201280906032  1.77645521851  0.896907968892  0.29363198071  1.53073748399  1.27345617189  0.258525758713  1.81242910954  1.60748170034  1.11873561717  0.256702774093  0.759120523767  0.536231326911  0.244759603441  0.532610327847  0.286942019248  0.29659817563  0.29445336343  0.25776095386  0.613664390341  4.76607653949  2.75912036383  1.69210317505  0.649685136167  -9999.0  -9999.0  -9999.0  -9999.0  -9999.0  -9999.0  -9999.0
-9999.0  -9999.0  -9999.0  -9999.0  -9999.0  -9999.0  -9999.0  -9999.0  -9999.0  -9999.0  -9999.0  -9999.0  -9999.0  -9999.0  -9999.0  -9999.0  0.921056342457  4.04242094075  4.93530494058  1.18492694533  1.13800213275  2.25478388897  3.31626600301  21.3675035456  1.05811287258  4.21484858295  5.18483802336  6.12858765117  0.447694146468  1.12071347383  1.45986987476  7.12483980023  7.90201957479  8.10695147299  0.244476109786  0.245647644443  0.28471545217  0.520533174119  0.216897506251  0.233004331545  0.515795994064  0.373109176837  0.506367295349  1.62653154004  825.708318531  1070.31943194  2.53763866376  0.295417714164  0.202276420187  5.38116890004  4.94008535409  2.86232621222  2.55587404766  1.89707512317  0.396064668367  0.333332830968  2.01708261322  0.955573692186  0.738522282776  0.235705313407  1.04021660843  1.71224888508  1.33065343349  0.800568500255  0.270532645154  0.892950420941  0.610139984287  0.539116933513  6.00536466596  5.78065914466  0.544769877171  0.514126197363  0.480698776209  0.453130886081  -9999.0  -9999.0  -9999.0  -9999.0  -9999.0  -9999.0
-9999.0  -9999.0  -9999.0  -9999.0  -9999.0  -9999.0  -9999.0  -9999.0  -9999.0  -9999.0  -9999.0  -9999.0  -9999.0  -9999.0  -9999.0  0.731377347574  2.52237748704  0.85892580579  1.39912257715  1.39660375454  2.54704372957  3.6520367185  4.68068941376  26.9623840469  28.004142429  1.0638792161  2.04541478809  3.02946094082  3.63196927358  4.33012857208  6.29294452218  6.88251071796  0.493507776404  0.389789019543  0.352649000393  0.618717748681  0.530935849996  0.494895126908  0.404165343189  0.447083388588  1.98817832357  0.952717330273  0.51573486015  0.501805226068  0.47532372687  0.907376702109  1086.9334463  13.8288456617  6.3686419453  0.50993673638  0.221117878063  0.206944519057  0.758159056848  0.527311678519  0.269767081849  0.267551095134  2.55147201506  3.72423420912  4.10571057255  0.184772592547  3.28725637047  2.02111385601  0.219083488237  0.195945682349  0.449012280982  2.19942241716  0.974931803471  0.822935026307  6.31999927735  0.346501437037  0.393972420051  1.89883296041  0.95729193449  1.53004916521  0.602813319666  -9999.0  -9999.0  -9999.0  -9999.0  -9999.0
-9999.0  -9999.0  -9999.0  -9999.0  -9999.0  -9999.0  -9999.0  -9999.0  -9999.0  -9999.0  -9999.0  -9999.0  -9999.0  -9999.0  0.777086528134  1.48527726425  5.61163628377  0.859051603286  2.67889088098  4.06819703634  5.35808464446  1.29043223752  2.411705217  3.47909832625  32.3663028196  1.03089393706  1.98213954211  2.91413191595  0.838368882173  1.65687093779  2.13693146358  2.70277742757  64.591791977  65.5178233526  66.3957564302  70.8596746372  72.4866108611  75.8934555684  0.908334321051  1.91172632604  2.4921992654  86.9435641912  87.9296813584  0.474998546926  0.853221686401  1.21944906153  1087.34788089  13.3121872489  6.31834424616  6.07279616411  4.8115540413  4.23943928185  1.00831015959  0.244201485793  0.482450844292  0.244892391029  0.227080798735  0.427161359995  4.31255481988  8.02426189136  3.54153627635  0.621319889707  0.421821147428  0.256110970454  3.59822874497  2.85689154305  0.349004485922  7.84022555455  6.67085546919  0.672149273561  3.77192119311  2.30450638594  2.43996162206  2.02393945016  0.471694121874  -9999.0  -9999.0  -9999.0  -9999.0  -9999.0
-9999.0  -9999.0  -9999.0  -9999.0  -9999.0  -9999.0  -9999.0  -9999.0  -9999.0  -9999.0  -9999.0  -9999.0  -9999.0  -9999.0  0.768367128041  2.35528766188  8.73748951129  12.8217785381  0.788294719797  17.1859848095  23.4812064707  1.23118350809  2.36241471875  3.47044271353  42.123465631  43.0620524874  0.965632530201  4.8442381905  5.71817148121  6.40033479959  58.666173066  60.3354026036  61.4190050509  0.541694822232  3.16878463345  3.74313240871  1.75285265849  2.513520204  79.5792479554  82.671408436  83.3226462809  83.957944319  88.8688681018  0.462689903971  0.411746010969  1.9856545228  1087.7596488  0.369751451454  0.356311351639  1.0504923102  0.380066869694  3.83773553124  3.21439930164  1.88693272934  1.36131318764  0.572281937004  0.25667078588  0.625573453117  0.157516466725  8.20174995796  0.951643499437  0.779816526269  0.148306316472  0.412508778443  3.79341556999  0.158696698417  0.102529466239  8.00350816322  0.233824200969  4.3940747798  4.12032005767  3.52695124009  3.20896711944  0.373793688742  1.32707069323  0.430401217084  -9999.0  -9999.0  -9999.0  -9999.0
-9999.0  -9999.0  -9999.0  -9999.0  -9999.0  -9999.0  -9999.0  -9999.0  -9999.0  -9999.0  -9999.0  -9999.0  -9999.0  -9999.0  -9999.0  -9999.0  1.64858960915  3.3263408757  15.3191705014  16.2293436281  24.279402606  25.2229532074  1.17078257258  2.33658745137  5.52219688867  43.9512161886  45.9564717917  46.8663691531  0.804698917867  50.0182064854  51.7393745369  1.11315096805  0.545921122978  1.09869653788  2.14096075145  0.504809302164  1.03665646271  2.44801924747  3.0622013839  0.548009109932  0.426668509017  0.873273651166  91.6857321465  92.5256214651  92.8926215834  95.7214998928  1088.13601644  0.242774887396  0.280646071682  0.314247133929  0.310173151529  0.315895013774  0.287832562681  0.544906715363  0.183989307986  0.474771046236  0.283456895385  0.280953646691  1.13057801492  9.60379345698  10.76563467  10.9604790597  11.6893682647  0.158866099459  3.95270133223  0.514690809449  0.195136545194  8.17407810431  8.5753403449  4.63323356792  4.9526955487  3.86309955243  2.5141158192  2.15728353473  1.78075398313  -9999.0  -9999.0  -9999.0  -9999.0  -9999.0
-9999.0  -9999.0  -9999.0  -9999.0  -9999.0  -9999.0  -9999.0  -9999.0  -9999.0  -9999.0  -9999.0  -9999.0  -9999.0  -9999.0  -9999.0  -9999.0  0.864013197895  0.851598986228  0.872989921766  1.90851829641  0.85356395934  26.8988987071  27.7603672937  1.11002803476  2.17514145413  1.10968297963  0.991184761983  0.981970680828  48.5777390891  0.578171748055  1.13987928676  0.604146629619  0.581577761952  0.538530860556  0.45554721839  0.465743666927  1.38072839306  1.86088355577  0.391476403741  0.362390505913  0.74989156073  1.18937898707  1.45108508514  0.350063694084  93.3287657171  96.097945696  1088.38947607  1.14920105774  0.690328300012  0.204761829547  0.475889679851  0.169903736614  0.131711933685  0.690410180709  0.920404198627  0.617378815425  0.151431371808  0.153437947775  0.383711492881  0.192952896902  0.174459914066  0.176151402969  0.183310021167  17.014499933  4.61926426349  0.146758735133  0.256157106866  0.12283991093  21.8123316025  13.0990100969  12.9254964804  4.0359057055  3.12931546925  0.304717093248  -9999.0  -9999.0  -9999.0  -9999.0  -9999.0  -9999.0
-9999.0  -9999.0  -9999.0  -9999.0  -9999.0  -9999.0  -9999.0  -9999.0  -9999.0  -9999.0  -9999.0  -9999.0  -9999.0  -9999.0  -9999.0  -9999.0  -9999.0  -9999.0  0.840194360794  2.70789523329  3.45601668168  4.2738660302  28.5301659423  29.2926327769  30.1012157661  31.1069393994  32.0741077446  34.0412663087  34.6233377016  35.1758276716  35.7061792779  0.559370012399  0.526420820202  0.540463556771  1.93719867591  0.491831771705  0.464883163446  0.406339606392  1.17429816128  0.433692772543  0.356957876373  0.337765111358  0.295591828024  0.590117641046  0.839363223149  97.8094279772  1187.63595483  0.208071393055  0.507524424556  0.171610940962  0.660462690671  0.374062021555  0.264897262026  2.32119746516  1.49613952125  0.456139864433  0.3111654061  0.696224191663  0.170505593553  0.488276441885  0.316144873266  0.494372435027  0.169042650836  0.20306633923  17.1844690708  17.741752941  26.4078811694  26.2302337881  26.0650990024  0.182058688943  3.63441231187  3.43251884342  0.151961409402  -9999.0  -9999.0  -9999.0  -9999.0  -9999.0  -9999.0  -9999.0
-9999.0  -9999.0  -9999.0  -9999.0  -9999.0  -9999.0  -9999.0  -9999.0  -9999.0  -9999.0  -9999.0  -9999.0  -9999.0  -9999.0  -9999.0  -9999.0  -9999.0  -9999.0  -9999.0  0.734240920376  5.61476874187  11.4532046068  12.3533434994  1.17124287982  2.26838203463  3.34382790824  4.29137978328  10.3965567096  10.9928636263  0.583690861836  0.562129069437  36.85333595  37.8921250698  38.3865279776  2.35857125769  0.41309717104  0.886670184473  1.31296927503  3.82432212323  4.65500814815  5.34189573108  0.642606828959  0.896298509088  0.294459968122  0.574183762874  0.288677981669  1188.1881107  0.203707562237  0.873795006437  0.445803598811  1.2788683264  2.4512905111  2.8198085701  5.24007243027  1.73366756101  1.62403742849  1.21988789575  1.10210480667  0.281596736055  0.598600722306  0.696039777051  0.595202967505  0.102238879488  45.8135413987  45.4281576556  45.2294824861  26.956436464  0.245438444696  3.82753796649  2.78351670028  1.8535606376  1.15377634173  0.212860656649  -9999.0  -9999.0  -9999.0  -9999.0  -9999.0  -9999.0  -9999.0
-9999.0  -9999.0  -9999.0  -9999.0  -9999.0  -9999.0  -9999.0  -9999.0  -9999.0  -9999.0  -9999.0  -9999.0  -9999.0  -9999.0  -9999.0  -9999.0  -9999.0  -9999.0  0.791134000024  2.49202433889  4.89760402583  6.41869264913  17.0066080251  18.0428915402  2.23221800373  3.28375479146  4.19424576284  5.15597972221  11.5742439039  12.7446098519  21.9910928304  22.6319247846  23.1312558712  38.9061289966  42.651361784  0.917646290858  0.51265172786  0.502579769406  0.965117758391  0.447265117608  6.18649499074  6.51591476169  1.17657394726  1.43488379453  0.263694365314  268.508868158  269.07916466  1457.66143067  1458.83170123  0.183925322238  1.68474754816  0.237066514371  0.221254905349  5.69438287692  7.61582772751  1.5081958742  1.37118971054  0.26375929423  0.140535860217  0.734482258198  47.2396580352  46.4351071399  46.3115091989  46.0585360703  0.286927385567  0.25717606165  0.260954998598  0.258734376501  0.813797988446  0.548101576569  0.519141948864  0.774088843673  0.244094903262  -9999.0  -9999.0  -9999.0  -9999.0  -9999.0  -9999.0  -9999.0
-9999.0  -9999.0  -9999.0  -9999.0  -9999.0  -9999.0  -9999.0  -9999.0  -9999.0  -9999.0  -9999.0  -9999.0  -9999.0  -9999.0  -9999.0  -9999.0  -9999.0  -9999.0  -9999.0  0.882127901378  0.857578467013  1.64916947013  3.92525511879  18.8010674968  1.14098570025  1.12833120512  2.06729771585  2.9920397879  7.259208128  7.90379342665  0.380950950123  0.42090382629  23.731005331  24.276965468  67.3754672774  67.7961201675  0.380834666823  0.350849252264  0.291992270293  0.294449073758  0.281288034036  263.129634197  264.941141343  266.635906316  267.132122613  268.256789347  0.309025919511  1.15723784976  1.49469208512  1460.88967822  1461.04800483  1461.32214841  1461.57361843  1461.73810193  7.88899927966  0.136003340005  0.511984745529  0.403427953411  0.108158942412  0.842127984377  47.6494613162  0.280815292098  0.146078900791  1.09975354431  0.962699085261  0.762985574302  0.558018168714  0.294188834599  0.304432034969  0.295538125698  0.270065529939  0.279912030936  -9999.0  -9999.0  -9999.0  -9999.0  -9999.0  -9999.0  -9999.0  -9999.0
-9999.0  -9999.0  -9999.0  -9999.0  -9999.0  -9999.0  -9999.0  -9999.0  -9999.0  -9999.0  -9999.0  -9999.0  -9999.0  -9999.0  -9999.0  -9999.0  -9999.0  -9999.0  -9999.0  -9999.0  0.808754209053  0.8350076044  1.55688480565  21.860852972  22.7540991602  1.11800718626  2.05474970453  2.99070766086  3.65361157758  0.597827327118  1.17622689339  52.673248086  53.233851793  53.6671773445  57.2420926244  125.451534961  250.650261444  251.455956038  252.175630379  252.875785513  255.491304989  256.2925534  1.50449995438  0.70353886188  0.385533650646  0.739683385835  0.57576106618  0.901449283358  0.28496695839  6.59324027577  7.211536201  7.67529792667  7.85853674194  1461.93494468  1470.08229832  1471.15761415  0.727037609601  0.148958205043  1.2012999775  0.97336719473  47.9102897424  0.134830707923  2.49602798773  1.23269261104  1.06640156354  0.716917664091  0.347923577193  0.47598576751  0.244138307928  -9999.0  -9999.0  -9999.0  -9999.0  -9999.0  -9999.0  -9999.0  -9999.0  -9999.0  -9999.0  -9999.0
-9999.0  -9999.0  -9999.0  -9999.0  -9999.0  -9999.0  -9999.0  -9999.0  -9999.0  -9999.0  -9999.0  -9999.0  -9999.0  -9999.0  -9999.0  -9999.0  -9999.0  -9999.0  -9999.0  -9999.0  -9999.0  0.82490091569  1.57965095701  2.33530429424  23.4003687993  0.976642054025  32.3029603156  33.2804279369  33.911246747  34.5315945263  50.2865923762  50.916608217  0.597591503211  2.70335748607  3.24672351381  0.55771346089  124.375273136  123.35689476  0.35878634211  0.78105816942  2.01184083167  0.422971486671  0.428895029016  0.357292532392  0.306326227822  0.248759791553  0.275794648318  5.65648272124  5.9349180131  6.25841062879  0.313816347273  0.236860515144  8.01766787171  8.24770280728  8.38914611618  1471.32506526  1471.49836284  1.62442333512  1.34404030605  50.7991673597  50.6609736564  2.62444374324  0.280319383317  0.140011740521  1.73080006149  1.44289619093  1.12447673922  0.714035844715  0.410699030977  0.192705483793  -9999.0  -9999.0  -9999.0  -9999.0  -9999.0  -9999.0  -9999.0  -9999.0  -9999.0  -9999.0
-9999.0  -9999.0  -9999.0  -9999.0  -9999.0  -9999.0  -9999.0  -9999.0  -9999.0  -9999.0  -9999.0  -9999.0  -9999.0  -9999.0  -9999.0  -9999.0  -9999.0  -9999.0  -9999.0  -9999.0  -9999.0  0.769061074163  0.717689333837  3.70433728286  28.6626051457  30.4146638193  31.3625118169  1.0349750955  14.3733118276  14.9438891188  15.1685768613  0.565074123616  1.2012131654  1.78896488624  29.4695301223  29.9436889759  30.3571541122  122.587505043  72.6871401255  0.417064895364  0.415414976762  0.40490496135  0.337871581145  3.447661253  4.11982581904  4.72250780847  5.04660664309  5.36128569607  33.2851327774  33.5197976283  33.7358459649  34.2733247469  37.1561410864  37.3242380664  45.9006038171  0.146972968891  1471.6524181  1471.84573936  1.79248703927  50.9242428236  0.229185830075  0.106490445551  0.418365562673  2.75051486327  2.63362034721  0.615035463143  0.318356057516  0.929831278235  0.643373410054  0.19113226361  0.169028046318  0.166773476218  -9999.0  -9999.0  -9999.0  -9999.0  -9999.0  -9999.0  -9999.0  -9999.0
-9999.0  -9999.0  -9999.0  -9999.0  -9999.0  -9999.0  -9999.0  -9999.0  -9999.0  -9999.0  -9999.0  -9999.0  -9999.0  -9999.0  -9999.0  -9999.0  -9999.0  -9999.0  -9999.0  -9999.0  -9999.0  -9999.0  1.49753400748  2.27167649935  0.896863947283  1.18856958427  10.587970885  11.675528231  12.5724498595  6.03712077781  6.64418816861  7.2760328932  7.88968872039  28.4424407931  29.0060674999  18.1842782072  49.0246988249  49.489841693  72.3210262851  0.864477700512  0.42777761773  0.338411470402  2.38475049788  2.77889391617  0.259001733647  0.243105809396  32.2135887576  32.7820466901  33.0613588546  0.28525939176  0.397732833282  36.6360851173  0.3580258467  1.28872488361  1.43423199094  47.6212639747  47.7689595424  49.5222070998  1523.31849402  51.2913050236  3.68893078848  3.55770675692  3.42604329493  2.86359439715  0.146587819359  1.444517022  1.22975788264  0.462116737157  0.199534837819  0.342048072202  0.750535323914  0.409754508043  -9999.0  -9999.0  -9999.0  -9999.0  -9999.0  -9999.0  -9999.0  -9999.0
-9999.0  -9999.0  -9999.0  -9999.0  -9999.0  -9999.0  -9999.0  -9999.0  -9999.0  -9999.0  -9999.0  -9999.0  -9999.0  -9999.0  -9999.0  -9999.0  -9999.0  -9999.0  -9999.0  -9999.0  -9999.0  -9999.0  0.744416052402  1.47722866395  6.40463451782  7.32906344034  8.3732167396  4.43946489285  5.41017192158  0.641781220889  18.7906990909  19.3879308047  19.9619174001  0.573672179342  17.0964526056  17.6674150426  0.475772121982  70.0959960629  0.933604415212  0.465257051923  1.27878741681  1.70748485561  0.344856103514  0.29258380033  29.3379284219  31.6865115254  32.0167771238  0.335243741894  0.7592516863  0.96800204175  1.14730582951  2.19947654623  0.464737457337  1.05653327344  0.215463368187  0.422802867126  49.200611864  49.3704379018  1523.52119139  1579.13853238  4.13794418393  0.233897626226  0.132691656651  0.252988257507  0.121325805107  1.5764569349  0.947787149059  0.725284365469  2.15476359074  1.88914484936  1.30302080879  0.275394181952  0.179655363958  -9999.0  -9999.0  -9999.0  -9999.0  -9999.0  -9999.0  -9999.0
-9999.0  -9999.0  -9999.0  -9999.0  -9999.0  -9999.0  -9999.0  -9999.0  -9999.0  -9999.0  -9999.0  -9999.0  -9999.0  -9999.0  -9999.0  -9999.0  -9999.0  -9999.0  -9999.0  -9999.0  -9999.0  -9999.0  0.742549475163  2.35949872753  4.16530832117  1.08708827345  2.21120000368  3.36146731776  16.1680499235  16.9224333143  17.5568413965  0.610312329982  13.6701148363  15.4377864167  16.0013978282  0.484911728717  68.1177544527  69.1582419851  0.493332530799  0.470851457813  0.913799060774  0.39057619098  27.4631344191  28.1523650382  28.5300741895  1.46967410122  1.80802547027  0.301672646254  0.541681573536  0.241781671425  1.6683262738  0.244717885206  0.262785050487  0.290396068717  0.300314956086  0.610041942242  0.828857202535  139.380628195  139.76038256  1719.32461646  1719.52468665  1719.70239356  0.225268892534  3.50687136867  3.15623304813  1.35132632387  1.25186672215  0.17487377604  2.60560297938  0.191304170933  0.180926866534  0.157009218011  0.632278369894  0.257581378204  -9999.0  -9999.0  -9999.0  -9999.0  -9999.0  -9999.0
-9999.0  -9999.0  -9999.0  -9999.0  -9999.0  -9999.0  -9999.0  -9999.0  -9999.0  -9999.0  -9999.0  -9999.0  -9999.0  -9999.0  -9999.0  -9999.0  -9999.0  -9999.0  -9999.0  -9999.0  -9999.0  -9999.0  -9999.0  0.850841317676  0.947204255796  1.21093885317  10.6742546428  11.7986921596  15.1089765456  0.856306584848  11.140296227  12.4961123794  0.606014207334  1.21589502758  0.503931572204  66.6441919187  0.509192518721  1.53449969494  1.95256682955  2.35667524448  25.0573223491  26.3673567408  26.7791076376  0.411809690594  0.774949214506  1.11079912734  0.220687349803  0.201159515295  66.3541408332  66.5526705793  66.7195529107  68.2898604274  68.4947486516  68.8018302478  69.0371648644  114.54412108  114.737916194  139.210544044  0.191303141997  0.228861305812  0.428039528581  1720.26544056  1721.06766692  1724.89381597  1725.01149986  0.213696256938  0.118012547828  2.94742607869  2.82396806562  0.144189649889  0.394185053865  2.49503457153  1.48405079846  1.26527017459  0.327025485511  -9999.0  -9999.0  -9999.0  -9999.0  -9999.0
-9999.0  -9999.0  -9999.0  -9999.0  -9999.0  -9999.0  -9999.0  -9999.0  -9999.0  -9999.0  -9999.0  -9999.0  -9999.0  -9999.0  -9999.0  -9999.0  -9999.0  -9999.0  -9999.0  -9999.0  -9999.0  -9999.0  -9999.0  0.825087995236  2.14484257705  4.53678821719  9.57518265576  1.16581085142  2.26656904909  8.81578170505  9.64863117562  0.702653874297  16.1460959867  16.7810976008  65.072966399  65.6182566602  0.506608632152  0.998540840129  4.12682273981  21.1077006265  22.3908184151  0.944629640992  0.463302093802  0.39026402505  57.1187809784  57.7790640968  58.3218024082  58.8587742838  66.1689424726  0.558383136857  68.0988134654  0.301748597076  0.211405775753  0.393252637203  45.1056101223  45.3403019073  23.6127144041  24.2698815252  0.441797736822  0.216443320896  0.243571070837  0.273164196739  0.44821950758  0.190801252799  1833.44836111  1833.78945745  3.63033057067  3.16800368189  0.12025686998  4.03122944492  3.71427147362  3.04335408071  0.274215298312  0.31501345074  0.349254553188  -9999.0  -9999.0  -9999.0  -9999.0  -9999.0
-9999.0  -9999.0  -9999.0  -9999.0  -9999.0  -9999.0  -9999.0  -9999.0  -9999.0  -9999.0  -9999.0  -9999.0  -9999.0  -9999.0  -9999.0  -9999.0  -9999.0  -9999.0  -9999.0  -9999.0  -9999.0  -9999.0  -9999.0  -9999.0  1.43374978735  2.7736712928  3.91983784513  6.57691906956  7.69595377114  12.4240304952  14.3836486587  14.9492458031  15.4975726995  47.1400364498  47.737683108  0.505853446107  3.27649081695  3.78070443173  16.3491682916  16.7505949958  0.840539147786  0.380291732081  55.3994409729  56.0732399848  56.4403997966  0.353475849248  6.39824853364  6.70807481242  7.03734514695  0.290803853749  0.228960860302  0.181700321703  0.160853489714  44.3073259779  44.5442097195  0.181381749282  23.436541417  22.3787025221  22.209276589  0.181407110505  0.194025182942  0.170626826935  0.33661357757  107.505984022  108.259366102  1837.60658256  0.288686971243  0.152598897258  4.29759400972  0.147120777828  0.815000461209  0.545173028245  0.260290874581  -9999.0  -9999.0  -9999.0  -9999.0  -9999.0  -9999.0  -9999.0
-9999.0  -9999.0  -9999.0  -9999.0  -9999.0  -9999.0  -9999.0  -9999.0  -9999.0  -9999.0  -9999.0  -9999.0  -9999.0  -9999.0  -9999.0  -9999.0  -9999.0  -9999.0  -9999.0  -9999.0  -9999.0  -9999.0  -9999.0  -9999.0  1.41689806743  4.22334788661  5.41170170908  7.80283755268  10.128751117  11.3227863564  0.992981455989  12.1834819965  45.5139633653  46.5000083735  0.879308889711  1.6260174121  2.837164954  15.3717959203  15.9156631958  35.7169813859  36.7476472835  54.9251979015  55.0919565727  0.344984875588  5.05775798909  5.75239984857  6.13343306514  0.319303299241  38.0312916409  38.3247447849  39.2093653016  42.7762022594  43.8857461773  44.0561653341  0.250634430853  0.48627588774  0.686475721038  19.0239029436  21.8762278802  1.85122065871  1.66122242361  0.127238697158  0.168860337993  106.955416664  0.564589764042  0.379656914945  1838.07529424  0.0944126400337  0.0900744809662  5.43761935674  1.02960548859  0.225105396027  0.198010231202  -9999.0  -9999.0  -9999.0  -9999.0  -9999.0  -9999.0  -9999.0
-9999.0  -9999.0  -9999.0  -9999.0  -9999.0  -9999.0  -9999.0  -9999.0  -9999.0  -9999.0  -9999.0  -9999.0  -9999.0  -9999.0  -9999.0  -9999.0  -9999.0  -9999.0  -9999.0  -9999.0  -9999.0  -9999.0  -9999.0  -9999.0  1.45763659185  1.40187360742  5.37712941057  6.54733747918  1.16808149565  9.9888196167  11.084164636  1.09640945927  31.1688333123  1.06915186736  6.36373301165  13.8994741421  14.8001323158  32.0819340914  32.7240119868  35.2216826208  0.655967110785  17.7868422707  0.24982479172  0.605915331459  4.76964552519  0.380673449888  8.5435874353  37.4478015894  0.320538961925  0.656141928522  2.79573261704  0.340186806081  0.436553235486  0.31115905853  0.226941447604  16.9098988033  18.2791896609  18.8320986066  0.787083252026  0.550806361007  1.03647918665  0.187393100484  106.44865169  106.553010062  0.279785448395  0.209701984148  0.111663453281  1838.77657079  1845.60565569  6.62884222303  1.07042641565  0.928607268633  0.47963493284  -9999.0  -9999.0  -9999.0  -9999.0  -9999.0  -9999.0  -9999.0
-9999.0  -9999.0  -9999.0  -9999.0  -9999.0  -9999.0  -9999.0  -9999.0  -9999.0  -9999.0  -9999.0  -9999.0  -9999.0  -9999.0  -9999.0  -9999.0  -9999.0  -9999.0  -9999.0  -9999.0  -9999.0  -9999.0  -9999.0  -9999.0  -9999.0  1.38236781239  1.40817219362  1.38739220132  7.61239981444  8.85292173821  14.3264536874  30.121208309  1.07931699711  3.20006509713  4.27707224905  6.55689833403  1.95421886401  31.1690968248  0.928253134538  1.78416974849  16.5979239705  0.719095137831  2.85156086593  3.43193329553  0.362032099725  0.392669851339  8.27496126255  28.59546565  0.390692275468  1.48665564578  2.50846972053  0.360069898667  0.288310992854  15.038883043  15.8908567113  0.588135303675  1.16330277823  0.305074630659  0.548347789325  0.315027951908  0.256849046558  0.118290602916  106.354790557  0.323084998886  -9999.0  -9999.0  0.22245697065  0.400733203899  1845.71265261  1845.81653525  1846.2329771  0.204688525416  -9999.0  -9999.0  -9999.0  -9999.0  -9999.0  -9999.0  -9999.0  -9999.0
-9999.0  -9999.0  -9999.0  -9999.0  -9999.0  -9999.0  -9999.0  -9999.0  -9999.0  -9999.0  -9999.0  -9999.0  -9999.0  -9999.0  -9999.0  -9999.0  -9999.0  -9999.0  -9999.0  -9999.0  -9999.0  -9999.0  -9999.0  -9999.0  -9999.0  -9999.0  1.29205372438  3.85416850466  5.00468922942  13.2677907165  4.59566865014  14.706477011  9.1108944832  1.06112012215  3.31568541904  5.45232353518  0.963156264748  28.2515521252  11.3163022889  14.1679682  1.7069417254  1.70058423158  0.706531731873  0.457268446504  7.11764292391  7.51436246152  27.4530256274  27.8263920334  0.740050911813  1.11844223513  0.319094429489  11.8031323304  13.4773750646  14.8287867024  0.627738968216  0.291958404922  0.859291473465  0.295589800518  0.240072061342  0.198927010953  105.354817312  105.653281437  105.815884726  0.218309227699  -9999.0  -9999.0  -9999.0  -9999.0  -9999.0  0.100572650894  1846.29356268  1846.3686898  -9999.0  -9999.0  -9999.0  -9999.0  -9999.0  -9999.0  -9999.0  -9999.0
-9999.0  -9999.0  -9999.0  -9999.0  -9999.0  -9999.0  -9999.0  -9999.0  -9999.0  -9999.0  -9999.0  -9999.0  -9999.0  -9999.0  -9999.0  -9999.0  -9999.0  -9999.0  -9999.0  -9999.0  -9999.0  -9999.0  -9999.0  -9999.0  -9999.0  -9999.0  1.48280537978  1.41891981277  12.2139695074  1.12635599449  3.56978307339  5.81554826173  8.06288564563  1.14135470418  1.12761806349  1.08918242854  26.24175833  27.2945921346  10.4024781407  1.95572405383  0.927518206252  0.934448194448  5.93376136713  6.74894050492  24.1428430197  25.4899335244  26.6497591173  0.447238526401  0.384845706222  10.8946505872  11.1971001458  11.5350803631  1.4388262267  0.716952608812  0.339802175022  0.331240949335  0.260454656353  2.29702774997  2.47521274749  105.17933263  105.267100754  0.222661934965  0.0815912083888  0.109598375815  -9999.0  -9999.0  -9999.0  -9999.0  -9999.0  -9999.0  -9999.0  -9999.0  -9999.0  -9999.0  -9999.0  -9999.0  -9999.0  -9999.0  -9999.0  -9999.0
-9999.0  -9999.0  -9999.0  -9999.0  -9999.0  -9999.0  -9999.0  -9999.0  -9999.0  -9999.0  -9999.0  -9999.0  -9999.0  -9999.0  -9999.0  -9999.0  -9999.0  -9999.0  -9999.0  -9999.0  -9999.0  -9999.0  -9999.0  -9999.0  -9999.0  -9999.0  -9999.0  2.91087876296  9.63627461192  5.39125413234  1.19895694412  4.69386073393  1.13110647073  3.54318722139  4.60323090473  23.1595821625  25.2786146433  8.44809483906  9.42704317219  0.990476210623  4.17365908965  5.08462829599  14.7937891635  22.7061619208  23.5330356452  0.813577733118  0.636176608167  8.28752136455  9.50589309572  10.5843014634  0.39307624237  0.753441756829  1.12283190899  0.361090334426  0.954978612041  1.53061674623  1.78309313804  2.09969876636  0.222345908177  102.370824493  0.48734585979  0.144119412826  -9999.0  -9999.0  -9999.0  -9999.0  -9999.0  -9999.0  -9999.0  -9999.0  -9999.0  -9999.0  -9999.0  -9999.0  -9999.0  -9999.0  -9999.0  -9999.0  -9999.0  -9999.0
-9999.0  -9999.0  -9999.0  -9999.0  -9999.0  -9999.0  -9999.0  -9999.0  -9999.0  -9999.0  -9999.0  -9999.0  -9999.0  -9999.0  -9999.0  -9999.0  -9999.0  -9999.0  -9999.0  -9999.0  -9999.0  -9999.0  -9999.0  -9999.0  -9999.0  -9999.0  -9999.0  1.47727212587  1.4326917197  2.60511308755  1.19253813042  2.35867829349  2.39264852759  14.3407356599  15.3332458191  2.26915221461  1.15018482273  7.42111348433  2.18803957016  3.26179305849  12.0064791798  12.9787573904  13.940682465  7.07528662642  2.79982589139  4.57766479564  6.19441550041  7.83535872236  0.781199789333  0.547362962269  52.7584264333  53.2289998796  53.615376809  0.35387139656  0.657280334938  0.334094308552  0.274530262213  96.2589915632  98.0795696072  3.31999554267  2.83717733124  0.290851280732  -9999.0  -9999.0  -9999.0  -9999.0  -9999.0  -9999.0  -9999.0  -9999.0  -9999.0  -9999.0  -9999.0  -9999.0  -9999.0  -9999.0  -9999.0  -9999.0  -9999.0  -9999.0
-9999.0  -9999.0  -9999.0  -9999.0  -9999.0  -9999.0  -9999.0  -9999.0  -9999.0  -9999.0  -9999.0  -9999.0  -9999.0  -9999.0  -9999.0  -9999.0  -9999.0  -9999.0  -9999.0  -9999.0  -9999.0  -9999.0  -9999.0  -9999.0  -9999.0  -9999.0  -9999.0  -9999.0  -9999.0  1.20673977224  1.15869364481  1.22370248295  5.10438865582  13.0976134365  6.72794657905  1.21493569502  5.11726800938  6.28958075036  1.09845122247  10.0221916864  11.0205487093  3.1951236619  5.15508110846  0.977471924843  1.8822383105  0.924361683804  0.824139339145  0.79565557081  51.1331301019  51.7973367561  52.3314596323  2.60151782696  56.7753093445  57.3081943578  57.7657590979  58.2192969848  58.9691280077  96.010019321  96.7274094823  1.02862201698  2.52588888184  0.677133841607  -9999.0  -9999.0  -9999.0  -9999.0  -9999.0  -9999.0  -9999.0  -9999.0  -9999.0  -9999.0  -9999.0  -9999.0  -9999.0  -9999.0  -9999.0  -9999.0  -9999.0  -9999.0
-9999.0  -9999.0  -9999.0  -9999.0  -9999.0  -9999.0  -9999.0  -9999.0  -9999.0  -9999.0  -9999.0  -9999.0  -9999.0  -9999.0  -9999.0  -9999.0  -9999.0  -9999.0  -9999.0  -9999.0  -9999.0  -9999.0  -9999.0  -9999.0  -9999.0  -9999.0  -9999.0  -9999.0  -9999.0  -9999.0  -9999.0  1.23927370634  2.71629118207  2.81892156682  2.75580764305  2.70914090903  3.98863532226  6.62233362938  7.78270367884  8.95283986362  1.0943445475  2.20361330435  1.00975871513  0.968277101112  29.4288409507  36.4753421805  38.1961726377  39.0733892177  50.4478106226  0.750689129408  1.41044506244  2.14404391941  11.051578331  11.6002768819  12.0785568205  26.6610788222  33.2107791351  36.5678268773  0.58692422396  0.548612025276  1.52038747791  0.372695813941  -9999.0  -9999.0  -9999.0  -9999.0  -9999.0  -9999.0  -9999.0  -9999.0  -9999.0  -9999.0  -9999.0  -9999.0  -9999.0  -9999.0  -9999.0  -9999.0  -9999.0  -9999.0
-9999.0  -9999.0  -9999.0  -9999.0  -9999.0  -9999.0  -9999.0  -9999.0  -9999.0  -9999.0  -9999.0  -9999.0  -9999.0  -9999.0  -9999.0  -9999.0  -9999.0  -9999.0  -9999.0  -9999.0  -9999.0  -9999.0  -9999.0  -9999.0  -9999.0  -9999.0  -9999.0  -9999.0  -9999.0  -9999.0  -9999.0  -9999.0  1.4472292166  1.43289036187  1.39528136231  1.35915146539  2.72495207596  5.35412725412  4.68165225498  5.75630150471  6.80289891109  15.6711394023  16.6502467054  27.6635378702  28.5921887169  6.19562686989  0.883629385215  9.78602573775  10.5631264312  4.27422891245  8.32474719108  9.81551202519  10.4809149378  0.62406419946  14.1445299808  27.9342667702  32.8071524913  0.565893641929  2.260232405  0.411318610045  1.14985270436  -9999.0  -9999.0  -9999.0  -9999.0  -9999.0  -9999.0  -9999.0  -9999.0  -9999.0  -9999.0  -9999.0  -9999.0  -9999.0  -9999.0  -9999.0  -9999.0  -9999.0  -9999.0  -9999.0
-9999.0  -9999.0  -9999.0  -9999.0  -9999.0  -9999.0  -9999.0  -9999.0  -9999.0  -9999.0  -9999.0  -9999.0  -9999.0  -9999.0  -9999.0  -9999.0  -9999.0  -9999.0  -9999.0  -9999.0  -9999.0  -9999.0  -9999.0  -9999.0  -9999.0  -9999.0  -9999.0  -9999.0  -9999.0  -9999.0  -9999.0  -9999.0  -9999.0  -9999.0  -9999.0  1.44526881127  1.3791326114  1.20596820933  3.54857097512  3.40115909074  6.71854265925  7.82622387748  1.03370417252  10.0022697439  4.24867604024  5.27049922059  6.06752461322  8.97751336359  2.6450783934  0.853087795239  3.38932611149  0.814238412022  7.51431218496  9.02321962788  12.9724497044  0.670821650425  2.7574202048  0.993478038657  1.26954831115  0.404016720638  0.782128603849  -9999.0  -9999.0  -9999.0  -9999.0  -9999.0  -9999.0  -9999.0  -9999.0  -9999.0  -9999.0  -9999.0  -9999.0  -9999.0  -9999.0  -9999.0  -9999.0  -9999.0  -9999.0  -9999.0
-9999.0  -9999.0  -9999.0  -9999.0  -9999.0  -9999.0  -9999.0  -9999.0  -9999.0  -9999.0  -9999.0  -9999.0  -9999.0  -9999.0  -9999.0  -9999.0  -9999.0  -9999.0  -9999.0  -9999.0  -9999.0  -9999.0  -9999.0  -9999.0  -9999.0  -9999.0  -9999.0  -9999.0  -9999.0  -9999.0  -9999.0  -9999.0  -9999.0  -9999.0  -9999.0  -9999.0  -9999.0  1.20444577023  1.13583538855  2.27986753061  2.25329516867  5.7712018295  7.9157242169  2.17579604445  3.20229616221  3.12342246581  5.12624331391  1.9819570652  1.81881807833  1.78755047978  0.815533470612  4.34544650755  6.77391655032  0.778361936661  3.2281795718  1.28171883183  0.843857458891  0.428924996148  0.412767846551  0.424721564396  -9999.0  -9999.0  -9999.0  -9999.0  -9999.0  -9999.0  -9999.0  -9999.0  -9999.0  -9999.0  -9999.0  -9999.0  -9999.0  -9999.0  -9999.0  -9999.0  -9999.0  -9999.0  -9999.0  -9999.0
-9999.0  -9999.0  -9999.0  -9999.0  -9999.0  -9999.0  -9999.0  -9999.0  -9999.0  -9999.0  -9999.0  -9999.0  -9999.0  -9999.0  -9999.0  -9999.0  -9999.0  -9999.0  -9999.0  -9999.0  -9999.0  -9999.0  -9999.0  -9999.0  -9999.0  -9999.0  -9999.0  -9999.0  -9999.0  -9999.0  -9999.0  -9999.0  -9999.0  -9999.0  -9999.0  -9999.0  -9999.0  -9999.0  -9999.0  1.16020769178  2.38665530777  4.68116145069  1.10392972822  1.1066198373  1.05526262107  2.12507187178  1.02001236829  1.00907582935  0.94524107738  0.925196089171  1.78719119728  3.55373912515  1.68363210459  1.71048110741  2.49992592902  0.647819473676  0.423325889906  -9999.0  -9999.0  -9999.0  -9999.0  -9999.0  -9999.0  -9999.0  -9999.0  -9999.0  -9999.0  -9999.0  -9999.0  -9999.0  -9999.0  -9999.0  -9999.0  -9999.0  -9999.0  -9999.0  -9999.0  -9999.0  -9999.0  -9999.0
-9999.0  -9999.0  -9999.0  -9999.0  -9999.0  -9999.0  -9999.0  -9999.0  -9999.0  -9999.0  -9999.0  -9999.0  -9999.0  -9999.0  -9999.0  -9999.0  -9999.0  -9999.0  -9999.0  -9999.0  -9999.0  -9999.0  -9999.0  -9999.0  -9999.0  -9999.0  -9999.0  -9999.0  -9999.0  -9999.0  -9999.0  -9999.0  -9999.0  -9999.0  -9999.0  -9999.0  -9999.0  -9999.0  -9999.0  -9999.0  1.18334879157  1.14426277841  -9999.0  -9999.0  -9999.0  -9999.0  -9999.0  -9999.0  -9999.0  -9999.0  0.900314915736  0.881304018507  0.82467983734  0.843518030937  -9999.0  -9999.0  -9999.0  -9999.0  -9999.0  -9999.0  -9999.0  -9999.0  -9999.0  -9999.0  -9999.0  -9999.0  -9999.0  -9999.0  -9999.0  -9999.0  -9999.0  -9999.0  -9999.0  -9999.0  -9999.0  -9999.0  -9999.0  -9999.0  -9999.0  -9999.0
-9999.0  -9999.0  -9999.0  -9999.0  -9999.0  -9999.0  -9999.0  -9999.0  -9999.0  -9999.0  -9999.0  -9999.0  -9999.0  -9999.0  -9999.0  -9999.0  -9999.0  -9999.0  -9999.0  -9999.0  -9999.0  -9999.0  -9999.0  -9999.0  -9999.0  -9999.0  -9999.0  -9999.0  -9999.0  -9999.0  -9999.0  -9999.0  -9999.0  -9999.0  -9999.0  -9999.0  -9999.0  -9999.0  -9999.0  -9999.0  -9999.0  -9999.0  -9999.0  -9999.0  -9999.0  -9999.0  -9999.0  -9999.0  -9999.0  -9999.0  -9999.0  -9999.0  -9999.0  -9999.0  -9999.0  -9999.0  -9999.0  -9999.0  -9999.0  -9999.0  -9999.0  -9999.0  -9999.0  -9999.0  -9999.0  -9999.0  -9999.0  -9999.0  -9999.0  -9999.0  -9999.0  -9999.0  -9999.0  -9999.0  -9999.0  -9999.0  -9999.0  -9999.0  -9999.0  -9999.0
-9999.0  -9999.0  -9999.0  -9999.0  -9999.0  -9999.0  -9999.0  -9999.0  -9999.0  -9999.0  -9999.0  -9999.0  -9999.0  -9999.0  -9999.0  -9999.0  -9999.0  -9999.0  -9999.0  -9999.0  -9999.0  -9999.0  -9999.0  -9999.0  -9999.0  -9999.0  -9999.0  -9999.0  -9999.0  -9999.0  -9999.0  -9999.0  -9999.0  -9999.0  -9999.0  -9999.0  -9999.0  -9999.0  -9999.0  -9999.0  -9999.0  -9999.0  -9999.0  -9999.0  -9999.0  -9999.0  -9999.0  -9999.0  -9999.0  -9999.0  -9999.0  -9999.0  -9999.0  -9999.0  -9999.0  -9999.0  -9999.0  -9999.0  -9999.0  -9999.0  -9999.0  -9999.0  -9999.0  -9999.0  -9999.0  -9999.0  -9999.0  -9999.0  -9999.0  -9999.0  -9999.0  -9999.0  -9999.0  -9999.0  -9999.0  -9999.0  -9999.0  -9999.0  -9999.0  -9999.0
-9999.0  -9999.0  -9999.0  -9999.0  -9999.0  -9999.0  -9999.0  -9999.0  -9999.0  -9999.0  -9999.0  -9999.0  -9999.0  -9999.0  -9999.0  -9999.0  -9999.0  -9999.0  -9999.0  -9999.0  -9999.0  -9999.0  -9999.0  -9999.0  -9999.0  -9999.0  -9999.0  -9999.0  -9999.0  -9999.0  -9999.0  -9999.0  -9999.0  -9999.0  -9999.0  -9999.0  -9999.0  -9999.0  -9999.0  -9999.0  -9999.0  -9999.0  -9999.0  -9999.0  -9999.0  -9999.0  -9999.0  -9999.0  -9999.0  -9999.0  -9999.0  -9999.0  -9999.0  -9999.0  -9999.0  -9999.0  -9999.0  -9999.0  -9999.0  -9999.0  -9999.0  -9999.0  -9999.0  -9999.0  -9999.0  -9999.0  -9999.0  -9999.0  -9999.0  -9999.0  -9999.0  -9999.0  -9999.0  -9999.0  -9999.0  -9999.0  -9999.0  -9999.0  -9999.0  -9999.0
-9999.0  -9999.0  -9999.0  -9999.0  -9999.0  -9999.0  -9999.0  -9999.0  -9999.0  -9999.0  -9999.0  -9999.0  -9999.0  -9999.0  -9999.0  -9999.0  -9999.0  -9999.0  -9999.0  -9999.0  -9999.0  -9999.0  -9999.0  -9999.0  -9999.0  -9999.0  -9999.0  -9999.0  -9999.0  -9999.0  -9999.0  -9999.0  -9999.0  -9999.0  -9999.0  -9999.0  -9999.0  -9999.0  -9999.0  -9999.0  -9999.0  -9999.0  -9999.0  -9999.0  -9999.0  -9999.0  -9999.0  -9999.0  -9999.0  -9999.0  -9999.0  -9999.0  -9999.0  -9999.0  -9999.0  -9999.0  -9999.0  -9999.0  -9999.0  -9999.0  -9999.0  -9999.0  -9999.0  -9999.0  -9999.0  -9999.0  -9999.0  -9999.0  -9999.0  -9999.0  -9999.0  -9999.0  -9999.0  -9999.0  -9999.0  -9999.0  -9999.0  -9999.0  -9999.0  -9999.0
-9999.0  -9999.0  -9999.0  -9999.0  -9999.0  -9999.0  -9999.0  -9999.0  -9999.0  -9999.0  -9999.0  -9999.0  -9999.0  -9999.0  -9999.0  -9999.0  -9999.0  -9999.0  -9999.0  -9999.0  -9999.0  -9999.0  -9999.0  -9999.0  -9999.0  -9999.0  -9999.0  -9999.0  -9999.0  -9999.0  -9999.0  -9999.0  -9999.0  -9999.0  -9999.0  -9999.0  -9999.0  -9999.0  -9999.0  -9999.0  -9999.0  -9999.0  -9999.0  -9999.0  -9999.0  -9999.0  -9999.0  -9999.0  -9999.0  -9999.0  -9999.0  -9999.0  -9999.0  -9999.0  -9999.0  -9999.0  -9999.0  -9999.0  -9999.0  -9999.0  -9999.0  -9999.0  -9999.0  -9999.0  -9999.0  -9999.0  -9999.0  -9999.0  -9999.0  -9999.0  -9999.0  -9999.0  -9999.0  -9999.0  -9999.0  -9999.0  -9999.0  -9999.0  -9999.0  -9999.0
-9999.0  -9999.0  -9999.0  -9999.0  -9999.0  -9999.0  -9999.0  -9999.0  -9999.0  -9999.0  -9999.0  -9999.0  -9999.0  -9999.0  -9999.0  -9999.0  -9999.0  -9999.0  -9999.0  -9999.0  -9999.0  -9999.0  -9999.0  -9999.0  -9999.0  -9999.0  -9999.0  -9999.0  -9999.0  -9999.0  -9999.0  -9999.0  -9999.0  -9999.0  -9999.0  -9999.0  -9999.0  -9999.0  -9999.0  -9999.0  -9999.0  -9999.0  -9999.0  -9999.0  -9999.0  -9999.0  -9999.0  -9999.0  -9999.0  -9999.0  -9999.0  -9999.0  -9999.0  -9999.0  -9999.0  -9999.0  -9999.0  -9999.0  -9999.0  -9999.0  -9999.0  -9999.0  -9999.0  -9999.0  -9999.0  -9999.0  -9999.0  -9999.0  -9999.0  -9999.0  -9999.0  -9999.0  -9999.0  -9999.0  -9999.0  -9999.0  -9999.0  -9999.0  -9999.0  -9999.0
