ncols                  80
nrows                 72
xllcorner      4374000.0
yllcorner      5656000.0
cellsize            500
NODATA_value       -9999
-9999.0  -9999.0  -9999.0  -9999.0  -9999.0  -9999.0  -9999.0  -9999.0  -9999.0  -9999.0  -9999.0  -9999.0  0.699959831346  0.70854897588  -9999.0  -9999.0  -9999.0  -9999.0  -9999.0  -9999.0  -9999.0  -9999.0  -9999.0  -9999.0  -9999.0  -9999.0  -9999.0  -9999.0  -9999.0  -9999.0  -9999.0  -9999.0  -9999.0  -9999.0  -9999.0  -9999.0  -9999.0  -9999.0  -9999.0  -9999.0  -9999.0  -9999.0  -9999.0  -9999.0  -9999.0  -9999.0  -9999.0  -9999.0  -9999.0  -9999.0  -9999.0  -9999.0  -9999.0  -9999.0  -9999.0  -9999.0  -9999.0  -9999.0  -9999.0  -9999.0  -9999.0  -9999.0  -9999.0  -9999.0  -9999.0  -9999.0  -9999.0  -9999.0  -9999.0  -9999.0  -9999.0  -9999.0  -9999.0  -9999.0  -9999.0  -9999.0  -9999.0  -9999.0  -9999.0  -9999.0
-9999.0  -9999.0  -9999.0  -9999.0  -9999.0  -9999.0  -9999.0  -9999.0  -9999.0  -9999.0  -9999.0  -9999.0  1.30205489008  3.20301329784  0.58456132594  -9999.0  0.531683470084  -9999.0  -9999.0  -9999.0  -9999.0  -9999.0  -9999.0  -9999.0  -9999.0  -9999.0  -9999.0  -9999.0  -9999.0  -9999.0  -9999.0  -9999.0  -9999.0  -9999.0  -9999.0  -9999.0  -9999.0  -9999.0  -9999.0  -9999.0  -9999.0  -9999.0  -9999.0  -9999.0  -9999.0  -9999.0  -9999.0  -9999.0  -9999.0  -9999.0  -9999.0  -9999.0  -9999.0  -9999.0  -9999.0  -9999.0  -9999.0  -9999.0  -9999.0  -9999.0  -9999.0  -9999.0  -9999.0  -9999.0  -9999.0  -9999.0  -9999.0  -9999.0  -9999.0  -9999.0  -9999.0  -9999.0  -9999.0  -9999.0  -9999.0  -9999.0  -9999.0  -9999.0  -9999.0  -9999.0
-9999.0  -9999.0  -9999.0  -9999.0  -9999.0  -9999.0  -9999.0  -9999.0  -9999.0  -9999.0  0.579618792467  0.543992286298  0.571400453871  0.561127387757  4.24927340521  4.79089010841  1.48030739104  0.472801745265  -9999.0  -9999.0  -9999.0  -9999.0  -9999.0  -9999.0  -9999.0  -9999.0  -9999.0  -9999.0  -9999.0  -9999.0  -9999.0  -9999.0  -9999.0  -9999.0  -9999.0  -9999.0  -9999.0  -9999.0  -9999.0  -9999.0  -9999.0  -9999.0  -9999.0  -9999.0  -9999.0  -9999.0  -9999.0  -9999.0  -9999.0  -9999.0  -9999.0  -9999.0  -9999.0  -9999.0  -9999.0  -9999.0  -9999.0  -9999.0  -9999.0  -9999.0  -9999.0  -9999.0  -9999.0  -9999.0  -9999.0  -9999.0  -9999.0  -9999.0  -9999.0  -9999.0  -9999.0  -9999.0  -9999.0  -9999.0  -9999.0  -9999.0  -9999.0  -9999.0  -9999.0  -9999.0
-9999.0  -9999.0  -9999.0  -9999.0  -9999.0  -9999.0  -9999.0  -9999.0  -9999.0  0.549468121466  1.13595687814  2.24481247538  1.10452530297  0.53707421891  1.05794649433  5.29588713049  7.84058909116  0.523506258914  -9999.0  0.548657775075  -9999.0  -9999.0  -9999.0  -9999.0  1.02623757001  0.525901986121  -9999.0  -9999.0  -9999.0  -9999.0  -9999.0  -9999.0  -9999.0  -9999.0  -9999.0  -9999.0  -9999.0  -9999.0  -9999.0  -9999.0  -9999.0  -9999.0  -9999.0  -9999.0  -9999.0  -9999.0  -9999.0  -9999.0  -9999.0  -9999.0  -9999.0  -9999.0  -9999.0  -9999.0  -9999.0  -9999.0  -9999.0  -9999.0  -9999.0  -9999.0  -9999.0  -9999.0  -9999.0  -9999.0  -9999.0  -9999.0  -9999.0  -9999.0  -9999.0  -9999.0  -9999.0  -9999.0  -9999.0  -9999.0  -9999.0  -9999.0  -9999.0  -9999.0  -9999.0  -9999.0
-9999.0  -9999.0  -9999.0  -9999.0  -9999.0  -9999.0  -9999.0  -9999.0  0.599282243509  1.71543042152  2.23895168244  2.7792988628  3.87206696212  0.510173634467  2.0413322779  2.53128424105  11.3710388032  0.476678853009  0.450819714787  1.03771659615  1.50891823025  0.48783014982  -9999.0  2.61837622559  2.14437352506  0.574540069032  -9999.0  -9999.0  -9999.0  -9999.0  -9999.0  -9999.0  -9999.0  -9999.0  -9999.0  -9999.0  -9999.0  -9999.0  -9999.0  -9999.0  -9999.0  -9999.0  -9999.0  -9999.0  -9999.0  -9999.0  -9999.0  -9999.0  -9999.0  -9999.0  -9999.0  -9999.0  -9999.0  -9999.0  -9999.0  -9999.0  -9999.0  -9999.0  -9999.0  -9999.0  -9999.0  -9999.0  -9999.0  -9999.0  -9999.0  -9999.0  -9999.0  -9999.0  -9999.0  -9999.0  -9999.0  -9999.0  -9999.0  -9999.0  -9999.0  -9999.0  -9999.0  -9999.0  -9999.0  -9999.0
-9999.0  -9999.0  -9999.0  -9999.0  -9999.0  -9999.0  0.626061336329  0.564075495627  0.53773091  0.545446386505  0.550150200711  3.90059145852  8.31285186743  8.84634861308  9.2633690664  0.380743569297  12.2342486674  12.6878498713  0.936270792657  0.482724606913  1.97227820519  3.40213178153  0.499348438656  4.12624447929  0.493087098422  0.508499273198  0.511127423651  -9999.0  -9999.0  -9999.0  -9999.0  -9999.0  -9999.0  -9999.0  -9999.0  -9999.0  -9999.0  -9999.0  -9999.0  -9999.0  -9999.0  -9999.0  -9999.0  -9999.0  -9999.0  -9999.0  -9999.0  -9999.0  -9999.0  -9999.0  -9999.0  -9999.0  -9999.0  -9999.0  -9999.0  -9999.0  -9999.0  -9999.0  -9999.0  -9999.0  -9999.0  -9999.0  -9999.0  -9999.0  -9999.0  -9999.0  -9999.0  -9999.0  -9999.0  -9999.0  -9999.0  -9999.0  -9999.0  -9999.0  -9999.0  -9999.0  -9999.0  -9999.0  -9999.0  -9999.0
-9999.0  -9999.0  -9999.0  -9999.0  -9999.0  -9999.0  1.24780716804  1.83662115682  4.11878735302  5.71495768778  0.499985673087  0.530410016754  0.501737067004  1.4502311556  11.1518256861  0.403059121517  13.1342351213  14.9159976602  1.38532374063  0.912596860555  3.83673526994  0.464187976925  4.5887882872  0.907631670085  0.452344643423  0.947308232444  1.00922242588  0.514853863346  0.535490414773  0.526215709161  0.544284891124  1.0906757733  -9999.0  -9999.0  -9999.0  -9999.0  -9999.0  -9999.0  -9999.0  -9999.0  -9999.0  -9999.0  -9999.0  -9999.0  -9999.0  -9999.0  -9999.0  -9999.0  -9999.0  -9999.0  -9999.0  -9999.0  -9999.0  -9999.0  -9999.0  -9999.0  -9999.0  -9999.0  -9999.0  -9999.0  -9999.0  -9999.0  -9999.0  -9999.0  -9999.0  -9999.0  -9999.0  -9999.0  -9999.0  -9999.0  -9999.0  -9999.0  -9999.0  -9999.0  -9999.0  -9999.0  -9999.0  -9999.0  -9999.0  -9999.0
-9999.0  -9999.0  -9999.0  -9999.0  -9999.0  0.662988730167  1.29028435928  0.620624798615  1.19861658682  6.29156349157  7.34004606973  8.39974446454  27.1751538101  0.478625840849  11.6238766274  42.5709536929  42.929690024  58.4635129174  0.387448401244  1.34580418858  4.27397350028  0.433943417028  9.74746357384  4.70690735334  2.88816877098  2.4277673035  0.491714241068  1.53913651892  1.57104874915  1.04744116164  0.508769564489  1.61232395571  0.503690279196  0.49816823836  -9999.0  -9999.0  -9999.0  -9999.0  -9999.0  -9999.0  -9999.0  -9999.0  -9999.0  -9999.0  -9999.0  -9999.0  -9999.0  -9999.0  -9999.0  -9999.0  -9999.0  -9999.0  -9999.0  -9999.0  -9999.0  -9999.0  -9999.0  -9999.0  -9999.0  -9999.0  -9999.0  -9999.0  -9999.0  -9999.0  -9999.0  -9999.0  -9999.0  -9999.0  -9999.0  -9999.0  -9999.0  -9999.0  -9999.0  -9999.0  -9999.0  -9999.0  -9999.0  -9999.0  -9999.0  -9999.0
-9999.0  -9999.0  -9999.0  -9999.0  -9999.0  0.671720229666  1.96226012664  3.89054381306  4.48775352172  8.87958756791  9.44132359199  11.1825988853  18.2940323956  28.66496961  29.6528933113  30.1022411299  0.824439083209  59.9496639783  60.7372918713  62.9569736656  78.7368075065  11.0717285846  10.2063895524  3.34257526382  0.45112233945  2.8916452951  1.97968417205  0.426837067911  2.03276492567  0.458265864618  0.958490944588  2.57939697117  3.06338458649  0.977321689976  0.473989000589  0.476913547049  -9999.0  -9999.0  -9999.0  -9999.0  0.524929741085  0.468556355743  -9999.0  -9999.0  -9999.0  -9999.0  -9999.0  -9999.0  -9999.0  -9999.0  -9999.0  -9999.0  -9999.0  -9999.0  -9999.0  -9999.0  -9999.0  -9999.0  -9999.0  -9999.0  -9999.0  -9999.0  -9999.0  -9999.0  -9999.0  -9999.0  -9999.0  -9999.0  -9999.0  -9999.0  -9999.0  -9999.0  -9999.0  -9999.0  -9999.0  -9999.0  -9999.0  -9999.0  -9999.0  -9999.0
-9999.0  -9999.0  -9999.0  -9999.0  -9999.0  0.65576235623  0.629075957793  2.58278294958  3.18734231024  3.80722312301  0.58905378241  1.16929871855  6.7025393358  1.18805260852  0.540527604964  0.491935811906  0.433896372129  0.485345122866  0.475963933685  0.480411354907  79.1906629321  80.4854084752  0.429066124741  1.32276895467  0.898794322184  3.32244401882  0.860286677193  0.414438698142  2.49716400387  0.900700197238  2.19474820191  5.39118327234  4.97531366533  1.43327148735  1.39753147369  0.485587329607  0.486838558762  -9999.0  -9999.0  0.498251265505  1.08386592275  2.52829802966  0.491403150837  -9999.0  -9999.0  -9999.0  -9999.0  -9999.0  -9999.0  -9999.0  -9999.0  -9999.0  -9999.0  -9999.0  -9999.0  -9999.0  -9999.0  -9999.0  -9999.0  -9999.0  -9999.0  -9999.0  -9999.0  -9999.0  -9999.0  -9999.0  -9999.0  -9999.0  -9999.0  -9999.0  -9999.0  -9999.0  -9999.0  -9999.0  -9999.0  -9999.0  -9999.0  -9999.0  -9999.0  -9999.0
-9999.0  -9999.0  -9999.0  -9999.0  -9999.0  -9999.0  0.6789738036  0.662041045155  1.28906311352  1.92356070426  4.35943841362  5.56966130202  6.16928854249  0.642176511363  0.49449594727  6.54126097295  7.99192329343  8.45100192494  10.382973553  10.8336451895  0.441076938186  80.9301377532  83.0439893351  1.67954069445  0.237156875463  3.6948332455  8.23729533336  3.30271574606  0.829821570139  0.421449550052  8.42108054225  5.82140456534  0.410332347419  0.419930098193  1.82922621229  1.4229157238  0.450773655895  0.432603005499  0.478557562033  0.968787369744  0.46941338873  3.06903436335  3.51833041684  0.423266698725  -9999.0  -9999.0  -9999.0  -9999.0  0.485321390002  0.4644948244  0.154511129495  -9999.0  -9999.0  -9999.0  -9999.0  -9999.0  -9999.0  -9999.0  -9999.0  -9999.0  -9999.0  -9999.0  -9999.0  -9999.0  -9999.0  -9999.0  -9999.0  -9999.0  -9999.0  -9999.0  -9999.0  -9999.0  -9999.0  -9999.0  -9999.0  -9999.0  -9999.0  -9999.0  -9999.0  -9999.0
-9999.0  -9999.0  -9999.0  -9999.0  -9999.0  -9999.0  -9999.0  0.650207680627  0.581426700926  1.22612505812  1.84863567596  0.609134378518  0.544067728867  3.45004771732  4.49376421972  5.56238960883  0.496415801977  1.00433412125  0.487758866724  11.2937607356  25.3432618081  25.8257286754  109.772831442  0.422399469156  0.738140981882  0.233981862675  8.62721195495  0.404137882989  1.25664690972  0.412833962553  8.8276230816  9.23532382717  0.826748198673  0.836930048498  4.61317615946  2.32954223734  0.890189139918  0.457170164857  0.956152494654  1.44069832961  2.35306258551  0.435962887278  4.34506573654  4.72504503856  0.354698696654  0.380654048883  0.397455850278  0.365078933046  0.3547039137  1.3532045977  0.566071299882  0.382143142916  -9999.0  -9999.0  -9999.0  -9999.0  -9999.0  -9999.0  -9999.0  -9999.0  -9999.0  -9999.0  -9999.0  -9999.0  -9999.0  -9999.0  -9999.0  -9999.0  -9999.0  -9999.0  -9999.0  -9999.0  -9999.0  -9999.0  -9999.0  -9999.0  -9999.0  -9999.0  -9999.0  -9999.0
-9999.0  -9999.0  -9999.0  -9999.0  -9999.0  -9999.0  -9999.0  -9999.0  1.25559318607  1.80973732862  0.611935920968  1.23869119216  1.81088141102  2.94597920551  0.578511243333  0.560760055525  0.492179089075  0.497616461391  0.455238086271  13.1264685261  0.493956896718  0.971627429537  111.263446734  112.234335933  0.3912568874  1.5206010259  10.5226561394  0.796906326659  1.62497576033  0.757426314337  1.11850615229  10.7956178991  1.2008297053  6.6255449198  5.423269743  0.413323526662  2.21534389731  0.895173645125  1.39394678989  0.435998200764  2.77025983967  3.5906610257  3.92330729069  4.24054556393  6.06658153138  0.678453341459  0.719234799763  0.66603514697  0.641528934859  1.69162153479  0.357343473052  1.31528229214  1.65712509497  -9999.0  -9999.0  -9999.0  -9999.0  -9999.0  -9999.0  -9999.0  -9999.0  -9999.0  -9999.0  -9999.0  -9999.0  -9999.0  -9999.0  -9999.0  -9999.0  -9999.0  -9999.0  -9999.0  -9999.0  -9999.0  -9999.0  -9999.0  -9999.0  -9999.0  -9999.0  -9999.0
-9999.0  -9999.0  -9999.0  -9999.0  -9999.0  -9999.0  -9999.0  -9999.0  0.653096848929  3.10118594135  3.70186973013  0.601313862176  1.17176014974  0.569977502892  0.532273850835  0.524680650928  6.44225395379  8.50432903673  10.5355944683  12.6104250494  0.513578517963  0.484647281988  0.479236038489  114.512771069  115.631735465  116.039676594  14.1377574866  3.19156110306  2.7916701871  0.340927644285  1.46514072611  12.6155719261  0.357883746654  6.98722165987  0.408160902826  2.87921342212  2.65924985372  0.432716230836  1.8295352749  0.869483136893  1.29982005469  0.38529505469  0.309174693938  4.55420902611  4.85026971301  6.36188425892  1.03894115492  0.972411048299  0.944901169444  2.06245705574  2.78339811162  0.359610765097  2.01155133793  0.377603733763  0.72727230477  0.356864050496  -9999.0  -9999.0  -9999.0  -9999.0  -9999.0  -9999.0  -9999.0  -9999.0  -9999.0  -9999.0  -9999.0  -9999.0  -9999.0  -9999.0  -9999.0  -9999.0  -9999.0  -9999.0  -9999.0  -9999.0  -9999.0  -9999.0  -9999.0  -9999.0
-9999.0  -9999.0  -9999.0  -9999.0  -9999.0  -9999.0  -9999.0  -9999.0  -9999.0  0.659818610709  4.32170292046  4.91484283384  1.74667115648  2.87319404296  3.92092930274  4.43591719597  0.516632361694  1.57442767476  1.04081990917  0.524453444275  0.522143250379  0.48678717445  0.952353240514  1.6327777971  0.56307695783  131.20252375  131.612467642  0.362983107432  0.299649039937  0.701134219615  1.04992380703  13.6593550001  0.699914545126  7.30553483604  4.41152140016  3.64806016539  0.409402165273  0.834877600653  2.22852551225  0.397767044235  1.69378339679  0.766232406733  0.508364273463  0.189989278135  5.52003018647  12.1313162363  1.27211836418  1.21022442777  1.24011574576  0.303239801455  3.08719788049  0.297174327092  2.68301957834  0.337706945768  1.06835327716  1.67602657498  0.212379697568  0.216975254666  0.253494881936  0.268661549592  0.198254904341  -9999.0  -9999.0  0.127105880169  0.0611759976921  -9999.0  -9999.0  -9999.0  -9999.0  -9999.0  -9999.0  -9999.0  -9999.0  -9999.0  -9999.0  -9999.0  -9999.0  -9999.0  -9999.0  -9999.0
-9999.0  -9999.0  -9999.0  -9999.0  -9999.0  -9999.0  -9999.0  -9999.0  -9999.0  -9999.0  0.585171042376  6.0933532572  0.572943433607  1.13264569098  1.63503882358  2.63658467594  0.512838109705  1.05267428222  0.519792451467  0.496257416156  0.47081534834  0.931501732955  0.419797255046  0.454768708865  0.899980333727  0.508442304331  132.068403695  132.841929906  133.93647781  1.38557509253  0.36051735219  0.718831374623  14.0314899242  13.5025309998  5.18638567053  0.384699873929  1.64108214045  1.23654876413  2.62846008168  0.795988913396  3.2474305545  1.15393349606  0.827369869193  0.109426235015  0.211834217191  12.4389771385  12.7229842953  15.4558666801  2.17869621751  0.621200254199  3.41070583634  4.02534451304  7.00704802178  0.663821653903  0.320244521587  1.9187177104  2.34071628033  0.209735388633  0.406705605966  0.712406942457  0.391139154466  0.193444576565  0.191835770546  0.241062313483  0.125552483459  0.0619735144755  -9999.0  -9999.0  -9999.0  -9999.0  -9999.0  -9999.0  -9999.0  -9999.0  -9999.0  -9999.0  -9999.0  -9999.0  -9999.0  -9999.0
-9999.0  -9999.0  -9999.0  -9999.0  -9999.0  -9999.0  -9999.0  -9999.0  -9999.0  -9999.0  -9999.0  0.325275689182  6.77718689215  0.539930387381  1.03791005282  4.67517786288  0.51366146965  0.509782680057  0.462499725022  0.983495324835  0.485262851377  1.89461016276  2.73189023651  3.11943982417  1.25557089294  1.57571484837  0.374179577247  0.461704314029  0.468829767389  136.197825387  137.286598742  14.3418299238  14.1326327705  13.819989882  0.675000453834  0.329803743559  2.00833222453  5.38145910912  3.00648218523  1.17141561748  4.78253232788  1.60281756448  1.25736883973  0.224003111382  0.100260617364  0.0994024018005  0.143210948029  16.1433592723  19.1997812379  0.299945328042  0.278252187413  0.302686454409  7.3088146431  8.26443083449  0.576383132883  0.230628246054  2.47072628048  0.292126901595  0.787718857817  1.64129353492  2.1945455646  2.56156487802  0.753104826417  0.403332224263  0.233828908323  0.1268232774  0.153463462378  -9999.0  -9999.0  -9999.0  -9999.0  -9999.0  -9999.0  -9999.0  -9999.0  -9999.0  -9999.0  -9999.0  -9999.0  -9999.0
-9999.0  -9999.0  -9999.0  -9999.0  -9999.0  -9999.0  -9999.0  -9999.0  -9999.0  -9999.0  -9999.0  0.311866575398  7.51324349025  9.21050377711  0.508012727162  5.68925465546  0.480187016458  0.46627647408  0.94163137507  2.41093847502  0.473663714445  0.491152428193  0.415834960294  3.93895802063  4.33102944033  6.32222467785  7.04096632115  7.40428723107  7.76020670715  8.21916259618  145.930399376  160.89927848  175.629921767  175.936430604  0.298133879518  0.336536819221  6.11798014421  5.75229831184  0.372064395938  0.370940115845  5.14768130337  7.11090120216  0.306924496091  2.86170906941  2.63325571029  0.487678879689  0.266427655634  0.443168555253  0.308633177888  19.7520996836  0.279172890022  0.839374429835  1.07233453292  9.9723294344  10.6613227672  11.089891411  13.6623372325  0.0957766856177  0.0829131866937  0.0762683741866  0.074301935267  2.78032601724  3.69696511721  0.176025417324  0.559502710308  0.212939878793  0.296465593523  0.0683033507127  0.0499064789544  -9999.0  -9999.0  -9999.0  -9999.0  -9999.0  -9999.0  -9999.0  -9999.0  -9999.0  -9999.0  -9999.0
-9999.0  -9999.0  -9999.0  -9999.0  -9999.0  -9999.0  -9999.0  -9999.0  -9999.0  -9999.0  -9999.0  0.615747376084  1.17188932637  9.75717319925  10.7330265149  0.484969556696  6.680190877  0.417941221077  1.29940789441  2.84573472407  0.916923784489  0.441814538147  0.884354179875  0.365054934371  0.720623344214  0.370397431532  0.332812197701  0.258648674924  0.213475791038  0.185442135421  0.170610752601  0.248868437777  0.327795006515  0.416321972995  177.020480658  7.25313830508  6.67043497908  0.259342192137  1.0716617705  0.304542458045  0.262623907643  7.44880184334  11.3319685957  3.22831089471  2.41179738711  0.276596792773  0.119501726069  0.110775728592  0.354736143667  20.3845668304  20.9120110881  0.273111415202  0.281335589137  0.221353106908  0.116052696706  0.22270355323  13.9786771205  14.1670893607  14.3393165713  0.167354400716  0.0894181772577  0.0760531991863  3.79293314509  4.06686201308  0.650860266474  0.125932608667  0.422928090379  0.148488883378  0.0937964957128  -9999.0  -9999.0  -9999.0  -9999.0  -9999.0  -9999.0  -9999.0  -9999.0  -9999.0  -9999.0  -9999.0
-9999.0  -9999.0  -9999.0  -9999.0  -9999.0  -9999.0  -9999.0  -9999.0  -9999.0  -9999.0  -9999.0  -9999.0  0.537532417511  7.15958717426  18.407414905  19.9291010177  27.0764210978  27.5793383251  6.43258838819  4.65986479862  1.36595070353  0.437216019039  1.73981840235  2.14570066211  3.24184103596  0.753766450143  0.694984276744  0.625741616402  1.19621246432  0.537651778188  0.507087886893  0.265497793344  0.127106971157  0.161193022094  177.388177148  184.94778906  185.29563016  0.265930171453  2.89931125805  1.28151169428  0.366127090062  12.4341714501  0.772321651771  0.396167791823  1.61413493657  0.314209115995  0.27367368945  0.516017814724  0.751285704527  1.01263044339  21.3696920382  0.219214136206  0.198321888207  0.199529392561  0.153824487654  0.117507104275  0.316303920675  0.377174178846  14.8727634249  15.4852872728  0.358331047576  0.175134901482  0.0983271448335  0.0810059734647  4.97401320916  6.67832067051  1.4282176064  0.600955074079  0.30005966997  -9999.0  -9999.0  -9999.0  -9999.0  -9999.0  -9999.0  -9999.0  -9999.0  -9999.0  -9999.0  -9999.0
-9999.0  -9999.0  -9999.0  -9999.0  -9999.0  -9999.0  -9999.0  -9999.0  -9999.0  -9999.0  -9999.0  0.58443626977  5.46744949221  6.61454452288  1.03669806291  0.338847547262  0.76285116593  28.7928221972  29.2341663456  36.1556094228  0.398565223563  0.832665964559  0.370550218139  0.375608583625  3.60512391363  4.7215159149  5.75675697001  0.334936470943  1.5300434626  2.39606079183  1.41296837458  0.588053210575  0.388743865987  0.317453687186  0.322576843728  0.18220899019  185.57605459  185.801974528  189.161432242  0.618848465026  0.326940319058  12.7896509945  0.83395201931  0.422886338008  0.448081062182  0.443894103162  0.413179200468  0.69482338293  2.05258295017  3.34239781724  24.9356627569  0.171033709578  0.520830478535  0.355770896805  0.298897523196  0.149346889464  0.136413714114  0.0918643858921  0.0735999714176  15.6218613925  0.0519624327648  0.156336683811  0.076892056103  0.0644376340484  0.11349485442  6.82293511941  0.242162017823  0.0720771531206  0.130699651345  0.0595616567427  -9999.0  -9999.0  -9999.0  -9999.0  -9999.0  -9999.0  -9999.0  -9999.0  -9999.0  -9999.0
-9999.0  -9999.0  -9999.0  -9999.0  -9999.0  -9999.0  -9999.0  -9999.0  -9999.0  -9999.0  -9999.0  0.595580822359  3.77522266386  0.585407738801  0.517252845709  2.69641396463  3.14962136983  3.60630878559  4.038958423  48.5836088321  48.9702174263  49.7562799327  55.3815530705  56.4466203273  57.0112056024  57.3839237031  63.7783116101  64.5868378927  64.9313480888  67.6732269192  69.4446160199  69.7713808029  70.7162187058  0.62899281507  0.5175340361  0.0971486064902  0.121101310566  186.043471993  190.269344274  0.884068796049  15.0374056256  14.7222958349  1.57469072756  0.383033655327  0.391427188388  0.380550585352  0.374553971811  0.751787442147  1.08165575226  0.311028015457  25.1486002438  25.3730066123  26.4480483825  26.6396212046  27.1206398075  27.4416413479  0.139806814522  0.143858512032  0.0917084725018  15.6936048208  15.806336232  16.0268823013  16.2869782284  0.122030540031  7.37745204847  7.15261040563  0.165035255025  2.43789066768  2.34941212556  0.153038781827  0.0891889762406  -9999.0  -9999.0  -9999.0  -9999.0  -9999.0  -9999.0  -9999.0  -9999.0  -9999.0
-9999.0  -9999.0  -9999.0  -9999.0  -9999.0  -9999.0  -9999.0  -9999.0  -9999.0  -9999.0  -9999.0  1.9435676506  2.56984699909  1.19729600334  1.74650477639  0.540807039213  6.19639372822  6.66803143764  7.59872187183  7.95160991737  3.05768228064  53.4199180303  53.7948346933  0.303050919347  0.192382311438  0.145440922778  0.359949015479  0.178307906477  0.121147406846  0.118032857236  0.156505394449  70.0145734738  70.9882496778  71.9481580427  72.7643148985  73.220924919  0.196574421183  0.0789467505081  206.05458179  15.5694331604  15.363250993  0.33562141973  0.312639631459  0.292608801072  0.697955565957  0.686532978808  0.322071440321  0.323483057346  0.306469881653  0.614126435481  0.816087035736  0.157933448887  0.293812859031  0.111829934658  0.0494320728449  27.5113131202  27.7510988778  28.0284891092  28.266130508  28.3922067344  28.5131714381  28.5652170748  0.0492370284386  16.5415596355  0.156971253886  10.1746682413  2.63735699495  0.223522001332  2.13400415463  1.82066296896  0.0938810862029  -9999.0  -9999.0  -9999.0  -9999.0  -9999.0  -9999.0  -9999.0  -9999.0  -9999.0
-9999.0  -9999.0  -9999.0  -9999.0  -9999.0  -9999.0  -9999.0  -9999.0  -9999.0  -9999.0  -9999.0  -9999.0  1.31213153942  0.617327545659  0.56492594147  5.25865282975  5.73975110243  0.488543916709  1.89446488743  2.33074778633  2.69307863809  0.412378998121  0.312952565914  7.77004000477  8.02120985851  8.25132400598  21.7631093126  21.9163829619  22.1408021049  23.607082172  24.2897941462  24.3946524613  0.1110016066  0.114745037727  0.146469444691  73.5479498712  0.131363838657  208.787249675  208.550423345  2.29882846974  2.05616424074  1.29371030665  0.329763094128  0.582217336122  0.999596319938  0.988925730566  0.630742276467  0.313176207467  0.613763178812  0.614725269304  1.09077894945  0.219738281222  0.502308130045  0.800209062771  0.905568555048  0.962899739199  0.0537671732129  0.0541475113534  0.0528624328152  0.0536208637626  0.0609937591038  28.6458461885  28.8088830961  45.4172138837  45.4855015035  11.07368778  0.748880191825  0.491729340434  0.168229756557  1.64530757155  1.5504359756  -9999.0  -9999.0  -9999.0  -9999.0  -9999.0  -9999.0  -9999.0  -9999.0  -9999.0
-9999.0  -9999.0  -9999.0  -9999.0  -9999.0  -9999.0  -9999.0  -9999.0  -9999.0  -9999.0  -9999.0  -9999.0  0.675067853581  1.86722471429  2.43726529838  4.16213202962  0.484686644648  0.985252192033  1.4525698477  5.83367824061  6.20157196638  6.41987909617  6.77399024104  7.1721773696  11.6324871342  12.7987618753  13.3284669058  0.168079021385  1.23725448355  1.3704751174  23.9299219845  24.5137662642  24.7634992434  25.0182492356  25.2728106686  98.9909644664  0.188313825789  209.454750718  0.273298457592  0.106688470608  1.7381117115  1.54916330259  0.217491953787  0.859271991915  1.27653760968  1.25517366166  0.879954813248  1.44511418103  2.29000255422  0.872088908561  2.20029974702  0.186614732224  0.287317832256  0.0424522057263  0.0353880782266  1.05968601982  1.09263496294  0.0916328321352  0.092547242266  0.140715790868  0.046701555589  0.0557868495763  0.110982940075  63.2906575465  63.2202711951  17.5676285005  0.22654398149  1.09209346308  0.863275724054  0.572057759911  1.47801160468  1.04523717028  -9999.0  -9999.0  -9999.0  -9999.0  -9999.0  -9999.0  -9999.0  -9999.0
-9999.0  -9999.0  -9999.0  -9999.0  -9999.0  -9999.0  -9999.0  -9999.0  -9999.0  -9999.0  -9999.0  -9999.0  0.614846438593  1.23573633536  0.588561693355  1.17067162979  0.506555895801  3.93112398154  4.88560249878  5.37584299435  0.448221829743  0.851642645401  8.82377096558  10.9071130188  11.2923305715  0.803290441061  0.726259480092  1.00128028472  0.119337886688  0.110273574104  0.20884895578  0.128292741761  14.8485943852  15.0213881258  15.1485998684  99.3030296935  210.830129093  209.577320351  0.164076095087  0.0751775673336  0.0688459576391  0.369737147112  0.305479924654  1.0019828352  1.50358849145  3.04288290369  0.283389488141  0.281990011621  2.51163850755  2.73698978599  5.36368959762  5.49080326122  5.82335579479  5.90444496661  0.0730256003996  0.112649974838  1.15814612285  66.207061845  64.9089964142  64.7166737561  64.3984600363  0.0653870013289  63.9600977708  0.174805612716  0.10953498021  6.19597694927  1.72915212284  1.62729271701  0.295214269949  0.319299131347  0.272620838311  0.940693025202  -9999.0  -9999.0  -9999.0  -9999.0  -9999.0  -9999.0  -9999.0  -9999.0
-9999.0  -9999.0  -9999.0  -9999.0  -9999.0  -9999.0  -9999.0  -9999.0  -9999.0  -9999.0  -9999.0  -9999.0  -9999.0  0.613880384387  1.21702231817  1.82326407986  2.87717901802  0.546049482148  0.491524921786  3.82595943031  4.27804381605  8.07226055572  8.53949166056  1.3158040844  0.423013555453  0.388769652076  0.356705453338  13.9950218477  14.1985979192  14.3431451153  14.45108843  14.6992867561  1.98773825575  2.15129700551  17.4380591436  327.748900884  0.933849908637  0.666881250578  0.282905574194  0.0876712899459  0.0655820467679  0.505692467907  0.555277675105  1.11903719458  0.0585462852053  3.13033712586  0.43327496339  0.422737786337  0.0569485101284  0.0392107571863  0.0362191290242  0.0577074541258  0.0379556292217  5.95767412332  76.7771805237  70.6357389416  70.4149581741  66.2929315476  0.0499985313746  0.0844369173541  0.0790587168606  64.0791584798  0.22578357683  0.0975583714046  0.133043322894  0.122422371626  4.24546465228  4.02341730315  0.530830299359  0.272531312993  0.337608460766  0.337237321122  -9999.0  -9999.0  -9999.0  -9999.0  -9999.0  -9999.0  -9999.0  -9999.0
-9999.0  -9999.0  -9999.0  -9999.0  -9999.0  -9999.0  -9999.0  -9999.0  -9999.0  -9999.0  -9999.0  -9999.0  -9999.0  -9999.0  0.560732398966  1.18232505814  1.76490342328  2.35625006352  2.84641607101  3.35015648671  1.47812453113  2.46754471904  0.462452185593  0.438883590833  12.0769099097  12.9059636211  13.28793936  13.6965136419  0.291588741627  0.505131310435  1.41638172687  1.60721150193  1.7893561688  0.196277356968  0.178189383311  328.459969092  0.26859215968  0.253588269619  0.122385874052  0.444006799161  0.21071319789  0.109120081376  1.76997910504  1.87918575545  0.0674077043275  3.21175872033  3.68560590027  0.47246120873  79.1622109095  79.0643636497  78.9792195501  78.7594772525  78.6439239472  77.1834036679  77.0724392049  0.157083987646  4.05465938498  3.83159735027  3.65696687274  3.60889168584  2.33788994335  2.28973285493  2.18690719768  0.88303574853  0.808990399483  0.533436869287  0.129555592692  3.84405332394  3.36281155781  0.250184160743  0.472660376151  0.207045207563  -9999.0  -9999.0  -9999.0  -9999.0  -9999.0  -9999.0  -9999.0  -9999.0
-9999.0  -9999.0  -9999.0  -9999.0  -9999.0  -9999.0  -9999.0  -9999.0  -9999.0  -9999.0  -9999.0  -9999.0  -9999.0  -9999.0  0.18877867141  0.414322042306  0.600753227327  6.14173334618  6.65474016872  0.519905801562  0.499105792664  0.500605382864  10.3164130896  11.2528837042  0.446377760206  0.452500260712  0.376518122821  1.59390194909  1.98811076684  0.905226141352  1.16836994817  9.24661246381  9.5152601291  10.0104143528  15.7276131321  344.393201974  0.267737952578  0.103614991059  0.727861148594  0.588540132513  0.105790103275  0.32310613444  0.420501564697  1.98609010573  2.0779260504  5.97926193843  3.76059550059  0.551858412346  80.8797691726  0.764749348515  78.8927144438  78.8297823235  1.35982212009  0.14963935409  0.175764496245  0.0916895501725  0.092656836615  0.135272962097  0.0670853619965  1.22635582164  1.02844056767  0.0659566394128  1.24973335448  0.227837931081  0.154858554382  0.389556090551  0.194163274757  0.381275827013  2.61507384892  2.21199823717  0.183048028905  0.321883484339  0.169292199996  -9999.0  -9999.0  -9999.0  -9999.0  -9999.0  -9999.0  -9999.0
-9999.0  -9999.0  -9999.0  -9999.0  -9999.0  -9999.0  -9999.0  -9999.0  -9999.0  -9999.0  -9999.0  -9999.0  -9999.0  -9999.0  0.942288794758  1.55898679602  3.1385040932  5.56264935499  7.24307821745  8.40076387943  8.89751337872  9.39937132548  9.87907106943  0.45801972781  0.416217357349  0.821007698519  0.78400383299  0.42053175348  7.99863860818  8.38476908526  8.74356759859  9.08574328151  4.9633079362  5.14776229028  5.48981395339  344.567111385  0.482965296491  0.26316763909  1.09571715586  0.140137593668  0.22439716883  0.124981820921  0.0901242104763  0.523588828792  0.0733240510886  0.0774042353265  87.2997613405  81.2572339218  81.1750243494  0.312398336961  0.707028582129  0.438302929737  0.0882297975384  1.09496182684  0.275004420159  0.219375584495  0.161594655519  0.112095347279  0.0628015809633  0.142505273541  0.969462861141  0.818247807261  0.673843737603  0.941478514807  0.884206725142  0.834756703458  0.111218384187  0.198166676614  0.186596910829  1.59537729583  1.26019393296  0.788466912461  0.131430677423  -9999.0  -9999.0  -9999.0  -9999.0  -9999.0  -9999.0  -9999.0
-9999.0  -9999.0  -9999.0  -9999.0  -9999.0  -9999.0  -9999.0  -9999.0  -9999.0  -9999.0  -9999.0  -9999.0  -9999.0  -9999.0  0.652602316836  0.630771444435  1.24378989914  1.85308352897  0.589802126187  0.59940195079  1.1307482844  1.65480133091  2.64787869662  3.12913727266  3.54630930482  4.8005412112  5.19525827769  5.63848338444  0.400454526491  3.98447238832  4.31155378374  4.56493675146  0.162726303814  0.097851947599  0.20671442303  350.332846239  350.501566668  351.280801321  1.51460998855  0.297658662979  0.358086190385  0.0859824993997  0.16274611568  0.602966700039  0.741807004979  0.141616265239  87.6695764622  0.126883465017  0.174279294633  0.187320050852  0.158846020557  0.269365959745  0.113787106487  0.759948794047  0.540183074944  0.375637199011  0.183993392684  0.12787879109  0.0696888236072  0.0781602419266  0.0861147559904  0.0868364608278  0.611287245918  0.462401708456  0.316375831179  0.165757435685  0.763007573464  0.56707166396  0.184440606345  0.212963620796  0.156206101782  0.360535386851  0.191971463081  -9999.0  -9999.0  -9999.0  -9999.0  -9999.0  -9999.0  -9999.0
-9999.0  -9999.0  -9999.0  -9999.0  -9999.0  -9999.0  -9999.0  -9999.0  -9999.0  -9999.0  -9999.0  -9999.0  -9999.0  -9999.0  -9999.0  0.610183175747  1.19245791796  0.554665593089  1.13958538597  7.06922261771  7.58938526334  8.09030051119  0.488055067952  0.489496178761  0.906583790108  1.34374610666  2.12967188819  2.54160427144  2.81042548179  3.19472443787  0.321077261518  0.27359866102  4.98662257039  5.07914020405  5.22348158362  5.3806915592  4.82147874928  356.770721213  359.2371631  359.381063384  359.87098546  360.406599239  360.660604417  0.0717522659062  0.808279211823  87.7426836056  0.161541992732  0.0829152306706  0.107942414935  0.105987858076  0.177525299842  0.143680995137  0.083972561819  0.124982416557  0.105729301147  0.140585822275  0.0588200427724  0.046125196435  0.166370588151  0.118423276052  0.0637221066553  0.0625951574459  0.0694604753529  0.0731096692719  0.0792829924137  0.0876756527742  0.0946129236678  0.283197920622  0.0954335020918  0.343706659039  0.152669377923  0.137854452581  -9999.0  -9999.0  -9999.0  -9999.0  -9999.0  -9999.0  -9999.0  -9999.0
-9999.0  -9999.0  -9999.0  -9999.0  -9999.0  -9999.0  -9999.0  -9999.0  -9999.0  -9999.0  -9999.0  -9999.0  -9999.0  -9999.0  -9999.0  -9999.0  1.7720301612  2.35594287422  4.1095868925  5.34140713529  0.62620800048  9.2890110733  9.7706827108  10.2251176281  0.443036161175  0.876532348723  0.391489408812  2.98001880721  3.23303871565  3.60536088403  3.95595051649  4.78080584671  4.86426826569  0.0659327234401  4.18004750816  4.50347716026  4.67003231348  5.31787254258  0.787786146959  0.484614864154  0.276523364242  0.269026979195  360.953777032  361.077158703  362.503332169  87.8162150443  0.471740974467  0.248830108663  0.170746451621  0.0499482674799  0.478944903884  0.237794907639  0.0743950365181  0.402263061069  0.33948449129  0.0598131920382  0.339289800595  0.304926060908  0.216912549969  0.0462045815635  0.140003006204  0.102625541688  0.0431075911478  0.104118126279  0.0607666056601  0.0793825371486  0.0770447187747  0.0537633267742  0.14898906123  1.47734862871  0.881525025481  0.550495860312  0.226734347501  -9999.0  -9999.0  -9999.0  -9999.0  -9999.0  -9999.0  -9999.0
-9999.0  -9999.0  -9999.0  -9999.0  -9999.0  -9999.0  -9999.0  -9999.0  -9999.0  -9999.0  -9999.0  -9999.0  -9999.0  -9999.0  -9999.0  -9999.0  0.604221069486  2.94826539451  3.5574732354  0.641938550245  0.536320320171  1.09815438344  1.61301313461  12.3045978067  0.448758803573  1.78959090694  2.19624092356  2.59964233626  0.261931229664  0.612025921809  0.794604384602  3.34033389002  3.66588757815  3.80040564033  0.155000842385  0.15457587843  0.178244452521  0.326040996373  0.137500578661  0.148683673025  0.22393943705  0.209888132886  0.222205869996  0.527271281757  362.640745327  450.780317933  0.584509010925  0.136818608398  0.0529085963862  1.44550749173  1.3352451203  0.775128295632  0.690997651034  0.508106213937  0.121582313711  0.0874112048112  0.373594943843  0.167079997116  0.130103930757  0.0405952423678  0.197583783704  0.348552810788  0.25936096216  0.157401960264  0.0590221494866  0.236414496728  0.171414478143  0.12031625114  1.83332831724  1.78438507956  0.168148500122  0.155047574913  0.142485858594  0.131635524629  -9999.0  -9999.0  -9999.0  -9999.0  -9999.0  -9999.0
-9999.0  -9999.0  -9999.0  -9999.0  -9999.0  -9999.0  -9999.0  -9999.0  -9999.0  -9999.0  -9999.0  -9999.0  -9999.0  -9999.0  -9999.0  0.537128476041  1.69425323173  0.554676017859  0.634877354088  0.595747750427  1.14760704926  1.6930760022  2.21030726986  15.0416634435  15.4835296834  0.453041361018  0.868607289568  1.28813052292  1.61933909742  1.94434548397  2.88534665077  3.186851524  0.143737821463  0.192631249644  0.200555331741  0.223966028006  0.238119333164  0.249606686358  0.22249097868  0.288495228732  0.818606495898  0.386836653188  0.139275727011  0.136285446449  0.110148241241  0.203711977873  455.423659371  3.90197852079  1.80139769693  0.213426408119  0.101189728792  0.0678612746989  0.210412614365  0.135117920189  0.0653845934472  0.0646886822142  0.500193933938  0.707355282645  0.770875535259  0.0298572117646  0.661123920316  0.4197287829  0.0422348380725  0.0378972999448  0.0996757496981  0.596601078397  0.270075846999  0.193411082974  1.91788869502  0.0972251874784  0.112150978876  0.557412244613  0.280032776626  0.461957770069  0.193988414551  -9999.0  -9999.0  -9999.0  -9999.0  -9999.0
-9999.0  -9999.0  -9999.0  -9999.0  -9999.0  -9999.0  -9999.0  -9999.0  -9999.0  -9999.0  -9999.0  -9999.0  -9999.0  -9999.0  0.570601020827  1.09088188786  3.87195485707  0.537876658719  1.25911832989  1.84065053151  2.38323196136  0.557568535899  1.04467213823  1.58151913019  17.5580871243  0.431421127776  0.824890406757  1.23159663937  0.389005439304  0.763940094573  0.902824949577  1.16936157082  30.6156710337  30.9895310661  31.3593399266  32.8586666397  33.5702635944  34.8452571586  0.324746211289  0.772168559014  0.989817240961  38.584318674  38.8263790693  0.124495229084  0.201630787833  0.276348113547  455.5756756  3.6426237079  1.56220681277  1.44032492135  1.31706831649  1.2155810309  0.278121784307  0.0726042811702  0.123520326523  0.0580910597326  0.0573964330411  0.0983804540603  0.810996780635  1.55420815546  0.713399232435  0.117941054626  0.0805254095693  0.0595303425426  0.962772371305  0.787572253346  0.111172530736  2.31888038805  2.01672830311  0.187174984594  1.0888987487  0.674267417586  0.728501345261  0.609320355981  0.136315520527  -9999.0  -9999.0  -9999.0  -9999.0  -9999.0
-9999.0  -9999.0  -9999.0  -9999.0  -9999.0  -9999.0  -9999.0  -9999.0  -9999.0  -9999.0  -9999.0  -9999.0  -9999.0  -9999.0  0.585186114915  1.76065613153  6.21057422146  9.22592119569  0.491372378955  12.0870664263  15.0159517746  0.534185404297  1.02712634333  1.55944046364  22.0780262557  22.537836939  0.348626234877  1.94252215828  2.2892510146  2.58818230527  28.3965916847  28.9097333609  29.2877776834  0.189207700211  1.08189191131  1.28434657842  0.56279548766  0.804339405006  35.9907072934  37.1189863305  37.3093596395  37.48870901  39.0356467112  0.101521476226  0.0879961067957  0.439802146381  455.714550284  0.152822483493  0.00715531179736  0.0203249153995  0.0076994236617  1.05565491037  0.988578209945  0.591840736336  0.405203558027  0.156849113262  0.0623458208255  0.141321470007  0.0282776252318  1.58723211676  0.17771470182  0.146296596494  0.0260215556187  0.088293902529  1.00404997864  0.0284610320228  0.0448207869484  2.38065656054  0.0565013036207  1.25953193127  1.18637210335  1.03035349735  0.943381298024  0.103700000472  0.373671956527  0.118372531177  -9999.0  -9999.0  -9999.0  -9999.0
-9999.0  -9999.0  -9999.0  -9999.0  -9999.0  -9999.0  -9999.0  -9999.0  -9999.0  -9999.0  -9999.0  -9999.0  -9999.0  -9999.0  -9999.0  -9999.0  1.23425726427  2.48162135548  10.9439884104  11.5526280909  15.55460014  16.1109587497  0.520813793977  1.04092389961  2.48717445555  23.0172230499  23.7696579188  24.0652025087  0.248094145696  25.12241766  25.6221217048  0.334646610283  0.191778227167  0.374199231339  0.731292073547  0.175391760902  0.352748846447  0.788248491697  0.983371621225  0.188630353295  0.128188589905  0.253235008399  40.0153078808  40.3479439298  40.4247717527  41.0810087247  455.835908345  0.11331221632  0.00482346910183  0.00542364381545  0.00524971363904  0.00541260669079  0.00470907917946  0.00869672225601  0.0718898246117  0.1487546687  0.0741724463433  0.0679610994798  0.250014096621  1.91725054765  2.14507448677  2.18204021775  2.32708332654  0.0283559392075  1.03272241307  0.141912105755  0.0844807454258  2.41217386717  2.49977401955  1.31881567099  1.40629705395  1.1498572412  0.706401385292  0.608425104804  0.503688498514  -9999.0  -9999.0  -9999.0  -9999.0  -9999.0
-9999.0  -9999.0  -9999.0  -9999.0  -9999.0  -9999.0  -9999.0  -9999.0  -9999.0  -9999.0  -9999.0  -9999.0  -9999.0  -9999.0  -9999.0  -9999.0  0.64674212467  0.632061853602  0.618350311488  1.22124608403  0.539694721655  17.1857575281  17.7036780127  0.507364735737  0.986317520986  0.454586934446  0.369173340298  0.356770976334  24.6546613461  0.153231380934  0.300925979818  0.204398436908  0.202701837623  0.182364314061  0.146157588575  0.151689272814  0.461067198954  0.629968641012  0.12558194363  0.113233395294  0.24078845364  0.395934910527  0.542388231507  0.16616317774  40.5499245851  41.1630637063  455.933793125  0.254532814214  0.0257854883735  0.00319984009537  0.00771710383641  0.0025346947082  0.00190290526817  0.0108251398795  0.335103023044  0.200336723346  0.0399012485826  0.0365031165098  0.102793230577  0.0607844227201  0.0302223790302  0.0316472094024  0.0335329588809  3.65723131482  1.20140920086  0.0255358090836  0.0429956550556  0.0203701093191  6.3489679515  3.82530025478  3.78950500283  1.23220530727  0.883983720925  0.0808357123736  -9999.0  -9999.0  -9999.0  -9999.0  -9999.0  -9999.0
-9999.0  -9999.0  -9999.0  -9999.0  -9999.0  -9999.0  -9999.0  -9999.0  -9999.0  -9999.0  -9999.0  -9999.0  -9999.0  -9999.0  -9999.0  -9999.0  -9999.0  -9999.0  0.627044296973  1.79238519829  2.29380327126  2.81951244059  18.217796865  18.7274624884  19.2302670932  19.7412768393  20.0870283764  20.8023247354  20.9634020939  21.1008958743  21.2548869526  0.179272629916  0.169119715837  0.177713682611  0.634280267605  0.167393134042  0.159035462823  0.127824329661  0.372363788485  0.146781912416  0.113805505931  0.105938513232  0.093945468075  0.187489597507  0.264849794407  41.6957114682  497.981666709  0.11194069134  0.20984531757  0.00262603534434  0.0106649779302  0.00614940094156  0.00383695967706  0.606457267762  0.548475887107  0.144561774624  0.0766681888144  0.175896012419  0.038295989683  0.0945030338791  0.055783509939  0.0871233440389  0.0303094416732  0.0380569615443  3.68839541624  3.78554146888  7.22469804114  7.18549519856  7.15536902163  0.0335464653586  1.06022537613  1.02234802573  0.0766694713468  -9999.0  -9999.0  -9999.0  -9999.0  -9999.0  -9999.0  -9999.0
-9999.0  -9999.0  -9999.0  -9999.0  -9999.0  -9999.0  -9999.0  -9999.0  -9999.0  -9999.0  -9999.0  -9999.0  -9999.0  -9999.0  -9999.0  -9999.0  -9999.0  -9999.0  -9999.0  0.525474288545  4.18026372121  8.13887266581  8.68794559601  0.624136892125  1.13945116746  1.62916184579  2.04050711976  4.73661129911  4.9280773466  0.186660323618  0.183296921869  21.6310342769  21.9672305693  22.1259213188  0.761080634315  0.117320508469  0.286739822617  0.420574912223  1.24360873493  1.52371745068  1.74427026284  0.20297079151  0.281588677474  0.0935598664737  0.182687849315  0.0923926087653  498.165408738  0.0986039647867  0.400793057481  0.0943465511427  0.145687675093  0.543673472901  0.597688717915  1.25782060875  0.52423917623  0.460002998905  0.29273002022  0.266271772905  0.0620472807699  0.118063707599  0.123440844162  0.103050473139  0.0145601196408  11.3656576125  11.2884390981  11.245886821  7.34034097188  0.0466318674118  0.726344280902  0.525529573387  0.350898902155  0.222135019499  0.0383490906159  -9999.0  -9999.0  -9999.0  -9999.0  -9999.0  -9999.0  -9999.0
-9999.0  -9999.0  -9999.0  -9999.0  -9999.0  -9999.0  -9999.0  -9999.0  -9999.0  -9999.0  -9999.0  -9999.0  -9999.0  -9999.0  -9999.0  -9999.0  -9999.0  -9999.0  0.587514086247  1.87040257588  3.66293761782  4.78665826698  12.147090385  12.7357868413  1.02107728151  1.5151354629  1.94616757405  2.35406722116  5.10289752761  5.47582458239  9.50105997264  9.86852713414  10.0628746773  22.2864129931  23.4694796703  0.281221996207  0.181372508014  0.173533336329  0.331401613569  0.151095238944  2.03191817763  2.13846011729  0.369972273081  0.502566163163  0.111622021218  126.644550228  126.831788895  625.128729466  625.681407878  0.103546539792  0.366147753519  0.128785387237  0.101384467189  1.42022423032  2.00098684572  0.401083765404  0.328805731255  0.0600853277037  0.032082410168  0.148846185224  11.6269348762  11.4799716537  11.4553888253  11.4172413643  0.0623229198932  0.049970701925  0.0472113240129  0.0499709550696  0.158084272311  0.105604492888  0.097662068115  0.147186637878  0.046314459282  -9999.0  -9999.0  -9999.0  -9999.0  -9999.0  -9999.0  -9999.0
-9999.0  -9999.0  -9999.0  -9999.0  -9999.0  -9999.0  -9999.0  -9999.0  -9999.0  -9999.0  -9999.0  -9999.0  -9999.0  -9999.0  -9999.0  -9999.0  -9999.0  -9999.0  -9999.0  0.668384734547  0.651258537415  1.23161946284  2.9331796251  13.2750457872  0.525402090682  0.519678573779  0.944403229395  1.37994407119  3.21712692948  3.44846897774  0.185507289483  0.234533924754  10.2922465908  10.4683751211  34.126131079  34.2982064831  0.107064188224  0.09538082979  0.0799626929754  0.08071831339  0.0834229253171  124.58536143  125.222234233  125.868203675  126.11093624  126.521247503  0.100285283586  0.36816932174  0.44640800916  626.326591001  626.411953296  626.575215439  626.714211718  626.827446511  2.0947543396  0.0291090084369  0.116258248366  0.0929469902236  0.023065548637  0.171774829951  11.7056522767  0.0492574563527  0.0210154690168  0.177831355578  0.158305580576  0.12806699279  0.0957931295878  0.0537397644648  0.0599213933519  0.0568595446744  0.04997244917  0.0529110990742  -9999.0  -9999.0  -9999.0  -9999.0  -9999.0  -9999.0  -9999.0  -9999.0
-9999.0  -9999.0  -9999.0  -9999.0  -9999.0  -9999.0  -9999.0  -9999.0  -9999.0  -9999.0  -9999.0  -9999.0  -9999.0  -9999.0  -9999.0  -9999.0  -9999.0  -9999.0  -9999.0  -9999.0  0.597588700294  0.625238123249  1.16519758975  15.554552103  16.0968299396  0.511548318062  0.932607741082  1.37599202214  1.63747710956  0.220302623817  0.473678380502  32.9942622379  33.1840318753  33.4072266934  34.9093139284  69.4099575852  120.463569841  120.716555767  120.945167175  121.164862801  122.054292357  122.337590585  0.513932445514  0.233762367177  0.133902390396  0.252597359684  0.182159435062  0.2893693234  0.0890801061212  2.09090875683  2.3438521052  2.56956578475  2.60475045343  626.89905273  629.110356989  629.359875649  0.15589811639  0.0268197815528  0.243373919534  0.199505162687  11.7642090449  0.0299588505963  0.483264688412  0.280540703129  0.255059508201  0.175267525853  0.0825819422048  0.0832591265663  0.0428283030333  -9999.0  -9999.0  -9999.0  -9999.0  -9999.0  -9999.0  -9999.0  -9999.0  -9999.0  -9999.0  -9999.0
-9999.0  -9999.0  -9999.0  -9999.0  -9999.0  -9999.0  -9999.0  -9999.0  -9999.0  -9999.0  -9999.0  -9999.0  -9999.0  -9999.0  -9999.0  -9999.0  -9999.0  -9999.0  -9999.0  -9999.0  -9999.0  0.60931523261  1.17287997907  1.73897310633  16.5702378294  0.494577519659  22.342445579  22.8021446952  23.0315395047  23.3029187964  31.9688159588  32.2577069039  0.212760923132  1.08536676915  1.31528425113  0.200737079324  50.8009813151  50.4353627378  0.117831546739  0.268995412993  0.697635231992  0.149905254515  0.152592644372  0.117783777472  0.0968912911177  0.0757527433736  0.0854420843345  1.81371456763  1.9005302468  2.00477354022  0.176191701656  0.156224004222  2.70085832725  2.75546452114  2.77967693326  629.414093824  629.469136247  0.314981980411  0.266762627838  12.3269960559  12.3031877728  0.511506447145  0.04634874952  0.0212604147174  0.387680490009  0.319584013943  0.235169234908  0.125242911265  0.0656065761676  0.030240477805  -9999.0  -9999.0  -9999.0  -9999.0  -9999.0  -9999.0  -9999.0  -9999.0  -9999.0  -9999.0
-9999.0  -9999.0  -9999.0  -9999.0  -9999.0  -9999.0  -9999.0  -9999.0  -9999.0  -9999.0  -9999.0  -9999.0  -9999.0  -9999.0  -9999.0  -9999.0  -9999.0  -9999.0  -9999.0  -9999.0  -9999.0  0.556675656566  0.526204555113  2.72435703425  20.3797473926  21.4086841363  21.9202728413  0.444458988285  8.10793759966  8.29870320658  8.41362582436  0.267635450721  0.489496301045  0.687154874005  11.8121506473  11.9688409696  12.1064191536  50.1815435013  31.0601979253  0.147712870319  0.145935506334  0.13987444152  0.107444152839  1.10757325804  1.32591609024  1.51785214848  1.62143825773  1.72127329271  11.3616491833  11.4331558795  11.5400649222  11.8007549134  12.7251499711  12.7592520455  15.5743351268  0.0253681764201  629.519807412  629.579282625  0.344066040633  12.3473566067  0.0445710152158  0.0218835646879  0.0733836643088  0.628139015256  0.612368825787  0.157605920722  0.080301553141  0.169983719528  0.104038799214  0.0299234111913  0.0255773360667  0.0251362688032  -9999.0  -9999.0  -9999.0  -9999.0  -9999.0  -9999.0  -9999.0  -9999.0
-9999.0  -9999.0  -9999.0  -9999.0  -9999.0  -9999.0  -9999.0  -9999.0  -9999.0  -9999.0  -9999.0  -9999.0  -9999.0  -9999.0  -9999.0  -9999.0  -9999.0  -9999.0  -9999.0  -9999.0  -9999.0  -9999.0  1.09425109072  1.67241514515  0.577140493593  0.525899495436  6.59480089757  7.06281572414  7.3844346017  2.53611247223  2.6966462055  2.89206642698  3.09769283511  11.4659141047  11.6722884044  6.55742597556  18.8302825609  18.9859890336  30.9392840763  0.291151040246  0.144173476695  0.104224196192  0.766398005948  0.894541140018  0.0776024805405  0.0724061710042  11.0299830141  11.2071275843  11.294259617  0.125895351028  0.185041170061  12.5743799748  0.091689194382  0.252138490549  0.27686712597  15.9006772335  15.9262065617  16.2537116593  646.228769057  12.414976166  0.800388975683  0.777576460561  0.748510124121  0.64418759317  0.0238693210524  0.296011612698  0.245283094935  0.0999709750973  0.0369282379741  0.0513598939157  0.114517064838  0.0641437098846  -9999.0  -9999.0  -9999.0  -9999.0  -9999.0  -9999.0  -9999.0  -9999.0
-9999.0  -9999.0  -9999.0  -9999.0  -9999.0  -9999.0  -9999.0  -9999.0  -9999.0  -9999.0  -9999.0  -9999.0  -9999.0  -9999.0  -9999.0  -9999.0  -9999.0  -9999.0  -9999.0  -9999.0  -9999.0  -9999.0  0.551166167871  1.09052967624  4.50995901505  5.08704448697  5.6047355471  2.00610681829  2.3752283715  0.167337098701  7.8515016003  8.00362472059  8.16551515273  0.192103005107  6.17102349975  6.38387425003  0.161850333304  30.1761053696  0.32952775591  0.163992868308  0.413216255523  0.557864780542  0.106638910664  0.0871925727332  10.1408253852  10.8670675832  10.9732380074  0.106344271652  0.223296235467  0.285044696849  0.347891750646  0.688023481168  0.0914199387234  0.207282518914  0.0407165008196  0.079649984555  16.196588448  16.2272254599  646.290204435  659.68490977  0.920390740804  0.0791535644103  0.0430787383574  0.0433095417452  0.0158146833353  0.314932850899  0.210638398377  0.163241191338  0.363589594809  0.302813198006  0.208250441439  0.0466133846687  0.0257711225109  -9999.0  -9999.0  -9999.0  -9999.0  -9999.0  -9999.0  -9999.0
-9999.0  -9999.0  -9999.0  -9999.0  -9999.0  -9999.0  -9999.0  -9999.0  -9999.0  -9999.0  -9999.0  -9999.0  -9999.0  -9999.0  -9999.0  -9999.0  -9999.0  -9999.0  -9999.0  -9999.0  -9999.0  -9999.0  0.545018227213  1.69891731876  2.89594843952  0.602523111756  1.09923200951  1.58332474838  7.13451424035  7.37376166455  7.53461469514  0.149241636897  5.17916132081  5.62234037963  5.80237815723  0.125293446207  29.4986402454  29.8599734856  0.166483226627  0.153323400686  0.298567576503  0.120419392518  9.57169867005  9.78279844839  9.90081430841  0.454258090949  0.558626760805  0.0907503884474  0.160594051568  0.0704799201927  0.502396640691  0.0719805124118  0.0533725415795  0.0558709634948  0.0578393768616  0.117896614785  0.157781267601  48.060809699  48.1480581135  707.957274708  708.053542861  708.142121481  0.0617809847982  0.68526479234  0.624587335561  0.276452719722  0.264435420777  0.0357585302977  0.448546910386  0.028121892754  0.0251654717118  0.0207600112128  0.0928296442435  0.039704079351  -9999.0  -9999.0  -9999.0  -9999.0  -9999.0  -9999.0
-9999.0  -9999.0  -9999.0  -9999.0  -9999.0  -9999.0  -9999.0  -9999.0  -9999.0  -9999.0  -9999.0  -9999.0  -9999.0  -9999.0  -9999.0  -9999.0  -9999.0  -9999.0  -9999.0  -9999.0  -9999.0  -9999.0  -9999.0  0.584902336165  0.615866680848  0.601126246152  4.94032016877  5.38997226441  6.71627468637  0.309453823701  4.54027104956  4.89546937647  0.153230600827  0.311125622803  0.119524476623  29.0760895579  0.14891838913  0.456924823757  0.581763310305  0.69942521253  8.85925809816  9.23320158542  9.36545206469  0.132793401614  0.243889245629  0.344204258113  0.0605849017389  0.0548246818217  25.6493451759  25.7051312245  25.7499157075  26.2025009375  26.2601829244  26.3331982144  26.37956783  41.8506952381  41.8994611712  48.029471595  0.0527367053501  0.0620285023112  0.10416769595  708.295095248  708.49216118  709.255882488  709.302021492  0.0288414400892  0.0137664584826  0.504632311828  0.486862125832  0.019250150416  0.0638282229716  0.393942885479  0.242088034921  0.210177250836  0.0569537650675  -9999.0  -9999.0  -9999.0  -9999.0  -9999.0
-9999.0  -9999.0  -9999.0  -9999.0  -9999.0  -9999.0  -9999.0  -9999.0  -9999.0  -9999.0  -9999.0  -9999.0  -9999.0  -9999.0  -9999.0  -9999.0  -9999.0  -9999.0  -9999.0  -9999.0  -9999.0  -9999.0  -9999.0  0.509695158205  1.10950924785  2.31274341268  4.46813635821  0.488287945219  0.924879243322  3.78173653799  4.06927125896  0.185177561937  7.02774803518  7.1848199261  28.697622227  28.8274498989  0.136133474511  0.271068056342  1.15401459197  7.80749489975  8.07592505907  0.272037067235  0.13692541352  0.106777220502  22.9498353416  23.1395285635  23.293724284  23.4487831441  25.5983698188  0.160921836215  26.1489595936  0.0893891052878  0.0581799417711  0.104064765891  15.369610331  15.4367871168  5.88719544556  6.07324663553  0.12559258156  0.0613552064257  0.0690811847309  0.0600823701066  0.0882512866548  0.0314222169349  744.605137082  744.693312605  0.675397115844  0.53025779177  0.014149793253  0.668413915615  0.617418615659  0.492603672534  0.0405155577205  0.0504169466765  0.0593503675508  -9999.0  -9999.0  -9999.0  -9999.0  -9999.0
-9999.0  -9999.0  -9999.0  -9999.0  -9999.0  -9999.0  -9999.0  -9999.0  -9999.0  -9999.0  -9999.0  -9999.0  -9999.0  -9999.0  -9999.0  -9999.0  -9999.0  -9999.0  -9999.0  -9999.0  -9999.0  -9999.0  -9999.0  -9999.0  0.607260792839  1.15870684372  1.64467631563  2.86826078277  3.32102143135  5.54570264091  6.42092742721  6.68409445279  6.86449537625  21.2329126963  21.3804615783  0.110144888967  0.943592448602  1.05922447645  6.44960530099  6.56553038636  0.17180454003  0.0715498733707  22.5044034117  22.6637266526  22.7627634344  0.102733598511  1.88404189328  1.97263964488  2.0691987356  0.0833913851379  0.0624171727523  0.0461352409599  0.0487436977398  15.1542579994  15.2221920207  0.0474127807385  5.84151430379  5.54295704759  5.49899841257  0.0484359339916  0.0510347526864  0.0691020848791  0.103925721381  35.074867013  35.2453459436  745.442317333  0.0863642996518  0.0294335817579  0.70445856861  0.0216247188628  0.157658607784  0.0988344115187  0.0375954352178  -9999.0  -9999.0  -9999.0  -9999.0  -9999.0  -9999.0  -9999.0
-9999.0  -9999.0  -9999.0  -9999.0  -9999.0  -9999.0  -9999.0  -9999.0  -9999.0  -9999.0  -9999.0  -9999.0  -9999.0  -9999.0  -9999.0  -9999.0  -9999.0  -9999.0  -9999.0  -9999.0  -9999.0  -9999.0  -9999.0  -9999.0  0.576509687878  1.77316537049  2.37334136841  3.52677726353  4.5730139864  5.09724962892  0.456782502587  5.56756434293  20.7026489367  21.0730127014  0.303312303943  0.52892846255  0.851860763688  6.21677001946  6.34254735538  15.0948218281  15.3582680475  22.3814651426  22.4423880691  0.0924158193245  1.56135692623  1.7030507758  1.81134717629  0.0871539422936  13.4701986656  13.5502953209  13.7665244553  14.6165032311  14.9703607224  15.0488598283  0.084638121498  0.147719756098  0.200435639677  4.63691723624  5.41301500282  0.551106750655  0.501718099046  0.0559726674196  0.0638208207456  34.9333625104  0.138695454252  0.0657676305499  745.552267685  0.0137971517432  0.0124490540361  0.914820599318  0.197034563137  0.0441321426794  0.0285107942941  -9999.0  -9999.0  -9999.0  -9999.0  -9999.0  -9999.0  -9999.0
-9999.0  -9999.0  -9999.0  -9999.0  -9999.0  -9999.0  -9999.0  -9999.0  -9999.0  -9999.0  -9999.0  -9999.0  -9999.0  -9999.0  -9999.0  -9999.0  -9999.0  -9999.0  -9999.0  -9999.0  -9999.0  -9999.0  -9999.0  -9999.0  0.621033223925  0.596272436237  2.35285566195  2.98256695936  0.542694014416  4.61416815266  5.09357194883  0.456784095724  14.2661181592  0.436013984099  2.693256721  5.78258770918  6.08378973692  13.9948854847  14.1722124006  14.9938271749  0.200855946546  6.94864282685  0.0774779169798  0.14268473248  1.50536795049  0.0773068363869  2.98326081938  13.3130495298  0.0653383403832  0.156983426558  0.612936280529  0.114432743819  0.125163501833  0.0906836927402  0.0523916425227  4.24685656626  4.48326986961  4.58695954035  0.167267489444  0.149203222236  0.280533779386  0.0788884135992  34.7314182941  34.7791322702  0.0823253845932  0.0333592365083  0.0132111700486  745.677216592  746.846167661  1.11299047585  0.183471120516  0.168686696325  0.0846742628838  -9999.0  -9999.0  -9999.0  -9999.0  -9999.0  -9999.0  -9999.0
-9999.0  -9999.0  -9999.0  -9999.0  -9999.0  -9999.0  -9999.0  -9999.0  -9999.0  -9999.0  -9999.0  -9999.0  -9999.0  -9999.0  -9999.0  -9999.0  -9999.0  -9999.0  -9999.0  -9999.0  -9999.0  -9999.0  -9999.0  -9999.0  -9999.0  0.578286655996  0.602972986352  0.584806841469  3.56937030291  4.11018385853  6.28062244247  13.8519954297  0.48025061738  1.43986725954  1.88781689979  2.74987856378  0.719978906874  13.6859716274  0.308636691258  0.607641463568  6.61196312332  0.227531869509  0.989187942346  1.19401123664  0.0975071358241  0.072251216997  2.92719445447  10.2678254995  0.0751538045609  0.282783480231  0.533997315474  0.111803386091  0.0566452765795  3.90639198276  4.04949544462  0.101155730294  0.195557631928  0.0527321116  0.106148362695  0.0845007794144  0.0670046742444  0.053462259356  34.6887010977  0.142452859687  -9999.0  -9999.0  0.0326838373667  0.0577276630625  746.887010442  746.92697644  747.030878545  0.0456364640409  -9999.0  -9999.0  -9999.0  -9999.0  -9999.0  -9999.0  -9999.0  -9999.0
-9999.0  -9999.0  -9999.0  -9999.0  -9999.0  -9999.0  -9999.0  -9999.0  -9999.0  -9999.0  -9999.0  -9999.0  -9999.0  -9999.0  -9999.0  -9999.0  -9999.0  -9999.0  -9999.0  -9999.0  -9999.0  -9999.0  -9999.0  -9999.0  -9999.0  -9999.0  0.591456732714  1.86305141987  2.43840921125  5.80118564299  2.25976435018  7.06843503659  4.2666987206  0.478641643582  1.43540288497  2.32671504376  0.384608961869  12.6426782517  4.64124992461  5.76713199325  0.620516658162  0.621190575976  0.226276973884  0.156855566427  2.7137408369  2.78734098635  10.052212204  10.121715914  0.133189825568  0.20434961522  0.055668604893  3.36153374533  3.63972162718  3.87401113257  0.107555721961  0.0500667359896  0.143089179001  0.0503079387408  0.0379160064318  0.0375728641185  34.295979344  34.3928685197  34.4485688365  0.0964068760268  -9999.0  -9999.0  -9999.0  -9999.0  -9999.0  0.00988142101536  747.066518357  747.105263529  -9999.0  -9999.0  -9999.0  -9999.0  -9999.0  -9999.0  -9999.0  -9999.0
-9999.0  -9999.0  -9999.0  -9999.0  -9999.0  -9999.0  -9999.0  -9999.0  -9999.0  -9999.0  -9999.0  -9999.0  -9999.0  -9999.0  -9999.0  -9999.0  -9999.0  -9999.0  -9999.0  -9999.0  -9999.0  -9999.0  -9999.0  -9999.0  -9999.0  -9999.0  0.638291251175  0.592036969113  5.21732135792  0.623589450189  1.72235425221  2.74901262645  3.7772692181  0.515606421347  0.483506523108  0.45317174234  11.8049806049  12.2425082805  4.29208449206  0.811375113114  0.371263403681  0.369053755918  2.38357368935  2.63338080969  9.22464343435  9.59412862231  9.90161953686  0.0859668022823  0.0689759296277  3.21283333399  3.26092246995  3.31733006976  0.24050223195  0.124914385752  0.0587254465987  0.0563808823941  0.0405324875008  0.335685333515  0.363596509209  34.2283261214  34.2582629469  0.0673132818417  0.0253972119959  0.0484663730733  -9999.0  -9999.0  -9999.0  -9999.0  -9999.0  -9999.0  -9999.0  -9999.0  -9999.0  -9999.0  -9999.0  -9999.0  -9999.0  -9999.0  -9999.0  -9999.0
-9999.0  -9999.0  -9999.0  -9999.0  -9999.0  -9999.0  -9999.0  -9999.0  -9999.0  -9999.0  -9999.0  -9999.0  -9999.0  -9999.0  -9999.0  -9999.0  -9999.0  -9999.0  -9999.0  -9999.0  -9999.0  -9999.0  -9999.0  -9999.0  -9999.0  -9999.0  -9999.0  1.22807376596  4.03035207097  2.23023822991  0.541645957597  2.17164108632  0.520347477803  1.61070779788  2.04399288719  10.3888768019  11.3689752946  3.4937538619  3.89995914492  0.40486424595  1.72219379684  2.06723454749  5.84454110044  8.79119571422  9.05958841073  0.240092968836  0.177612766612  2.58376117214  2.91056134513  3.1634583017  0.0678461569595  0.125370108326  0.187563301911  0.0613143507134  0.13694496886  0.218694873229  0.255397674702  0.307885557578  0.0379686058397  33.7837940898  0.0746813954502  0.0420882807066  -9999.0  -9999.0  -9999.0  -9999.0  -9999.0  -9999.0  -9999.0  -9999.0  -9999.0  -9999.0  -9999.0  -9999.0  -9999.0  -9999.0  -9999.0  -9999.0  -9999.0  -9999.0
-9999.0  -9999.0  -9999.0  -9999.0  -9999.0  -9999.0  -9999.0  -9999.0  -9999.0  -9999.0  -9999.0  -9999.0  -9999.0  -9999.0  -9999.0  -9999.0  -9999.0  -9999.0  -9999.0  -9999.0  -9999.0  -9999.0  -9999.0  -9999.0  -9999.0  -9999.0  -9999.0  0.631166465389  0.593328029627  1.0555709866  0.554408835563  1.08847601852  1.10250391427  6.21243739318  6.75464875474  1.08770361654  0.476034272184  3.07653033402  0.907955004636  1.36140247885  4.83901694331  5.19711349024  5.55561492617  2.65498560114  0.988731887917  1.528568733  1.99476571214  2.49329466758  0.237977880302  0.125800674647  20.1634695178  20.258999102  20.3242071465  0.0512139357184  0.0914303275324  0.0473567269446  0.0386935190265  32.5324038482  32.9687842286  0.603096665478  0.475896283012  0.0449935923223  -9999.0  -9999.0  -9999.0  -9999.0  -9999.0  -9999.0  -9999.0  -9999.0  -9999.0  -9999.0  -9999.0  -9999.0  -9999.0  -9999.0  -9999.0  -9999.0  -9999.0  -9999.0
-9999.0  -9999.0  -9999.0  -9999.0  -9999.0  -9999.0  -9999.0  -9999.0  -9999.0  -9999.0  -9999.0  -9999.0  -9999.0  -9999.0  -9999.0  -9999.0  -9999.0  -9999.0  -9999.0  -9999.0  -9999.0  -9999.0  -9999.0  -9999.0  -9999.0  -9999.0  -9999.0  -9999.0  -9999.0  0.447252057141  0.521678231494  0.569599461789  2.28809732178  5.70281307939  2.87765388971  0.515394257005  2.11240964627  2.60845991176  0.449838045557  4.07926114676  4.46312547467  1.22967600666  1.94663437042  0.36738285102  0.653758123844  0.283639529167  0.234490465478  0.232150218562  19.7602549129  19.9406710386  20.0871863398  0.733740365277  21.2053673824  21.3324573141  21.4336490276  21.5345467699  21.6872312472  32.4902358411  32.6475642407  0.250667503576  0.420667668881  0.112205140841  -9999.0  -9999.0  -9999.0  -9999.0  -9999.0  -9999.0  -9999.0  -9999.0  -9999.0  -9999.0  -9999.0  -9999.0  -9999.0  -9999.0  -9999.0  -9999.0  -9999.0  -9999.0
-9999.0  -9999.0  -9999.0  -9999.0  -9999.0  -9999.0  -9999.0  -9999.0  -9999.0  -9999.0  -9999.0  -9999.0  -9999.0  -9999.0  -9999.0  -9999.0  -9999.0  -9999.0  -9999.0  -9999.0  -9999.0  -9999.0  -9999.0  -9999.0  -9999.0  -9999.0  -9999.0  -9999.0  -9999.0  -9999.0  -9999.0  0.580256106418  1.19153639231  1.18209170394  1.15229336086  1.11847341921  1.6505090334  2.7043375557  3.16243071101  3.65489372409  0.425763750128  0.861591601766  0.374086458753  0.333589731407  12.3518772463  14.9446049987  15.4973413038  15.7607167284  19.5783945073  0.218250939067  0.399868856985  0.615988835538  3.48587948284  3.6173069681  3.72792290621  8.28019295113  9.94742016398  10.6895328225  0.14882369323  0.133948915677  0.257011052658  0.0641274797696  -9999.0  -9999.0  -9999.0  -9999.0  -9999.0  -9999.0  -9999.0  -9999.0  -9999.0  -9999.0  -9999.0  -9999.0  -9999.0  -9999.0  -9999.0  -9999.0  -9999.0  -9999.0
-9999.0  -9999.0  -9999.0  -9999.0  -9999.0  -9999.0  -9999.0  -9999.0  -9999.0  -9999.0  -9999.0  -9999.0  -9999.0  -9999.0  -9999.0  -9999.0  -9999.0  -9999.0  -9999.0  -9999.0  -9999.0  -9999.0  -9999.0  -9999.0  -9999.0  -9999.0  -9999.0  -9999.0  -9999.0  -9999.0  -9999.0  -9999.0  0.606028152004  0.603136676464  0.582658842101  0.563657422004  1.12105288512  2.19462101374  2.06258073268  2.51627248504  2.90625859005  6.69545326332  7.05837734405  11.8250588967  12.126109758  2.35726062376  0.279405886176  3.32759283104  3.57116668225  1.39414923254  2.69351977574  3.14887212842  3.34361582039  0.171596848311  4.45754774628  8.64386664628  9.86256713582  0.151224212325  0.474579974843  0.0806743930735  0.197161529242  -9999.0  -9999.0  -9999.0  -9999.0  -9999.0  -9999.0  -9999.0  -9999.0  -9999.0  -9999.0  -9999.0  -9999.0  -9999.0  -9999.0  -9999.0  -9999.0  -9999.0  -9999.0  -9999.0
-9999.0  -9999.0  -9999.0  -9999.0  -9999.0  -9999.0  -9999.0  -9999.0  -9999.0  -9999.0  -9999.0  -9999.0  -9999.0  -9999.0  -9999.0  -9999.0  -9999.0  -9999.0  -9999.0  -9999.0  -9999.0  -9999.0  -9999.0  -9999.0  -9999.0  -9999.0  -9999.0  -9999.0  -9999.0  -9999.0  -9999.0  -9999.0  -9999.0  -9999.0  -9999.0  0.596316021371  0.550749823148  0.543182370616  1.58188485577  1.49748030955  2.92487339942  3.40083261653  0.427920439157  4.38903645195  1.69739172694  2.0602717374  2.10019280726  3.07531463368  0.872979439656  0.279731712514  1.11701233685  0.264671090319  2.41893098746  2.88357168083  4.14066867044  0.193484016231  0.687325705642  0.228701875918  0.241829611103  0.0716511978656  0.135460291902  -9999.0  -9999.0  -9999.0  -9999.0  -9999.0  -9999.0  -9999.0  -9999.0  -9999.0  -9999.0  -9999.0  -9999.0  -9999.0  -9999.0  -9999.0  -9999.0  -9999.0  -9999.0  -9999.0
-9999.0  -9999.0  -9999.0  -9999.0  -9999.0  -9999.0  -9999.0  -9999.0  -9999.0  -9999.0  -9999.0  -9999.0  -9999.0  -9999.0  -9999.0  -9999.0  -9999.0  -9999.0  -9999.0  -9999.0  -9999.0  -9999.0  -9999.0  -9999.0  -9999.0  -9999.0  -9999.0  -9999.0  -9999.0  -9999.0  -9999.0  -9999.0  -9999.0  -9999.0  -9999.0  -9999.0  -9999.0  0.533397183942  0.495694873084  1.00413499498  0.97879609493  2.59196141738  3.51217188873  0.925536910775  1.31168359886  1.10943484561  1.79719403819  0.667972722294  0.61556548775  0.610358759149  0.262531430334  1.43016081447  2.19811156736  0.250096073691  1.03716966364  0.356916034656  0.150915641879  0.0799723965603  0.0750976234157  0.0798378984251  -9999.0  -9999.0  -9999.0  -9999.0  -9999.0  -9999.0  -9999.0  -9999.0  -9999.0  -9999.0  -9999.0  -9999.0  -9999.0  -9999.0  -9999.0  -9999.0  -9999.0  -9999.0  -9999.0  -9999.0
-9999.0  -9999.0  -9999.0  -9999.0  -9999.0  -9999.0  -9999.0  -9999.0  -9999.0  -9999.0  -9999.0  -9999.0  -9999.0  -9999.0  -9999.0  -9999.0  -9999.0  -9999.0  -9999.0  -9999.0  -9999.0  -9999.0  -9999.0  -9999.0  -9999.0  -9999.0  -9999.0  -9999.0  -9999.0  -9999.0  -9999.0  -9999.0  -9999.0  -9999.0  -9999.0  -9999.0  -9999.0  -9999.0  -9999.0  0.507090493559  1.08674663522  2.11898662001  0.479241007927  0.475541610033  0.379500619172  0.771686098192  0.353857815873  0.339975249781  0.324896159909  0.322480460535  0.601795340411  1.18884883055  0.545691740691  0.562480058436  0.811989447182  0.179515039001  0.0738012474855  -9999.0  -9999.0  -9999.0  -9999.0  -9999.0  -9999.0  -9999.0  -9999.0  -9999.0  -9999.0  -9999.0  -9999.0  -9999.0  -9999.0  -9999.0  -9999.0  -9999.0  -9999.0  -9999.0  -9999.0  -9999.0  -9999.0  -9999.0
-9999.0  -9999.0  -9999.0  -9999.0  -9999.0  -9999.0  -9999.0  -9999.0  -9999.0  -9999.0  -9999.0  -9999.0  -9999.0  -9999.0  -9999.0  -9999.0  -9999.0  -9999.0  -9999.0  -9999.0  -9999.0  -9999.0  -9999.0  -9999.0  -9999.0  -9999.0  -9999.0  -9999.0  -9999.0  -9999.0  -9999.0  -9999.0  -9999.0  -9999.0  -9999.0  -9999.0  -9999.0  -9999.0  -9999.0  -9999.0  0.535621868636  0.508026117322  -9999.0  -9999.0  -9999.0  -9999.0  -9999.0  -9999.0  -9999.0  -9999.0  0.305029367204  0.289367386388  0.256734489479  0.266590785224  -9999.0  -9999.0  -9999.0  -9999.0  -9999.0  -9999.0  -9999.0  -9999.0  -9999.0  -9999.0  -9999.0  -9999.0  -9999.0  -9999.0  -9999.0  -9999.0  -9999.0  -9999.0  -9999.0  -9999.0  -9999.0  -9999.0  -9999.0  -9999.0  -9999.0  -9999.0
-9999.0  -9999.0  -9999.0  -9999.0  -9999.0  -9999.0  -9999.0  -9999.0  -9999.0  -9999.0  -9999.0  -9999.0  -9999.0  -9999.0  -9999.0  -9999.0  -9999.0  -9999.0  -9999.0  -9999.0  -9999.0  -9999.0  -9999.0  -9999.0  -9999.0  -9999.0  -9999.0  -9999.0  -9999.0  -9999.0  -9999.0  -9999.0  -9999.0  -9999.0  -9999.0  -9999.0  -9999.0  -9999.0  -9999.0  -9999.0  -9999.0  -9999.0  -9999.0  -9999.0  -9999.0  -9999.0  -9999.0  -9999.0  -9999.0  -9999.0  -9999.0  -9999.0  -9999.0  -9999.0  -9999.0  -9999.0  -9999.0  -9999.0  -9999.0  -9999.0  -9999.0  -9999.0  -9999.0  -9999.0  -9999.0  -9999.0  -9999.0  -9999.0  -9999.0  -9999.0  -9999.0  -9999.0  -9999.0  -9999.0  -9999.0  -9999.0  -9999.0  -9999.0  -9999.0  -9999.0
-9999.0  -9999.0  -9999.0  -9999.0  -9999.0  -9999.0  -9999.0  -9999.0  -9999.0  -9999.0  -9999.0  -9999.0  -9999.0  -9999.0  -9999.0  -9999.0  -9999.0  -9999.0  -9999.0  -9999.0  -9999.0  -9999.0  -9999.0  -9999.0  -9999.0  -9999.0  -9999.0  -9999.0  -9999.0  -9999.0  -9999.0  -9999.0  -9999.0  -9999.0  -9999.0  -9999.0  -9999.0  -9999.0  -9999.0  -9999.0  -9999.0  -9999.0  -9999.0  -9999.0  -9999.0  -9999.0  -9999.0  -9999.0  -9999.0  -9999.0  -9999.0  -9999.0  -9999.0  -9999.0  -9999.0  -9999.0  -9999.0  -9999.0  -9999.0  -9999.0  -9999.0  -9999.0  -9999.0  -9999.0  -9999.0  -9999.0  -9999.0  -9999.0  -9999.0  -9999.0  -9999.0  -9999.0  -9999.0  -9999.0  -9999.0  -9999.0  -9999.0  -9999.0  -9999.0  -9999.0
-9999.0  -9999.0  -9999.0  -9999.0  -9999.0  -9999.0  -9999.0  -9999.0  -9999.0  -9999.0  -9999.0  -9999.0  -9999.0  -9999.0  -9999.0  -9999.0  -9999.0  -9999.0  -9999.0  -9999.0  -9999.0  -9999.0  -9999.0  -9999.0  -9999.0  -9999.0  -9999.0  -9999.0  -9999.0  -9999.0  -9999.0  -9999.0  -9999.0  -9999.0  -9999.0  -9999.0  -9999.0  -9999.0  -9999.0  -9999.0  -9999.0  -9999.0  -9999.0  -9999.0  -9999.0  -9999.0  -9999.0  -9999.0  -9999.0  -9999.0  -9999.0  -9999.0  -9999.0  -9999.0  -9999.0  -9999.0  -9999.0  -9999.0  -9999.0  -9999.0  -9999.0  -9999.0  -9999.0  -9999.0  -9999.0  -9999.0  -9999.0  -9999.0  -9999.0  -9999.0  -9999.0  -9999.0  -9999.0  -9999.0  -9999.0  -9999.0  -9999.0  -9999.0  -9999.0  -9999.0
-9999.0  -9999.0  -9999.0  -9999.0  -9999.0  -9999.0  -9999.0  -9999.0  -9999.0  -9999.0  -9999.0  -9999.0  -9999.0  -9999.0  -9999.0  -9999.0  -9999.0  -9999.0  -9999.0  -9999.0  -9999.0  -9999.0  -9999.0  -9999.0  -9999.0  -9999.0  -9999.0  -9999.0  -9999.0  -9999.0  -9999.0  -9999.0  -9999.0  -9999.0  -9999.0  -9999.0  -9999.0  -9999.0  -9999.0  -9999.0  -9999.0  -9999.0  -9999.0  -9999.0  -9999.0  -9999.0  -9999.0  -9999.0  -9999.0  -9999.0  -9999.0  -9999.0  -9999.0  -9999.0  -9999.0  -9999.0  -9999.0  -9999.0  -9999.0  -9999.0  -9999.0  -9999.0  -9999.0  -9999.0  -9999.0  -9999.0  -9999.0  -9999.0  -9999.0  -9999.0  -9999.0  -9999.0  -9999.0  -9999.0  -9999.0  -9999.0  -9999.0  -9999.0  -9999.0  -9999.0
-9999.0  -9999.0  -9999.0  -9999.0  -9999.0  -9999.0  -9999.0  -9999.0  -9999.0  -9999.0  -9999.0  -9999.0  -9999.0  -9999.0  -9999.0  -9999.0  -9999.0  -9999.0  -9999.0  -9999.0  -9999.0  -9999.0  -9999.0  -9999.0  -9999.0  -9999.0  -9999.0  -9999.0  -9999.0  -9999.0  -9999.0  -9999.0  -9999.0  -9999.0  -9999.0  -9999.0  -9999.0  -9999.0  -9999.0  -9999.0  -9999.0  -9999.0  -9999.0  -9999.0  -9999.0  -9999.0  -9999.0  -9999.0  -9999.0  -9999.0  -9999.0  -9999.0  -9999.0  -9999.0  -9999.0  -9999.0  -9999.0  -9999.0  -9999.0  -9999.0  -9999.0  -9999.0  -9999.0  -9999.0  -9999.0  -9999.0  -9999.0  -9999.0  -9999.0  -9999.0  -9999.0  -9999.0  -9999.0  -9999.0  -9999.0  -9999.0  -9999.0  -9999.0  -9999.0  -9999.0
-9999.0  -9999.0  -9999.0  -9999.0  -9999.0  -9999.0  -9999.0  -9999.0  -9999.0  -9999.0  -9999.0  -9999.0  -9999.0  -9999.0  -9999.0  -9999.0  -9999.0  -9999.0  -9999.0  -9999.0  -9999.0  -9999.0  -9999.0  -9999.0  -9999.0  -9999.0  -9999.0  -9999.0  -9999.0  -9999.0  -9999.0  -9999.0  -9999.0  -9999.0  -9999.0  -9999.0  -9999.0  -9999.0  -9999.0  -9999.0  -9999.0  -9999.0  -9999.0  -9999.0  -9999.0  -9999.0  -9999.0  -9999.0  -9999.0  -9999.0  -9999.0  -9999.0  -9999.0  -9999.0  -9999.0  -9999.0  -9999.0  -9999.0  -9999.0  -9999.0  -9999.0  -9999.0  -9999.0  -9999.0  -9999.0  -9999.0  -9999.0  -9999.0  -9999.0  -9999.0  -9999.0  -9999.0  -9999.0  -9999.0  -9999.0  -9999.0  -9999.0  -9999.0  -9999.0  -9999.0
