ncols                  80
nrows                 72
xllcorner      4374000.0
yllcorner      5656000.0
cellsize            500
NODATA_value       -9999
-9999.0  -9999.0  -9999.0  -9999.0  -9999.0  -9999.0  -9999.0  -9999.0  -9999.0  -9999.0  -9999.0  -9999.0  0.597487256324  0.614924090332  -9999.0  -9999.0  -9999.0  -9999.0  -9999.0  -9999.0  -9999.0  -9999.0  -9999.0  -9999.0  -9999.0  -9999.0  -9999.0  -9999.0  -9999.0  -9999.0  -9999.0  -9999.0  -9999.0  -9999.0  -9999.0  -9999.0  -9999.0  -9999.0  -9999.0  -9999.0  -9999.0  -9999.0  -9999.0  -9999.0  -9999.0  -9999.0  -9999.0  -9999.0  -9999.0  -9999.0  -9999.0  -9999.0  -9999.0  -9999.0  -9999.0  -9999.0  -9999.0  -9999.0  -9999.0  -9999.0  -9999.0  -9999.0  -9999.0  -9999.0  -9999.0  -9999.0  -9999.0  -9999.0  -9999.0  -9999.0  -9999.0  -9999.0  -9999.0  -9999.0  -9999.0  -9999.0  -9999.0  -9999.0  -9999.0  -9999.0
-9999.0  -9999.0  -9999.0  -9999.0  -9999.0  -9999.0  -9999.0  -9999.0  -9999.0  -9999.0  -9999.0  -9999.0  1.10271602082  2.74770209977  0.503187420268  -9999.0  0.480296959711  -9999.0  -9999.0  -9999.0  -9999.0  -9999.0  -9999.0  -9999.0  -9999.0  -9999.0  -9999.0  -9999.0  -9999.0  -9999.0  -9999.0  -9999.0  -9999.0  -9999.0  -9999.0  -9999.0  -9999.0  -9999.0  -9999.0  -9999.0  -9999.0  -9999.0  -9999.0  -9999.0  -9999.0  -9999.0  -9999.0  -9999.0  -9999.0  -9999.0  -9999.0  -9999.0  -9999.0  -9999.0  -9999.0  -9999.0  -9999.0  -9999.0  -9999.0  -9999.0  -9999.0  -9999.0  -9999.0  -9999.0  -9999.0  -9999.0  -9999.0  -9999.0  -9999.0  -9999.0  -9999.0  -9999.0  -9999.0  -9999.0  -9999.0  -9999.0  -9999.0  -9999.0  -9999.0  -9999.0
-9999.0  -9999.0  -9999.0  -9999.0  -9999.0  -9999.0  -9999.0  -9999.0  -9999.0  -9999.0  0.47699416962  0.449404551107  0.481080213906  0.47702318063  3.63928684026  4.12816909418  1.36016126533  0.446350563067  -9999.0  -9999.0  -9999.0  -9999.0  -9999.0  -9999.0  -9999.0  -9999.0  -9999.0  -9999.0  -9999.0  -9999.0  -9999.0  -9999.0  -9999.0  -9999.0  -9999.0  -9999.0  -9999.0  -9999.0  -9999.0  -9999.0  -9999.0  -9999.0  -9999.0  -9999.0  -9999.0  -9999.0  -9999.0  -9999.0  -9999.0  -9999.0  -9999.0  -9999.0  -9999.0  -9999.0  -9999.0  -9999.0  -9999.0  -9999.0  -9999.0  -9999.0  -9999.0  -9999.0  -9999.0  -9999.0  -9999.0  -9999.0  -9999.0  -9999.0  -9999.0  -9999.0  -9999.0  -9999.0  -9999.0  -9999.0  -9999.0  -9999.0  -9999.0  -9999.0  -9999.0  -9999.0
-9999.0  -9999.0  -9999.0  -9999.0  -9999.0  -9999.0  -9999.0  -9999.0  -9999.0  0.448596813009  0.939466098254  1.85694584148  0.930267590038  0.452190092623  0.895209913508  4.57044640784  6.85179484973  0.448568642597  -9999.0  0.472236048221  -9999.0  -9999.0  -9999.0  -9999.0  0.938759850991  0.490090409294  -9999.0  -9999.0  -9999.0  -9999.0  -9999.0  -9999.0  -9999.0  -9999.0  -9999.0  -9999.0  -9999.0  -9999.0  -9999.0  -9999.0  -9999.0  -9999.0  -9999.0  -9999.0  -9999.0  -9999.0  -9999.0  -9999.0  -9999.0  -9999.0  -9999.0  -9999.0  -9999.0  -9999.0  -9999.0  -9999.0  -9999.0  -9999.0  -9999.0  -9999.0  -9999.0  -9999.0  -9999.0  -9999.0  -9999.0  -9999.0  -9999.0  -9999.0  -9999.0  -9999.0  -9999.0  -9999.0  -9999.0  -9999.0  -9999.0  -9999.0  -9999.0  -9999.0  -9999.0  -9999.0
-9999.0  -9999.0  -9999.0  -9999.0  -9999.0  -9999.0  -9999.0  -9999.0  0.503187850728  1.42421624874  1.86221123742  2.31817320005  3.23285152933  0.431831358725  1.73199191754  2.15027141051  9.88229355109  0.41136009247  0.406318146246  0.891373233853  1.30250984257  0.4273282675  -9999.0  2.31242295525  1.90160830217  0.491993948683  -9999.0  -9999.0  -9999.0  -9999.0  -9999.0  -9999.0  -9999.0  -9999.0  -9999.0  -9999.0  -9999.0  -9999.0  -9999.0  -9999.0  -9999.0  -9999.0  -9999.0  -9999.0  -9999.0  -9999.0  -9999.0  -9999.0  -9999.0  -9999.0  -9999.0  -9999.0  -9999.0  -9999.0  -9999.0  -9999.0  -9999.0  -9999.0  -9999.0  -9999.0  -9999.0  -9999.0  -9999.0  -9999.0  -9999.0  -9999.0  -9999.0  -9999.0  -9999.0  -9999.0  -9999.0  -9999.0  -9999.0  -9999.0  -9999.0  -9999.0  -9999.0  -9999.0  -9999.0  -9999.0
-9999.0  -9999.0  -9999.0  -9999.0  -9999.0  -9999.0  0.517730905156  0.480471618045  0.444055768983  0.45210669511  0.463447461541  3.26853055275  6.96441880193  7.41945686843  7.76468025883  0.308903963376  10.6504936863  11.0800895623  0.812019213471  0.417165477656  1.70702389654  2.96582845047  0.495271164058  3.7188128543  0.433278632101  0.450367213902  0.448858004747  -9999.0  -9999.0  -9999.0  -9999.0  -9999.0  -9999.0  -9999.0  -9999.0  -9999.0  -9999.0  -9999.0  -9999.0  -9999.0  -9999.0  -9999.0  -9999.0  -9999.0  -9999.0  -9999.0  -9999.0  -9999.0  -9999.0  -9999.0  -9999.0  -9999.0  -9999.0  -9999.0  -9999.0  -9999.0  -9999.0  -9999.0  -9999.0  -9999.0  -9999.0  -9999.0  -9999.0  -9999.0  -9999.0  -9999.0  -9999.0  -9999.0  -9999.0  -9999.0  -9999.0  -9999.0  -9999.0  -9999.0  -9999.0  -9999.0  -9999.0  -9999.0  -9999.0  -9999.0
-9999.0  -9999.0  -9999.0  -9999.0  -9999.0  -9999.0  1.04030742618  1.53755249726  3.47362034742  4.80044756739  0.423573903621  0.45038647953  0.433434607256  1.23558624491  9.38151296228  0.33996579183  11.4638409916  12.9577940489  1.17458988178  0.793657888812  3.34874465679  0.411240544782  4.12484583445  0.871494644717  0.428715890106  0.838147254509  0.885202737592  0.447162052905  0.465750973873  0.454520547349  0.481254347907  0.962100097938  -9999.0  -9999.0  -9999.0  -9999.0  -9999.0  -9999.0  -9999.0  -9999.0  -9999.0  -9999.0  -9999.0  -9999.0  -9999.0  -9999.0  -9999.0  -9999.0  -9999.0  -9999.0  -9999.0  -9999.0  -9999.0  -9999.0  -9999.0  -9999.0  -9999.0  -9999.0  -9999.0  -9999.0  -9999.0  -9999.0  -9999.0  -9999.0  -9999.0  -9999.0  -9999.0  -9999.0  -9999.0  -9999.0  -9999.0  -9999.0  -9999.0  -9999.0  -9999.0  -9999.0  -9999.0  -9999.0  -9999.0  -9999.0
-9999.0  -9999.0  -9999.0  -9999.0  -9999.0  0.564461275143  1.0947012805  0.524405558213  1.01951885681  5.29410848838  6.19102208599  7.09886383382  23.2760220045  0.399162457974  9.7955380296  36.3207233055  36.6113217304  50.0669321646  0.313290697246  1.16202282548  3.73320064736  0.380804349217  8.84594813221  4.32466114787  2.64779245863  2.19161336744  0.447891196916  1.32360602363  1.36243106757  0.906750471003  0.440647329788  1.41457580166  0.43430952343  0.426884599553  -9999.0  -9999.0  -9999.0  -9999.0  -9999.0  -9999.0  -9999.0  -9999.0  -9999.0  -9999.0  -9999.0  -9999.0  -9999.0  -9999.0  -9999.0  -9999.0  -9999.0  -9999.0  -9999.0  -9999.0  -9999.0  -9999.0  -9999.0  -9999.0  -9999.0  -9999.0  -9999.0  -9999.0  -9999.0  -9999.0  -9999.0  -9999.0  -9999.0  -9999.0  -9999.0  -9999.0  -9999.0  -9999.0  -9999.0  -9999.0  -9999.0  -9999.0  -9999.0  -9999.0  -9999.0  -9999.0
-9999.0  -9999.0  -9999.0  -9999.0  -9999.0  0.577170106826  1.68164980514  3.32284628212  3.83692415727  7.62774835406  8.11541539639  9.6308087037  15.7647378644  24.50658854  25.3928746675  25.799524681  0.730060036299  51.3555731006  52.0056728089  53.9252946229  68.0643547873  10.0203159801  9.25576498258  3.0513670081  0.401548400716  2.5439638689  1.72301128435  0.36529181291  1.76551124707  0.386441169079  0.798966716928  2.22277358373  2.64113574713  0.838111548998  0.408674268926  0.403248209525  -9999.0  -9999.0  -9999.0  -9999.0  0.441315832533  0.393165008817  -9999.0  -9999.0  -9999.0  -9999.0  -9999.0  -9999.0  -9999.0  -9999.0  -9999.0  -9999.0  -9999.0  -9999.0  -9999.0  -9999.0  -9999.0  -9999.0  -9999.0  -9999.0  -9999.0  -9999.0  -9999.0  -9999.0  -9999.0  -9999.0  -9999.0  -9999.0  -9999.0  -9999.0  -9999.0  -9999.0  -9999.0  -9999.0  -9999.0  -9999.0  -9999.0  -9999.0  -9999.0  -9999.0
-9999.0  -9999.0  -9999.0  -9999.0  -9999.0  0.560730591732  0.535855782311  2.23076138536  2.75274333584  3.28898244609  0.513118422281  1.01746078167  5.7840336047  0.988727730578  0.485275344074  0.435863700922  0.389336193929  0.415056056135  0.397066989696  0.434808381172  68.4736052415  69.6225490227  0.378317001546  1.16839958959  0.795944209056  2.95574924989  0.776713858383  0.367799637304  2.16664926179  0.749852039528  1.82207227894  4.6575388829  4.28874922817  1.23333298662  1.18026156969  0.416075223002  0.412872763368  -9999.0  -9999.0  0.417094200467  0.909475876466  2.12278716715  0.412583118726  -9999.0  -9999.0  -9999.0  -9999.0  -9999.0  -9999.0  -9999.0  -9999.0  -9999.0  -9999.0  -9999.0  -9999.0  -9999.0  -9999.0  -9999.0  -9999.0  -9999.0  -9999.0  -9999.0  -9999.0  -9999.0  -9999.0  -9999.0  -9999.0  -9999.0  -9999.0  -9999.0  -9999.0  -9999.0  -9999.0  -9999.0  -9999.0  -9999.0  -9999.0  -9999.0  -9999.0  -9999.0
-9999.0  -9999.0  -9999.0  -9999.0  -9999.0  -9999.0  0.586966666419  0.580730809983  1.1141280624  1.65837460395  3.75914308516  4.81048505659  5.31077749563  0.49805515999  0.436619891476  5.75478252146  7.06022404259  7.46909877611  9.21028288301  9.60937267123  0.392946750959  70.0222110693  71.884221353  1.47250250173  0.184988855288  3.2768931532  7.30898179812  2.89337502958  0.717196575874  0.366690506179  7.21219742018  5.0353671046  0.35803345072  0.37896846789  1.581238625  1.21392393034  0.390941508787  0.357471590988  0.402060113645  0.81131495946  0.388629921417  2.56744585365  2.95147391397  0.349145917003  -9999.0  -9999.0  -9999.0  -9999.0  0.395876018913  0.37591956786  0.119152999416  -9999.0  -9999.0  -9999.0  -9999.0  -9999.0  -9999.0  -9999.0  -9999.0  -9999.0  -9999.0  -9999.0  -9999.0  -9999.0  -9999.0  -9999.0  -9999.0  -9999.0  -9999.0  -9999.0  -9999.0  -9999.0  -9999.0  -9999.0  -9999.0  -9999.0  -9999.0  -9999.0  -9999.0  -9999.0
-9999.0  -9999.0  -9999.0  -9999.0  -9999.0  -9999.0  -9999.0  0.564032696912  0.492090889818  1.04859224873  1.59255459548  0.528630545411  0.445321246279  2.98497884904  3.92407180377  4.88902610548  0.454985399575  0.903098163626  0.445756425885  10.023878921  22.5418745671  22.963287282  95.6543604238  0.372153062936  0.574114751159  0.179099833065  7.70385061379  0.352994705138  1.09270976727  0.360259624535  7.56396156158  7.91306782444  0.723045553479  0.738589218966  3.96833057398  1.99587066576  0.799361452976  0.397908668122  0.801263980673  1.20587350276  1.95606068844  0.359965177647  3.62588153071  3.90947398746  0.250580426624  0.260958098857  0.288422863238  0.258960981576  0.246543878303  1.08276376031  0.409860983878  0.262640441907  -9999.0  -9999.0  -9999.0  -9999.0  -9999.0  -9999.0  -9999.0  -9999.0  -9999.0  -9999.0  -9999.0  -9999.0  -9999.0  -9999.0  -9999.0  -9999.0  -9999.0  -9999.0  -9999.0  -9999.0  -9999.0  -9999.0  -9999.0  -9999.0  -9999.0  -9999.0  -9999.0  -9999.0
-9999.0  -9999.0  -9999.0  -9999.0  -9999.0  -9999.0  -9999.0  -9999.0  1.04325863411  1.50982060497  0.530925338684  1.07787905294  1.5853422311  2.55564911295  0.532215158914  0.503883085555  0.438840417478  0.442158147707  0.402564907811  11.6822251741  0.453693084567  0.88618941263  96.966324488  97.721492942  0.282632748949  1.14637298053  9.16991839736  0.69684448399  1.41433034148  0.644058829844  0.997971135518  9.28802806968  1.05299506118  5.71444711897  4.64786484712  0.343020888519  1.93289542971  0.769380137467  1.16549127272  0.378560232416  2.35023296463  3.03247282461  3.271286757  3.49626467829  4.83708498476  0.464424951015  0.509982563306  0.462343244361  0.43495475841  1.33201963617  0.279589129993  0.943061498876  1.16818289084  -9999.0  -9999.0  -9999.0  -9999.0  -9999.0  -9999.0  -9999.0  -9999.0  -9999.0  -9999.0  -9999.0  -9999.0  -9999.0  -9999.0  -9999.0  -9999.0  -9999.0  -9999.0  -9999.0  -9999.0  -9999.0  -9999.0  -9999.0  -9999.0  -9999.0  -9999.0  -9999.0
-9999.0  -9999.0  -9999.0  -9999.0  -9999.0  -9999.0  -9999.0  -9999.0  0.566684978796  2.63397935377  3.15366619897  0.519829248823  1.01833746665  0.49772281241  0.465747762456  0.459702999648  5.68669272944  7.52038000963  9.33365031699  11.2256728505  0.480671968641  0.441219220718  0.401612075427  99.6165286528  100.450658007  100.743334804  12.2854865263  2.80055780433  2.45473202867  0.308315029204  1.2578042577  10.8543172607  0.267778611842  6.02692374066  0.349158953522  2.47673609309  2.3044476349  0.365979140204  1.52904765323  0.739468688105  1.09414825395  0.328924114966  0.218860918847  3.71805442825  3.91985066386  5.03826033088  0.72971334137  0.670441747526  0.640518926793  1.62642176872  2.19226388818  0.282496798391  1.43092832768  0.316017064686  0.580638810004  0.27204487176  -9999.0  -9999.0  -9999.0  -9999.0  -9999.0  -9999.0  -9999.0  -9999.0  -9999.0  -9999.0  -9999.0  -9999.0  -9999.0  -9999.0  -9999.0  -9999.0  -9999.0  -9999.0  -9999.0  -9999.0  -9999.0  -9999.0  -9999.0  -9999.0
-9999.0  -9999.0  -9999.0  -9999.0  -9999.0  -9999.0  -9999.0  -9999.0  -9999.0  0.580117895774  3.69815293581  4.21315663231  1.52174581766  2.51103572474  3.43594996938  3.89575877864  0.467808395273  1.39478340185  0.931962721308  0.478129761868  0.473646663997  0.434509831428  0.853763725584  1.41799170468  0.447585301339  113.823049926  114.101166379  0.25863336241  0.246491431291  0.644176579125  0.971307770961  11.7766519226  0.593407946596  6.30365226303  3.75677454547  3.11562248354  0.34423940169  0.701921484204  1.85755088982  0.328277102431  1.41488451132  0.665967731481  0.369337008008  0.140853938016  4.40725669011  9.60703774736  0.875737800797  0.82162952919  0.859145693627  0.230696132822  2.4218942471  0.223467762041  1.92573925416  0.257462293916  0.839260785979  1.27411794996  0.127110559906  0.131681752831  0.171230959667  0.188978682806  0.114495533282  -9999.0  -9999.0  0.0668172987959  0.0284554668066  -9999.0  -9999.0  -9999.0  -9999.0  -9999.0  -9999.0  -9999.0  -9999.0  -9999.0  -9999.0  -9999.0  -9999.0  -9999.0  -9999.0  -9999.0
-9999.0  -9999.0  -9999.0  -9999.0  -9999.0  -9999.0  -9999.0  -9999.0  -9999.0  -9999.0  0.515204466574  5.25078610266  0.500870160613  0.995730766355  1.44044628587  2.3128149977  0.442234193802  0.919290954658  0.456344366214  0.423493084229  0.407104047584  0.810791082969  0.346591075457  0.35146815787  0.664839148419  0.398245188383  114.441714516  114.972774108  115.795441175  1.22853297871  0.306787333841  0.612308497406  12.0941874193  11.5702198968  4.4187571413  0.324754366334  1.37771078479  1.03776650328  2.18683526181  0.655711477423  2.72599120827  0.98339769965  0.609503212454  0.0717662045487  0.157849142035  9.8245076691  10.0295849119  11.9078246939  1.6030287812  0.498584289617  2.66987417586  3.1365651795  5.25385401614  0.491171361452  0.238805064436  1.42821786698  1.68053285974  0.125322362809  0.241706079649  0.470567487508  0.22560033511  0.11144616786  0.113968672352  0.134399430514  0.061554883064  0.0285580874579  -9999.0  -9999.0  -9999.0  -9999.0  -9999.0  -9999.0  -9999.0  -9999.0  -9999.0  -9999.0  -9999.0  -9999.0  -9999.0  -9999.0
-9999.0  -9999.0  -9999.0  -9999.0  -9999.0  -9999.0  -9999.0  -9999.0  -9999.0  -9999.0  -9999.0  0.260679263788  5.78751705754  0.444680594959  0.886568199453  4.09102879341  0.460145684754  0.455693092112  0.428284122137  0.865828488466  0.450114623168  1.71530939693  2.4872295682  2.83597955196  0.984687229176  1.23003648929  0.269706755047  0.352670235698  0.345712827566  117.6873171  118.532431741  12.351424844  12.070884774  11.833533541  0.540461947234  0.253800694298  1.68036475488  4.47856835623  2.49587902348  0.961345663827  3.98296830399  1.18174591361  0.903658584695  0.145813116621  0.0625604497082  0.069428255266  0.0814080159182  12.366134459  14.6195508452  0.250604050935  0.193200602985  0.267381932604  5.51059989613  6.22353267342  0.422709111171  0.162549943913  1.75883748466  0.171042026575  0.461478947297  1.01301190065  1.33095673514  1.54055352174  0.427406057178  0.225192978489  0.119542012061  0.0643817039107  0.0948863712761  -9999.0  -9999.0  -9999.0  -9999.0  -9999.0  -9999.0  -9999.0  -9999.0  -9999.0  -9999.0  -9999.0  -9999.0  -9999.0
-9999.0  -9999.0  -9999.0  -9999.0  -9999.0  -9999.0  -9999.0  -9999.0  -9999.0  -9999.0  -9999.0  0.248616172789  6.38539101383  7.89184996739  0.45297712363  5.01903232512  0.42976890313  0.406750934162  0.847383526262  2.14002577461  0.417657374349  0.436243768507  0.381163123294  3.58071661218  3.90782433417  5.54802643603  6.11783548072  6.39361840932  6.63832860799  6.97105178069  125.797844327  138.575125394  151.062057289  151.246704437  0.240789540322  0.272656646607  5.08655350527  4.78422166256  0.304467869779  0.295035565723  4.25911663645  5.73574409433  0.239487442849  2.22987635733  2.06216615552  0.344182870227  0.171850421056  0.294238092877  0.213207851888  14.9831819461  0.18090941327  0.616985874794  0.748623968445  7.36432272913  7.85869269364  8.15632120791  9.97714615368  0.0574508509652  0.0481614998931  0.0430440368315  0.0402938038158  1.66275446766  2.18188793774  0.0990831378328  0.288904426132  0.108729265668  0.163676205429  0.0289488817847  0.0198894776218  -9999.0  -9999.0  -9999.0  -9999.0  -9999.0  -9999.0  -9999.0  -9999.0  -9999.0  -9999.0  -9999.0
-9999.0  -9999.0  -9999.0  -9999.0  -9999.0  -9999.0  -9999.0  -9999.0  -9999.0  -9999.0  -9999.0  0.544452250788  1.04460481904  8.38191301601  9.28756186206  0.469790594155  5.91774618979  0.354380446469  1.12250875222  2.52626502665  0.808154308575  0.388834115721  0.839472881572  0.339263241503  0.648456050838  0.319720530616  0.280679332938  0.204205537475  0.163288154274  0.132978772095  0.111930716795  0.167449241894  0.252027625652  0.282264177292  151.987085314  5.7934916909  5.39374563409  0.147326213116  0.851615106856  0.238645276932  0.199351088348  6.00197282792  9.04753638235  2.52643762707  1.92066158914  0.195949637838  0.0799768306725  0.0716212728483  0.233371835099  15.4099389477  15.7488183014  0.175520001827  0.177067616069  0.128812091425  0.0770550803396  0.142426731345  10.1630750285  10.2697046233  10.3666919326  0.0989559268295  0.0546774202441  0.0443918415082  2.23522029861  2.38695839863  0.337360334796  0.0695772077398  0.22928298275  0.0647169347649  0.0373282401621  -9999.0  -9999.0  -9999.0  -9999.0  -9999.0  -9999.0  -9999.0  -9999.0  -9999.0  -9999.0  -9999.0
-9999.0  -9999.0  -9999.0  -9999.0  -9999.0  -9999.0  -9999.0  -9999.0  -9999.0  -9999.0  -9999.0  -9999.0  0.471235819435  6.39837985131  16.1472343227  17.5017805639  23.8847279962  24.3574554117  5.66388835433  4.12556643862  1.20287233261  0.383938646661  1.59879951225  1.99037372978  2.96472015537  0.65280378283  0.590763267671  0.519470629154  0.986482605176  0.431764674086  0.391604393999  0.208548757136  0.0826047576121  0.101290214263  152.22028931  158.236574927  158.418546791  0.141648774323  2.16729932871  1.01352251286  0.295202086866  9.94669020427  0.635491716417  0.327784132318  1.33419017598  0.248996844374  0.192613107456  0.354741630133  0.506753443024  0.682975089791  16.0465995593  0.132508876705  0.116019046928  0.112761089406  0.0751785515741  0.0634160314199  0.163954484288  0.192058669779  10.6403144386  10.9787036611  0.203245181928  0.101460986371  0.0603692973883  0.0464414325151  2.86911191005  3.72441177947  0.702902490499  0.25408544228  0.112506482885  -9999.0  -9999.0  -9999.0  -9999.0  -9999.0  -9999.0  -9999.0  -9999.0  -9999.0  -9999.0  -9999.0
-9999.0  -9999.0  -9999.0  -9999.0  -9999.0  -9999.0  -9999.0  -9999.0  -9999.0  -9999.0  -9999.0  0.517240536888  4.88037779593  5.91440737434  0.940221249138  0.280521217433  0.627652714204  25.4120493129  25.8396649384  31.9416919648  0.348421227772  0.729257600729  0.320343579828  0.324337777261  3.27745880888  4.242231103  5.11469024865  0.282483719256  1.26578131555  1.97231020538  1.12131079647  0.471845310868  0.282065303138  0.206358631952  0.193560893726  0.100401476105  158.561250612  158.6727479  161.0458113  0.45094880485  0.253852163723  10.1988506765  0.688654210116  0.350995765224  0.376159045396  0.372906734934  0.338728937758  0.53774930143  1.56174763694  2.42556279003  18.6115171369  0.0983192364977  0.29890501979  0.200229750574  0.15482268228  0.0817846538836  0.0702622024836  0.0544717548374  0.0351493942879  11.0471493694  0.0231868392358  0.0867766290181  0.0299366419555  0.0325126654912  0.0633994623812  3.80419598264  0.130499710671  0.034732296493  0.045450241552  0.0200777880258  -9999.0  -9999.0  -9999.0  -9999.0  -9999.0  -9999.0  -9999.0  -9999.0  -9999.0  -9999.0
-9999.0  -9999.0  -9999.0  -9999.0  -9999.0  -9999.0  -9999.0  -9999.0  -9999.0  -9999.0  -9999.0  0.528015272592  3.38732519584  0.528917395127  0.464643077261  2.43205109445  2.84537300671  3.25694983007  3.64074994184  43.2132225536  43.529056229  44.1845298372  49.15631691  50.0481767299  50.505446182  50.8264996919  56.4216843096  57.0528372162  57.333157224  59.6009669063  61.0238142462  61.2907859553  62.0025420437  0.45339504935  0.330971235395  0.0533410870015  0.057433507312  158.799192576  161.757139139  0.606973292205  11.9622637063  11.720516016  1.25586615605  0.303594497508  0.309431493768  0.29433601211  0.30035641826  0.602401771469  0.843389266156  0.225209136267  18.7458407098  18.882312162  19.5003691552  19.6110899238  19.8687351628  20.0464686326  0.071134363345  0.084521348148  0.0506994426322  11.0874691788  11.1428880268  11.2641508089  11.3764129684  0.0540327186632  4.10172791575  3.98692174301  0.0913390323095  1.34412335535  1.30557299994  0.0575814647875  0.0356783783912  -9999.0  -9999.0  -9999.0  -9999.0  -9999.0  -9999.0  -9999.0  -9999.0  -9999.0
-9999.0  -9999.0  -9999.0  -9999.0  -9999.0  -9999.0  -9999.0  -9999.0  -9999.0  -9999.0  -9999.0  1.75048195082  2.3120567144  1.07280196792  1.57133986646  0.490995636197  5.67362242464  6.09984081012  6.94946516616  7.24788968111  2.78207470085  47.4880771631  47.7913172521  0.231388077805  0.135394096239  0.0999994212877  0.25145912009  0.113686226078  0.0766896197451  0.0733612740885  0.101110911244  61.4729781593  62.2106027438  62.9332348412  63.4937921181  63.7229740043  0.0881049472508  0.0306625907954  174.178365217  12.3221161351  12.2137732517  0.284319526893  0.278568115238  0.216931249847  0.51559187539  0.507284317811  0.234626147301  0.25218091221  0.232980951922  0.455677874439  0.604400834413  0.0963155951911  0.174897679455  0.0727395479717  0.0317060846317  20.0890834476  20.2180118372  20.3810178019  20.5174189211  20.5905442999  20.6554418066  20.6827336251  0.0252997966401  11.4779324481  0.0653235414663  5.63499201736  1.46351892058  0.126317176103  1.22699269174  1.07890044611  0.0403850860884  -9999.0  -9999.0  -9999.0  -9999.0  -9999.0  -9999.0  -9999.0  -9999.0  -9999.0
-9999.0  -9999.0  -9999.0  -9999.0  -9999.0  -9999.0  -9999.0  -9999.0  -9999.0  -9999.0  -9999.0  -9999.0  1.18200042958  0.552543709555  0.505743469547  4.81139160709  5.2568424129  0.448957427933  1.75296921266  2.14614034919  2.46844145999  0.359061834028  0.240940003001  6.86702799206  7.05091123545  7.21686463715  18.6662299052  18.7683725799  18.9103652219  19.8434509931  20.2623256371  20.3254747525  0.0673480341725  0.0709353003358  0.0950833350785  63.8766978708  0.0590060994241  176.109989571  176.010298499  1.74685939319  1.61279938746  1.06467333403  0.260711856881  0.465393332962  0.751610416734  0.743924017111  0.446139664109  0.242504385008  0.469609210893  0.469363757147  0.809313347648  0.144931939611  0.291475552544  0.480386280518  0.541385509838  0.573154081014  0.029160040477  0.0293849762916  0.0282001653287  0.0286463589026  0.0328162376424  20.7281026456  20.8047522315  32.3124870654  32.351014749  6.20245609823  0.477247378755  0.322926150154  0.0851739947268  1.00653919433  0.969206311406  -9999.0  -9999.0  -9999.0  -9999.0  -9999.0  -9999.0  -9999.0  -9999.0  -9999.0
-9999.0  -9999.0  -9999.0  -9999.0  -9999.0  -9999.0  -9999.0  -9999.0  -9999.0  -9999.0  -9999.0  -9999.0  0.609712844627  1.6788757002  2.19587575676  3.82374121722  0.452442561797  0.912836548222  1.34238147334  5.34114365871  5.6549656704  5.8184770842  6.09808796423  6.4097224831  10.1117293875  10.9553144867  11.3241294859  0.111995103719  0.786275466503  0.8740356153  20.0377821053  20.3998840089  20.5588548164  20.7233178886  20.8742540911  84.8283289697  0.0734105781406  176.403363225  0.129047627142  0.0523295846021  1.36971917502  1.24635556808  0.153607559799  0.672899371242  0.991224501958  0.974610070789  0.642066723458  1.06737233518  1.7050985854  0.661241364982  1.64732187408  0.127204387714  0.186259749138  0.0182853736576  0.0137063431863  0.619599348613  0.633741034321  0.0478098367564  0.0494524567392  0.0751078342406  0.0248290599252  0.0300555868058  0.0490888401675  43.0237435058  42.9805602011  10.5275616091  0.132091602574  0.773532879886  0.605291757972  0.387736645766  0.943222370413  0.696931973641  -9999.0  -9999.0  -9999.0  -9999.0  -9999.0  -9999.0  -9999.0  -9999.0
-9999.0  -9999.0  -9999.0  -9999.0  -9999.0  -9999.0  -9999.0  -9999.0  -9999.0  -9999.0  -9999.0  -9999.0  0.559055044779  1.11723460136  0.531993281463  1.11772515017  0.48417698292  3.58887457131  4.45396188178  4.92829942961  0.391964209393  0.739967882842  7.86037891982  9.59022508621  9.8632515851  0.586975498608  0.472815331799  0.638890094772  0.0749346754818  0.0669716051484  0.124300297743  0.0764189439724  13.1034675549  13.2120963733  13.2648586724  85.0208178877  177.09664135  176.454972022  0.0738823374757  0.0377494022881  0.0349196156813  0.23638433874  0.205247956005  0.764069036892  1.15260369122  2.33713226875  0.211651158908  0.210124327842  1.86693301981  2.03151003296  3.98229167758  4.05532571062  4.26024784967  4.29403097944  0.026901552132  0.042341968811  0.6595015474  44.49098373  43.7637833469  43.6736054593  43.5146052546  0.0304294213699  43.3116948783  0.0881442309126  0.0704352340301  4.16093965562  1.2208842952  1.17151930218  0.220885527404  0.24075384539  0.179406394243  0.654420533952  -9999.0  -9999.0  -9999.0  -9999.0  -9999.0  -9999.0  -9999.0  -9999.0
-9999.0  -9999.0  -9999.0  -9999.0  -9999.0  -9999.0  -9999.0  -9999.0  -9999.0  -9999.0  -9999.0  -9999.0  -9999.0  0.543321626622  1.08407744938  1.62915174087  2.62626879277  0.500311208962  0.444948241133  3.50931276068  3.89929209139  7.23577324921  7.63908255273  1.14769089473  0.328757736481  0.276915818172  0.236615928673  12.5971887116  12.7218333927  12.8076797191  12.8680238758  13.0111377018  1.27735735432  1.35874975856  14.6743669068  276.915469294  0.461579834749  0.303655914546  0.131703885623  0.0424634061261  0.0309957517215  0.300801000341  0.320728767265  0.820038396304  0.0296982712254  2.38775117413  0.31371270127  0.304908937993  0.0318526804109  0.0181707115954  0.0150358714328  0.0245775587476  0.0151215910219  4.31495630092  50.9847829386  46.5961579672  46.4703458851  44.5249662353  0.0193054607873  0.0331245073819  0.0317886371278  43.355500791  0.0834896304337  0.0379360683197  0.0514362588446  0.0484757070361  2.84379311116  2.75515902683  0.398676289911  0.204994598022  0.257502066973  0.25739131568  -9999.0  -9999.0  -9999.0  -9999.0  -9999.0  -9999.0  -9999.0  -9999.0
-9999.0  -9999.0  -9999.0  -9999.0  -9999.0  -9999.0  -9999.0  -9999.0  -9999.0  -9999.0  -9999.0  -9999.0  -9999.0  -9999.0  0.510899091013  1.08410676742  1.62534208231  2.16770694919  2.62003848344  3.08554452759  1.30986947939  2.17935783593  0.395428233227  0.386730160434  11.0647360799  11.7851328236  12.0843452981  12.3958243568  0.191690807825  0.323270819608  0.93697378673  1.03599260421  1.14655297559  0.107442240805  0.0723214524499  277.314306  0.15391391182  0.12017917166  0.0562134321203  0.215693936492  0.10526632266  0.0471495933422  1.18295719582  1.23003964154  0.0284972443342  2.42274043969  2.7503557405  0.31947064385  52.0437130942  51.9957633703  51.9576790383  51.8652416801  51.8153224949  51.1957098901  51.1501936725  0.101536498109  1.91912155807  1.83164847172  1.75765226206  1.73924138104  1.12896703606  1.11089877524  1.06714603091  0.312957400072  0.2897185566  0.190969118565  0.0520973327884  2.62889385119  2.39520596088  0.190346738265  0.34978878962  0.155393197508  -9999.0  -9999.0  -9999.0  -9999.0  -9999.0  -9999.0  -9999.0  -9999.0
-9999.0  -9999.0  -9999.0  -9999.0  -9999.0  -9999.0  -9999.0  -9999.0  -9999.0  -9999.0  -9999.0  -9999.0  -9999.0  -9999.0  0.176761069191  0.378777006577  0.543315437706  5.77047145016  6.23529825563  0.472108471489  0.434250601103  0.435992958123  9.53958605571  10.336987654  0.369925065579  0.398784062215  0.302492599409  1.2344137992  1.52581936169  0.609682179607  0.782717637732  7.23983959518  7.41879169438  7.74562287122  11.6781332371  289.132296844  0.145371440534  0.0434346530751  0.348719101497  0.285944061315  0.0498567679806  0.1488109531  0.196039137275  1.27706282508  1.31531353518  4.15573271864  2.78177070169  0.361563575045  52.8735074106  0.288966482409  51.9213169051  51.8949186664  0.578111706759  0.0827142624172  0.0831629277229  0.0390818337878  0.0342415554886  0.0590284951071  0.0288684814778  0.593373197948  0.506245044847  0.027621300983  0.736194486133  0.0871124780064  0.0601176206286  0.142612793789  0.0667412368684  0.19523864171  1.84961197332  1.56163297322  0.153853643468  0.180469840091  0.0854873169962  -9999.0  -9999.0  -9999.0  -9999.0  -9999.0  -9999.0  -9999.0
-9999.0  -9999.0  -9999.0  -9999.0  -9999.0  -9999.0  -9999.0  -9999.0  -9999.0  -9999.0  -9999.0  -9999.0  -9999.0  -9999.0  0.886044351374  1.46794473892  2.92652191643  5.20838087139  6.77394692865  7.83840006992  8.30816269329  8.75456478068  9.17258632477  0.388380080336  0.324812486058  0.644954698834  0.617154793794  0.323088532523  6.35024046589  6.63359841295  6.88974462916  7.13353756331  3.56555544657  3.65645199931  3.83701131989  289.253887055  0.28371547981  0.102431187704  0.512605572439  0.0721109851665  0.108475758867  0.0602954342916  0.0440624665325  0.245824333902  0.0309359489442  0.0318828507422  57.2165660185  53.0337132728  52.9987324522  0.133712087868  0.269680019023  0.167023160857  0.0314187272121  0.451411494834  0.105013107019  0.0858612299805  0.0652090419702  0.0460207527324  0.0262569118921  0.0647892850877  0.482535775205  0.41261993923  0.346141116568  0.615917618156  0.590716782921  0.573175218729  0.0418464341421  0.110213445893  0.117365006533  1.09727250908  0.874595283721  0.509024297948  0.0682004910641  -9999.0  -9999.0  -9999.0  -9999.0  -9999.0  -9999.0  -9999.0
-9999.0  -9999.0  -9999.0  -9999.0  -9999.0  -9999.0  -9999.0  -9999.0  -9999.0  -9999.0  -9999.0  -9999.0  -9999.0  -9999.0  0.607354374718  0.595284037594  1.18126509712  1.74730675449  0.520228125439  0.511353114051  0.963786277309  1.40320935292  2.21106128421  2.62762891885  2.96486700385  3.94784247804  4.22650189078  4.55561948806  0.2744312615  2.94900782098  3.16556806146  3.32398994238  0.092082903389  0.0431056790739  0.0950508144436  293.1373185  293.251580819  293.703600988  0.741283136132  0.157473158038  0.151118805364  0.0342441245003  0.0780473146124  0.282892176365  0.342746636402  0.0569404451391  57.3613245353  0.0466854361766  0.0710760444257  0.0790392187971  0.0594392357319  0.105623038226  0.0429416082876  0.325509192317  0.23183346435  0.161224671009  0.0796993711673  0.0560766337694  0.0313480584934  0.0375894169097  0.0428415440564  0.0434930169637  0.319213111569  0.252892139242  0.188979071596  0.115451712836  0.548098412123  0.445454324742  0.123180191891  0.159551280373  0.112171449292  0.252063213938  0.108539025787  -9999.0  -9999.0  -9999.0  -9999.0  -9999.0  -9999.0  -9999.0
-9999.0  -9999.0  -9999.0  -9999.0  -9999.0  -9999.0  -9999.0  -9999.0  -9999.0  -9999.0  -9999.0  -9999.0  -9999.0  -9999.0  -9999.0  0.586097006642  1.1389068593  0.507940138294  1.02195858125  6.44017166293  6.91054416146  7.32703791609  0.399352513944  0.402775130929  0.761323001131  1.10249904129  1.65985049308  1.96166567301  2.14883094468  2.4046086257  0.209213398993  0.166942562798  3.43532901927  3.47591625625  3.56252138192  3.66567698812  3.27074096374  297.404187226  298.71790263  298.804714548  299.034502394  299.305165323  299.42018017  0.0271000788298  0.370930147706  57.3880466162  0.0564106179063  0.028930554962  0.0376925670799  0.0395412711774  0.0684551623888  0.0590889268149  0.0343349844892  0.0548372791564  0.0455950204383  0.0604837909848  0.0250626620402  0.0186795293522  0.0687000186062  0.0493324426506  0.0266310390834  0.0260128800501  0.0296459551235  0.0320203340239  0.0384207259061  0.0792660684995  0.0774829461867  0.192380540527  0.0576138255517  0.236803882381  0.0934866771422  0.0882999705211  -9999.0  -9999.0  -9999.0  -9999.0  -9999.0  -9999.0  -9999.0  -9999.0
-9999.0  -9999.0  -9999.0  -9999.0  -9999.0  -9999.0  -9999.0  -9999.0  -9999.0  -9999.0  -9999.0  -9999.0  -9999.0  -9999.0  -9999.0  -9999.0  1.68742289455  2.2153882852  3.79993984125  4.91318829117  0.548395140546  8.38260572392  8.77486836331  9.14172289055  0.349619975515  0.677508742664  0.272245400961  2.19947798002  2.3759995321  2.61387351842  2.82226245499  3.3321808644  3.37525105612  0.0367957436224  2.84807784665  3.05837567226  3.17142736177  3.58317353507  0.462601585527  0.269181336909  0.136571941655  0.136003869952  299.530781454  299.574437956  300.176680656  57.4122633877  0.166880171277  0.090443343212  0.0622339281999  0.0199517523197  0.190701795488  0.0969715345013  0.0299037505101  0.166626410792  0.141309442432  0.024282185173  0.139310163276  0.125532122853  0.089866770209  0.0190262285558  0.0569129787955  0.0420252121263  0.0169809056688  0.054118445427  0.0370320173263  0.0555273429576  0.0590719546052  0.0311558700101  0.0877915884686  0.920792841077  0.53568115948  0.336965404766  0.138312138905  -9999.0  -9999.0  -9999.0  -9999.0  -9999.0  -9999.0  -9999.0
-9999.0  -9999.0  -9999.0  -9999.0  -9999.0  -9999.0  -9999.0  -9999.0  -9999.0  -9999.0  -9999.0  -9999.0  -9999.0  -9999.0  -9999.0  -9999.0  0.554759683552  2.75740218187  3.30585923963  0.577040703866  0.447203884516  0.909822472655  1.35136498562  10.9080870993  0.349010182485  1.39033451489  1.6843279159  1.96165633309  0.176867076861  0.39890906715  0.506992994797  2.28711345731  2.4958484554  2.60099125423  0.108103277689  0.0968557234439  0.104723039573  0.195555246242  0.0799605427195  0.0832859564526  0.0949977130887  0.109820809649  0.100959815342  0.196930506981  300.226452217  357.743784161  0.197808348138  0.0611108033754  0.0199824493668  0.583933089692  0.540356246268  0.31757606301  0.284412885766  0.210505468541  0.0526278088692  0.0358657548622  0.153063649983  0.0679646590053  0.0531178466124  0.0164317543085  0.0802007233288  0.159448205962  0.123286557805  0.0786550370756  0.0368765283948  0.160867803182  0.123769234793  0.0640796054012  1.11658549026  1.09328749073  0.0977431143034  0.0901591230275  0.081637031683  0.075490733878  -9999.0  -9999.0  -9999.0  -9999.0  -9999.0  -9999.0
-9999.0  -9999.0  -9999.0  -9999.0  -9999.0  -9999.0  -9999.0  -9999.0  -9999.0  -9999.0  -9999.0  -9999.0  -9999.0  -9999.0  -9999.0  0.51930564706  1.56235853695  0.499206856092  0.558937246471  0.510168743123  0.952614393773  1.39378281694  1.8079862246  13.1442127527  13.4817640956  0.346760398787  0.647520595244  0.957710866722  1.17914288771  1.39204464754  1.97266083662  2.1745418333  0.074235548835  0.109070865694  0.0992214947601  0.0813073815902  0.0944771977222  0.112347702744  0.100257178012  0.155743626896  0.324214522036  0.158667266241  0.0402265514925  0.0390036489684  0.0327964784854  0.0606365867583  359.568218717  1.53623085947  0.708474048658  0.0759523748322  0.0374674182171  0.024038711383  0.0791391969338  0.0525007220756  0.0259959329479  0.0257308180478  0.204724855515  0.29148539219  0.318714594611  0.0123968072038  0.289473676461  0.191178966239  0.0222048610307  0.0197063686376  0.0516136571111  0.385513362382  0.178457723367  0.100764807613  1.15787295471  0.0467346476158  0.0543147306622  0.31337117761  0.159350084649  0.267940163968  0.114064094672  -9999.0  -9999.0  -9999.0  -9999.0  -9999.0
-9999.0  -9999.0  -9999.0  -9999.0  -9999.0  -9999.0  -9999.0  -9999.0  -9999.0  -9999.0  -9999.0  -9999.0  -9999.0  -9999.0  0.562429047643  1.05468664598  3.61590199107  0.473626904193  1.09547336916  1.59173486481  2.04004259897  0.46450001823  0.857945951429  1.30288698809  15.1649640739  0.327489167507  0.607131320441  0.879908719252  0.259897157774  0.507526625719  0.574596026405  0.746041659322  23.9629946798  24.1579618164  24.322484337  24.9622050984  25.2606109412  25.7797042225  0.126431111446  0.320313877127  0.370036974061  27.1674760553  27.239089934  0.0355001541228  0.0586190545916  0.0810350196042  359.616288511  1.40914494494  0.600136320574  0.550680421468  0.493111599057  0.448956846082  0.104895787264  0.0265791614548  0.0481956944636  0.0232966773623  0.0263201943335  0.0472906189362  0.339892601218  0.666910609562  0.312741549669  0.0616302026958  0.0422548881634  0.0306573626235  0.56009517249  0.470057220391  0.0442228418845  1.34606957709  1.20534407997  0.0902333256079  0.5679673459  0.368763949128  0.399039173529  0.342867453521  0.0732285874757  -9999.0  -9999.0  -9999.0  -9999.0  -9999.0
-9999.0  -9999.0  -9999.0  -9999.0  -9999.0  -9999.0  -9999.0  -9999.0  -9999.0  -9999.0  -9999.0  -9999.0  -9999.0  -9999.0  0.568691397238  1.70975532197  5.87355168158  8.69783405139  0.416119996861  11.1873669038  13.6769703496  0.436029313874  0.827637610389  1.26596084231  18.7613285091  19.1067553816  0.217820295113  1.30853722303  1.50905418495  1.69541189287  22.7046506646  22.959405673  23.1388696307  0.087003778755  0.489556438945  0.570559773489  0.219202416404  0.303007196221  26.2119044311  26.6513260226  26.7110771301  26.7660367064  27.2973324735  0.0280403530015  0.0245097618244  0.126565212388  359.66010975  0.0489098759652  0.00602294125763  0.0170122210399  0.00730291631222  0.390115693995  0.360279776659  0.215106744223  0.150226053068  0.0598264033834  0.0252982289915  0.0684041016263  0.0155550114195  0.680543553965  0.093505934967  0.0774762239106  0.0144934429582  0.0465064643418  0.581789688332  0.0154481235017  0.019000460659  1.37020392048  0.0281440457903  0.649577040774  0.613934110348  0.541024519798  0.499678406472  0.0486075962889  0.189875536195  0.0609270673783  -9999.0  -9999.0  -9999.0  -9999.0
-9999.0  -9999.0  -9999.0  -9999.0  -9999.0  -9999.0  -9999.0  -9999.0  -9999.0  -9999.0  -9999.0  -9999.0  -9999.0  -9999.0  -9999.0  -9999.0  1.1616325368  2.32927231728  10.2245536804  10.7548783439  14.1375297168  14.5959157752  0.416915459231  0.833886267841  1.96434760615  19.4316212209  19.9139809603  20.0829606585  0.118589621684  20.656848056  20.9106257098  0.165687779334  0.0908663777159  0.179166901339  0.342091819921  0.0796833851511  0.151281377732  0.318527406122  0.384682348821  0.0695917438126  0.0440050947333  0.0839527792507  27.6712202538  27.7867323557  27.8086048094  27.9990040106  359.699689103  0.038259034429  0.00354330433515  0.00407971312361  0.00420202334095  0.00437828057687  0.00397137010413  0.00721861017329  0.0240049416496  0.0533221365815  0.0284684331422  0.0268920961871  0.113465184762  0.837332834834  0.947743222489  0.968333088514  1.04632674422  0.0157491886062  0.597349224866  0.068467476867  0.0373037376894  1.38530003411  1.42913831632  0.679288749884  0.72104726712  0.586281715738  0.346124246539  0.300064279051  0.250979614564  -9999.0  -9999.0  -9999.0  -9999.0  -9999.0
-9999.0  -9999.0  -9999.0  -9999.0  -9999.0  -9999.0  -9999.0  -9999.0  -9999.0  -9999.0  -9999.0  -9999.0  -9999.0  -9999.0  -9999.0  -9999.0  0.604356211713  0.589733434406  0.55497651312  1.051051108  0.435292492434  15.4729456306  15.8858911627  0.406170585094  0.773175748049  0.310924748986  0.225839154722  0.216161605641  20.4198247433  0.0761373257785  0.151262452311  0.105649887386  0.101363703107  0.0836539352325  0.0606219029188  0.0636192955611  0.194437707187  0.268233930024  0.0481687044318  0.0404184840822  0.0878702165399  0.148870883345  0.23229164956  0.0718484446992  27.8468446447  28.0210659112  359.731545168  0.0935003500848  0.0124827207089  0.00198283067745  0.0058675311805  0.00171708869421  0.00146716080331  0.00886950386017  0.117319607052  0.07054614294  0.0156814367212  0.0150618158771  0.0428456053358  0.0253298192914  0.0142377253241  0.0185472668365  0.0195122642572  1.80148952461  0.680947649195  0.014453527282  0.0235751673978  0.011208896526  3.380916389  1.93927798609  1.92108636915  0.64076886869  0.418309346173  0.0379039124445  -9999.0  -9999.0  -9999.0  -9999.0  -9999.0  -9999.0
-9999.0  -9999.0  -9999.0  -9999.0  -9999.0  -9999.0  -9999.0  -9999.0  -9999.0  -9999.0  -9999.0  -9999.0  -9999.0  -9999.0  -9999.0  -9999.0  -9999.0  -9999.0  0.57801058227  1.5671324203  1.99322340205  2.42217402854  16.306380002  16.7338171497  17.1264888559  17.5061220146  17.7147741994  18.1467665465  18.2268705389  18.2936036481  18.3656779632  0.0893798726935  0.0815597942269  0.0842870861818  0.276577187622  0.0726949403823  0.0678877149026  0.0512261683644  0.14617893058  0.0555259749688  0.0415027442622  0.0383106879653  0.0337785885049  0.0674057556397  0.0961730017641  28.2107840302  388.068986273  0.0406045271976  0.065198667329  0.00148846109326  0.00801106112996  0.00446248072265  0.00295523914508  0.2233959212  0.198546996216  0.0533581450602  0.0309275827898  0.0730981075512  0.016185505402  0.0422191652114  0.0258901401887  0.0504422012765  0.0176260218134  0.0222290250859  1.81900462959  1.87296167295  3.84473335793  3.82390215176  3.80762770673  0.0173981039639  0.520065744238  0.501148284589  0.0537200857325  -9999.0  -9999.0  -9999.0  -9999.0  -9999.0  -9999.0  -9999.0
-9999.0  -9999.0  -9999.0  -9999.0  -9999.0  -9999.0  -9999.0  -9999.0  -9999.0  -9999.0  -9999.0  -9999.0  -9999.0  -9999.0  -9999.0  -9999.0  -9999.0  -9999.0  -9999.0  0.47520423234  3.78969059363  7.21873256314  7.63544849058  0.513693772017  0.918052887525  1.29347879665  1.55681133156  3.46920709818  3.56664371983  0.0949616015212  0.0893668305961  18.5378878651  18.6904882115  18.7639744498  0.325441651219  0.0388891865675  0.0993855923356  0.146990721182  0.451117557792  0.555132506486  0.633593890172  0.0716177063339  0.0993252278184  0.0330566907694  0.0654512446159  0.0335982054603  388.138676846  0.0262916162197  0.122403208208  0.0225614448778  0.0441358263687  0.185372392898  0.204513767378  0.446434942538  0.206581332051  0.181988724425  0.123447471371  0.112082260268  0.0270169031259  0.0529837273641  0.0684630945104  0.0586298657204  0.00767980569906  5.8807031853  5.84813543801  5.82774115665  3.90059432081  0.0261318183036  0.383256112171  0.272798994111  0.178636556958  0.11183437254  0.0188262043119  -9999.0  -9999.0  -9999.0  -9999.0  -9999.0  -9999.0  -9999.0
-9999.0  -9999.0  -9999.0  -9999.0  -9999.0  -9999.0  -9999.0  -9999.0  -9999.0  -9999.0  -9999.0  -9999.0  -9999.0  -9999.0  -9999.0  -9999.0  -9999.0  -9999.0  0.534695582828  1.70945809034  3.33016106569  4.33600521578  10.6906263337  11.1628723468  0.789233236017  1.15281788358  1.454711702  1.70958793759  3.65223826358  3.8408403366  6.51982249933  6.74491823555  6.81872697735  18.8297251281  19.2964181616  0.0952968646985  0.0656610967995  0.0610958069187  0.113938182351  0.0509610442734  0.733708010937  0.770580377237  0.12952414359  0.184969321311  0.0346045949907  92.8533948654  92.9206304083  481.105072587  481.275269706  0.0359750381921  0.120777987858  0.0451179113735  0.0286292698167  0.49356559682  0.718522784411  0.162503053284  0.137875842184  0.0254759510312  0.0136127438279  0.0661676723422  6.01170819646  5.93225651438  5.92081041891  5.90204951055  0.0244584653879  0.0206800468948  0.0208526873179  0.0277029203713  0.0877353789774  0.0581338908912  0.0510612212122  0.0762375421186  0.02313047623  -9999.0  -9999.0  -9999.0  -9999.0  -9999.0  -9999.0  -9999.0
-9999.0  -9999.0  -9999.0  -9999.0  -9999.0  -9999.0  -9999.0  -9999.0  -9999.0  -9999.0  -9999.0  -9999.0  -9999.0  -9999.0  -9999.0  -9999.0  -9999.0  -9999.0  -9999.0  0.612907056401  0.589733303166  1.10802833568  2.60561868342  11.6269698089  0.408088215666  0.403666288427  0.684451388645  0.995363672125  2.25900011838  2.38470797495  0.106343710012  0.152638848989  6.92649566299  6.98986434413  26.3499911149  26.4033611414  0.0311640354851  0.0273872311276  0.0225049710597  0.0227073776086  0.0267043681526  92.0446275542  92.2784977489  92.5378997369  92.6460753619  92.8050836234  0.0373414326137  0.135801343442  0.156746960018  481.499964516  481.529654448  481.607743832  481.678713272  481.747686806  0.742214888132  0.0105861617557  0.0483014626637  0.0384315339038  0.0102084660083  0.0763319260354  6.04667585594  0.0222836209363  0.00991199211722  0.0796741614445  0.0703711234016  0.0574839005491  0.0438903463695  0.0264629615242  0.033980919187  0.0317296230305  0.0262790606463  0.0281762129695  -9999.0  -9999.0  -9999.0  -9999.0  -9999.0  -9999.0  -9999.0  -9999.0
-9999.0  -9999.0  -9999.0  -9999.0  -9999.0  -9999.0  -9999.0  -9999.0  -9999.0  -9999.0  -9999.0  -9999.0  -9999.0  -9999.0  -9999.0  -9999.0  -9999.0  -9999.0  -9999.0  -9999.0  0.535545793453  0.563369432015  1.03221260558  13.6337115428  14.0560005684  0.395696705653  0.682723294022  1.00271641841  1.16187011561  0.126802379636  0.277283704231  27.0796157985  27.1595052932  27.2625296443  27.9684471247  54.4596161906  90.559367451  90.6445384708  90.7184220146  90.790273552  91.1247812852  91.2359695184  0.191263618962  0.0823490025551  0.0508215503851  0.0946427257834  0.0673066093364  0.107570388164  0.0329482039662  0.795308231505  0.879476776549  0.968550057676  0.979371793393  481.774373609  482.558296724  482.656677264  0.0605550579612  0.00939809931427  0.105978419211  0.0874871612477  6.07187086524  0.0127958220651  0.205789077431  0.114730362141  0.103107927769  0.0731481090948  0.0359005963055  0.040600838353  0.0207332461731  -9999.0  -9999.0  -9999.0  -9999.0  -9999.0  -9999.0  -9999.0  -9999.0  -9999.0  -9999.0  -9999.0
-9999.0  -9999.0  -9999.0  -9999.0  -9999.0  -9999.0  -9999.0  -9999.0  -9999.0  -9999.0  -9999.0  -9999.0  -9999.0  -9999.0  -9999.0  -9999.0  -9999.0  -9999.0  -9999.0  -9999.0  -9999.0  0.545388151487  1.03640892185  1.5317502562  14.4580790588  0.381268278604  19.2215755147  19.5557211196  19.686172264  19.8549907914  26.4696689081  26.6429159361  0.0869946363859  0.52022044155  0.614973203016  0.0790217634133  36.0194774697  35.8747510996  0.040994191667  0.0979926935659  0.26712955799  0.0601622876478  0.0626535002417  0.0415465427909  0.0347161492859  0.0270065088618  0.0314133383308  0.697780619103  0.730483594012  0.770483355414  0.0641239319887  0.071888837566  1.01522210272  1.02963571198  1.03770969364  482.681958223  482.707526563  0.130924475775  0.114035772834  6.30837043635  6.30000677152  0.217175783378  0.0198982007267  0.00931698902178  0.171296440016  0.144028713272  0.107523376647  0.0605196372194  0.0305145439157  0.0140333471527  -9999.0  -9999.0  -9999.0  -9999.0  -9999.0  -9999.0  -9999.0  -9999.0  -9999.0  -9999.0
-9999.0  -9999.0  -9999.0  -9999.0  -9999.0  -9999.0  -9999.0  -9999.0  -9999.0  -9999.0  -9999.0  -9999.0  -9999.0  -9999.0  -9999.0  -9999.0  -9999.0  -9999.0  -9999.0  -9999.0  -9999.0  0.494057909684  0.455195171214  2.37029046543  17.727694615  18.5482762974  18.9273458051  0.287295867193  6.3107909566  6.42185880776  6.48717228767  0.161325583868  0.259375531064  0.334566727213  8.19882407732  8.26087295768  8.31236985934  35.7847110746  22.9715645524  0.0542716594732  0.0579748902595  0.0548194430532  0.0413831809577  0.438674663103  0.518315662336  0.587925091477  0.626581835652  0.663675983476  6.45359814362  6.47971428305  6.53050692024  6.67126116228  7.00849257522  7.01942200473  8.06782090722  0.00831955740822  482.732119023  482.758665389  0.140296870603  6.31585446165  0.0181395794581  0.00940492082538  0.0311607964489  0.274713370444  0.267409324721  0.0681582145976  0.0345654726496  0.0777623804694  0.0485127370729  0.0138868951673  0.0116118522282  0.0114139736858  -9999.0  -9999.0  -9999.0  -9999.0  -9999.0  -9999.0  -9999.0  -9999.0
-9999.0  -9999.0  -9999.0  -9999.0  -9999.0  -9999.0  -9999.0  -9999.0  -9999.0  -9999.0  -9999.0  -9999.0  -9999.0  -9999.0  -9999.0  -9999.0  -9999.0  -9999.0  -9999.0  -9999.0  -9999.0  -9999.0  0.9581173533  1.46030104359  0.457987398695  0.411945200235  5.39457081113  5.69426623781  5.87143808143  1.73154799278  1.81321292252  1.91485974897  2.01054430996  8.05754981639  8.15094963265  4.32651086434  12.704883867  12.764744342  22.9301879443  0.11435314972  0.0583734346774  0.0393425065318  0.306812348585  0.358793300125  0.0282989800644  0.0259335675335  6.33415798654  6.39827854117  6.42901052675  0.0633433019015  0.0993054965473  6.9738789877  0.0183680059982  0.0657342386065  0.0735468345894  8.15755299116  8.16572675243  8.25406970764  491.177549216  6.34159060915  0.342786990306  0.33502895452  0.324168471208  0.281505453259  0.0101795914771  0.131014062388  0.109158647792  0.0429512833549  0.0162558246603  0.0237278677571  0.0519111272994  0.0291571543217  -9999.0  -9999.0  -9999.0  -9999.0  -9999.0  -9999.0  -9999.0  -9999.0
-9999.0  -9999.0  -9999.0  -9999.0  -9999.0  -9999.0  -9999.0  -9999.0  -9999.0  -9999.0  -9999.0  -9999.0  -9999.0  -9999.0  -9999.0  -9999.0  -9999.0  -9999.0  -9999.0  -9999.0  -9999.0  -9999.0  0.476880001846  0.941334720516  3.79085493344  4.2538483184  4.6565320389  1.4378087571  1.64699933452  0.0913143336145  5.80140881452  5.87907897605  5.95809817481  0.0878590414606  4.15603967977  4.2540096593  0.0650914886854  22.6289978346  0.133606113517  0.0671737418161  0.168208123778  0.226824909731  0.0416610605652  0.0336761362869  5.99124737754  6.27583553989  6.31406216713  0.0397252329555  0.0834279196354  0.106224457201  0.126185246522  0.252579591789  0.0246264209739  0.0537264821968  0.0111169163541  0.0218687456538  8.23643410357  8.24569097324  491.204111229  497.945846456  0.37382870579  0.0220919036093  0.0114149655416  0.0183143169164  0.00673275366587  0.139863122021  0.0905842839091  0.0697337546235  0.164455026744  0.138560363961  0.0954314081586  0.0216153807055  0.0113923915074  -9999.0  -9999.0  -9999.0  -9999.0  -9999.0  -9999.0  -9999.0
-9999.0  -9999.0  -9999.0  -9999.0  -9999.0  -9999.0  -9999.0  -9999.0  -9999.0  -9999.0  -9999.0  -9999.0  -9999.0  -9999.0  -9999.0  -9999.0  -9999.0  -9999.0  -9999.0  -9999.0  -9999.0  -9999.0  0.469826984121  1.44590969199  2.42075138654  0.484382257763  0.861848717974  1.17605844349  5.40944840453  5.54859330066  5.63461550111  0.076099429113  3.68545062836  3.91064896395  3.99384740181  0.0502537792715  22.3449514111  22.5045349326  0.0716458065161  0.0638425204221  0.124457840137  0.0476975168014  5.76754197125  5.850616254  5.89978243845  0.184915521786  0.224243468564  0.033745855124  0.0598058596319  0.0262908979176  0.184047036678  0.0269752172055  0.0140078822878  0.0139642884406  0.0141172720433  0.0286855883767  0.0390994320483  31.6100259524  31.6405328603  529.635509426  529.673562662  529.706310138  0.0160542296001  0.297347154024  0.272470931341  0.119008132798  0.114022807999  0.0155094976405  0.200907646721  0.0126374512295  0.0112424063803  0.00933256656281  0.0411217958749  0.0177171520995  -9999.0  -9999.0  -9999.0  -9999.0  -9999.0  -9999.0
-9999.0  -9999.0  -9999.0  -9999.0  -9999.0  -9999.0  -9999.0  -9999.0  -9999.0  -9999.0  -9999.0  -9999.0  -9999.0  -9999.0  -9999.0  -9999.0  -9999.0  -9999.0  -9999.0  -9999.0  -9999.0  -9999.0  -9999.0  0.483684149645  0.498639646607  0.492196384668  4.00340602681  4.31207444281  5.16300245981  0.180734499021  3.34140553062  3.54505359398  0.079635155896  0.163588808048  0.0522910972336  22.1673884666  0.0668241803103  0.197965557745  0.247074983127  0.290383101382  5.49452326993  5.63249713138  5.68613703836  0.0549467641318  0.100565273793  0.141171137762  0.0235201662267  0.0207327553282  18.0209894886  18.0423329209  18.059950594  18.2327136491  18.2543201196  18.2748604162  18.2873615586  28.8729224866  28.8894997167  31.6005385095  0.020397550071  0.0219607470229  0.0352288869054  529.765802441  529.826644413  530.155683179  530.179680717  0.0113187090229  0.00512189444045  0.225031531129  0.217480613851  0.00873489836386  0.028056413384  0.178301957645  0.111336929867  0.0972909676711  0.0263676970723  -9999.0  -9999.0  -9999.0  -9999.0  -9999.0
-9999.0  -9999.0  -9999.0  -9999.0  -9999.0  -9999.0  -9999.0  -9999.0  -9999.0  -9999.0  -9999.0  -9999.0  -9999.0  -9999.0  -9999.0  -9999.0  -9999.0  -9999.0  -9999.0  -9999.0  -9999.0  -9999.0  -9999.0  0.395137207182  0.886409676135  1.87917189359  3.64523586643  0.349131069669  0.615612213768  2.90934435803  3.0738900612  0.10932234983  5.18237160651  5.26637831324  21.99357672  22.0556235145  0.0593418586533  0.115905190721  0.535921130294  5.07526393879  5.17235249485  0.098823248462  0.0486253771829  0.0388964185269  16.7283585076  16.8076695571  16.8700947936  16.9304783376  18.0012832133  0.0619692800991  18.212111316  0.0334764039933  0.0215989785196  0.0361370554867  10.54967391  10.5745866802  2.62183994417  2.68992784869  0.0458436860741  0.0224123799657  0.0253248980067  0.0139793138647  0.0209749106846  0.00786979952101  551.03097649  551.06784431  0.296167487878  0.23489297883  0.00608115963129  0.295491591896  0.273132092924  0.220353520993  0.01817567936  0.0232538176507  0.0280911628872  -9999.0  -9999.0  -9999.0  -9999.0  -9999.0
-9999.0  -9999.0  -9999.0  -9999.0  -9999.0  -9999.0  -9999.0  -9999.0  -9999.0  -9999.0  -9999.0  -9999.0  -9999.0  -9999.0  -9999.0  -9999.0  -9999.0  -9999.0  -9999.0  -9999.0  -9999.0  -9999.0  -9999.0  -9999.0  0.489762552287  0.949031951591  1.34581609703  2.33426303943  2.61721826631  4.33076490301  4.87273548603  5.01369940095  5.10196201404  16.585055108  16.6629549815  0.0474946456012  0.453599101108  0.503802875359  4.45643669831  4.50678106538  0.0589580969049  0.0218736522837  16.5625613378  16.6142558262  16.6559972294  0.0430880697782  0.964434754786  1.00098057147  1.0405505237  0.0330161352819  0.0242531264816  0.0168182744467  0.0141765956353  10.475482482  10.4969268346  0.0178050354361  2.60467698531  2.49782126598  2.4812668135  0.018011046631  0.0152042188646  0.0298646720318  0.0398272950576  20.7900252891  20.8254284436  551.390316113  0.0428347014486  0.00945571138161  0.310585414342  0.00932709003186  0.0657438993085  0.0418099301616  0.0167534153679  -9999.0  -9999.0  -9999.0  -9999.0  -9999.0  -9999.0  -9999.0
-9999.0  -9999.0  -9999.0  -9999.0  -9999.0  -9999.0  -9999.0  -9999.0  -9999.0  -9999.0  -9999.0  -9999.0  -9999.0  -9999.0  -9999.0  -9999.0  -9999.0  -9999.0  -9999.0  -9999.0  -9999.0  -9999.0  -9999.0  -9999.0  0.462067593376  1.45307764152  1.94508873882  2.88448035695  3.70876025646  4.0599855506  0.308750304649  4.39089956212  16.2771457152  16.4986003296  0.168206337278  0.275482397151  0.417290543847  4.361426804  4.41427682962  11.4194409383  11.5265126396  16.516493702  16.546007256  0.0329354205811  0.827551331156  0.887393197178  0.934444678354  0.0368483324255  9.76442954086  9.79757379332  9.88670637363  10.2319006914  10.3896415204  10.4345846392  0.0281505013877  0.0514024493729  0.0701836775672  2.15507241863  2.44882062671  0.210228047262  0.192813196661  0.0293607133225  0.0214833347482  20.7407157306  0.0270526595111  0.0124197277685  551.424674142  0.00492589521975  0.00509237360789  0.398316271574  0.0821072978588  0.018100571531  0.0122933936028  -9999.0  -9999.0  -9999.0  -9999.0  -9999.0  -9999.0  -9999.0
-9999.0  -9999.0  -9999.0  -9999.0  -9999.0  -9999.0  -9999.0  -9999.0  -9999.0  -9999.0  -9999.0  -9999.0  -9999.0  -9999.0  -9999.0  -9999.0  -9999.0  -9999.0  -9999.0  -9999.0  -9999.0  -9999.0  -9999.0  -9999.0  0.506884192945  0.487351807768  1.93241411093  2.4466643645  0.43521828985  3.75122534928  4.085698564  0.294016366277  11.3459080892  0.270042775027  1.92666373706  4.1811591215  4.30901602836  10.919740516  10.9875653284  11.3816169184  0.0873006256141  4.96529429782  0.0356360586202  0.0557203184018  0.804948917444  0.0335585065297  2.0823490587  9.69850789867  0.02676327504  0.0648842658151  0.256804219838  0.0426798676166  0.0628870112966  0.0296318452757  0.020962228011  2.00103223509  2.095887118  2.1371885375  0.0633126855134  0.0540611711286  0.0956387732418  0.04163436844  20.6551757488  20.6842825229  0.0191534421824  0.00676038843906  0.00326240509861  551.465257618  551.972372047  0.478624921929  0.0748514949832  0.0688777738347  0.0356058221018  -9999.0  -9999.0  -9999.0  -9999.0  -9999.0  -9999.0  -9999.0
-9999.0  -9999.0  -9999.0  -9999.0  -9999.0  -9999.0  -9999.0  -9999.0  -9999.0  -9999.0  -9999.0  -9999.0  -9999.0  -9999.0  -9999.0  -9999.0  -9999.0  -9999.0  -9999.0  -9999.0  -9999.0  -9999.0  -9999.0  -9999.0  -9999.0  0.478458544962  0.499961406031  0.480595377826  2.93019607367  3.36966773987  5.1788138649  11.0985007016  0.366030937296  1.11786610593  1.45629535184  2.09122181452  0.455210508952  10.7924805449  0.149301598514  0.307066304651  4.80244525461  0.11402556089  0.574010457539  0.68784119002  0.0367919074772  0.0316116222653  2.0594613737  7.59085184638  0.0332920041703  0.11982015299  0.225057475779  0.0482762561326  0.0215782227993  1.86450706915  1.9215988479  0.0407563326294  0.0786845425117  0.0215867363307  0.0412648352686  0.0314625650951  0.0202224364298  0.0312168435578  20.6301458193  0.0842535700884  -9999.0  -9999.0  0.00596458818828  0.0108033372495  551.9940114  552.016162881  552.049354065  0.00834733058293  -9999.0  -9999.0  -9999.0  -9999.0  -9999.0  -9999.0  -9999.0  -9999.0
-9999.0  -9999.0  -9999.0  -9999.0  -9999.0  -9999.0  -9999.0  -9999.0  -9999.0  -9999.0  -9999.0  -9999.0  -9999.0  -9999.0  -9999.0  -9999.0  -9999.0  -9999.0  -9999.0  -9999.0  -9999.0  -9999.0  -9999.0  -9999.0  -9999.0  -9999.0  0.488931481578  1.54170869703  2.00458539288  4.82788471765  1.86932317105  5.53825477037  3.25720181258  0.373089872904  1.14838345961  1.83227001911  0.277865336732  10.1739734993  3.56738670758  4.30138935301  0.396130189461  0.391217576087  0.111060191649  0.0900930401496  1.96671339211  1.99914943824  7.49705896541  7.52690123933  0.055992481645  0.0868872867419  0.0226556571798  1.66600461629  1.76095072406  1.85174314069  0.0431293220919  0.0201421776096  0.0572306205033  0.0204074421069  0.0149066969728  0.0146043663997  20.415564895  20.4614725  20.4896100303  0.0573159860827  -9999.0  -9999.0  -9999.0  -9999.0  -9999.0  0.00335080224471  552.06968349  552.090126802  -9999.0  -9999.0  -9999.0  -9999.0  -9999.0  -9999.0  -9999.0  -9999.0
-9999.0  -9999.0  -9999.0  -9999.0  -9999.0  -9999.0  -9999.0  -9999.0  -9999.0  -9999.0  -9999.0  -9999.0  -9999.0  -9999.0  -9999.0  -9999.0  -9999.0  -9999.0  -9999.0  -9999.0  -9999.0  -9999.0  -9999.0  -9999.0  -9999.0  -9999.0  0.54100737652  0.493917148671  4.3646731704  0.50785436205  1.45280039527  2.07675951046  2.88027667775  0.399636210111  0.384911805449  0.353776178834  9.57872555649  9.91938676191  3.33641300788  0.548858400027  0.273149019467  0.265425141699  1.78882195256  1.93357310292  7.1062002224  7.30206288382  7.43044601442  0.0395077406985  0.0290957279118  1.60931218777  1.62712875405  1.64846111853  0.0801181583403  0.0468595197715  0.0236339859699  0.0224716858748  0.0154817935637  0.108981106542  0.11899671529  20.3844279481  20.3969920437  0.0314977651686  0.0125754636474  0.0284554999379  -9999.0  -9999.0  -9999.0  -9999.0  -9999.0  -9999.0  -9999.0  -9999.0  -9999.0  -9999.0  -9999.0  -9999.0  -9999.0  -9999.0  -9999.0  -9999.0
-9999.0  -9999.0  -9999.0  -9999.0  -9999.0  -9999.0  -9999.0  -9999.0  -9999.0  -9999.0  -9999.0  -9999.0  -9999.0  -9999.0  -9999.0  -9999.0  -9999.0  -9999.0  -9999.0  -9999.0  -9999.0  -9999.0  -9999.0  -9999.0  -9999.0  -9999.0  -9999.0  1.04273016316  3.3804594625  1.86203445696  0.481887164814  1.63274549282  0.396890312373  1.2383565198  1.57224558488  8.48920340809  9.25240871262  2.82960890699  3.07605395829  0.301871199049  1.32906736794  1.57285438012  4.6779556266  6.8724817258  7.03037678325  0.140815783632  0.0713060077842  1.37199346284  1.49691771048  1.59039517021  0.0220537422519  0.0397781041727  0.0592637678225  0.020799729809  0.0412204761732  0.066009854535  0.078421135384  0.0983185281007  0.0135522844891  20.2352036864  0.02559240055  0.019411263442  -9999.0  -9999.0  -9999.0  -9999.0  -9999.0  -9999.0  -9999.0  -9999.0  -9999.0  -9999.0  -9999.0  -9999.0  -9999.0  -9999.0  -9999.0  -9999.0  -9999.0  -9999.0
-9999.0  -9999.0  -9999.0  -9999.0  -9999.0  -9999.0  -9999.0  -9999.0  -9999.0  -9999.0  -9999.0  -9999.0  -9999.0  -9999.0  -9999.0  -9999.0  -9999.0  -9999.0  -9999.0  -9999.0  -9999.0  -9999.0  -9999.0  -9999.0  -9999.0  -9999.0  -9999.0  0.545787878975  0.499390567556  0.879149821039  0.454491773143  0.81512290742  0.86537866317  5.24262021607  5.66277406632  0.875426088316  0.381510612381  2.51903094635  0.71503387431  1.07044227737  3.94277574317  4.21569430244  4.48180374716  2.0189506145  0.670936364276  0.946650160388  1.12810158206  1.3412940819  0.0959033480212  0.0488704324807  14.4378705288  14.4693061163  14.4890878403  0.0146482556722  0.0255612230353  0.0129888626533  0.0103240513382  19.8071275031  19.9284206579  0.219958632854  0.178631801633  0.0166805413139  -9999.0  -9999.0  -9999.0  -9999.0  -9999.0  -9999.0  -9999.0  -9999.0  -9999.0  -9999.0  -9999.0  -9999.0  -9999.0  -9999.0  -9999.0  -9999.0  -9999.0  -9999.0
-9999.0  -9999.0  -9999.0  -9999.0  -9999.0  -9999.0  -9999.0  -9999.0  -9999.0  -9999.0  -9999.0  -9999.0  -9999.0  -9999.0  -9999.0  -9999.0  -9999.0  -9999.0  -9999.0  -9999.0  -9999.0  -9999.0  -9999.0  -9999.0  -9999.0  -9999.0  -9999.0  -9999.0  -9999.0  0.363592059501  0.345818857926  0.486004886814  1.96778064189  4.8278396476  2.41404388957  0.422366894927  1.7413466681  2.14371861276  0.352738250158  3.3653261865  3.66190224328  0.959018007479  1.49126433806  0.274547028175  0.464676359988  0.170722686867  0.0950217223805  0.0941998139148  14.2959001073  14.3634613577  14.4132989301  0.281551127752  14.8097129504  14.8457356316  14.8733614477  14.9007226245  14.9412573204  19.7944563309  19.8377200066  0.0698850101038  0.158516373062  0.0435685489412  -9999.0  -9999.0  -9999.0  -9999.0  -9999.0  -9999.0  -9999.0  -9999.0  -9999.0  -9999.0  -9999.0  -9999.0  -9999.0  -9999.0  -9999.0  -9999.0  -9999.0  -9999.0
-9999.0  -9999.0  -9999.0  -9999.0  -9999.0  -9999.0  -9999.0  -9999.0  -9999.0  -9999.0  -9999.0  -9999.0  -9999.0  -9999.0  -9999.0  -9999.0  -9999.0  -9999.0  -9999.0  -9999.0  -9999.0  -9999.0  -9999.0  -9999.0  -9999.0  -9999.0  -9999.0  -9999.0  -9999.0  -9999.0  -9999.0  0.500240969511  1.0359410602  1.00117152142  0.967759339986  0.934271902875  1.37319350665  2.24678366429  2.61110587668  3.03380811163  0.331889382052  0.673363302825  0.27834564753  0.23525321179  9.77187366477  11.5615991696  11.8858729172  12.0172699309  14.234325851  0.0893705816199  0.155984750576  0.243030431796  1.68001755471  1.72092138286  1.75740764979  3.89219128575  4.5694442443  4.82156564078  0.0419271942254  0.0389008385916  0.098066471643  0.0255914377623  -9999.0  -9999.0  -9999.0  -9999.0  -9999.0  -9999.0  -9999.0  -9999.0  -9999.0  -9999.0  -9999.0  -9999.0  -9999.0  -9999.0  -9999.0  -9999.0  -9999.0  -9999.0
-9999.0  -9999.0  -9999.0  -9999.0  -9999.0  -9999.0  -9999.0  -9999.0  -9999.0  -9999.0  -9999.0  -9999.0  -9999.0  -9999.0  -9999.0  -9999.0  -9999.0  -9999.0  -9999.0  -9999.0  -9999.0  -9999.0  -9999.0  -9999.0  -9999.0  -9999.0  -9999.0  -9999.0  -9999.0  -9999.0  -9999.0  -9999.0  0.511445805476  0.51119937428  0.488320113367  0.47183087048  0.929733154097  1.83381089035  1.74030853223  2.10550085315  2.44963377606  5.51530988836  5.80255315354  9.44838655993  9.64268384782  1.65357033942  0.167446409579  1.99166410124  2.10845648666  0.700993932653  1.34775651134  1.5552042563  1.63489282757  0.0678798994113  2.10556782868  4.04370348072  4.54527235411  0.0522708401968  0.176961446083  0.0276081992971  0.0782576455504  -9999.0  -9999.0  -9999.0  -9999.0  -9999.0  -9999.0  -9999.0  -9999.0  -9999.0  -9999.0  -9999.0  -9999.0  -9999.0  -9999.0  -9999.0  -9999.0  -9999.0  -9999.0  -9999.0
-9999.0  -9999.0  -9999.0  -9999.0  -9999.0  -9999.0  -9999.0  -9999.0  -9999.0  -9999.0  -9999.0  -9999.0  -9999.0  -9999.0  -9999.0  -9999.0  -9999.0  -9999.0  -9999.0  -9999.0  -9999.0  -9999.0  -9999.0  -9999.0  -9999.0  -9999.0  -9999.0  -9999.0  -9999.0  -9999.0  -9999.0  -9999.0  -9999.0  -9999.0  -9999.0  0.500250972514  0.458316156783  0.449893209865  1.32591895729  1.2229395427  2.36245318238  2.76931313563  0.324663099231  3.33667151093  1.23382242695  1.46284056053  1.3102093888  1.86753917998  0.442636502037  0.143824809754  0.571574176696  0.127697420523  1.17299777459  1.38648707753  1.98147876536  0.0837817006768  0.296826310979  0.0963058907514  0.100476655723  0.0293620183886  0.0546610350959  -9999.0  -9999.0  -9999.0  -9999.0  -9999.0  -9999.0  -9999.0  -9999.0  -9999.0  -9999.0  -9999.0  -9999.0  -9999.0  -9999.0  -9999.0  -9999.0  -9999.0  -9999.0  -9999.0
-9999.0  -9999.0  -9999.0  -9999.0  -9999.0  -9999.0  -9999.0  -9999.0  -9999.0  -9999.0  -9999.0  -9999.0  -9999.0  -9999.0  -9999.0  -9999.0  -9999.0  -9999.0  -9999.0  -9999.0  -9999.0  -9999.0  -9999.0  -9999.0  -9999.0  -9999.0  -9999.0  -9999.0  -9999.0  -9999.0  -9999.0  -9999.0  -9999.0  -9999.0  -9999.0  -9999.0  -9999.0  0.460058131467  0.402300273273  0.820289645034  0.779132203458  1.96125646004  2.66773032732  0.710205468388  0.971477534246  0.701107981398  1.13502010368  0.384236189288  0.316782117557  0.332299423554  0.124950637697  0.739852095326  1.0774754902  0.11804665874  0.498617166368  0.159049412502  0.0627722779964  0.0342130437658  0.0313111970648  0.0341462188337  -9999.0  -9999.0  -9999.0  -9999.0  -9999.0  -9999.0  -9999.0  -9999.0  -9999.0  -9999.0  -9999.0  -9999.0  -9999.0  -9999.0  -9999.0  -9999.0  -9999.0  -9999.0  -9999.0  -9999.0
-9999.0  -9999.0  -9999.0  -9999.0  -9999.0  -9999.0  -9999.0  -9999.0  -9999.0  -9999.0  -9999.0  -9999.0  -9999.0  -9999.0  -9999.0  -9999.0  -9999.0  -9999.0  -9999.0  -9999.0  -9999.0  -9999.0  -9999.0  -9999.0  -9999.0  -9999.0  -9999.0  -9999.0  -9999.0  -9999.0  -9999.0  -9999.0  -9999.0  -9999.0  -9999.0  -9999.0  -9999.0  -9999.0  -9999.0  0.408396153469  0.812240513258  1.60150540283  0.370071745915  0.364721978389  0.243731922538  0.49276528982  0.225031878908  0.204511017083  0.170565107304  0.182528575885  0.3206842018  0.629301128146  0.250842604486  0.281931026474  0.398988259785  0.081949263067  0.0303573172879  -9999.0  -9999.0  -9999.0  -9999.0  -9999.0  -9999.0  -9999.0  -9999.0  -9999.0  -9999.0  -9999.0  -9999.0  -9999.0  -9999.0  -9999.0  -9999.0  -9999.0  -9999.0  -9999.0  -9999.0  -9999.0  -9999.0  -9999.0
-9999.0  -9999.0  -9999.0  -9999.0  -9999.0  -9999.0  -9999.0  -9999.0  -9999.0  -9999.0  -9999.0  -9999.0  -9999.0  -9999.0  -9999.0  -9999.0  -9999.0  -9999.0  -9999.0  -9999.0  -9999.0  -9999.0  -9999.0  -9999.0  -9999.0  -9999.0  -9999.0  -9999.0  -9999.0  -9999.0  -9999.0  -9999.0  -9999.0  -9999.0  -9999.0  -9999.0  -9999.0  -9999.0  -9999.0  -9999.0  0.425377504351  0.396869922993  -9999.0  -9999.0  -9999.0  -9999.0  -9999.0  -9999.0  -9999.0  -9999.0  0.163855042778  0.150744137782  0.109703897998  0.134170199207  -9999.0  -9999.0  -9999.0  -9999.0  -9999.0  -9999.0  -9999.0  -9999.0  -9999.0  -9999.0  -9999.0  -9999.0  -9999.0  -9999.0  -9999.0  -9999.0  -9999.0  -9999.0  -9999.0  -9999.0  -9999.0  -9999.0  -9999.0  -9999.0  -9999.0  -9999.0
-9999.0  -9999.0  -9999.0  -9999.0  -9999.0  -9999.0  -9999.0  -9999.0  -9999.0  -9999.0  -9999.0  -9999.0  -9999.0  -9999.0  -9999.0  -9999.0  -9999.0  -9999.0  -9999.0  -9999.0  -9999.0  -9999.0  -9999.0  -9999.0  -9999.0  -9999.0  -9999.0  -9999.0  -9999.0  -9999.0  -9999.0  -9999.0  -9999.0  -9999.0  -9999.0  -9999.0  -9999.0  -9999.0  -9999.0  -9999.0  -9999.0  -9999.0  -9999.0  -9999.0  -9999.0  -9999.0  -9999.0  -9999.0  -9999.0  -9999.0  -9999.0  -9999.0  -9999.0  -9999.0  -9999.0  -9999.0  -9999.0  -9999.0  -9999.0  -9999.0  -9999.0  -9999.0  -9999.0  -9999.0  -9999.0  -9999.0  -9999.0  -9999.0  -9999.0  -9999.0  -9999.0  -9999.0  -9999.0  -9999.0  -9999.0  -9999.0  -9999.0  -9999.0  -9999.0  -9999.0
-9999.0  -9999.0  -9999.0  -9999.0  -9999.0  -9999.0  -9999.0  -9999.0  -9999.0  -9999.0  -9999.0  -9999.0  -9999.0  -9999.0  -9999.0  -9999.0  -9999.0  -9999.0  -9999.0  -9999.0  -9999.0  -9999.0  -9999.0  -9999.0  -9999.0  -9999.0  -9999.0  -9999.0  -9999.0  -9999.0  -9999.0  -9999.0  -9999.0  -9999.0  -9999.0  -9999.0  -9999.0  -9999.0  -9999.0  -9999.0  -9999.0  -9999.0  -9999.0  -9999.0  -9999.0  -9999.0  -9999.0  -9999.0  -9999.0  -9999.0  -9999.0  -9999.0  -9999.0  -9999.0  -9999.0  -9999.0  -9999.0  -9999.0  -9999.0  -9999.0  -9999.0  -9999.0  -9999.0  -9999.0  -9999.0  -9999.0  -9999.0  -9999.0  -9999.0  -9999.0  -9999.0  -9999.0  -9999.0  -9999.0  -9999.0  -9999.0  -9999.0  -9999.0  -9999.0  -9999.0
-9999.0  -9999.0  -9999.0  -9999.0  -9999.0  -9999.0  -9999.0  -9999.0  -9999.0  -9999.0  -9999.0  -9999.0  -9999.0  -9999.0  -9999.0  -9999.0  -9999.0  -9999.0  -9999.0  -9999.0  -9999.0  -9999.0  -9999.0  -9999.0  -9999.0  -9999.0  -9999.0  -9999.0  -9999.0  -9999.0  -9999.0  -9999.0  -9999.0  -9999.0  -9999.0  -9999.0  -9999.0  -9999.0  -9999.0  -9999.0  -9999.0  -9999.0  -9999.0  -9999.0  -9999.0  -9999.0  -9999.0  -9999.0  -9999.0  -9999.0  -9999.0  -9999.0  -9999.0  -9999.0  -9999.0  -9999.0  -9999.0  -9999.0  -9999.0  -9999.0  -9999.0  -9999.0  -9999.0  -9999.0  -9999.0  -9999.0  -9999.0  -9999.0  -9999.0  -9999.0  -9999.0  -9999.0  -9999.0  -9999.0  -9999.0  -9999.0  -9999.0  -9999.0  -9999.0  -9999.0
-9999.0  -9999.0  -9999.0  -9999.0  -9999.0  -9999.0  -9999.0  -9999.0  -9999.0  -9999.0  -9999.0  -9999.0  -9999.0  -9999.0  -9999.0  -9999.0  -9999.0  -9999.0  -9999.0  -9999.0  -9999.0  -9999.0  -9999.0  -9999.0  -9999.0  -9999.0  -9999.0  -9999.0  -9999.0  -9999.0  -9999.0  -9999.0  -9999.0  -9999.0  -9999.0  -9999.0  -9999.0  -9999.0  -9999.0  -9999.0  -9999.0  -9999.0  -9999.0  -9999.0  -9999.0  -9999.0  -9999.0  -9999.0  -9999.0  -9999.0  -9999.0  -9999.0  -9999.0  -9999.0  -9999.0  -9999.0  -9999.0  -9999.0  -9999.0  -9999.0  -9999.0  -9999.0  -9999.0  -9999.0  -9999.0  -9999.0  -9999.0  -9999.0  -9999.0  -9999.0  -9999.0  -9999.0  -9999.0  -9999.0  -9999.0  -9999.0  -9999.0  -9999.0  -9999.0  -9999.0
-9999.0  -9999.0  -9999.0  -9999.0  -9999.0  -9999.0  -9999.0  -9999.0  -9999.0  -9999.0  -9999.0  -9999.0  -9999.0  -9999.0  -9999.0  -9999.0  -9999.0  -9999.0  -9999.0  -9999.0  -9999.0  -9999.0  -9999.0  -9999.0  -9999.0  -9999.0  -9999.0  -9999.0  -9999.0  -9999.0  -9999.0  -9999.0  -9999.0  -9999.0  -9999.0  -9999.0  -9999.0  -9999.0  -9999.0  -9999.0  -9999.0  -9999.0  -9999.0  -9999.0  -9999.0  -9999.0  -9999.0  -9999.0  -9999.0  -9999.0  -9999.0  -9999.0  -9999.0  -9999.0  -9999.0  -9999.0  -9999.0  -9999.0  -9999.0  -9999.0  -9999.0  -9999.0  -9999.0  -9999.0  -9999.0  -9999.0  -9999.0  -9999.0  -9999.0  -9999.0  -9999.0  -9999.0  -9999.0  -9999.0  -9999.0  -9999.0  -9999.0  -9999.0  -9999.0  -9999.0
-9999.0  -9999.0  -9999.0  -9999.0  -9999.0  -9999.0  -9999.0  -9999.0  -9999.0  -9999.0  -9999.0  -9999.0  -9999.0  -9999.0  -9999.0  -9999.0  -9999.0  -9999.0  -9999.0  -9999.0  -9999.0  -9999.0  -9999.0  -9999.0  -9999.0  -9999.0  -9999.0  -9999.0  -9999.0  -9999.0  -9999.0  -9999.0  -9999.0  -9999.0  -9999.0  -9999.0  -9999.0  -9999.0  -9999.0  -9999.0  -9999.0  -9999.0  -9999.0  -9999.0  -9999.0  -9999.0  -9999.0  -9999.0  -9999.0  -9999.0  -9999.0  -9999.0  -9999.0  -9999.0  -9999.0  -9999.0  -9999.0  -9999.0  -9999.0  -9999.0  -9999.0  -9999.0  -9999.0  -9999.0  -9999.0  -9999.0  -9999.0  -9999.0  -9999.0  -9999.0  -9999.0  -9999.0  -9999.0  -9999.0  -9999.0  -9999.0  -9999.0  -9999.0  -9999.0  -9999.0
