ncols                  80
nrows                 72
xllcorner      4374000.0
yllcorner      5656000.0
cellsize            500
NODATA_value       -9999
-9999.0  -9999.0  -9999.0  -9999.0  -9999.0  -9999.0  -9999.0  -9999.0  -9999.0  -9999.0  -9999.0  -9999.0  1.03554460879  0.892360381071  -9999.0  -9999.0  -9999.0  -9999.0  -9999.0  -9999.0  -9999.0  -9999.0  -9999.0  -9999.0  -9999.0  -9999.0  -9999.0  -9999.0  -9999.0  -9999.0  -9999.0  -9999.0  -9999.0  -9999.0  -9999.0  -9999.0  -9999.0  -9999.0  -9999.0  -9999.0  -9999.0  -9999.0  -9999.0  -9999.0  -9999.0  -9999.0  -9999.0  -9999.0  -9999.0  -9999.0  -9999.0  -9999.0  -9999.0  -9999.0  -9999.0  -9999.0  -9999.0  -9999.0  -9999.0  -9999.0  -9999.0  -9999.0  -9999.0  -9999.0  -9999.0  -9999.0  -9999.0  -9999.0  -9999.0  -9999.0  -9999.0  -9999.0  -9999.0  -9999.0  -9999.0  -9999.0  -9999.0  -9999.0  -9999.0  -9999.0
-9999.0  -9999.0  -9999.0  -9999.0  -9999.0  -9999.0  -9999.0  -9999.0  -9999.0  -9999.0  -9999.0  -9999.0  2.04349066258  4.56877717636  0.750412560541  -9999.0  0.661174936096  -9999.0  -9999.0  -9999.0  -9999.0  -9999.0  -9999.0  -9999.0  -9999.0  -9999.0  -9999.0  -9999.0  -9999.0  -9999.0  -9999.0  -9999.0  -9999.0  -9999.0  -9999.0  -9999.0  -9999.0  -9999.0  -9999.0  -9999.0  -9999.0  -9999.0  -9999.0  -9999.0  -9999.0  -9999.0  -9999.0  -9999.0  -9999.0  -9999.0  -9999.0  -9999.0  -9999.0  -9999.0  -9999.0  -9999.0  -9999.0  -9999.0  -9999.0  -9999.0  -9999.0  -9999.0  -9999.0  -9999.0  -9999.0  -9999.0  -9999.0  -9999.0  -9999.0  -9999.0  -9999.0  -9999.0  -9999.0  -9999.0  -9999.0  -9999.0  -9999.0  -9999.0  -9999.0  -9999.0
-9999.0  -9999.0  -9999.0  -9999.0  -9999.0  -9999.0  -9999.0  -9999.0  -9999.0  -9999.0  0.967049222269  0.928419596696  0.973531022005  0.961265886252  6.38310147225  7.13751137085  1.86747174878  0.601494809385  -9999.0  -9999.0  -9999.0  -9999.0  -9999.0  -9999.0  -9999.0  -9999.0  -9999.0  -9999.0  -9999.0  -9999.0  -9999.0  -9999.0  -9999.0  -9999.0  -9999.0  -9999.0  -9999.0  -9999.0  -9999.0  -9999.0  -9999.0  -9999.0  -9999.0  -9999.0  -9999.0  -9999.0  -9999.0  -9999.0  -9999.0  -9999.0  -9999.0  -9999.0  -9999.0  -9999.0  -9999.0  -9999.0  -9999.0  -9999.0  -9999.0  -9999.0  -9999.0  -9999.0  -9999.0  -9999.0  -9999.0  -9999.0  -9999.0  -9999.0  -9999.0  -9999.0  -9999.0  -9999.0  -9999.0  -9999.0  -9999.0  -9999.0  -9999.0  -9999.0  -9999.0  -9999.0
-9999.0  -9999.0  -9999.0  -9999.0  -9999.0  -9999.0  -9999.0  -9999.0  -9999.0  0.930617427187  1.91155617846  3.7888908199  1.89692145754  0.928666496868  1.82731712328  8.01939674597  11.2381492623  0.656697057423  -9999.0  0.950283992676  -9999.0  -9999.0  -9999.0  -9999.0  1.2846908126  0.65576455683  -9999.0  -9999.0  -9999.0  -9999.0  -9999.0  -9999.0  -9999.0  -9999.0  -9999.0  -9999.0  -9999.0  -9999.0  -9999.0  -9999.0  -9999.0  -9999.0  -9999.0  -9999.0  -9999.0  -9999.0  -9999.0  -9999.0  -9999.0  -9999.0  -9999.0  -9999.0  -9999.0  -9999.0  -9999.0  -9999.0  -9999.0  -9999.0  -9999.0  -9999.0  -9999.0  -9999.0  -9999.0  -9999.0  -9999.0  -9999.0  -9999.0  -9999.0  -9999.0  -9999.0  -9999.0  -9999.0  -9999.0  -9999.0  -9999.0  -9999.0  -9999.0  -9999.0  -9999.0  -9999.0
-9999.0  -9999.0  -9999.0  -9999.0  -9999.0  -9999.0  -9999.0  -9999.0  1.00202136899  2.89173793787  3.79673414336  4.72514562089  6.58728826741  0.882073731102  3.54885110937  4.40151670293  17.1008070132  0.759777718917  0.809895413253  1.81373058614  2.65802960947  0.869181816205  -9999.0  3.30249828531  2.7017819653  0.731686590343  -9999.0  -9999.0  -9999.0  -9999.0  -9999.0  -9999.0  -9999.0  -9999.0  -9999.0  -9999.0  -9999.0  -9999.0  -9999.0  -9999.0  -9999.0  -9999.0  -9999.0  -9999.0  -9999.0  -9999.0  -9999.0  -9999.0  -9999.0  -9999.0  -9999.0  -9999.0  -9999.0  -9999.0  -9999.0  -9999.0  -9999.0  -9999.0  -9999.0  -9999.0  -9999.0  -9999.0  -9999.0  -9999.0  -9999.0  -9999.0  -9999.0  -9999.0  -9999.0  -9999.0  -9999.0  -9999.0  -9999.0  -9999.0  -9999.0  -9999.0  -9999.0  -9999.0  -9999.0  -9999.0
-9999.0  -9999.0  -9999.0  -9999.0  -9999.0  -9999.0  1.0203577615  0.952457071104  0.919921936917  0.930682444607  0.94230931101  6.63746533303  14.1515557014  15.0681350316  15.8520046586  0.751359996924  18.6576066909  19.4655352381  1.66938209104  0.856183193863  3.49093481683  6.0474746367  0.850377592473  5.83878985188  0.904185944334  0.879371453  0.940093878977  -9999.0  -9999.0  -9999.0  -9999.0  -9999.0  -9999.0  -9999.0  -9999.0  -9999.0  -9999.0  -9999.0  -9999.0  -9999.0  -9999.0  -9999.0  -9999.0  -9999.0  -9999.0  -9999.0  -9999.0  -9999.0  -9999.0  -9999.0  -9999.0  -9999.0  -9999.0  -9999.0  -9999.0  -9999.0  -9999.0  -9999.0  -9999.0  -9999.0  -9999.0  -9999.0  -9999.0  -9999.0  -9999.0  -9999.0  -9999.0  -9999.0  -9999.0  -9999.0  -9999.0  -9999.0  -9999.0  -9999.0  -9999.0  -9999.0  -9999.0  -9999.0  -9999.0  -9999.0
-9999.0  -9999.0  -9999.0  -9999.0  -9999.0  -9999.0  2.04835696818  3.04164220591  6.90600252133  9.64979344231  0.878093077997  0.913520443914  0.872832726497  2.53829418248  19.1767022667  0.744197905545  20.2528450389  23.378270665  2.46116764255  1.62125663126  6.83232268767  0.831490650575  6.67997795455  1.68348189546  0.846667391642  1.70551193867  1.86738971079  0.95261924418  0.980301177152  0.966044288265  1.00432107677  2.01146715251  -9999.0  -9999.0  -9999.0  -9999.0  -9999.0  -9999.0  -9999.0  -9999.0  -9999.0  -9999.0  -9999.0  -9999.0  -9999.0  -9999.0  -9999.0  -9999.0  -9999.0  -9999.0  -9999.0  -9999.0  -9999.0  -9999.0  -9999.0  -9999.0  -9999.0  -9999.0  -9999.0  -9999.0  -9999.0  -9999.0  -9999.0  -9999.0  -9999.0  -9999.0  -9999.0  -9999.0  -9999.0  -9999.0  -9999.0  -9999.0  -9999.0  -9999.0  -9999.0  -9999.0  -9999.0  -9999.0  -9999.0  -9999.0
-9999.0  -9999.0  -9999.0  -9999.0  -9999.0  1.07982536796  2.11513015972  1.0270491118  2.00968148639  10.6309937218  12.4583552553  14.2957627105  45.886483202  0.834654424709  20.0095553847  72.4324487567  73.0244201681  97.4214453138  0.654501807205  2.3907194538  7.62043740238  0.782271563414  16.1645196593  8.65953836978  5.31507638301  4.45198885542  0.917053644167  2.84836403503  2.88750381479  1.92493781763  0.94956689697  2.98025786792  0.950239036422  0.941736535212  -9999.0  -9999.0  -9999.0  -9999.0  -9999.0  -9999.0  -9999.0  -9999.0  -9999.0  -9999.0  -9999.0  -9999.0  -9999.0  -9999.0  -9999.0  -9999.0  -9999.0  -9999.0  -9999.0  -9999.0  -9999.0  -9999.0  -9999.0  -9999.0  -9999.0  -9999.0  -9999.0  -9999.0  -9999.0  -9999.0  -9999.0  -9999.0  -9999.0  -9999.0  -9999.0  -9999.0  -9999.0  -9999.0  -9999.0  -9999.0  -9999.0  -9999.0  -9999.0  -9999.0  -9999.0  -9999.0
-9999.0  -9999.0  -9999.0  -9999.0  -9999.0  1.09855146773  3.23096642839  6.40429991218  7.41235282439  14.7655108419  15.7310203989  18.7044063909  30.7400570419  48.3903275728  50.112594368  50.9085331359  1.44905027386  100.01071372  101.358303531  105.257285443  132.215487129  18.557569862  17.0007423022  6.14292481571  0.834962477975  5.39892224726  3.68886045741  0.819278695779  3.76551361067  0.846032065651  1.77588991838  4.7998620046  5.71656694397  1.85056261026  0.910117808443  0.903611815768  -9999.0  -9999.0  -9999.0  -9999.0  0.661658674589  0.584493413238  -9999.0  -9999.0  -9999.0  -9999.0  -9999.0  -9999.0  -9999.0  -9999.0  -9999.0  -9999.0  -9999.0  -9999.0  -9999.0  -9999.0  -9999.0  -9999.0  -9999.0  -9999.0  -9999.0  -9999.0  -9999.0  -9999.0  -9999.0  -9999.0  -9999.0  -9999.0  -9999.0  -9999.0  -9999.0  -9999.0  -9999.0  -9999.0  -9999.0  -9999.0  -9999.0  -9999.0  -9999.0  -9999.0
-9999.0  -9999.0  -9999.0  -9999.0  -9999.0  1.07844812831  1.0469642237  4.30647394965  5.32402664675  6.36164724387  1.00266967476  1.9933736481  11.367828013  2.02404059035  0.940998642514  0.872663534688  0.778594681206  0.86092290382  0.838750144882  0.847707429732  133.031541555  135.374600917  0.786208740391  2.44097907071  1.6641465878  6.20814714894  1.6506189905  0.798933812706  4.65360203744  1.6552505645  4.00125505041  10.1056488864  9.36217639687  2.73683596266  2.68823995831  0.918399707518  0.91343054028  -9999.0  -9999.0  0.918686215301  1.43877106067  3.23625502801  0.609321727728  -9999.0  -9999.0  -9999.0  -9999.0  -9999.0  -9999.0  -9999.0  -9999.0  -9999.0  -9999.0  -9999.0  -9999.0  -9999.0  -9999.0  -9999.0  -9999.0  -9999.0  -9999.0  -9999.0  -9999.0  -9999.0  -9999.0  -9999.0  -9999.0  -9999.0  -9999.0  -9999.0  -9999.0  -9999.0  -9999.0  -9999.0  -9999.0  -9999.0  -9999.0  -9999.0  -9999.0  -9999.0
-9999.0  -9999.0  -9999.0  -9999.0  -9999.0  -9999.0  1.11647290112  1.10848222558  2.16195079889  3.22420836416  7.36046323827  9.41612356957  10.440722426  1.08624228383  0.886102752442  11.4727386817  14.0725807115  14.8983025737  18.3425167789  19.1462149083  0.79276421496  136.176229927  140.14033082  3.16856199632  0.605930622371  6.94250498422  15.532228427  6.20660093213  1.589551452  0.801050662532  15.6901560514  10.9290621919  0.805799955108  0.816176357527  3.52623814522  2.69005491551  0.859820323025  0.830890666059  0.884984630433  1.79096001501  0.858376830406  3.92817245634  4.75034075833  0.777134639649  -9999.0  -9999.0  -9999.0  -9999.0  0.833928385949  0.801226753693  0.23170668978  -9999.0  -9999.0  -9999.0  -9999.0  -9999.0  -9999.0  -9999.0  -9999.0  -9999.0  -9999.0  -9999.0  -9999.0  -9999.0  -9999.0  -9999.0  -9999.0  -9999.0  -9999.0  -9999.0  -9999.0  -9999.0  -9999.0  -9999.0  -9999.0  -9999.0  -9999.0  -9999.0  -9999.0  -9999.0
-9999.0  -9999.0  -9999.0  -9999.0  -9999.0  -9999.0  -9999.0  1.09441248828  1.00676620061  2.08157946163  3.13231035294  1.03306016888  0.958081599745  5.97930706885  7.82918002392  9.71948898419  0.89370022139  1.78203125645  0.870472814541  19.9707666833  44.1770020119  44.8081622104  186.437321726  0.776945834218  1.81664062824  0.582143102277  16.2833793538  0.772044839601  2.39981466647  0.789373723639  16.4806045144  17.2727998444  1.62119312515  1.62576208824  8.8067208955  4.41599213886  1.70153975312  0.87040173974  1.76746465672  2.66489204319  4.34839219999  0.812279388824  6.24657758822  6.91611344306  0.611782347681  0.649907239486  0.666253573038  0.617295125948  0.587416065465  2.32101466442  0.923305095054  0.60480011228  -9999.0  -9999.0  -9999.0  -9999.0  -9999.0  -9999.0  -9999.0  -9999.0  -9999.0  -9999.0  -9999.0  -9999.0  -9999.0  -9999.0  -9999.0  -9999.0  -9999.0  -9999.0  -9999.0  -9999.0  -9999.0  -9999.0  -9999.0  -9999.0  -9999.0  -9999.0  -9999.0  -9999.0
-9999.0  -9999.0  -9999.0  -9999.0  -9999.0  -9999.0  -9999.0  -9999.0  2.11887236698  3.0975738559  1.03874123564  2.09685770568  3.09567430646  5.0783000444  1.00111195629  0.976297187023  0.876778674074  0.883552691793  0.816815199377  22.5391931269  0.892865298365  1.75822075824  188.892680977  190.483141837  0.729320944567  3.2772275617  20.273272778  1.50855407641  3.10625949262  1.45648358965  2.15768878146  20.3224269707  2.34828196661  12.6966778597  10.3577258602  0.788002645531  4.20568272078  1.6936678873  2.58029605284  0.808868474671  5.12339498538  6.63681511409  7.22143678268  7.78171627098  9.22517242874  1.165259456  1.20995341501  1.12858529208  1.06415951944  2.89473960499  0.605083803546  2.14886136711  2.70708949204  -9999.0  -9999.0  -9999.0  -9999.0  -9999.0  -9999.0  -9999.0  -9999.0  -9999.0  -9999.0  -9999.0  -9999.0  -9999.0  -9999.0  -9999.0  -9999.0  -9999.0  -9999.0  -9999.0  -9999.0  -9999.0  -9999.0  -9999.0  -9999.0  -9999.0  -9999.0  -9999.0
-9999.0  -9999.0  -9999.0  -9999.0  -9999.0  -9999.0  -9999.0  -9999.0  1.08988345518  5.25600481152  6.27973135226  1.02455155065  2.01080800849  0.985405540219  0.933075693928  0.922670760276  11.3362783789  15.0326052017  18.4591700143  21.8639390285  0.841919454064  0.876897962063  0.856966540329  194.271490607  195.979694998  196.688748407  27.1473920682  6.08657959157  5.32910313901  0.668282726454  2.82932228265  23.8417008715  0.696452951562  13.4024038214  0.776659317124  5.40424292529  5.03875539817  0.814258581981  3.39064245439  1.61524387393  2.40479133177  0.700467092196  0.552626624291  8.33633325517  8.84895518885  9.73655941166  1.75042648806  1.64831679225  1.56944459008  3.53727930959  4.75908764232  0.609888158161  3.29087227744  0.621303599942  1.17542280022  0.566630302531  -9999.0  -9999.0  -9999.0  -9999.0  -9999.0  -9999.0  -9999.0  -9999.0  -9999.0  -9999.0  -9999.0  -9999.0  -9999.0  -9999.0  -9999.0  -9999.0  -9999.0  -9999.0  -9999.0  -9999.0  -9999.0  -9999.0  -9999.0  -9999.0
-9999.0  -9999.0  -9999.0  -9999.0  -9999.0  -9999.0  -9999.0  -9999.0  -9999.0  1.09612757765  7.32854894508  8.34210027743  3.00278759819  4.96830214533  6.82514418565  7.74861308018  0.931416575804  2.81744021094  1.87681316659  0.949615212268  0.947167310177  0.891342563682  1.76160175831  2.9261781312  0.940445359215  225.535050036  226.294997043  0.694660602747  0.592340862984  1.34866394956  2.01438814351  25.8578773778  1.35538005174  14.0203156875  8.23984936922  6.79624605625  0.762373771074  1.56288941576  4.12473724545  0.733042227844  3.11939041869  1.40014864969  0.973987356284  0.440751819943  10.2144828836  20.3821263106  2.14408040616  2.05002063289  2.0685030392  0.515163810177  5.26364271094  0.493297827639  4.40341318548  0.545752356495  1.71458556309  2.66364224711  0.309899581136  0.317151854359  0.367159020451  0.394944216731  0.268632490997  -9999.0  -9999.0  0.186999589851  0.137346873003  -9999.0  -9999.0  -9999.0  -9999.0  -9999.0  -9999.0  -9999.0  -9999.0  -9999.0  -9999.0  -9999.0  -9999.0  -9999.0  -9999.0  -9999.0
-9999.0  -9999.0  -9999.0  -9999.0  -9999.0  -9999.0  -9999.0  -9999.0  -9999.0  -9999.0  1.01209479758  10.3758850169  0.988661659434  1.97058380502  2.8736119534  4.67102672117  0.916228727764  1.87611902707  0.93182556424  0.896903454268  0.865282506289  1.71579527652  0.783742543634  0.84222043149  1.65530121971  0.900021515512  227.069004111  228.483638318  230.56842918  2.66598200324  0.67949904879  1.3559961816  26.560192533  25.6325988433  9.6977739397  0.722665234073  3.06542642363  2.31104366917  4.86033023048  1.46544459531  5.95331363932  2.10756011353  1.55288267384  0.347942229882  0.461751947855  20.9208272319  21.3977410282  26.0164298036  3.66565939524  1.05616257873  5.8020531766  6.82416029352  11.7081619312  1.07316257249  0.504164696826  3.03222964776  3.64795072249  0.306067876879  0.582767837872  1.02844616396  0.529906204376  0.262031132539  0.25344230485  0.377602070201  0.284663569603  0.137463900244  -9999.0  -9999.0  -9999.0  -9999.0  -9999.0  -9999.0  -9999.0  -9999.0  -9999.0  -9999.0  -9999.0  -9999.0  -9999.0  -9999.0
-9999.0  -9999.0  -9999.0  -9999.0  -9999.0  -9999.0  -9999.0  -9999.0  -9999.0  -9999.0  -9999.0  0.519191048129  11.5033125225  0.948983520437  1.84332974607  8.31195331389  0.91877920364  0.912840628212  0.849587221881  1.77626133506  0.877534949695  3.46513215585  5.03426639313  5.76780044531  2.34451808739  2.98069067643  0.725831235153  0.862453900933  0.800404577229  234.600058896  236.568103078  27.1520244811  26.8229640843  26.2340667323  1.26957658066  0.620797608673  3.74262782192  9.96787564781  5.54887358142  2.14840429732  8.75724920182  3.37356472793  2.75221579251  0.707639794471  0.305988300328  0.294528093614  0.332686125467  27.5857651633  32.7012320471  0.500937032122  0.460022415576  0.500784748832  12.1899637635  13.7292109207  0.91182312215  0.386311131394  3.88692415254  0.511348856498  1.29872683244  2.5716437912  3.33634104893  3.83095414149  1.04704388996  0.588511109225  0.463087627366  0.287512620505  0.189125827981  -9999.0  -9999.0  -9999.0  -9999.0  -9999.0  -9999.0  -9999.0  -9999.0  -9999.0  -9999.0  -9999.0  -9999.0  -9999.0
-9999.0  -9999.0  -9999.0  -9999.0  -9999.0  -9999.0  -9999.0  -9999.0  -9999.0  -9999.0  -9999.0  0.487268590657  12.6915873115  15.6231294118  0.907608182786  10.1253833001  0.871497191254  0.852580337176  1.71244816782  4.36166672888  0.858499331422  0.884866485625  0.778474448729  7.30562630434  8.04444432417  11.8025957915  13.2212036956  13.9452661765  14.6248522289  15.3956883858  252.669109112  281.04832577  309.022383929  309.537547663  0.578998714549  0.633070485795  11.3265062576  10.6507986506  0.679492938906  0.671009484944  9.38843928174  13.4133321988  0.564816479401  6.19574230247  5.69163323326  1.47444662195  0.701791315075  1.13620445096  0.512343941002  33.5859486136  0.443399046011  1.38397653214  1.73658383036  16.6595771693  17.8863593591  18.6458839321  22.8085415199  0.259237885966  0.216952748485  0.197015163445  0.183901831871  4.25159977245  5.51373609274  0.229415692876  1.10172778769  0.452393866846  0.362242504189  0.12131654933  0.102805590933  -9999.0  -9999.0  -9999.0  -9999.0  -9999.0  -9999.0  -9999.0  -9999.0  -9999.0  -9999.0  -9999.0
-9999.0  -9999.0  -9999.0  -9999.0  -9999.0  -9999.0  -9999.0  -9999.0  -9999.0  -9999.0  -9999.0  1.03649439707  2.00608217583  16.578798777  18.3198720177  0.873305489273  11.7294647244  0.77056368086  2.38824686851  5.15607209532  1.66652560658  0.805545442056  1.62398057721  0.694120724016  1.36260080408  0.686216611575  0.645583714316  0.565328141607  0.516156570528  0.482102453316  0.462388992926  0.585971135332  0.690386045207  0.770963596533  311.478224229  13.4632109829  12.3503949869  0.486508764064  1.94038217022  0.491308993248  0.412070997597  14.013649229  22.026768188  6.83836370693  5.01319471912  0.838931156244  0.354747490972  0.329431843936  0.754115346871  34.790342862  35.6305831032  0.434818830815  0.437446286608  0.414249170442  0.329401368258  0.599530567159  23.6374103854  24.1395705637  24.598415902  0.44927318568  0.237046398399  0.196505776422  5.70841900259  6.10943029314  1.25252671128  0.169406393717  0.516163597431  0.239018759968  0.194814978214  -9999.0  -9999.0  -9999.0  -9999.0  -9999.0  -9999.0  -9999.0  -9999.0  -9999.0  -9999.0  -9999.0
-9999.0  -9999.0  -9999.0  -9999.0  -9999.0  -9999.0  -9999.0  -9999.0  -9999.0  -9999.0  -9999.0  -9999.0  0.931988896596  12.1263179822  31.3486173498  34.0566314061  46.5952518205  47.3187141844  11.5256787618  8.4490334142  2.48274455826  0.797857881684  3.19069904618  3.94450862353  6.00322674878  1.39549598893  1.32066623586  1.24923613866  2.43319600322  1.14156155357  1.10314080355  0.573890994471  0.40873846521  0.449126194913  312.100159978  325.98193791  326.543119625  0.496887048089  5.12099567587  2.17754839523  0.649205864702  23.9750156788  1.36268143878  0.69997455134  2.92654855542  0.636003165854  0.506330588458  0.947954511224  1.33998084234  1.76578850491  36.3659660264  0.351294580751  0.31030708278  0.311579611276  0.251163963998  0.258086146092  0.636869667377  0.767565331433  25.7434796367  27.3647804793  0.955263620026  0.468570431616  0.261309612208  0.202013056377  7.79291338395  10.3611046275  2.20914691113  1.09268529086  0.647145459511  -9999.0  -9999.0  -9999.0  -9999.0  -9999.0  -9999.0  -9999.0  -9999.0  -9999.0  -9999.0  -9999.0
-9999.0  -9999.0  -9999.0  -9999.0  -9999.0  -9999.0  -9999.0  -9999.0  -9999.0  -9999.0  -9999.0  0.98949955756  9.20259276527  11.1819211847  1.83874598802  0.542634747604  1.25312659233  49.3896186679  50.09561998  62.3236077091  0.72536829181  1.51792391126  0.678709869026  0.686593512866  6.67339872371  8.73781634881  10.6952889973  0.624382083057  3.05741788963  4.81430714905  2.86310325146  1.17160143175  0.931286162815  0.860724935574  0.841905853896  0.441033192544  327.006814855  327.405072657  333.342377278  1.07878129356  0.569977290874  24.4526354708  1.47573389286  0.75017509152  0.792634191568  0.786315369755  0.715243487798  1.24404924683  3.51454223618  5.72752903552  42.4480645069  0.273445638132  0.817999145328  0.553224153712  0.467783119961  0.228367407723  0.243584992261  0.24130526981  0.164383632378  27.6627519062  0.126675502229  0.37719337621  0.166988932504  0.166210076175  0.160433644997  10.5458795635  0.400109879599  0.168151198463  0.288307413686  0.131177309892  -9999.0  -9999.0  -9999.0  -9999.0  -9999.0  -9999.0  -9999.0  -9999.0  -9999.0  -9999.0
-9999.0  -9999.0  -9999.0  -9999.0  -9999.0  -9999.0  -9999.0  -9999.0  -9999.0  -9999.0  -9999.0  1.0048110499  6.30596711461  1.00537550778  0.912392744678  4.61941715607  5.43194157162  6.26252527215  7.04118291305  84.1787365533  84.8407577724  86.2386832044  96.4572592231  98.4492058883  99.5784290811  100.264010424  112.293046496  113.863599088  114.490803326  119.974028693  123.499328696  124.103266536  126.145272573  1.43063724662  1.29788503578  0.322659155757  0.331994236446  327.836528149  335.287571567  1.54587798735  28.2277941858  27.7159990423  2.79018636916  0.677507588213  0.681906470441  0.66000978947  0.642951372382  1.28918421903  1.82484049088  0.503937812997  42.7867865067  43.1429624334  44.8207592844  45.1161509763  45.8560766496  46.3407966455  0.20074447862  0.22643010726  0.182407811548  27.8480096157  28.1252497331  28.6622528385  29.2709398376  0.303002521913  11.2961215588  10.9664536145  0.209303970628  4.167896437  4.02507800678  0.339478626033  0.198860844203  -9999.0  -9999.0  -9999.0  -9999.0  -9999.0  -9999.0  -9999.0  -9999.0  -9999.0
-9999.0  -9999.0  -9999.0  -9999.0  -9999.0  -9999.0  -9999.0  -9999.0  -9999.0  -9999.0  -9999.0  3.22313992224  4.27059429935  2.02962347614  2.99223584406  0.951974518739  10.755208661  11.6156975165  13.3105867811  14.0273756463  5.60773494596  92.9307145383  93.5597527064  0.599774867295  0.444013942715  0.391677223552  0.876311282516  0.450284234792  0.365983141922  0.35807701854  0.402588005679  124.64346958  126.705139425  128.688276536  130.473322497  131.713969005  0.577403288328  0.215992963819  364.780477499  29.1138383934  28.7561505159  0.586068025856  0.554084855283  0.511323860348  1.21251069315  1.19035900465  0.545851330472  0.548650166929  0.507419865289  1.00612126363  1.33118113565  0.255031851174  0.465994402286  0.190109739087  0.135445323445  46.4988252926  46.8897639531  47.3391772312  47.7555350333  47.9731870102  48.2770435715  48.4054751937  0.119802972957  29.6614323092  0.22415890506  15.9370114177  4.43445079779  0.296198444143  3.55551265153  3.04316528312  0.221871657356  -9999.0  -9999.0  -9999.0  -9999.0  -9999.0  -9999.0  -9999.0  -9999.0  -9999.0
-9999.0  -9999.0  -9999.0  -9999.0  -9999.0  -9999.0  -9999.0  -9999.0  -9999.0  -9999.0  -9999.0  -9999.0  2.17561052602  1.03478523883  0.97018507959  9.04448958243  9.92000929309  0.885312945903  3.4590600347  4.26553958725  4.98525258801  0.778289871056  0.594271748451  14.0257262846  14.5245539252  15.0011333724  38.5390544824  38.9204579739  39.6008988002  42.7950529569  44.7689088193  45.0875829448  0.337622547357  0.350682833672  0.358076137778  132.30258271  0.270213339962  369.710304545  369.238668212  4.1074862684  3.68683117832  2.26004923454  0.573500115668  1.02155714096  1.74032031018  1.71818984856  1.07015240037  0.530296106751  1.02654470312  1.02084866453  1.77579617816  0.305339520563  0.762018058494  1.2426530814  1.53073521532  1.68685679634  0.142736619009  0.14376647993  0.136720033215  0.138765600308  0.154348292186  48.59311222  48.8898172556  78.6844947968  78.7903695727  17.1475220377  1.01236374966  0.682840241286  0.26234797599  2.63223675591  2.43342486737  -9999.0  -9999.0  -9999.0  -9999.0  -9999.0  -9999.0  -9999.0  -9999.0  -9999.0
-9999.0  -9999.0  -9999.0  -9999.0  -9999.0  -9999.0  -9999.0  -9999.0  -9999.0  -9999.0  -9999.0  -9999.0  1.11288840926  3.15428561088  4.14431994415  7.13390492496  0.885353070075  1.79383224966  2.65073812008  10.2721623478  10.9984048272  11.5500229505  12.208448764  12.8945994918  20.0649245367  22.0648939231  23.1297920654  0.42636803123  2.515927761  2.90017312882  43.7450473048  45.4341021672  46.1869880766  46.9615158707  47.6447702836  180.245057143  0.287890717977  370.967359319  0.655940716236  0.299975564474  3.13701418982  2.7262192657  0.417539875316  1.48997661778  2.20783467516  2.16637176196  1.48364489077  2.42331936493  3.82268634409  1.44348697366  3.60222566921  0.315105844277  0.497072671307  0.121984204776  0.101262998382  1.95058478166  2.03797107832  0.241656277536  0.238236615456  0.35988501985  0.117826514053  0.121817813492  0.161371103543  106.701255243  106.602846777  27.5639432756  0.291944712871  1.60617487214  1.27093587719  0.834378415381  2.26852910229  1.62654206958  -9999.0  -9999.0  -9999.0  -9999.0  -9999.0  -9999.0  -9999.0  -9999.0
-9999.0  -9999.0  -9999.0  -9999.0  -9999.0  -9999.0  -9999.0  -9999.0  -9999.0  -9999.0  -9999.0  -9999.0  1.05196354599  2.10302967419  1.00064637287  2.01201851891  0.911306654462  6.81477769531  8.54963527524  9.43535790569  0.814571159093  1.57260020712  15.2673761859  18.8569226214  19.4615996739  1.36284832415  1.28096142097  1.8258383616  0.348606044021  0.324830675774  0.617408914629  0.301100001527  23.5284868625  23.8898861054  24.1724797666  180.660069023  373.545976102  371.284823984  0.491720254463  0.224344630408  0.206319203132  0.875677053837  0.680380965728  1.838954421  2.62812038959  5.2679537016  0.469496759939  0.466946745707  4.22231814968  4.63421383232  8.94624779453  9.1901722608  9.81823761034  10.0538537679  0.209080629549  0.321732895617  2.14126377748  112.047229595  109.58004295  109.098812343  108.455495379  0.114541425183  107.681692238  0.2335037834  0.151619263896  9.99525692141  2.5809749697  2.4013478047  0.442902368682  0.480287581264  0.390938422505  1.40621350162  -9999.0  -9999.0  -9999.0  -9999.0  -9999.0  -9999.0  -9999.0  -9999.0
-9999.0  -9999.0  -9999.0  -9999.0  -9999.0  -9999.0  -9999.0  -9999.0  -9999.0  -9999.0  -9999.0  -9999.0  -9999.0  1.02658470954  2.04480278408  3.06601231985  4.944471839  0.96423679786  0.889833365381  6.17670907526  6.99804959651  13.8417411254  14.6560019559  2.29410088817  0.757460434575  0.682800292097  0.618912838857  21.4848730993  21.9110372845  22.2852475703  22.5928308814  23.2020064645  3.77591243951  4.07847340127  28.5094513175  582.937579331  1.83779570948  1.47779758126  0.74634187272  0.20350654225  0.177940362592  1.28118507171  1.433835603  2.1847280421  0.171886474328  5.48833722829  0.772024305585  0.757208132549  0.156958709104  0.117214922046  0.110266207954  0.116725572223  0.111173020012  10.1966988981  131.896852606  121.243780033  120.934102175  112.171611302  0.131548525412  0.127952903058  0.166766220592  107.874762011  0.378852758058  0.170884704364  0.186788289298  0.1756198053  7.07371180434  6.72070475991  0.811101182907  0.416569622853  0.524789785279  0.524289590696  -9999.0  -9999.0  -9999.0  -9999.0  -9999.0  -9999.0  -9999.0  -9999.0
-9999.0  -9999.0  -9999.0  -9999.0  -9999.0  -9999.0  -9999.0  -9999.0  -9999.0  -9999.0  -9999.0  -9999.0  -9999.0  -9999.0  0.980964708932  1.86927988575  2.68649097571  3.51730331746  4.40483566478  5.31116173749  2.65956427309  4.42318626765  0.819337894095  0.79264254454  18.0207327725  19.5284423217  20.2286016863  20.9480560104  0.528693123469  0.956366438976  2.55998153755  2.99960744076  3.4078377301  0.35703958502  0.27886912296  583.905300584  0.359039543227  0.45067981909  0.218479302539  0.844703656018  0.405737620527  0.203238110633  3.81959838093  3.99739682903  0.140035819203  5.64194895401  6.54132396974  0.905216792362  137.012056802  136.735168849  136.484168012  135.965365785  135.739736166  132.585798403  132.422972844  0.21175990066  8.6692327739  8.23468698581  7.77316343614  7.64676127268  4.32362697038  4.19944870183  3.93214697569  1.25099699875  1.11108665392  0.732559921645  0.186168550686  6.44926297096  5.71717399088  0.382361751247  0.728187477197  0.31781727861  -9999.0  -9999.0  -9999.0  -9999.0  -9999.0  -9999.0  -9999.0  -9999.0
-9999.0  -9999.0  -9999.0  -9999.0  -9999.0  -9999.0  -9999.0  -9999.0  -9999.0  -9999.0  -9999.0  -9999.0  -9999.0  -9999.0  0.224976850668  0.509782144759  0.825546780939  7.86840949811  8.78693014069  0.927158024571  0.89524469073  0.891232481738  14.8418033819  16.5206057942  0.802080196543  0.812454640123  0.675696264081  2.82000210528  3.50495511015  1.64239036342  2.10820782131  16.1699735525  16.690547049  17.5336508377  27.5906756052  611.747133107  0.345359611443  0.182116321991  1.28733773705  1.0655352433  0.180957672037  0.569752649964  0.738605485886  4.18330641098  4.34203614593  11.3054525064  6.68360082756  1.03353369077  139.952970873  1.26709498619  136.246278666  136.112052133  2.94461475268  0.205181304457  0.37603053868  0.195998878226  0.227223305403  0.354429249075  0.174238984703  3.205206026  2.68578273595  0.169148727575  2.56935716175  0.39626151273  0.232955452426  0.537108236599  0.265664176954  0.561812198834  4.54119721308  3.85359157173  0.294098820175  0.466906023328  0.243318541922  -9999.0  -9999.0  -9999.0  -9999.0  -9999.0  -9999.0  -9999.0
-9999.0  -9999.0  -9999.0  -9999.0  -9999.0  -9999.0  -9999.0  -9999.0  -9999.0  -9999.0  -9999.0  -9999.0  -9999.0  -9999.0  1.15185242532  1.89227703077  3.93414958113  6.96409621844  9.57323433281  11.3913301298  12.2832884279  13.1846754611  14.0466207588  0.824452851161  0.751055029944  1.4770336362  1.39728074002  0.736160830454  14.0339303369  14.7046334972  15.3205627439  15.8990731576  8.85229244801  9.27898452649  9.73015886959  611.959595789  0.605299015627  0.447713764291  1.88437123181  0.210879899773  0.347532619588  0.183756987592  0.156821355757  0.898832033134  0.131662155708  0.139874450218  151.979518089  140.560370635  140.416241712  0.495026963148  1.13708785403  0.734218438499  0.169943599435  2.58354576015  0.731720459048  0.585434605394  0.431878655434  0.297837577556  0.163646304951  0.373619177044  2.53371181566  2.14302589585  1.76841775066  2.00030014786  1.85065073691  1.72309723807  0.178897653609  0.290188711419  0.325370631909  2.85196853881  2.22021370671  1.30928468725  0.200805773112  -9999.0  -9999.0  -9999.0  -9999.0  -9999.0  -9999.0  -9999.0
-9999.0  -9999.0  -9999.0  -9999.0  -9999.0  -9999.0  -9999.0  -9999.0  -9999.0  -9999.0  -9999.0  -9999.0  -9999.0  -9999.0  0.80401519296  0.772843313167  1.51935188695  2.28582523037  0.931334376289  1.00468430661  1.92876720835  2.84104756528  4.56756448986  5.42311340591  6.17387359327  8.42803113281  9.124527205  9.88404266721  0.685215295812  6.87179788645  7.45058219321  7.97549603524  0.409580481721  0.214717430815  0.388661436947  621.841006623  622.043665752  623.011039216  2.46797750766  0.423685944919  0.562147067806  0.14686541781  0.277346564138  1.02567340563  1.26853128037  0.253449621954  152.590627031  0.188923034291  0.266049092154  0.28983472224  0.223524669588  0.418018980433  0.177261908979  1.69278574563  1.31806303824  0.973735384452  0.492410768216  0.340529710481  0.183685300066  0.206166745165  0.223815321338  0.225860001139  1.6080455716  1.22572060206  0.851549582544  0.457484022538  1.57475660679  1.15292644475  0.285319322986  0.352773986912  0.320703437328  0.636830716453  0.335363231163  -9999.0  -9999.0  -9999.0  -9999.0  -9999.0  -9999.0  -9999.0
-9999.0  -9999.0  -9999.0  -9999.0  -9999.0  -9999.0  -9999.0  -9999.0  -9999.0  -9999.0  -9999.0  -9999.0  -9999.0  -9999.0  -9999.0  0.750429571915  1.4789388915  0.707763457261  1.45608202391  9.06512776773  9.91145542363  10.8014273946  0.858459004666  0.861622214379  1.61139377655  2.38838173586  3.75415274487  4.46744703075  4.87899826596  5.52631175118  0.548366639875  0.507222381932  8.67158745596  8.87970446551  9.07618280671  9.27669916816  7.59444206374  631.456733215  635.145952671  635.336037355  636.071582066  636.823911487  637.247294045  0.122452092073  1.3800327621  152.713564872  0.275947939807  0.141023475189  0.161427876626  0.157358399611  0.27141822669  0.245877938673  0.13977992959  0.196684910866  0.184776916931  0.340367709933  0.158362722416  0.127254117941  0.442231973047  0.311999017475  0.164979409811  0.16227394084  0.178080866907  0.187361449104  0.206256406824  0.251832863614  0.278642119419  0.564606288759  0.195145131988  0.558062098263  0.228904447088  0.227775914421  -9999.0  -9999.0  -9999.0  -9999.0  -9999.0  -9999.0  -9999.0  -9999.0
-9999.0  -9999.0  -9999.0  -9999.0  -9999.0  -9999.0  -9999.0  -9999.0  -9999.0  -9999.0  -9999.0  -9999.0  -9999.0  -9999.0  -9999.0  -9999.0  2.19967676415  2.95601520266  5.18309257146  6.82347943771  0.862061930297  12.6297761188  13.4729630117  14.2788126287  0.778712805206  1.53982013011  0.676326688848  5.14160778248  5.52091290143  6.10896833334  6.71149635955  8.15405956674  8.3451848814  0.129690526898  6.80432590246  7.20648855803  7.40440980643  8.23725205663  1.02060790383  0.634031817194  0.377606739048  0.365868685922  637.677971747  637.860214638  640.110812136  152.826077828  0.775231731995  0.400742550193  0.269862953702  0.0876032202594  0.780787810918  0.399958918704  0.125080902784  0.670554629053  0.563105891547  0.108051310857  0.919866028757  0.823368650908  0.579809409862  0.126682032639  0.373936204673  0.271579916363  0.115683247035  0.284782285335  0.168488995658  0.226978985206  0.223137908593  0.145320154368  0.340019561305  2.42906915524  1.34759633176  0.851315779745  0.34464154266  -9999.0  -9999.0  -9999.0  -9999.0  -9999.0  -9999.0  -9999.0
-9999.0  -9999.0  -9999.0  -9999.0  -9999.0  -9999.0  -9999.0  -9999.0  -9999.0  -9999.0  -9999.0  -9999.0  -9999.0  -9999.0  -9999.0  -9999.0  0.776597505432  3.7051969724  4.47478821381  0.900131097539  0.92259213224  1.85812890491  2.73076550695  17.8344557114  0.782262123108  3.1287752968  3.82947077671  4.51689993219  0.396969175731  0.942911336343  1.25791694748  5.49540831886  6.10646348889  6.28265931726  0.196116019217  0.198512378693  0.239894751985  0.440087709864  0.190091848579  0.202923350601  0.313016694212  0.287228697982  0.30969262842  0.734255684677  640.308586713  793.601674551  0.945716909557  0.189079065458  0.0879210219921  2.36315512239  2.17109562406  1.25945897964  1.1265594191  0.839818441161  0.189283998977  0.147968077937  1.01619624478  0.461527504641  0.358037891009  0.112163167233  0.488250868552  0.847530151316  0.697949537213  0.426295141928  0.162759750665  0.632394715528  0.458689281708  0.28863147442  3.00772688593  2.88966569862  0.251687755499  0.231998725824  0.215157094764  0.198731718843  -9999.0  -9999.0  -9999.0  -9999.0  -9999.0  -9999.0
-9999.0  -9999.0  -9999.0  -9999.0  -9999.0  -9999.0  -9999.0  -9999.0  -9999.0  -9999.0  -9999.0  -9999.0  -9999.0  -9999.0  -9999.0  0.692554415703  2.18854508784  0.719900545  0.969713133533  0.991866215181  1.9196928666  2.83361877511  3.64098562096  22.1840536399  22.9389414149  0.771817781443  1.47311268835  2.18193356555  2.6840226793  3.23652556511  4.86806032179  5.28286711242  0.371201952585  0.308943196662  0.273375200981  0.309934506504  0.325812600232  0.336739202666  0.29453686081  0.385988780075  1.09114729948  0.509442163485  0.18163359935  0.178240126754  0.156212155371  0.294364850503  801.21623876  6.46333268419  2.87613091402  0.294759554572  0.145414064016  0.0962680198905  0.31978337325  0.214465299703  0.10905283962  0.107999251633  1.24089683889  1.81218428515  1.98860164664  0.0835188303474  1.57108871827  0.990110452371  0.114062907368  0.0969637932748  0.202516449489  1.36827166113  0.60343945846  0.407430465923  3.1396792107  0.143999054907  0.167708715246  0.839976331078  0.425373798025  0.709339753845  0.301891690963  -9999.0  -9999.0  -9999.0  -9999.0  -9999.0
-9999.0  -9999.0  -9999.0  -9999.0  -9999.0  -9999.0  -9999.0  -9999.0  -9999.0  -9999.0  -9999.0  -9999.0  -9999.0  -9999.0  0.733513826316  1.40478381244  4.99899754697  0.701525570663  1.83071595819  2.80535944197  3.72289319  0.937042901045  1.77063330944  2.54026697941  26.1423705732  0.737768159144  1.40176149888  2.08742411578  0.631684301446  1.25020644562  1.60047075631  1.99381094078  47.385706588  47.9825625695  48.5229123335  50.7301377622  51.6944440165  53.4430242332  0.45376964785  1.06655595663  1.330032234  58.595464438  58.9270015241  0.165429579849  0.283576514912  0.397572104893  801.415172035  6.10342949516  2.84451196298  2.66939118728  2.17876023566  1.91012645652  0.422174817589  0.10398346715  0.193830305549  0.0978500275811  0.0934835275253  0.195644693237  2.09664215082  3.86807112143  1.69050285117  0.318058720058  0.217231833848  0.118736415647  2.00593165503  1.68095630493  0.174315448126  3.86077829216  3.2859628927  0.277345355482  1.63255427763  1.01489909017  1.11434156108  0.93305259738  0.210194016682  -9999.0  -9999.0  -9999.0  -9999.0  -9999.0
-9999.0  -9999.0  -9999.0  -9999.0  -9999.0  -9999.0  -9999.0  -9999.0  -9999.0  -9999.0  -9999.0  -9999.0  -9999.0  -9999.0  0.733029434319  2.22404548944  7.94936646697  11.737832032  0.650134676336  15.3852446905  19.8285951024  0.890001115302  1.71936380251  2.51080884494  33.3199765579  33.9602393354  0.548706226421  3.19820444669  3.71917705505  4.22569256843  43.4783367417  44.4937109163  45.0841110263  0.282289078937  1.60028188339  1.89411055818  0.79576264356  1.12106475692  55.0505313407  56.6105100383  56.8657665724  57.1070013167  59.2246394003  0.145186404384  0.128530203809  0.633794053227  801.587771094  0.193190099612  0.115433113795  0.339245110214  0.12935458782  1.67861337504  1.41244224678  0.838588609732  0.585174707379  0.232266068817  0.102028177158  0.288269734427  0.0760809790923  3.95675619189  0.479183713314  0.394500038041  0.070433052363  0.192682326991  2.09952879391  0.07744947639  0.102466963759  3.98846340417  0.101495386583  1.8874123565  1.77899760058  1.57426176439  1.44343543827  0.158861736765  0.581513498099  0.185100713935  -9999.0  -9999.0  -9999.0  -9999.0
-9999.0  -9999.0  -9999.0  -9999.0  -9999.0  -9999.0  -9999.0  -9999.0  -9999.0  -9999.0  -9999.0  -9999.0  -9999.0  -9999.0  -9999.0  -9999.0  1.53699833566  3.09368524467  13.9199462435  14.6836451111  20.5143849206  21.2442053941  0.868038937129  1.73545261338  4.05278541909  34.5723598343  35.7068971154  36.1669327094  0.372382429174  37.8206783571  38.856017581  0.649633224626  0.285921949689  0.553295881308  1.07570221326  0.258427639716  0.512210707806  1.12042741122  1.38794041689  0.26731574928  0.190535755788  0.374716478421  60.6427640163  61.1068565533  61.2200177082  62.15916192  801.74149371  0.161618350579  0.0808311214305  0.0947917395049  0.0932283570994  0.0958011450341  0.0843630194881  0.156822374132  0.097969251954  0.212726900576  0.11127188929  0.114222274724  0.50997861777  4.66688329084  5.2785995941  5.37815434861  5.72404977114  0.0767626371719  2.17741819757  0.353337368013  0.19706980627  4.07447470979  4.26155379666  1.98462424224  2.11649586342  1.76216357149  1.09533812284  0.94520991023  0.784768098503  -9999.0  -9999.0  -9999.0  -9999.0  -9999.0
-9999.0  -9999.0  -9999.0  -9999.0  -9999.0  -9999.0  -9999.0  -9999.0  -9999.0  -9999.0  -9999.0  -9999.0  -9999.0  -9999.0  -9999.0  -9999.0  0.798315996155  0.785965559121  0.771309389494  1.53275080321  0.680403426146  22.5990466674  23.2720451221  0.799248240426  1.58784345939  0.693513850323  0.551155521349  0.534117195826  37.1008175414  0.340678482893  0.685339477105  0.353196477589  0.296311518469  0.26493710538  0.209417480823  0.217141294087  0.657661926539  0.897966514663  0.180148849466  0.165603903509  0.353165060747  0.578511530212  0.784651916736  0.236871585849  61.398482823  62.273182252  801.864093688  0.557405986949  0.225741617871  0.0557279986892  0.136441802824  0.0446007807691  0.0331375259282  0.19420473339  0.465271419317  0.280403306417  0.0572589240119  0.0569454454445  0.194542998198  0.12241851268  0.0843065209429  0.0856695816904  0.0909949676839  8.67659567976  2.6037003019  0.0697102241272  0.118687039857  0.0562893994392  10.3077980181  5.98011235716  5.90006563237  1.89154143415  1.37813346992  0.123971407633  -9999.0  -9999.0  -9999.0  -9999.0  -9999.0  -9999.0
-9999.0  -9999.0  -9999.0  -9999.0  -9999.0  -9999.0  -9999.0  -9999.0  -9999.0  -9999.0  -9999.0  -9999.0  -9999.0  -9999.0  -9999.0  -9999.0  -9999.0  -9999.0  0.777316757633  2.25499152579  2.90292689125  3.56729148503  23.9196512269  24.5670233869  25.2115581718  25.8910406123  26.4110849976  27.4843561514  27.8163929682  28.1348702817  28.4202766803  0.26772344467  0.248439895867  0.259606012565  0.913246288557  0.239202151661  0.226384991419  0.182696051032  0.532976921862  0.211469875212  0.168483064501  0.157424844965  0.144026245314  0.287479205319  0.406092791725  63.0793324695  865.622809878  0.165849049757  0.292056149622  0.0436925671557  0.185839882963  0.10080939235  0.0667191710067  1.02788856116  0.771587885748  0.208671708015  0.117305909467  0.31125312895  0.0626805972259  0.202431205718  0.139050068074  0.236129189119  0.0821522111274  0.103554385471  8.76104375782  9.02304526126  12.7871193282  12.7157049457  12.6334665146  0.0936779827921  1.74377709556  1.63634714073  0.121812204818  -9999.0  -9999.0  -9999.0  -9999.0  -9999.0  -9999.0  -9999.0
-9999.0  -9999.0  -9999.0  -9999.0  -9999.0  -9999.0  -9999.0  -9999.0  -9999.0  -9999.0  -9999.0  -9999.0  -9999.0  -9999.0  -9999.0  -9999.0  -9999.0  -9999.0  -9999.0  0.67528159742  5.17509469726  10.1606280274  10.8438205857  0.837409959398  1.6393816616  2.44341191403  3.07524645427  7.35714912165  7.64803011074  0.280551626341  0.270382280829  28.9771680215  29.4632594702  29.6860064803  1.08611467355  0.159985965304  0.383844050976  0.56531049517  1.69822708442  2.09269842453  2.4132369772  0.295953580465  0.411859314115  0.137727491531  0.27219175027  0.139080158966  865.893031573  0.1336782031  0.558723569106  0.157860708857  0.407749046022  1.06972820427  1.20074074573  2.2992839086  0.816210113189  0.728828017772  0.497901649373  0.456118887122  0.100025117111  0.239468126726  0.306251426929  0.27429493466  0.0397897097278  22.5394532508  22.3849069585  22.3055668387  13.0555023526  0.131581755618  2.10155291001  1.52596706068  1.02600165485  0.650051395867  0.112459523418  -9999.0  -9999.0  -9999.0  -9999.0  -9999.0  -9999.0  -9999.0
-9999.0  -9999.0  -9999.0  -9999.0  -9999.0  -9999.0  -9999.0  -9999.0  -9999.0  -9999.0  -9999.0  -9999.0  -9999.0  -9999.0  -9999.0  -9999.0  -9999.0  -9999.0  0.730304505506  2.29765566924  4.5148639938  5.91954659241  15.1001098081  15.8637728392  1.66911716079  2.48028890846  3.17081959159  3.78076075897  7.96398485344  8.54348755948  15.2036454262  15.7282215147  15.9944368246  29.9080865932  31.5595872477  0.377063591403  0.240129633843  0.229294269775  0.437512009457  0.201823198169  2.80748013676  2.95923159869  0.542464733469  0.729632610817  0.170733684024  186.81578436  187.100704505  1053.16522361  1053.91474086  0.149348927628  0.728575681508  0.177967692891  0.130457783295  2.52663302348  3.41995475003  0.651558621229  0.555301321052  0.0951618028582  0.0508455102671  0.288210632196  23.1319671551  22.7898623122  22.7439497827  22.6400082694  0.115442343731  0.11971952651  0.132309277269  0.141126100422  0.453746222635  0.305542152383  0.286381219542  0.43200078097  0.13623685352  -9999.0  -9999.0  -9999.0  -9999.0  -9999.0  -9999.0  -9999.0
-9999.0  -9999.0  -9999.0  -9999.0  -9999.0  -9999.0  -9999.0  -9999.0  -9999.0  -9999.0  -9999.0  -9999.0  -9999.0  -9999.0  -9999.0  -9999.0  -9999.0  -9999.0  -9999.0  0.810075820959  0.787927738541  1.50958386375  3.60014961912  16.536693728  0.856663446324  0.849328687627  1.52870928813  2.22745248498  5.35809163414  5.78178607925  0.329304916831  0.346134396893  16.3032482379  16.5339046179  48.3343426428  48.5519206862  0.138888682891  0.124321302824  0.104510953297  0.105470396963  0.113067893945  183.830688255  184.749459005  185.676276357  186.034252306  186.638349136  0.154316284117  0.571561312155  0.688050243341  1054.87321074  1054.98206159  1055.1762147  1055.37069132  1055.52943766  3.56692352994  0.0455458363706  0.183628862063  0.147165300901  0.035850063577  0.323830674924  23.283926278  0.107115828569  0.0591141808197  0.498005723306  0.443283147349  0.360342743864  0.275947499726  0.153798648451  0.17481879728  0.166126746374  0.14794368588  0.156572819555  -9999.0  -9999.0  -9999.0  -9999.0  -9999.0  -9999.0  -9999.0  -9999.0
-9999.0  -9999.0  -9999.0  -9999.0  -9999.0  -9999.0  -9999.0  -9999.0  -9999.0  -9999.0  -9999.0  -9999.0  -9999.0  -9999.0  -9999.0  -9999.0  -9999.0  -9999.0  -9999.0  -9999.0  0.73856715317  0.764654382941  1.42910078208  19.3347442367  20.0246997102  0.837440069357  1.51292508028  2.22537032094  2.7551664758  0.465144217201  0.880484581369  43.425269431  43.6770414168  43.9673500751  45.9835699956  94.7915963179  178.239080128  178.566571772  178.861595872  179.146406582  180.338364377  180.723996083  0.743876064683  0.340456637459  0.198680318314  0.376107066184  0.285165915825  0.449543493713  0.13944248889  3.16511387939  3.47171200503  3.75694737682  3.81059397511  1055.63543446  1059.36828572  1059.74346068  0.243110895761  0.0407968294308  0.434067112041  0.366804522281  23.3742813785  0.0468637438179  1.05868799742  0.493485944927  0.425306067169  0.299085977945  0.154052782255  0.246531062025  0.127484311898  -9999.0  -9999.0  -9999.0  -9999.0  -9999.0  -9999.0  -9999.0  -9999.0  -9999.0  -9999.0  -9999.0
-9999.0  -9999.0  -9999.0  -9999.0  -9999.0  -9999.0  -9999.0  -9999.0  -9999.0  -9999.0  -9999.0  -9999.0  -9999.0  -9999.0  -9999.0  -9999.0  -9999.0  -9999.0  -9999.0  -9999.0  -9999.0  0.749021964951  1.43740786049  2.12879361393  20.6153548034  0.679300770286  28.0040380111  28.7447603315  29.2302021072  29.6972494009  41.6847511083  42.1397095723  0.274244936739  1.47965180739  1.7783953625  0.260204252757  83.1226329055  82.6484099255  0.150272400525  0.344146783971  0.934572080445  0.207014290251  0.220769716366  0.173370108281  0.149446177382  0.117313835643  0.136075618619  2.72914355742  2.86872622204  3.03499351165  0.203559114965  0.197163631871  3.93411117047  4.00921633267  4.04632858469  1059.81520944  1059.8873795  0.541986696578  0.468866377445  24.5537927937  24.5188740973  1.10268500255  0.105782356835  0.0543002732993  0.780294347576  0.672328830412  0.540406765564  0.365407215808  0.198546591905  0.0913155291212  -9999.0  -9999.0  -9999.0  -9999.0  -9999.0  -9999.0  -9999.0  -9999.0  -9999.0  -9999.0
-9999.0  -9999.0  -9999.0  -9999.0  -9999.0  -9999.0  -9999.0  -9999.0  -9999.0  -9999.0  -9999.0  -9999.0  -9999.0  -9999.0  -9999.0  -9999.0  -9999.0  -9999.0  -9999.0  -9999.0  -9999.0  0.696085439374  0.652479497744  3.36008487471  25.3102676162  26.6480470999  27.3224904853  0.661579313664  10.8912621401  11.3321124724  11.5396846264  0.416099535481  0.711255592055  0.967465139981  18.6398002976  18.8464811695  19.0248648355  82.3255888306  51.4732848441  0.187046236043  0.200427581146  0.192941951068  0.155742172933  1.63111273986  1.96591864694  2.26093349477  2.42447553295  2.58240246932  20.0771923725  20.1928138485  20.3591882513  20.7748587654  22.3341926131  22.3873542319  26.4871975881  0.0390005035607  1059.95300806  1060.03177101  0.585163210094  24.5834462116  0.0685106090794  0.0339409277156  0.153441213744  1.18728553738  1.1429516417  0.248520279696  0.127795918756  0.437301748741  0.315302792729  0.0903433167846  0.0781375736067  0.0767681584244  -9999.0  -9999.0  -9999.0  -9999.0  -9999.0  -9999.0  -9999.0  -9999.0
-9999.0  -9999.0  -9999.0  -9999.0  -9999.0  -9999.0  -9999.0  -9999.0  -9999.0  -9999.0  -9999.0  -9999.0  -9999.0  -9999.0  -9999.0  -9999.0  -9999.0  -9999.0  -9999.0  -9999.0  -9999.0  -9999.0  1.35654720519  2.05689517418  0.711999217701  0.872618150722  8.5966598263  9.28543002127  9.76000635767  3.81984380591  4.18347576099  4.57147299811  4.8583433298  18.1804350706  18.4579997826  11.2292955422  30.4751856824  30.6809941652  51.3205067426  0.40670386387  0.208044251829  0.15033615064  1.12795018818  1.32129891122  0.12367643856  0.116279369424  19.5457345419  19.8307759245  19.9696466013  0.203008010315  0.299309681988  22.0874884358  0.141704647114  0.40507375725  0.443812721397  27.0070368602  27.0454833583  27.5539944668  1088.23701613  24.6858620429  1.51207472235  1.47761419557  1.43209188829  1.22890528341  0.0558289663307  0.636879264902  0.557172934622  0.184561875332  0.0843457906224  0.155903292655  0.353721163145  0.198640323646  -9999.0  -9999.0  -9999.0  -9999.0  -9999.0  -9999.0  -9999.0  -9999.0
-9999.0  -9999.0  -9999.0  -9999.0  -9999.0  -9999.0  -9999.0  -9999.0  -9999.0  -9999.0  -9999.0  -9999.0  -9999.0  -9999.0  -9999.0  -9999.0  -9999.0  -9999.0  -9999.0  -9999.0  -9999.0  -9999.0  0.674947845456  1.33697524461  5.51399895848  6.2299331048  6.96472684518  2.92863348557  3.45381859583  0.381219051512  12.3876744962  12.7276393416  13.0510982459  0.291968229384  10.7104451775  10.9971683208  0.217326924855  50.2694060981  0.452587872462  0.226032268033  0.611076901767  0.81978352475  0.161336237534  0.132306600958  18.1051158062  19.2875592374  19.4554802461  0.173206368111  0.383741470566  0.490042875103  0.603493318625  1.17627953425  0.149125032873  0.333870265531  0.0634215974461  0.124116628223  27.4679172187  27.5141155443  1088.31759832  1114.78630122  1.70610629695  0.12795767798  0.0763592558012  0.0893110330444  0.0442125029948  0.692375861394  0.373273575874  0.285141951198  1.02336595935  0.921339286658  0.645595563812  0.145172469407  0.0813960510124  -9999.0  -9999.0  -9999.0  -9999.0  -9999.0  -9999.0  -9999.0
-9999.0  -9999.0  -9999.0  -9999.0  -9999.0  -9999.0  -9999.0  -9999.0  -9999.0  -9999.0  -9999.0  -9999.0  -9999.0  -9999.0  -9999.0  -9999.0  -9999.0  -9999.0  -9999.0  -9999.0  -9999.0  -9999.0  0.669073380039  2.06943272487  3.53180775722  0.785729401139  1.60293946508  2.31420541512  10.829834406  11.3069324345  11.6728827864  0.337392830389  8.87520055415  9.87539174391  10.1821582781  0.236916922299  49.3310519442  49.8487981686  0.244031081213  0.22463809201  0.445759766589  0.18375413991  17.210258347  17.5378145492  17.7314069106  0.741582814026  0.920390610203  0.156942560874  0.278601259046  0.122748422392  0.870340951159  0.124117334501  0.0884496405548  0.0912561359978  0.0914824245828  0.186175578361  0.248616954562  94.2175489866  94.3519203081  1209.31625434  1209.45501038  1209.58323274  0.108849926085  1.40871102604  1.29225352383  0.52124305905  0.486597776579  0.0615794042289  1.21235846412  0.087915238762  0.0801076676491  0.0664173947882  0.296647641158  0.127561660782  -9999.0  -9999.0  -9999.0  -9999.0  -9999.0  -9999.0
-9999.0  -9999.0  -9999.0  -9999.0  -9999.0  -9999.0  -9999.0  -9999.0  -9999.0  -9999.0  -9999.0  -9999.0  -9999.0  -9999.0  -9999.0  -9999.0  -9999.0  -9999.0  -9999.0  -9999.0  -9999.0  -9999.0  -9999.0  0.709632755502  0.752359998195  0.855302788207  7.61042342416  8.28094020998  10.246937416  0.519560477185  7.41310069952  8.237096292  0.348354727714  0.7072089482  0.269544422165  48.5756129521  0.293693244323  0.783569963972  0.974729339435  1.15855030002  16.0116767604  16.6806270167  16.889304721  0.210272128293  0.393396895277  0.559496523272  0.104837907077  0.0959221734903  47.4240343787  47.5201481975  47.5964183352  48.398946238  48.4959300703  48.615514601  48.6891544822  80.7011969653  80.7784005066  94.1707481662  0.0835443695693  0.0976477448481  0.160925791507  1209.80282483  1210.10775587  1211.6191174  1211.67453055  0.0708032613645  0.0412522765211  1.35593047949  1.31145720919  0.0605039664111  0.164834547334  1.24054750687  0.78026819389  0.677841290638  0.181436768243  -9999.0  -9999.0  -9999.0  -9999.0  -9999.0
-9999.0  -9999.0  -9999.0  -9999.0  -9999.0  -9999.0  -9999.0  -9999.0  -9999.0  -9999.0  -9999.0  -9999.0  -9999.0  -9999.0  -9999.0  -9999.0  -9999.0  -9999.0  -9999.0  -9999.0  -9999.0  -9999.0  -9999.0  0.632473694793  1.52198988505  3.19551571366  6.82927680044  0.770188585947  1.40268415747  6.0272549026  6.52552879836  0.434843645712  11.3178385668  11.6831306966  47.7102135298  48.0151176695  0.274276431063  0.521777865413  2.30129323034  13.9909592168  14.7098477648  0.489568122425  0.230334100157  0.186098256709  41.7457066339  42.083359931  42.3537937129  42.6281240442  47.3362910539  0.289486011552  48.3076630089  0.158673965629  0.102259444124  0.183918607632  31.8433547975  31.9578927771  13.0058229535  13.3017638007  0.195951493016  0.095485594173  0.10786800875  0.0982272641371  0.140342113557  0.046953690886  1281.19552328  1281.34792631  1.69408617104  1.43365351193  0.0447954002197  1.86643295082  1.7453417408  1.47876861932  0.133709720605  0.164460206629  0.192639181873  -9999.0  -9999.0  -9999.0  -9999.0  -9999.0
-9999.0  -9999.0  -9999.0  -9999.0  -9999.0  -9999.0  -9999.0  -9999.0  -9999.0  -9999.0  -9999.0  -9999.0  -9999.0  -9999.0  -9999.0  -9999.0  -9999.0  -9999.0  -9999.0  -9999.0  -9999.0  -9999.0  -9999.0  -9999.0  1.024401241  1.98585183344  2.83638741094  4.71031433524  5.36457345997  8.90648361884  10.1274791963  10.5510253799  10.9363859634  35.3603617999  35.7152665646  0.25751530492  1.79135661147  2.07346738201  11.2058501416  11.4873467608  0.458346389013  0.188478608707  40.7590591435  41.2127642052  41.4160038241  0.182636151179  4.23582828463  4.39399433103  4.5634628855  0.148418979516  0.110797207559  0.0832204095959  0.0946633446109  31.4695863904  31.5856825234  0.081568152982  12.9292806439  12.409480406  12.3373273412  0.0752874257813  0.076505732522  0.115507168165  0.169394153472  69.1745389277  69.4509017068  1283.14698851  0.148150724625  0.0503894570008  1.96517640284  0.0589508877434  0.332676798535  0.23445583571  0.124276710828  -9999.0  -9999.0  -9999.0  -9999.0  -9999.0  -9999.0  -9999.0
-9999.0  -9999.0  -9999.0  -9999.0  -9999.0  -9999.0  -9999.0  -9999.0  -9999.0  -9999.0  -9999.0  -9999.0  -9999.0  -9999.0  -9999.0  -9999.0  -9999.0  -9999.0  -9999.0  -9999.0  -9999.0  -9999.0  -9999.0  -9999.0  1.00095606367  3.01874447994  3.86371351832  5.72941238272  7.45627554745  8.26328055589  0.660592386516  8.8807206624  34.4162751112  34.9885595484  0.495721132507  0.907865796597  1.56863924313  10.6153640946  10.9412487811  26.5260859295  27.0656384255  40.4418862861  40.6032317459  0.268169515814  3.47562403916  3.89722341043  4.10485905523  0.166121274332  27.759291778  27.9075651963  28.3754130414  30.4351842392  31.1520587852  31.288797529  0.151839960139  0.262815911648  0.353212728724  10.7968375978  12.2023997347  0.929264158685  0.847777511011  0.0955699339027  0.112025324686  68.9507741553  0.230774457653  0.10482958698  1283.3052783  0.0229661490119  0.0244172720824  2.41525902191  0.409567310971  0.0768707434519  0.0781805953479  -9999.0  -9999.0  -9999.0  -9999.0  -9999.0  -9999.0  -9999.0
-9999.0  -9999.0  -9999.0  -9999.0  -9999.0  -9999.0  -9999.0  -9999.0  -9999.0  -9999.0  -9999.0  -9999.0  -9999.0  -9999.0  -9999.0  -9999.0  -9999.0  -9999.0  -9999.0  -9999.0  -9999.0  -9999.0  -9999.0  -9999.0  1.05939020962  1.02585683391  3.94260673608  4.78431809019  0.871867450093  7.41565996851  8.19841001939  0.682900395077  24.2598998084  0.634295562802  4.49404129544  9.85616555039  10.3046302553  24.5568243971  24.8977097564  26.2535390131  0.352379116639  13.1611338181  0.215011642771  0.42323707908  3.31079975271  0.238938906639  6.29926225318  27.4628338392  0.185471785149  0.360779753735  1.63114539438  0.203424818736  0.284445239771  0.182355222  0.105525094951  9.70870704497  10.419963771  10.7115270857  0.380115188219  0.251130939285  0.472677136458  0.13792149439  68.6054503282  68.6879180277  0.140045772817  0.0488243096829  0.019439193986  1283.47916431  1286.37312116  2.81820691824  0.369830289417  0.321366524947  0.176584457246  -9999.0  -9999.0  -9999.0  -9999.0  -9999.0  -9999.0  -9999.0
-9999.0  -9999.0  -9999.0  -9999.0  -9999.0  -9999.0  -9999.0  -9999.0  -9999.0  -9999.0  -9999.0  -9999.0  -9999.0  -9999.0  -9999.0  -9999.0  -9999.0  -9999.0  -9999.0  -9999.0  -9999.0  -9999.0  -9999.0  -9999.0  -9999.0  1.02570569338  1.0544971465  1.02883932012  5.59619847436  6.55255425942  10.9363180549  23.6622529264  0.854454613112  2.57047655913  3.32842570415  4.87650607481  1.21768728316  24.1032202447  0.501203134748  0.988763986044  12.4593353503  0.416706218162  1.88981920876  2.35752693391  0.300314731115  0.245695305176  6.15305035942  20.9850903663  0.245544585022  0.894084907956  1.48901095574  0.231953674708  0.16170326429  8.73494153471  9.19089391956  0.318957711743  0.613162863719  0.164372167389  0.269464928099  0.142814966712  0.110846870413  0.0936514420366  68.5319230246  0.253702769809  -9999.0  -9999.0  0.0497084590636  0.0874024514269  1286.41880477  1286.46512917  1286.67681586  0.10340791495  -9999.0  -9999.0  -9999.0  -9999.0  -9999.0  -9999.0  -9999.0  -9999.0
-9999.0  -9999.0  -9999.0  -9999.0  -9999.0  -9999.0  -9999.0  -9999.0  -9999.0  -9999.0  -9999.0  -9999.0  -9999.0  -9999.0  -9999.0  -9999.0  -9999.0  -9999.0  -9999.0  -9999.0  -9999.0  -9999.0  -9999.0  -9999.0  -9999.0  -9999.0  0.904395640365  2.83823774568  3.65726867909  10.1420340734  3.51592535514  11.8936945322  7.64958569138  0.854669498589  2.60692298419  4.21540973251  0.685134142502  22.3769119289  8.81695481218  10.9162327924  1.15615368034  1.1477379266  0.411618040372  0.348095684328  5.43220215892  5.68179104999  20.2736503909  20.5043673632  0.443987137892  0.677520044431  0.181775348108  6.95719577572  7.87120119138  8.63091364078  0.344086068429  0.15790710862  0.449633780171  0.15688083769  0.115883362882  0.0851487470762  67.6753090862  67.9508116725  68.108047776  0.171676781137  -9999.0  -9999.0  -9999.0  -9999.0  -9999.0  0.0171050320338  1286.71913023  1286.77991209  -9999.0  -9999.0  -9999.0  -9999.0  -9999.0  -9999.0  -9999.0  -9999.0
-9999.0  -9999.0  -9999.0  -9999.0  -9999.0  -9999.0  -9999.0  -9999.0  -9999.0  -9999.0  -9999.0  -9999.0  -9999.0  -9999.0  -9999.0  -9999.0  -9999.0  -9999.0  -9999.0  -9999.0  -9999.0  -9999.0  -9999.0  -9999.0  -9999.0  -9999.0  1.13047888475  1.06412686632  9.37231402322  0.831549471594  2.78135824864  4.92811119285  6.83215704793  0.951096712208  0.88896269305  0.836813248355  20.8448095196  21.6616948785  8.18517582234  1.54950993829  0.725033383117  0.715834520815  4.68162069761  5.17386436215  18.3374297932  19.1031810032  19.7669663746  0.291175311976  0.231887470452  6.46062876993  6.62323841306  6.81210989583  0.792956500422  0.407639899878  0.19013589234  0.182762732155  0.129898773164  1.12586034207  1.21515435224  67.5134405025  67.5983004126  0.201249163097  0.0786819627784  0.0862217948549  -9999.0  -9999.0  -9999.0  -9999.0  -9999.0  -9999.0  -9999.0  -9999.0  -9999.0  -9999.0  -9999.0  -9999.0  -9999.0  -9999.0  -9999.0  -9999.0
-9999.0  -9999.0  -9999.0  -9999.0  -9999.0  -9999.0  -9999.0  -9999.0  -9999.0  -9999.0  -9999.0  -9999.0  -9999.0  -9999.0  -9999.0  -9999.0  -9999.0  -9999.0  -9999.0  -9999.0  -9999.0  -9999.0  -9999.0  -9999.0  -9999.0  -9999.0  -9999.0  2.22066789364  7.46222614538  4.20849093789  0.997875173246  4.05835241182  0.958488080507  3.00243574656  3.8047715912  18.5416431581  20.1636011505  6.66765827212  7.43930424326  0.77559482443  3.36747358111  4.05174882809  11.5089355812  17.4633194004  17.992677433  0.459668045715  0.347605280884  5.02254651155  5.65999945819  6.29077940275  0.223103924373  0.41655947156  0.618744427673  0.200111238864  0.469784379655  0.749150063947  0.868591638817  1.03642298984  0.108098266011  66.092774501  0.234157901841  0.123859833978  -9999.0  -9999.0  -9999.0  -9999.0  -9999.0  -9999.0  -9999.0  -9999.0  -9999.0  -9999.0  -9999.0  -9999.0  -9999.0  -9999.0  -9999.0  -9999.0  -9999.0  -9999.0
-9999.0  -9999.0  -9999.0  -9999.0  -9999.0  -9999.0  -9999.0  -9999.0  -9999.0  -9999.0  -9999.0  -9999.0  -9999.0  -9999.0  -9999.0  -9999.0  -9999.0  -9999.0  -9999.0  -9999.0  -9999.0  -9999.0  -9999.0  -9999.0  -9999.0  -9999.0  -9999.0  1.14975139727  1.08920488447  2.07329651604  1.04080391231  2.04491961441  2.0695781379  11.5426923094  12.2815425497  1.7635057235  0.913798809781  5.88715971754  1.77525331824  2.66237215147  9.47439119094  10.2039522286  10.9258332009  5.37181356164  1.9940007658  3.02604442761  3.88203100557  4.78674152457  0.424143965228  0.337519621785  39.5823395509  39.8380132686  40.0363109965  0.177611466098  0.319501214479  0.164773902907  0.120175697884  63.0627545089  63.8330027639  1.73403991157  1.52444867869  0.14281658071  -9999.0  -9999.0  -9999.0  -9999.0  -9999.0  -9999.0  -9999.0  -9999.0  -9999.0  -9999.0  -9999.0  -9999.0  -9999.0  -9999.0  -9999.0  -9999.0  -9999.0  -9999.0
-9999.0  -9999.0  -9999.0  -9999.0  -9999.0  -9999.0  -9999.0  -9999.0  -9999.0  -9999.0  -9999.0  -9999.0  -9999.0  -9999.0  -9999.0  -9999.0  -9999.0  -9999.0  -9999.0  -9999.0  -9999.0  -9999.0  -9999.0  -9999.0  -9999.0  -9999.0  -9999.0  -9999.0  -9999.0  0.960828097714  0.988636767034  1.06610661588  4.3206074773  10.5769444339  5.24917594279  0.974732998888  4.03766578111  4.98534360779  0.877764741552  7.94861294952  8.72131040554  2.47849696812  3.93611764512  0.737477309857  1.32578319562  0.557169281029  0.432763736081  0.422991545246  38.7418336745  39.0927285245  39.3504006877  1.31705853472  41.6093853873  41.8385704552  42.0311691879  42.2186824683  42.5333216206  62.9629498026  63.2517416648  0.457322345699  1.37340131274  0.361476537431  -9999.0  -9999.0  -9999.0  -9999.0  -9999.0  -9999.0  -9999.0  -9999.0  -9999.0  -9999.0  -9999.0  -9999.0  -9999.0  -9999.0  -9999.0  -9999.0  -9999.0  -9999.0
-9999.0  -9999.0  -9999.0  -9999.0  -9999.0  -9999.0  -9999.0  -9999.0  -9999.0  -9999.0  -9999.0  -9999.0  -9999.0  -9999.0  -9999.0  -9999.0  -9999.0  -9999.0  -9999.0  -9999.0  -9999.0  -9999.0  -9999.0  -9999.0  -9999.0  -9999.0  -9999.0  -9999.0  -9999.0  -9999.0  -9999.0  1.10485001114  2.23105458194  2.21055532644  2.17015770688  2.12197591994  3.14705543324  5.22682838985  6.13933544299  7.11483235071  0.85508708166  1.72718813672  0.757365969901  0.675691747997  24.6651843361  29.7201802488  30.7973176783  31.2912620094  38.4119645983  0.396321434193  0.721956815142  1.10520797896  6.36144515604  6.60583674374  6.80815403382  15.0380087286  18.5324546345  20.2354612137  0.251266591405  0.253340867171  0.848709853836  0.208950377643  -9999.0  -9999.0  -9999.0  -9999.0  -9999.0  -9999.0  -9999.0  -9999.0  -9999.0  -9999.0  -9999.0  -9999.0  -9999.0  -9999.0  -9999.0  -9999.0  -9999.0  -9999.0
-9999.0  -9999.0  -9999.0  -9999.0  -9999.0  -9999.0  -9999.0  -9999.0  -9999.0  -9999.0  -9999.0  -9999.0  -9999.0  -9999.0  -9999.0  -9999.0  -9999.0  -9999.0  -9999.0  -9999.0  -9999.0  -9999.0  -9999.0  -9999.0  -9999.0  -9999.0  -9999.0  -9999.0  -9999.0  -9999.0  -9999.0  -9999.0  1.1272980067  1.12283733702  1.09470472242  1.06730473943  2.14679180203  4.2350720509  4.09993397545  5.01583417708  5.8101613802  13.4669238471  14.2084940598  23.6415295973  24.2143449368  4.58711035636  0.525826561502  6.22732639719  6.67162711314  2.55560298776  4.92922454566  5.7559258831  6.10129737493  0.30748094655  8.05314887847  15.6954924104  18.3765564874  0.260476822358  1.24189573573  0.218725099595  0.653783667546  -9999.0  -9999.0  -9999.0  -9999.0  -9999.0  -9999.0  -9999.0  -9999.0  -9999.0  -9999.0  -9999.0  -9999.0  -9999.0  -9999.0  -9999.0  -9999.0  -9999.0  -9999.0  -9999.0
-9999.0  -9999.0  -9999.0  -9999.0  -9999.0  -9999.0  -9999.0  -9999.0  -9999.0  -9999.0  -9999.0  -9999.0  -9999.0  -9999.0  -9999.0  -9999.0  -9999.0  -9999.0  -9999.0  -9999.0  -9999.0  -9999.0  -9999.0  -9999.0  -9999.0  -9999.0  -9999.0  -9999.0  -9999.0  -9999.0  -9999.0  -9999.0  -9999.0  -9999.0  -9999.0  1.13247254486  1.07267165833  1.06819534348  3.13898506182  3.01228926655  5.9033955486  6.86704909806  0.863399598778  8.67668993036  3.34206307578  4.0223991791  3.94100825211  5.76157214289  1.60327504797  0.513225798668  2.04061334833  0.479513920943  4.41623060678  5.24389925508  7.48827524166  0.360369781337  1.57902872651  0.580688424713  0.762569679005  0.2389959731  0.452264248119  -9999.0  -9999.0  -9999.0  -9999.0  -9999.0  -9999.0  -9999.0  -9999.0  -9999.0  -9999.0  -9999.0  -9999.0  -9999.0  -9999.0  -9999.0  -9999.0  -9999.0  -9999.0  -9999.0
-9999.0  -9999.0  -9999.0  -9999.0  -9999.0  -9999.0  -9999.0  -9999.0  -9999.0  -9999.0  -9999.0  -9999.0  -9999.0  -9999.0  -9999.0  -9999.0  -9999.0  -9999.0  -9999.0  -9999.0  -9999.0  -9999.0  -9999.0  -9999.0  -9999.0  -9999.0  -9999.0  -9999.0  -9999.0  -9999.0  -9999.0  -9999.0  -9999.0  -9999.0  -9999.0  -9999.0  -9999.0  1.05691503999  0.998894660884  2.0169562193  1.96968258868  5.08206640323  6.91853844965  1.85026462086  2.60482954468  2.08149535849  3.36791487116  1.24836094092  1.12929507236  1.12077477415  0.475888155028  2.63088387118  4.02068578102  0.44158696436  1.85867260423  0.734989533  0.508664301054  0.264899218035  0.248993848611  0.262871857018  -9999.0  -9999.0  -9999.0  -9999.0  -9999.0  -9999.0  -9999.0  -9999.0  -9999.0  -9999.0  -9999.0  -9999.0  -9999.0  -9999.0  -9999.0  -9999.0  -9999.0  -9999.0  -9999.0  -9999.0
-9999.0  -9999.0  -9999.0  -9999.0  -9999.0  -9999.0  -9999.0  -9999.0  -9999.0  -9999.0  -9999.0  -9999.0  -9999.0  -9999.0  -9999.0  -9999.0  -9999.0  -9999.0  -9999.0  -9999.0  -9999.0  -9999.0  -9999.0  -9999.0  -9999.0  -9999.0  -9999.0  -9999.0  -9999.0  -9999.0  -9999.0  -9999.0  -9999.0  -9999.0  -9999.0  -9999.0  -9999.0  -9999.0  -9999.0  1.02149244343  2.1103017014  4.1415594121  0.955820926396  0.948804816269  0.720601932045  1.44386256039  0.661855285524  0.637160129733  0.597773856618  0.593803719533  1.10668737547  2.18905465581  0.990511639699  1.02077770994  1.46465969788  0.38334856252  0.251795501583  -9999.0  -9999.0  -9999.0  -9999.0  -9999.0  -9999.0  -9999.0  -9999.0  -9999.0  -9999.0  -9999.0  -9999.0  -9999.0  -9999.0  -9999.0  -9999.0  -9999.0  -9999.0  -9999.0  -9999.0  -9999.0  -9999.0  -9999.0
-9999.0  -9999.0  -9999.0  -9999.0  -9999.0  -9999.0  -9999.0  -9999.0  -9999.0  -9999.0  -9999.0  -9999.0  -9999.0  -9999.0  -9999.0  -9999.0  -9999.0  -9999.0  -9999.0  -9999.0  -9999.0  -9999.0  -9999.0  -9999.0  -9999.0  -9999.0  -9999.0  -9999.0  -9999.0  -9999.0  -9999.0  -9999.0  -9999.0  -9999.0  -9999.0  -9999.0  -9999.0  -9999.0  -9999.0  -9999.0  1.04549084918  1.00319795432  -9999.0  -9999.0  -9999.0  -9999.0  -9999.0  -9999.0  -9999.0  -9999.0  0.560401742505  0.534563346406  0.470763025283  0.487964315925  -9999.0  -9999.0  -9999.0  -9999.0  -9999.0  -9999.0  -9999.0  -9999.0  -9999.0  -9999.0  -9999.0  -9999.0  -9999.0  -9999.0  -9999.0  -9999.0  -9999.0  -9999.0  -9999.0  -9999.0  -9999.0  -9999.0  -9999.0  -9999.0  -9999.0  -9999.0
-9999.0  -9999.0  -9999.0  -9999.0  -9999.0  -9999.0  -9999.0  -9999.0  -9999.0  -9999.0  -9999.0  -9999.0  -9999.0  -9999.0  -9999.0  -9999.0  -9999.0  -9999.0  -9999.0  -9999.0  -9999.0  -9999.0  -9999.0  -9999.0  -9999.0  -9999.0  -9999.0  -9999.0  -9999.0  -9999.0  -9999.0  -9999.0  -9999.0  -9999.0  -9999.0  -9999.0  -9999.0  -9999.0  -9999.0  -9999.0  -9999.0  -9999.0  -9999.0  -9999.0  -9999.0  -9999.0  -9999.0  -9999.0  -9999.0  -9999.0  -9999.0  -9999.0  -9999.0  -9999.0  -9999.0  -9999.0  -9999.0  -9999.0  -9999.0  -9999.0  -9999.0  -9999.0  -9999.0  -9999.0  -9999.0  -9999.0  -9999.0  -9999.0  -9999.0  -9999.0  -9999.0  -9999.0  -9999.0  -9999.0  -9999.0  -9999.0  -9999.0  -9999.0  -9999.0  -9999.0
-9999.0  -9999.0  -9999.0  -9999.0  -9999.0  -9999.0  -9999.0  -9999.0  -9999.0  -9999.0  -9999.0  -9999.0  -9999.0  -9999.0  -9999.0  -9999.0  -9999.0  -9999.0  -9999.0  -9999.0  -9999.0  -9999.0  -9999.0  -9999.0  -9999.0  -9999.0  -9999.0  -9999.0  -9999.0  -9999.0  -9999.0  -9999.0  -9999.0  -9999.0  -9999.0  -9999.0  -9999.0  -9999.0  -9999.0  -9999.0  -9999.0  -9999.0  -9999.0  -9999.0  -9999.0  -9999.0  -9999.0  -9999.0  -9999.0  -9999.0  -9999.0  -9999.0  -9999.0  -9999.0  -9999.0  -9999.0  -9999.0  -9999.0  -9999.0  -9999.0  -9999.0  -9999.0  -9999.0  -9999.0  -9999.0  -9999.0  -9999.0  -9999.0  -9999.0  -9999.0  -9999.0  -9999.0  -9999.0  -9999.0  -9999.0  -9999.0  -9999.0  -9999.0  -9999.0  -9999.0
-9999.0  -9999.0  -9999.0  -9999.0  -9999.0  -9999.0  -9999.0  -9999.0  -9999.0  -9999.0  -9999.0  -9999.0  -9999.0  -9999.0  -9999.0  -9999.0  -9999.0  -9999.0  -9999.0  -9999.0  -9999.0  -9999.0  -9999.0  -9999.0  -9999.0  -9999.0  -9999.0  -9999.0  -9999.0  -9999.0  -9999.0  -9999.0  -9999.0  -9999.0  -9999.0  -9999.0  -9999.0  -9999.0  -9999.0  -9999.0  -9999.0  -9999.0  -9999.0  -9999.0  -9999.0  -9999.0  -9999.0  -9999.0  -9999.0  -9999.0  -9999.0  -9999.0  -9999.0  -9999.0  -9999.0  -9999.0  -9999.0  -9999.0  -9999.0  -9999.0  -9999.0  -9999.0  -9999.0  -9999.0  -9999.0  -9999.0  -9999.0  -9999.0  -9999.0  -9999.0  -9999.0  -9999.0  -9999.0  -9999.0  -9999.0  -9999.0  -9999.0  -9999.0  -9999.0  -9999.0
-9999.0  -9999.0  -9999.0  -9999.0  -9999.0  -9999.0  -9999.0  -9999.0  -9999.0  -9999.0  -9999.0  -9999.0  -9999.0  -9999.0  -9999.0  -9999.0  -9999.0  -9999.0  -9999.0  -9999.0  -9999.0  -9999.0  -9999.0  -9999.0  -9999.0  -9999.0  -9999.0  -9999.0  -9999.0  -9999.0  -9999.0  -9999.0  -9999.0  -9999.0  -9999.0  -9999.0  -9999.0  -9999.0  -9999.0  -9999.0  -9999.0  -9999.0  -9999.0  -9999.0  -9999.0  -9999.0  -9999.0  -9999.0  -9999.0  -9999.0  -9999.0  -9999.0  -9999.0  -9999.0  -9999.0  -9999.0  -9999.0  -9999.0  -9999.0  -9999.0  -9999.0  -9999.0  -9999.0  -9999.0  -9999.0  -9999.0  -9999.0  -9999.0  -9999.0  -9999.0  -9999.0  -9999.0  -9999.0  -9999.0  -9999.0  -9999.0  -9999.0  -9999.0  -9999.0  -9999.0
-9999.0  -9999.0  -9999.0  -9999.0  -9999.0  -9999.0  -9999.0  -9999.0  -9999.0  -9999.0  -9999.0  -9999.0  -9999.0  -9999.0  -9999.0  -9999.0  -9999.0  -9999.0  -9999.0  -9999.0  -9999.0  -9999.0  -9999.0  -9999.0  -9999.0  -9999.0  -9999.0  -9999.0  -9999.0  -9999.0  -9999.0  -9999.0  -9999.0  -9999.0  -9999.0  -9999.0  -9999.0  -9999.0  -9999.0  -9999.0  -9999.0  -9999.0  -9999.0  -9999.0  -9999.0  -9999.0  -9999.0  -9999.0  -9999.0  -9999.0  -9999.0  -9999.0  -9999.0  -9999.0  -9999.0  -9999.0  -9999.0  -9999.0  -9999.0  -9999.0  -9999.0  -9999.0  -9999.0  -9999.0  -9999.0  -9999.0  -9999.0  -9999.0  -9999.0  -9999.0  -9999.0  -9999.0  -9999.0  -9999.0  -9999.0  -9999.0  -9999.0  -9999.0  -9999.0  -9999.0
-9999.0  -9999.0  -9999.0  -9999.0  -9999.0  -9999.0  -9999.0  -9999.0  -9999.0  -9999.0  -9999.0  -9999.0  -9999.0  -9999.0  -9999.0  -9999.0  -9999.0  -9999.0  -9999.0  -9999.0  -9999.0  -9999.0  -9999.0  -9999.0  -9999.0  -9999.0  -9999.0  -9999.0  -9999.0  -9999.0  -9999.0  -9999.0  -9999.0  -9999.0  -9999.0  -9999.0  -9999.0  -9999.0  -9999.0  -9999.0  -9999.0  -9999.0  -9999.0  -9999.0  -9999.0  -9999.0  -9999.0  -9999.0  -9999.0  -9999.0  -9999.0  -9999.0  -9999.0  -9999.0  -9999.0  -9999.0  -9999.0  -9999.0  -9999.0  -9999.0  -9999.0  -9999.0  -9999.0  -9999.0  -9999.0  -9999.0  -9999.0  -9999.0  -9999.0  -9999.0  -9999.0  -9999.0  -9999.0  -9999.0  -9999.0  -9999.0  -9999.0  -9999.0  -9999.0  -9999.0
