ncols                  80
nrows                 72
xllcorner      4374000.0
yllcorner      5656000.0
cellsize            500
NODATA_value       -9999
-9999.0  -9999.0  -9999.0  -9999.0  -9999.0  -9999.0  -9999.0  -9999.0  -9999.0  -9999.0  -9999.0  -9999.0  1.11055402599  0.860284455978  -9999.0  -9999.0  -9999.0  -9999.0  -9999.0  -9999.0  -9999.0  -9999.0  -9999.0  -9999.0  -9999.0  -9999.0  -9999.0  -9999.0  -9999.0  -9999.0  -9999.0  -9999.0  -9999.0  -9999.0  -9999.0  -9999.0  -9999.0  -9999.0  -9999.0  -9999.0  -9999.0  -9999.0  -9999.0  -9999.0  -9999.0  -9999.0  -9999.0  -9999.0  -9999.0  -9999.0  -9999.0  -9999.0  -9999.0  -9999.0  -9999.0  -9999.0  -9999.0  -9999.0  -9999.0  -9999.0  -9999.0  -9999.0  -9999.0  -9999.0  -9999.0  -9999.0  -9999.0  -9999.0  -9999.0  -9999.0  -9999.0  -9999.0  -9999.0  -9999.0  -9999.0  -9999.0  -9999.0  -9999.0  -9999.0  -9999.0
-9999.0  -9999.0  -9999.0  -9999.0  -9999.0  -9999.0  -9999.0  -9999.0  -9999.0  -9999.0  -9999.0  -9999.0  2.26227286951  4.63757002567  0.662160920832  -9999.0  0.633267885325  -9999.0  -9999.0  -9999.0  -9999.0  -9999.0  -9999.0  -9999.0  -9999.0  -9999.0  -9999.0  -9999.0  -9999.0  -9999.0  -9999.0  -9999.0  -9999.0  -9999.0  -9999.0  -9999.0  -9999.0  -9999.0  -9999.0  -9999.0  -9999.0  -9999.0  -9999.0  -9999.0  -9999.0  -9999.0  -9999.0  -9999.0  -9999.0  -9999.0  -9999.0  -9999.0  -9999.0  -9999.0  -9999.0  -9999.0  -9999.0  -9999.0  -9999.0  -9999.0  -9999.0  -9999.0  -9999.0  -9999.0  -9999.0  -9999.0  -9999.0  -9999.0  -9999.0  -9999.0  -9999.0  -9999.0  -9999.0  -9999.0  -9999.0  -9999.0  -9999.0  -9999.0  -9999.0  -9999.0
-9999.0  -9999.0  -9999.0  -9999.0  -9999.0  -9999.0  -9999.0  -9999.0  -9999.0  -9999.0  1.11642481911  1.06719498172  1.11372209067  1.09399551956  6.67300244863  7.3673732046  1.73956582509  0.551243169137  -9999.0  -9999.0  -9999.0  -9999.0  -9999.0  -9999.0  -9999.0  -9999.0  -9999.0  -9999.0  -9999.0  -9999.0  -9999.0  -9999.0  -9999.0  -9999.0  -9999.0  -9999.0  -9999.0  -9999.0  -9999.0  -9999.0  -9999.0  -9999.0  -9999.0  -9999.0  -9999.0  -9999.0  -9999.0  -9999.0  -9999.0  -9999.0  -9999.0  -9999.0  -9999.0  -9999.0  -9999.0  -9999.0  -9999.0  -9999.0  -9999.0  -9999.0  -9999.0  -9999.0  -9999.0  -9999.0  -9999.0  -9999.0  -9999.0  -9999.0  -9999.0  -9999.0  -9999.0  -9999.0  -9999.0  -9999.0  -9999.0  -9999.0  -9999.0  -9999.0  -9999.0  -9999.0
-9999.0  -9999.0  -9999.0  -9999.0  -9999.0  -9999.0  -9999.0  -9999.0  -9999.0  1.08007884852  2.19448756981  4.34995266666  2.15264523227  1.04794537239  2.05161845605  8.34147099352  11.3475411581  0.625306048475  -9999.0  1.06434377793  -9999.0  -9999.0  -9999.0  -9999.0  1.2051159927  0.614659919408  -9999.0  -9999.0  -9999.0  -9999.0  -9999.0  -9999.0  -9999.0  -9999.0  -9999.0  -9999.0  -9999.0  -9999.0  -9999.0  -9999.0  -9999.0  -9999.0  -9999.0  -9999.0  -9999.0  -9999.0  -9999.0  -9999.0  -9999.0  -9999.0  -9999.0  -9999.0  -9999.0  -9999.0  -9999.0  -9999.0  -9999.0  -9999.0  -9999.0  -9999.0  -9999.0  -9999.0  -9999.0  -9999.0  -9999.0  -9999.0  -9999.0  -9999.0  -9999.0  -9999.0  -9999.0  -9999.0  -9999.0  -9999.0  -9999.0  -9999.0  -9999.0  -9999.0  -9999.0  -9999.0
-9999.0  -9999.0  -9999.0  -9999.0  -9999.0  -9999.0  -9999.0  -9999.0  1.20433832826  3.42531524515  4.46835354076  5.53141136131  7.52506555173  0.995898544522  3.9973270061  4.94822770283  17.7337786031  0.776499350764  0.875448539241  2.01775576518  2.93948955855  0.95746353631  -9999.0  3.13103489207  2.56690886846  0.705230117339  -9999.0  -9999.0  -9999.0  -9999.0  -9999.0  -9999.0  -9999.0  -9999.0  -9999.0  -9999.0  -9999.0  -9999.0  -9999.0  -9999.0  -9999.0  -9999.0  -9999.0  -9999.0  -9999.0  -9999.0  -9999.0  -9999.0  -9999.0  -9999.0  -9999.0  -9999.0  -9999.0  -9999.0  -9999.0  -9999.0  -9999.0  -9999.0  -9999.0  -9999.0  -9999.0  -9999.0  -9999.0  -9999.0  -9999.0  -9999.0  -9999.0  -9999.0  -9999.0  -9999.0  -9999.0  -9999.0  -9999.0  -9999.0  -9999.0  -9999.0  -9999.0  -9999.0  -9999.0  -9999.0
-9999.0  -9999.0  -9999.0  -9999.0  -9999.0  -9999.0  1.24533847989  1.11916494463  1.08253265825  1.09852811995  1.09779499652  7.75212669157  16.3355101815  17.3794629579  18.3133904414  0.938062777535  19.5079261527  20.3891991105  1.86616993854  0.937118112074  3.84455732591  6.66132834059  0.894555281517  5.78235952819  0.992374071272  0.928562525878  1.05355700459  -9999.0  -9999.0  -9999.0  -9999.0  -9999.0  -9999.0  -9999.0  -9999.0  -9999.0  -9999.0  -9999.0  -9999.0  -9999.0  -9999.0  -9999.0  -9999.0  -9999.0  -9999.0  -9999.0  -9999.0  -9999.0  -9999.0  -9999.0  -9999.0  -9999.0  -9999.0  -9999.0  -9999.0  -9999.0  -9999.0  -9999.0  -9999.0  -9999.0  -9999.0  -9999.0  -9999.0  -9999.0  -9999.0  -9999.0  -9999.0  -9999.0  -9999.0  -9999.0  -9999.0  -9999.0  -9999.0  -9999.0  -9999.0  -9999.0  -9999.0  -9999.0  -9999.0  -9999.0
-9999.0  -9999.0  -9999.0  -9999.0  -9999.0  -9999.0  2.50588536315  3.68380301107  8.24068266495  11.4624489042  1.00583879282  1.05350903126  0.992779871385  2.91723571708  22.1069117053  0.855824765144  21.2602712888  24.9779058758  2.89332521757  1.77341666207  7.5193735049  0.922216873699  6.70853488295  1.81043731612  0.907808799112  1.83163683323  2.07988775229  1.07992874365  1.09239261581  1.07274126688  1.12401027752  2.25279554696  -9999.0  -9999.0  -9999.0  -9999.0  -9999.0  -9999.0  -9999.0  -9999.0  -9999.0  -9999.0  -9999.0  -9999.0  -9999.0  -9999.0  -9999.0  -9999.0  -9999.0  -9999.0  -9999.0  -9999.0  -9999.0  -9999.0  -9999.0  -9999.0  -9999.0  -9999.0  -9999.0  -9999.0  -9999.0  -9999.0  -9999.0  -9999.0  -9999.0  -9999.0  -9999.0  -9999.0  -9999.0  -9999.0  -9999.0  -9999.0  -9999.0  -9999.0  -9999.0  -9999.0  -9999.0  -9999.0  -9999.0  -9999.0
-9999.0  -9999.0  -9999.0  -9999.0  -9999.0  1.31613960771  2.56213209571  1.22982411559  2.38418475713  12.6236229353  14.7366174504  16.8564653582  54.3917524114  0.986001837719  23.0380962423  85.0300051946  85.7585337752  112.038208358  0.840176305352  2.63337164288  8.382905533  0.856552115944  17.0661160419  9.45490709368  5.80330948565  4.87735542898  0.999566142705  3.19527848555  3.20196005706  2.13491041904  1.04958288898  3.32918422553  1.05167847497  1.04125067947  -9999.0  -9999.0  -9999.0  -9999.0  -9999.0  -9999.0  -9999.0  -9999.0  -9999.0  -9999.0  -9999.0  -9999.0  -9999.0  -9999.0  -9999.0  -9999.0  -9999.0  -9999.0  -9999.0  -9999.0  -9999.0  -9999.0  -9999.0  -9999.0  -9999.0  -9999.0  -9999.0  -9999.0  -9999.0  -9999.0  -9999.0  -9999.0  -9999.0  -9999.0  -9999.0  -9999.0  -9999.0  -9999.0  -9999.0  -9999.0  -9999.0  -9999.0  -9999.0  -9999.0  -9999.0  -9999.0
-9999.0  -9999.0  -9999.0  -9999.0  -9999.0  1.33681072208  3.90660363155  7.73734557241  8.92652198942  17.6976188942  18.8203000504  22.2969157195  36.5762496214  57.3907368291  59.3659906791  60.2715562899  1.65713759637  115.098610927  116.803176238  121.230685184  150.198487537  19.7213832788  18.0031068336  6.73082478016  0.928115677055  5.97179218346  4.12226190439  0.920644955529  4.17550588406  0.962164084608  2.06824412796  5.41921917486  6.44007039531  2.05320777117  1.00290030187  1.00944119506  -9999.0  -9999.0  -9999.0  -9999.0  0.625065967116  0.552673950056  -9999.0  -9999.0  -9999.0  -9999.0  -9999.0  -9999.0  -9999.0  -9999.0  -9999.0  -9999.0  -9999.0  -9999.0  -9999.0  -9999.0  -9999.0  -9999.0  -9999.0  -9999.0  -9999.0  -9999.0  -9999.0  -9999.0  -9999.0  -9999.0  -9999.0  -9999.0  -9999.0  -9999.0  -9999.0  -9999.0  -9999.0  -9999.0  -9999.0  -9999.0  -9999.0  -9999.0  -9999.0  -9999.0
-9999.0  -9999.0  -9999.0  -9999.0  -9999.0  1.30749153055  1.25430821393  5.17266412634  6.374555306  7.60562304258  1.17559049093  2.33480507792  13.4655309629  2.38698114789  1.08394678396  0.994361854373  0.872167811514  1.05219368879  1.05104397579  0.959043063059  151.105612796  153.729152206  0.871909103832  2.71001167078  1.84948906346  6.85113378266  1.83107134075  0.877926139717  5.18423557325  1.9151936606  4.68089603065  11.297703285  10.4561317075  3.00693646688  2.97951492976  1.02529413174  1.02489604759  -9999.0  -9999.0  1.0342273614  1.40061029387  3.09998272494  0.574516367481  -9999.0  -9999.0  -9999.0  -9999.0  -9999.0  -9999.0  -9999.0  -9999.0  -9999.0  -9999.0  -9999.0  -9999.0  -9999.0  -9999.0  -9999.0  -9999.0  -9999.0  -9999.0  -9999.0  -9999.0  -9999.0  -9999.0  -9999.0  -9999.0  -9999.0  -9999.0  -9999.0  -9999.0  -9999.0  -9999.0  -9999.0  -9999.0  -9999.0  -9999.0  -9999.0  -9999.0  -9999.0
-9999.0  -9999.0  -9999.0  -9999.0  -9999.0  -9999.0  1.34857970237  1.33657224208  2.5863364449  3.84645497957  8.75291117743  11.1686703789  12.3956169059  1.29448599296  1.00934278759  13.4564053227  16.4176458364  17.354723249  21.2941386789  22.2051174932  0.904807192249  154.635830725  159.143884491  3.61221242516  0.85669949798  7.72052585756  17.2850785068  6.94789936851  1.80658422512  0.899456715735  17.7664978552  12.2261646228  0.889968536952  0.934097119173  3.9388263492  3.02924167993  0.928487549888  0.971219380004  1.00670438683  2.02458477019  0.982003105208  3.76518398278  4.65469900942  0.883589393811  -9999.0  -9999.0  -9999.0  -9999.0  0.983095435372  0.938839093308  0.298712139248  -9999.0  -9999.0  -9999.0  -9999.0  -9999.0  -9999.0  -9999.0  -9999.0  -9999.0  -9999.0  -9999.0  -9999.0  -9999.0  -9999.0  -9999.0  -9999.0  -9999.0  -9999.0  -9999.0  -9999.0  -9999.0  -9999.0  -9999.0  -9999.0  -9999.0  -9999.0  -9999.0  -9999.0  -9999.0
-9999.0  -9999.0  -9999.0  -9999.0  -9999.0  -9999.0  -9999.0  1.32050236484  1.21801952194  2.49358692427  3.73200288442  1.2167308582  1.17447031439  7.10785953465  9.26822255466  11.4671584784  1.0223089274  2.05144332888  0.995680907036  23.137326872  50.9325121359  51.5224353607  212.263942389  0.891514185704  2.51885226545  0.811360342291  18.1401271442  0.889399316924  2.72199649088  0.878927684706  18.6409566737  19.5303684108  1.79951666832  1.83342929244  9.85592356082  4.93947152215  1.95767922906  1.00926232174  2.01232757354  3.01814369859  4.90660506151  0.87679092225  6.38393593845  7.20465834299  0.749055722062  0.799458681383  0.829610779502  0.759016351947  0.72266414538  2.74234135627  1.09812510207  0.662888266316  -9999.0  -9999.0  -9999.0  -9999.0  -9999.0  -9999.0  -9999.0  -9999.0  -9999.0  -9999.0  -9999.0  -9999.0  -9999.0  -9999.0  -9999.0  -9999.0  -9999.0  -9999.0  -9999.0  -9999.0  -9999.0  -9999.0  -9999.0  -9999.0  -9999.0  -9999.0  -9999.0  -9999.0
-9999.0  -9999.0  -9999.0  -9999.0  -9999.0  -9999.0  -9999.0  -9999.0  2.58488687854  3.78086901602  1.22401291364  2.47357305893  3.63687547563  6.0130097818  1.17095239619  1.13809023885  1.00872116302  1.02108238767  0.939472489573  25.8850721012  1.03368728544  2.0300731047  214.956514743  216.814534389  0.921884496369  4.36752313303  23.3410947749  1.74016592854  3.51387960425  1.60724756066  2.41219681153  22.9610500786  2.629781584  14.3014292973  11.6582838985  0.92902517066  4.84876602746  1.95950849378  2.95274230812  0.935183333644  5.82384205201  7.57943670012  8.30766449596  9.00099245608  10.0532083315  1.4376036837  1.50900292931  1.39135865069  1.31232351731  3.44767522446  0.723717071335  2.50027739612  3.17421350459  -9999.0  -9999.0  -9999.0  -9999.0  -9999.0  -9999.0  -9999.0  -9999.0  -9999.0  -9999.0  -9999.0  -9999.0  -9999.0  -9999.0  -9999.0  -9999.0  -9999.0  -9999.0  -9999.0  -9999.0  -9999.0  -9999.0  -9999.0  -9999.0  -9999.0  -9999.0  -9999.0
-9999.0  -9999.0  -9999.0  -9999.0  -9999.0  -9999.0  -9999.0  -9999.0  1.30060043465  6.36008027354  7.56257014066  1.20457541075  2.35929488638  1.15411138856  1.08692903869  1.07097776252  13.2610985933  17.6331530517  21.4760736718  25.2452941478  0.910819910289  1.01246297334  1.06448393196  221.173390683  223.10768176  223.943414657  31.2822325557  6.94229811743  6.05004790314  0.791639967113  3.21128033725  26.9362903776  0.82715673784  15.0972133601  0.893390675843  6.30659758228  5.82097243652  0.938752158048  3.88784371079  1.86601210201  2.7828112675  0.82540045846  0.688165128536  9.68615465762  10.3197075527  10.6851338309  2.18371269764  2.03600389902  1.94049207425  4.20768656893  5.66770379771  0.728097535406  3.91434862998  0.769524364372  1.47572905899  0.72116815546  -9999.0  -9999.0  -9999.0  -9999.0  -9999.0  -9999.0  -9999.0  -9999.0  -9999.0  -9999.0  -9999.0  -9999.0  -9999.0  -9999.0  -9999.0  -9999.0  -9999.0  -9999.0  -9999.0  -9999.0  -9999.0  -9999.0  -9999.0  -9999.0
-9999.0  -9999.0  -9999.0  -9999.0  -9999.0  -9999.0  -9999.0  -9999.0  -9999.0  1.31615812585  8.80734096635  10.0066839615  3.53249964965  5.84013045579  8.01522124308  9.10494744938  1.10100303103  3.36490806558  2.18313737136  1.11633183895  1.11269171446  1.01104289895  2.02079006627  3.51146590987  1.16277261364  257.207249438  258.150732785  0.888040523268  0.742191625615  1.59709944627  2.40776125507  29.3255193945  1.61288533357  15.8271336029  9.65521879118  7.98161926523  0.903470118082  1.82639810916  4.75935827499  0.868152357247  3.6361034706  1.64802046315  1.30980441496  0.706772045019  12.3344620701  23.5566107036  2.67558344919  2.53942151403  2.56594621164  0.633844106371  6.29603122573  0.614779046856  5.30149027832  0.697547141967  2.1743040112  3.40912274859  0.414672342393  0.42608939877  0.514866096153  0.551691018634  0.365742826427  -9999.0  -9999.0  0.266841961343  0.280896092039  -9999.0  -9999.0  -9999.0  -9999.0  -9999.0  -9999.0  -9999.0  -9999.0  -9999.0  -9999.0  -9999.0  -9999.0  -9999.0  -9999.0  -9999.0
-9999.0  -9999.0  -9999.0  -9999.0  -9999.0  -9999.0  -9999.0  -9999.0  -9999.0  -9999.0  1.18978834281  12.3957536466  1.16716585758  2.31839611712  3.38009642569  5.47663148042  1.06124782447  2.25935368479  1.07408519331  1.05723179705  1.01076257647  2.00837289827  0.907352019617  1.0418909402  2.08730837379  1.10049225987  259.070115059  260.839048435  263.527655702  3.20910967031  0.811427458909  1.6171407379  30.1591383467  29.490684445  11.4066858199  0.858121615345  3.60436907464  2.71260105002  5.63305895104  1.73829928378  6.98681413397  2.48581268069  2.04210518073  0.647901230228  0.705717529118  24.2656503787  24.8990281591  30.6518951695  4.5736639966  1.29954645372  6.97908323922  8.26132927653  14.197023143  1.38147911006  0.652708906447  3.90179039285  4.72510653627  0.409208296842  0.783805489331  1.4252972795  0.720995897609  0.356317836743  0.344883614458  0.578722713342  0.581123771018  0.252978418877  -9999.0  -9999.0  -9999.0  -9999.0  -9999.0  -9999.0  -9999.0  -9999.0  -9999.0  -9999.0  -9999.0  -9999.0  -9999.0  -9999.0
-9999.0  -9999.0  -9999.0  -9999.0  -9999.0  -9999.0  -9999.0  -9999.0  -9999.0  -9999.0  -9999.0  0.679696960458  13.8984351197  1.18878887439  2.24946259809  9.84847521976  1.10198780203  1.09507506448  1.02946039555  2.11811869305  1.03214082894  4.06304541694  5.89813692063  6.76443767379  2.92648808533  3.7222072751  0.952396323774  1.16946301892  0.961030576464  268.4055952  270.979532892  30.8782482197  30.9350539288  30.2184522267  1.49359813528  0.760115605977  4.42966743994  11.7267010318  6.4737369568  2.57484597645  10.3630352816  4.889117763  4.12505892133  1.33773292148  0.579305563988  0.511577641821  0.564167958376  33.2777489628  39.7922068996  0.628231649425  0.641040800803  0.663634642296  14.8538100726  16.8622604789  1.22743570032  0.574265366499  5.12826274397  0.814594033648  1.99372379738  3.817946814  4.88732323278  5.56728662733  1.50117764474  0.871695787073  0.882294373079  0.563888474876  0.264228530154  -9999.0  -9999.0  -9999.0  -9999.0  -9999.0  -9999.0  -9999.0  -9999.0  -9999.0  -9999.0  -9999.0  -9999.0  -9999.0
-9999.0  -9999.0  -9999.0  -9999.0  -9999.0  -9999.0  -9999.0  -9999.0  -9999.0  -9999.0  -9999.0  0.637549746184  15.433232536  18.9379451384  1.07294323107  11.9674215514  1.03224228048  1.02909144747  2.04680558843  5.19236251476  1.01263783071  1.05100283966  0.881157456904  8.54859763478  9.45862779419  14.1073868569  15.9740215616  16.9555519835  17.8562480774  18.7162789304  290.541980279  323.1956304  355.749375364  356.388120552  0.766613600095  0.808844250549  13.3796698698  12.5599645116  0.826579452909  0.830956710209  11.2450698408  16.9291043586  0.71985425911  9.26135188216  8.53340876051  2.69966089519  1.26478537734  2.01847344231  0.714450916921  40.9533853172  0.572142721824  1.8662938474  2.34512118842  21.1153572764  22.9714701461  24.1439153822  29.8466815585  0.556725711394  0.476431583888  0.422909936887  0.385845821036  6.33700929986  8.14004981813  0.320066023122  2.06740425288  0.87080140617  0.492268395407  0.210602101335  0.199538081793  -9999.0  -9999.0  -9999.0  -9999.0  -9999.0  -9999.0  -9999.0  -9999.0  -9999.0  -9999.0  -9999.0
-9999.0  -9999.0  -9999.0  -9999.0  -9999.0  -9999.0  -9999.0  -9999.0  -9999.0  -9999.0  -9999.0  1.25653246001  2.41250419888  20.0759398957  22.1467638999  1.03209586442  13.7503275225  0.926051587827  2.8443235005  6.13656924478  1.98019987853  0.964437452445  1.94058614104  0.83638005425  1.65992190124  0.832936738215  0.814297253017  0.786060951876  0.76251573003  0.767633959958  0.821210338743  0.988469378114  1.07447862421  1.07997212434  358.885642981  16.4920543892  14.7768735514  0.655848678769  2.4103275935  0.604677397101  0.58150871539  17.6933315779  29.249567067  10.0710311735  7.2459830166  1.54310043077  0.686007720911  0.638740876375  1.25135952586  42.8143442325  43.9394598778  0.589332489029  0.594654767358  0.665523030193  0.659470666427  1.20430217541  31.6587975693  32.7756895709  33.8124221853  0.973903775181  0.530139552569  0.448946617668  8.51744683059  9.14042455884  2.32991823937  0.253688181763  0.705538068591  0.391949421622  0.380164129568  -9999.0  -9999.0  -9999.0  -9999.0  -9999.0  -9999.0  -9999.0  -9999.0  -9999.0  -9999.0  -9999.0
-9999.0  -9999.0  -9999.0  -9999.0  -9999.0  -9999.0  -9999.0  -9999.0  -9999.0  -9999.0  -9999.0  -9999.0  1.12452912575  14.8399485539  38.072626798  41.360965996  56.0412641017  56.7759162283  13.6134585767  10.0747701696  2.96196262661  0.954071549361  3.81927045562  4.71939104152  7.22302765054  1.69581513195  1.64076637486  1.62327271951  3.20764761207  1.57925917677  1.6250861599  0.79284288864  0.751944074599  0.807275233907  359.644080624  376.67106657  377.577575679  0.672361450399  6.56817015003  2.79833693822  0.821258678873  31.689123816  1.70282417551  0.874877267418  3.71080739956  0.869075844756  0.749813220906  1.39264735197  1.93221684433  2.51262218638  44.9181278033  0.463923745086  0.405348495085  0.405729878113  0.364154385588  0.418717924943  1.16111450646  1.50099815796  36.1851691548  39.9770069338  2.16664607964  1.03178499019  0.568889520015  0.428212057116  12.232711956  16.4037016537  3.64789837958  1.96224801823  1.26299066736  -9999.0  -9999.0  -9999.0  -9999.0  -9999.0  -9999.0  -9999.0  -9999.0  -9999.0  -9999.0  -9999.0
-9999.0  -9999.0  -9999.0  -9999.0  -9999.0  -9999.0  -9999.0  -9999.0  -9999.0  -9999.0  -9999.0  1.20936784018  11.3140881519  13.7099395775  2.22363336362  0.709266520862  1.67845854584  59.4442055197  60.2263836847  74.5676459775  0.888285180286  1.83500007096  0.837064550798  0.850026821279  8.05982393255  10.5909597656  13.0403947006  0.788314795089  4.00064316436  6.35941149366  3.94186247329  1.56012330355  1.48332350266  1.51465464299  1.49229887586  0.775142816199  378.192449783  378.689405043  386.390006826  1.43605507444  0.745077537924  32.1615272069  1.84138180996  0.936327244565  0.980561247097  0.970968638617  0.90337957252  1.7074553874  4.71328796844  7.84273857936  53.2365658233  0.363466359344  1.08071099137  0.728587476655  0.654895315805  0.314299739793  0.40227741367  0.483712058614  0.350061010838  40.5305078621  0.294953952893  0.826093020673  0.51603312125  0.382512733204  0.248430729412  16.6721757388  0.69677362444  0.345611942435  0.561197673354  0.252225852317  -9999.0  -9999.0  -9999.0  -9999.0  -9999.0  -9999.0  -9999.0  -9999.0  -9999.0  -9999.0
-9999.0  -9999.0  -9999.0  -9999.0  -9999.0  -9999.0  -9999.0  -9999.0  -9999.0  -9999.0  -9999.0  1.23183885967  7.78896392564  1.21971542686  1.10235904792  5.65144650576  6.6446573774  7.65788118076  8.61477498303  101.552750377  102.440894427  104.247810096  117.318364581  119.956219801  121.574370579  122.431223141  137.654765457  139.998213014  140.825442277  148.047666058  152.827121299  153.59812398  156.630368147  2.25309634714  2.21408596576  0.68207251039  0.625510859322  379.308785429  389.05920949  2.14059665569  36.6969432489  36.0629342153  3.46248685999  0.826852979564  0.836661291226  0.834885345071  0.822302165413  1.65314090081  2.38402733782  0.70953422741  53.6906808771  54.1774951633  56.4068515455  56.8085568676  57.8355049421  58.4980612863  0.284119245762  0.342373027892  0.340593879507  40.9210412704  41.5383295543  42.7052201435  44.2408854557  0.761054401858  18.1192831749  17.2808608895  0.300297393299  6.89758393896  6.65901320237  0.669781556875  0.397181336663  -9999.0  -9999.0  -9999.0  -9999.0  -9999.0  -9999.0  -9999.0  -9999.0  -9999.0
-9999.0  -9999.0  -9999.0  -9999.0  -9999.0  -9999.0  -9999.0  -9999.0  -9999.0  -9999.0  -9999.0  4.00411101389  5.29450448891  2.48209651438  3.6545462879  1.15860038096  13.232493171  14.3131622582  16.4098732826  17.4031468208  7.09631679608  112.832817296  113.723811524  0.918811394338  0.766073591491  0.757560655196  1.58128558999  0.84458053598  0.746211237807  0.723018890202  0.726692784068  154.411458815  157.438722796  160.37719939  163.209483272  165.60266322  1.15693267617  0.378834397643  427.528486726  37.9020715601  37.3697405226  0.802551596469  0.745085130232  0.662612899635  1.52429591225  1.52556642286  0.743482778253  0.723406779997  0.684316620206  1.38934791622  1.86945362347  0.425039131454  0.804018157916  0.296177074968  0.293821557956  58.8114233648  59.4500446302  60.1574475578  60.8786829077  61.2507966731  61.9090966412  62.1895546558  0.26576291022  45.2740739404  0.573924043755  25.8369625018  7.28962665632  0.44533670236  5.74654214532  4.87734973138  0.444989836518  -9999.0  -9999.0  -9999.0  -9999.0  -9999.0  -9999.0  -9999.0  -9999.0  -9999.0
-9999.0  -9999.0  -9999.0  -9999.0  -9999.0  -9999.0  -9999.0  -9999.0  -9999.0  -9999.0  -9999.0  -9999.0  2.70879444149  1.27122981692  1.18992545872  11.1414741004  12.223698591  1.1121149802  4.33759655609  5.34697103593  6.29458141363  1.06160054765  0.863015523557  18.2064489554  18.9539753597  19.6969507121  50.6805244544  51.3679385648  52.763867121  58.8050590704  62.8465785834  63.5280118548  0.677903260803  0.698060040558  0.633211141731  166.434661996  0.433145230115  434.561128332  433.913443858  5.8407118027  5.19123715497  3.02489873482  0.742439986051  1.35578199625  2.24819997888  2.21559073549  1.44996859649  0.69630041814  1.36895910603  1.3755674168  2.49245431392  0.44169195424  1.32191089619  2.0522892317  2.6717322341  3.0090696079  0.310346769343  0.312441821173  0.298552945958  0.302724301654  0.335062388886  62.5746001691  63.1598009777  108.767900895  108.983584209  27.7529610684  1.56200668454  1.01660450067  0.433841178446  4.0506602126  3.66709130981  -9999.0  -9999.0  -9999.0  -9999.0  -9999.0  -9999.0  -9999.0  -9999.0  -9999.0
-9999.0  -9999.0  -9999.0  -9999.0  -9999.0  -9999.0  -9999.0  -9999.0  -9999.0  -9999.0  -9999.0  -9999.0  1.39461540995  3.93498928501  5.14556766441  8.81618328464  1.10376552508  2.24414769474  3.33650776842  12.7674248905  13.7603348239  14.6797165639  15.6157688273  16.5796911384  25.6153385165  28.5252423533  30.3165314923  0.82120918342  4.62423573533  5.43274023444  60.8466019639  64.2690973886  65.7570337565  67.2530747057  68.6475892842  235.525708279  0.465563604546  436.796880165  1.35440716149  0.659217583913  4.45247434417  3.72782227729  0.661471326378  2.02270407688  2.912954472  2.8517687065  2.04987571166  3.33417743938  5.25340427591  1.98681024248  5.05289649347  0.521323398346  0.909258346579  0.261633349604  0.20587740583  3.57000395558  3.75766378746  0.532789664623  0.533580672592  0.808357977289  0.266844767164  0.257043097677  0.212899616897  154.425057817  154.250755856  44.8349444962  0.491120115536  2.3264338313  1.80757709415  1.1912737143  3.34447264524  2.36387856673  -9999.0  -9999.0  -9999.0  -9999.0  -9999.0  -9999.0  -9999.0  -9999.0
-9999.0  -9999.0  -9999.0  -9999.0  -9999.0  -9999.0  -9999.0  -9999.0  -9999.0  -9999.0  -9999.0  -9999.0  1.32091258996  2.62684353705  1.2286940338  2.45126907377  1.12436054741  8.47443926299  10.6136298304  11.741517054  1.05557252801  2.04564760489  19.0539930481  23.8156986451  24.7382988892  1.89694077382  2.10813060315  3.15622429651  0.740949018432  0.694345078229  1.32939390707  0.556761159746  29.1336839778  29.7307622722  30.3651377062  236.026033618  441.852510418  437.55345626  1.08492165652  0.478415439163  0.435167564289  1.70331318167  1.26770650656  2.68418731054  3.56643704354  7.08460865475  0.659632343641  0.658575173882  5.87894975988  6.52722655432  12.7051692167  13.137960592  14.3189396806  14.8114761287  0.481788996274  0.712404618176  3.90515162484  164.096012643  159.530800021  158.498226583  157.221208421  0.201815851534  155.840835414  0.354056400511  0.224854334476  16.2550821509  3.80771530928  3.48706311521  0.62218722769  0.663845504664  0.576877954049  1.94644895176  -9999.0  -9999.0  -9999.0  -9999.0  -9999.0  -9999.0  -9999.0  -9999.0
-9999.0  -9999.0  -9999.0  -9999.0  -9999.0  -9999.0  -9999.0  -9999.0  -9999.0  -9999.0  -9999.0  -9999.0  -9999.0  1.28798834798  2.56247227982  3.83837043006  6.16028236951  1.20727583917  1.11279633307  7.27563968446  8.30067977011  17.09379229  18.1464055537  2.95196324029  1.01168265252  0.935441795249  0.980261258458  25.1387396422  25.8864245537  26.6583519608  27.3420910718  28.5428450226  6.12674706585  6.6295465615  37.7273711415  715.855321015  3.60859770643  3.01696692163  1.55975449024  0.391739993889  0.373985431456  2.5838529232  2.92051608293  3.5007634163  0.414234006166  7.58548344238  1.23156712514  1.21976661397  0.376707239551  0.2689091461  0.234053532392  0.187766095203  0.233934111662  15.0443400778  198.340202325  182.21975148  181.653671515  164.270669223  0.277901439659  0.193842633346  0.327427306248  156.144818903  0.658035782516  0.29710003858  0.275064905509  0.271270691818  11.8104666305  11.2119290414  1.18366557693  0.605682311328  0.712421890758  0.708651244345  -9999.0  -9999.0  -9999.0  -9999.0  -9999.0  -9999.0  -9999.0  -9999.0
-9999.0  -9999.0  -9999.0  -9999.0  -9999.0  -9999.0  -9999.0  -9999.0  -9999.0  -9999.0  -9999.0  -9999.0  -9999.0  -9999.0  1.23250258858  2.21778005418  3.07581268858  3.94976840185  5.06951957695  6.21514219167  3.42034576192  5.66871487028  1.05245508648  1.00338137195  20.4961195966  22.433015055  23.3432297366  24.3464833752  0.817739555411  1.53575842279  3.93234044345  4.83047496195  5.55180738928  0.594782534021  0.403409773672  717.186873676  0.561690257534  0.890016994398  0.521218148163  1.60305963532  0.744252405665  0.445424825236  6.78837909995  7.03489379387  0.230912081739  7.82440406027  9.4791175762  1.74409574658  208.625520951  207.941524874  207.394660235  206.396843413  206.04620591  199.75421708  199.467140776  0.349628974805  17.2724318547  16.1562025855  15.1420066951  14.876156766  7.68226059244  7.42356793127  6.85741106147  1.80805845451  1.57592137945  1.04604899315  0.296955037447  10.7596382814  9.12848553208  0.564690186428  0.989956390902  0.460574037494  -9999.0  -9999.0  -9999.0  -9999.0  -9999.0  -9999.0  -9999.0  -9999.0
-9999.0  -9999.0  -9999.0  -9999.0  -9999.0  -9999.0  -9999.0  -9999.0  -9999.0  -9999.0  -9999.0  -9999.0  -9999.0  -9999.0  0.229419255319  0.521162963432  0.884930899537  7.91829716286  9.0897265093  1.17935733721  1.15875991151  1.14186831868  16.5163933601  18.6360879391  1.01684632272  1.07389990073  0.843929042251  3.69824998341  4.63132195124  2.49091627453  3.21506937297  21.5411315129  22.3517369982  23.5792568786  38.263009208  755.740080211  0.57201097053  0.447709979606  2.45861149726  2.03614332844  0.257895673999  0.985626024166  1.25714020108  7.33896557929  7.59055410822  17.6689385318  9.61423292662  1.9847416147  214.20093104  2.37195132972  206.914270373  206.667575422  5.93361025033  0.164176560839  0.907674428073  0.570638523323  0.630479294457  0.789426170337  0.385984102698  6.9473560205  5.80342566355  0.370666486064  4.85461815512  0.67587705112  0.362001613559  0.778751211115  0.374918998087  1.05972280984  7.27667267284  6.1173169586  0.46268520258  0.588959267041  0.27339703546  -9999.0  -9999.0  -9999.0  -9999.0  -9999.0  -9999.0  -9999.0
-9999.0  -9999.0  -9999.0  -9999.0  -9999.0  -9999.0  -9999.0  -9999.0  -9999.0  -9999.0  -9999.0  -9999.0  -9999.0  -9999.0  1.15071661371  1.89131280119  3.96297074747  6.89021415941  9.88788374021  12.0751552711  13.2387446368  14.4098761534  15.522665419  1.02696674831  0.984823067993  1.94539695522  1.8070763213  0.97901628693  18.4951189757  19.4098209301  20.2702297749  21.0881423733  12.7161017664  13.5837985235  14.2655247233  755.991127422  0.92413729047  1.32995937494  4.05887788477  0.404891101127  0.493329813157  0.245053657118  0.251189959383  1.48398645639  0.205653025566  0.222325632035  233.076781847  215.237757133  215.01301802  0.894180412705  2.01921597615  1.3419953747  0.346271617319  5.58145037936  1.65023307736  1.29983965548  0.942200358905  0.650178089992  0.359735947655  0.827961768357  5.47480230226  4.62106327575  3.80759241101  3.85072187615  3.53382870138  3.28658919107  0.276726950939  0.437860918246  0.572357152331  4.63834831265  3.52315422606  1.94878938587  0.283899560841  -9999.0  -9999.0  -9999.0  -9999.0  -9999.0  -9999.0  -9999.0
-9999.0  -9999.0  -9999.0  -9999.0  -9999.0  -9999.0  -9999.0  -9999.0  -9999.0  -9999.0  -9999.0  -9999.0  -9999.0  -9999.0  0.804657623654  0.744518994658  1.45552402824  2.21547254959  1.14862781742  1.2858044094  2.45798498817  3.63614509417  5.87077040315  6.96006746551  7.97079110803  10.9784847668  11.9530924633  12.9790047427  0.958370035693  9.39172902537  10.2632230765  11.1362407727  0.804217447092  0.541900290189  0.934838708275  771.345450135  771.592642334  773.073222623  5.13503398218  0.800666125597  1.08557179271  0.370088607891  0.451077047948  1.68641888785  2.07430613414  0.409064831415  234.065423397  0.2982940274  0.485248270921  0.545654006474  0.37649175413  0.74257327532  0.303290985828  3.53698158363  2.85671759763  2.15192906097  1.09671117796  0.758963763295  0.40907928913  0.458564361212  0.488744828839  0.492765243187  3.46654449943  2.63866952405  1.82709155562  1.00377477147  3.02444498441  2.2047780567  0.466606940283  0.563988657488  0.557475721908  0.998022474151  0.513616534682  -9999.0  -9999.0  -9999.0  -9999.0  -9999.0  -9999.0  -9999.0
-9999.0  -9999.0  -9999.0  -9999.0  -9999.0  -9999.0  -9999.0  -9999.0  -9999.0  -9999.0  -9999.0  -9999.0  -9999.0  -9999.0  -9999.0  0.703496170616  1.39235887905  0.69622703545  1.47923534295  9.09825507246  10.1036354123  11.2711639084  1.09982765068  1.11497963035  2.09472395987  3.13517443521  5.00054986271  5.95851500882  6.570262829  7.51024453966  0.817031805216  0.812013694934  12.9977385367  13.5098416739  13.84953394  14.1537294109  11.6361301792  785.981853191  793.108519174  793.40481448  794.756906234  796.209667698  796.875867644  0.203587596372  2.25504354654  234.263414816  0.485393818599  0.24928346178  0.221823007411  0.202698985327  0.361627879238  0.392386536654  0.226787946224  0.338744131463  0.341337477922  0.738337817347  0.353690613639  0.278759118713  0.959777696146  0.678859602582  0.358546135801  0.352071878781  0.38489858502  0.406407017735  0.438800866121  0.580489236208  0.618894925179  1.08541100478  0.358948277691  0.883407826666  0.350638728649  0.375737034857  -9999.0  -9999.0  -9999.0  -9999.0  -9999.0  -9999.0  -9999.0  -9999.0
-9999.0  -9999.0  -9999.0  -9999.0  -9999.0  -9999.0  -9999.0  -9999.0  -9999.0  -9999.0  -9999.0  -9999.0  -9999.0  -9999.0  -9999.0  -9999.0  2.07160360915  2.81086974307  5.01899385094  6.75871972852  0.959734504138  13.4883231267  14.5699404681  15.6163243339  1.06254373012  2.09680554298  0.948239924709  7.06745452711  7.6327223898  8.54368453237  9.5691280597  11.8630874174  12.2793473156  0.261971827994  10.4876850592  11.0878098059  11.3526819404  12.6477899524  1.73060453305  1.12258596329  0.736510952488  0.659028330206  797.746040915  798.139462462  802.008107524  234.457312532  1.29731333869  0.638125119204  0.405159744224  0.146108119217  1.20293916309  0.659838612081  0.206388416323  1.13424330815  0.959956471246  0.183760531846  2.01532067524  1.80116400441  1.26286096753  0.277440967408  0.804245285477  0.585784305911  0.24297027232  0.648741658096  0.404446513172  0.538961964529  0.527768485189  0.325712732248  0.67569964879  3.93276244568  2.05646033194  1.30537528039  0.511830834006  -9999.0  -9999.0  -9999.0  -9999.0  -9999.0  -9999.0  -9999.0
-9999.0  -9999.0  -9999.0  -9999.0  -9999.0  -9999.0  -9999.0  -9999.0  -9999.0  -9999.0  -9999.0  -9999.0  -9999.0  -9999.0  -9999.0  -9999.0  0.750565611729  3.54305502397  4.32033702398  1.00613278701  1.20644391495  2.41972976022  3.55699474709  20.2591850322  1.06362761997  4.25365320125  5.23134448569  6.18882034064  0.613223637218  1.45479656562  1.99498250653  8.29000285821  9.41075669586  9.64442002576  0.290790248463  0.31775796687  0.410844976616  0.740327283676  0.344409359393  0.373530338975  0.649721570446  0.485724542939  0.579959533527  1.39926483089  802.357283739  1037.67877428  1.73482360154  0.390163162468  0.171184211989  3.84443880997  3.52239381974  2.10647638372  1.89363443323  1.42800142541  0.329481513831  0.256292905497  2.22909492061  1.01202285623  0.782016336698  0.244308153375  1.00672642885  1.75851646778  1.51814618354  0.946438009843  0.391487492464  1.46602157399  1.04729764526  0.594660905173  4.85927121379  4.62512919155  0.376175644926  0.347054337595  0.31945532816  0.294944969273  -9999.0  -9999.0  -9999.0  -9999.0  -9999.0  -9999.0
-9999.0  -9999.0  -9999.0  -9999.0  -9999.0  -9999.0  -9999.0  -9999.0  -9999.0  -9999.0  -9999.0  -9999.0  -9999.0  -9999.0  -9999.0  0.624186128957  2.06810274621  0.688003509753  1.19008297385  1.29406342633  2.5050373732  3.68560878846  4.67132250195  25.6710352775  26.7121483353  1.06760054922  2.05770587245  3.07058308251  3.80208826262  4.65436011556  7.45608969797  7.99545293358  0.803137987384  0.533587876538  0.472137225228  0.405966438632  0.661392407101  0.628442054157  0.661055469349  0.725040851328  2.15087471761  0.885919463432  0.280716535592  0.268424629273  0.306440250097  0.581358120074  1050.42299587  10.7306772285  4.63140466381  0.316739661523  0.13638916278  0.122196677453  0.468707188561  0.340353146577  0.1811474522  0.179225916487  2.62302156506  3.88550684149  4.27866319046  0.185909113877  3.20385954018  2.02442252639  0.245427485985  0.206518544044  0.383169732191  2.94220113527  1.27510093154  0.78368999405  5.05987505874  0.210287113502  0.243085539528  1.25248831511  0.633751781643  1.05684192241  0.448576760473  -9999.0  -9999.0  -9999.0  -9999.0  -9999.0
-9999.0  -9999.0  -9999.0  -9999.0  -9999.0  -9999.0  -9999.0  -9999.0  -9999.0  -9999.0  -9999.0  -9999.0  -9999.0  -9999.0  0.636793251016  1.26769355464  4.64935357927  0.673509586963  2.15599865677  3.43116952821  4.64706874208  1.232192292  2.35086711837  3.24188777233  30.657041237  1.02111145979  1.96462294749  2.95858597616  0.909116284857  1.81541194399  2.59891245753  3.16231775684  63.8184956753  64.9389595094  66.1602220148  71.0133637466  72.5654358807  76.0305737836  1.5299695061  3.14080440707  2.90238991773  87.8556187808  88.4198728652  0.249902631724  0.486079096106  0.710581307723  1050.60325391  10.0318408977  4.98939547502  4.82502572557  3.52987008838  2.99271155052  0.62222678851  0.140335412123  0.292942628891  0.161102584022  0.153281005481  0.380640511313  4.52200486405  8.14787474442  3.44177781011  0.6918691949  0.469125016099  0.219432096341  4.04750301596  3.46726833696  0.292106407579  6.51437729338  5.27348388749  0.404870295953  2.40092374011  1.50447337335  1.64018314104  1.38288970585  0.308883339825  -9999.0  -9999.0  -9999.0  -9999.0  -9999.0
-9999.0  -9999.0  -9999.0  -9999.0  -9999.0  -9999.0  -9999.0  -9999.0  -9999.0  -9999.0  -9999.0  -9999.0  -9999.0  -9999.0  0.64961031378  1.98546884093  7.30179071602  10.8350265366  0.613396938468  14.3687924956  19.7449835551  1.18754129435  2.30712228618  3.27148895957  39.9970674875  40.755547201  0.884941831276  4.75971881044  5.61588719861  6.42380296793  56.620223825  58.8715778816  60.0006152534  0.552850383272  3.2570846122  3.95752153973  1.61229481732  2.32600153909  79.3132611809  83.4961576405  84.0761942027  84.6258047183  89.0891492722  0.326934682955  0.288568049422  1.22443753509  1050.83681423  0.241243100013  0.386671994157  1.15615646944  0.414664093884  2.74863743253  1.96870858278  1.15106481384  0.841839431514  0.369062127038  0.17105534626  0.574391174256  0.179912993996  8.42109705978  1.07269743354  0.868054357305  0.160512718154  0.383401854104  4.23641353549  0.17232720366  0.253024720379  6.7753427448  0.175104458518  2.78069638984  2.61734633938  2.30910442568  2.11579990813  0.229429150638  0.843636029835  0.270206530918  -9999.0  -9999.0  -9999.0  -9999.0
-9999.0  -9999.0  -9999.0  -9999.0  -9999.0  -9999.0  -9999.0  -9999.0  -9999.0  -9999.0  -9999.0  -9999.0  -9999.0  -9999.0  -9999.0  -9999.0  1.43571480188  2.89993745812  12.9143207131  13.6674358743  20.4057473276  21.142338997  1.17131630088  2.33907064444  5.45357916802  41.4209061911  43.1926828345  43.9537775377  0.655001613734  47.0005375741  49.4068571717  1.46167340557  0.526306463385  1.03538797652  2.01840282948  0.484073298213  0.982667401244  2.2187478695  2.78622474995  0.529770906674  0.370069785175  0.73778010005  91.8997995048  93.0185770595  93.268329623  95.1489593101  1051.0483383  0.159664004577  0.292922312203  0.339416876042  0.320940022534  0.327905651833  0.281326589442  0.530646656245  0.101723862278  0.280085343607  0.174294287701  0.198816754124  1.01284313714  9.93746720452  11.4378360304  11.6617861275  12.3913797849  0.173438064526  4.40959582229  0.807369692632  0.459966899634  6.97475384729  7.33577188282  2.93892891637  3.13277642775  2.69425324833  1.58176582333  1.36510474734  1.13335069099  -9999.0  -9999.0  -9999.0  -9999.0  -9999.0
-9999.0  -9999.0  -9999.0  -9999.0  -9999.0  -9999.0  -9999.0  -9999.0  -9999.0  -9999.0  -9999.0  -9999.0  -9999.0  -9999.0  -9999.0  -9999.0  0.757293761539  0.741100292178  0.741149160606  1.52832844555  0.680178333025  22.4884915418  23.1715480653  1.04835915598  2.1444678749  1.08520509164  0.928307423418  0.907059305002  45.7106831061  0.83150042793  1.68939819339  0.734308243563  0.561943650628  0.500777333195  0.406993299643  0.421454675047  1.28352269546  1.75143728297  0.355986580897  0.321977933191  0.688170345099  1.1288753877  1.48237453711  0.522991492819  93.6578758805  95.4142677015  1051.19975694  1.16715841031  0.851100308604  0.230370828692  0.503333464872  0.186243620472  0.140964066175  0.684519382692  0.54400305221  0.363810702976  0.0865881933656  0.0956421572675  0.263490410064  0.139214291091  0.174001984697  0.196603472581  0.203965664914  18.556835983  5.38224796625  0.158767228135  0.273153269027  0.130304942061  16.7299988491  9.24531872233  9.08485770422  2.91200183504  2.14539349143  0.185009818483  -9999.0  -9999.0  -9999.0  -9999.0  -9999.0  -9999.0
-9999.0  -9999.0  -9999.0  -9999.0  -9999.0  -9999.0  -9999.0  -9999.0  -9999.0  -9999.0  -9999.0  -9999.0  -9999.0  -9999.0  -9999.0  -9999.0  -9999.0  -9999.0  0.734970281349  2.20577884732  2.81549419347  3.47211363308  23.8090546955  24.4433071237  25.0991123176  25.9086368622  26.805289374  28.655834916  29.436917907  30.2413268008  30.8879782645  0.506368997596  0.479841613108  0.496660663784  1.76448025846  0.46208703871  0.442391656659  0.360429409773  1.05563650544  0.411243096939  0.329121496839  0.30778408976  0.259892347118  0.5187601031  0.75399380319  96.9949307856  1149.53773163  0.150250919615  0.324510552859  0.202662123772  0.700359304099  0.400750105946  0.283641923074  1.67683093966  0.909918222404  0.282195121242  0.191754638095  0.463823093385  0.104070920787  0.388289369904  0.283105204203  0.541987338473  0.185953565642  0.22950327109  18.7455865905  19.3405305947  21.9132871149  21.7820354243  21.5992207249  0.204618660603  2.87222041125  2.6427243968  0.209204179334  -9999.0  -9999.0  -9999.0  -9999.0  -9999.0  -9999.0  -9999.0
-9999.0  -9999.0  -9999.0  -9999.0  -9999.0  -9999.0  -9999.0  -9999.0  -9999.0  -9999.0  -9999.0  -9999.0  -9999.0  -9999.0  -9999.0  -9999.0  -9999.0  -9999.0  -9999.0  0.616596066298  4.89217736371  9.70939926934  10.4150596954  0.979192916342  2.04478749362  3.16130061653  4.15115549827  10.3886560112  10.9601514358  0.545973313393  0.543297862403  32.1366567279  33.1984511345  33.650854054  2.12891122372  0.33846944394  0.825363568254  1.2083825686  3.56789444714  4.35840660204  5.00261581579  0.59609606388  0.839401553579  0.286090698668  0.565165735395  0.288872856153  1150.0705557  0.146653052322  0.599632608972  0.375278314401  1.21718577434  2.38411617377  2.73977963335  4.4896266483  1.16233582377  1.081625606  0.801115815245  0.721171509614  0.17213577417  0.45585318563  0.688426341536  0.631306144092  0.0961426255588  42.6576735894  42.3571409331  42.2115354607  22.4497266182  0.281199532514  4.38598821872  3.1737025893  2.11238882834  1.31813203456  0.238626119832  -9999.0  -9999.0  -9999.0  -9999.0  -9999.0  -9999.0  -9999.0
-9999.0  -9999.0  -9999.0  -9999.0  -9999.0  -9999.0  -9999.0  -9999.0  -9999.0  -9999.0  -9999.0  -9999.0  -9999.0  -9999.0  -9999.0  -9999.0  -9999.0  -9999.0  0.686581516579  2.18537230655  4.28448975282  5.60095578978  14.4805699742  15.3056880917  2.29746702006  3.40587536047  4.37812102496  5.35704303384  11.6721487112  12.8339015905  23.4735928753  24.3480895814  25.0446129999  34.1072467212  37.4528861131  0.809281615239  0.51715534684  0.497406951949  0.959188865018  0.439522054733  5.83924146565  6.15371897023  1.13389264925  1.52946977727  0.51130500289  269.583632977  270.290796595  1420.69283703  1421.49630738  0.144305298739  1.5122724368  0.347862031238  0.301191586749  5.15418559568  6.4778887789  1.00339307689  0.908270893788  0.174334846307  0.0900095030728  0.542402623926  43.9294481671  43.1786949148  43.0882623538  42.8472227944  0.205519475124  0.248523702222  0.286866849757  0.300559967325  0.952123693755  0.638239728446  0.598999894505  0.902127321031  0.284891423355  -9999.0  -9999.0  -9999.0  -9999.0  -9999.0  -9999.0  -9999.0
-9999.0  -9999.0  -9999.0  -9999.0  -9999.0  -9999.0  -9999.0  -9999.0  -9999.0  -9999.0  -9999.0  -9999.0  -9999.0  -9999.0  -9999.0  -9999.0  -9999.0  -9999.0  -9999.0  0.781089643253  0.762974504513  1.44594537263  3.4406181413  15.951013321  1.17623337625  1.16329664394  2.15132470871  3.15011624555  8.07193390256  8.93790980059  0.616307003066  0.545562934111  25.6868252286  26.190969397  64.2141263997  64.7836217448  0.3192042171  0.285871096368  0.246708478551  0.248910357035  0.263479534063  263.336157702  265.261850835  267.129783354  267.984219448  269.176894008  0.329290481327  1.23818453549  1.53411799573  1423.52329055  1423.63394957  1423.75083949  1424.05375806  1424.33170771  6.96916196409  0.100409248478  0.352492893728  0.277478624673  0.069234859484  0.61124330416  44.2380370308  0.229177067726  0.137908854832  1.07550667855  0.946775789832  0.767968092102  0.590129678195  0.326874403702  0.359723427102  0.343205925148  0.30789343798  0.32460829915  -9999.0  -9999.0  -9999.0  -9999.0  -9999.0  -9999.0  -9999.0  -9999.0
-9999.0  -9999.0  -9999.0  -9999.0  -9999.0  -9999.0  -9999.0  -9999.0  -9999.0  -9999.0  -9999.0  -9999.0  -9999.0  -9999.0  -9999.0  -9999.0  -9999.0  -9999.0  -9999.0  -9999.0  0.702424012446  0.7340134397  1.36633180578  18.6242901795  19.3457852135  1.14934898812  2.15121218513  3.16129162199  4.08769181463  0.862500860916  1.57476816509  49.1000136098  49.6184211902  50.2041993309  54.2508346955  119.558298913  251.276556118  252.006179056  252.681812831  253.329124371  256.00980384  256.859336102  1.62593976392  0.748678401924  0.422309853845  0.801060861483  0.621444965115  0.971036707279  0.297370576603  7.12307901364  7.79522655107  8.27330406089  8.40802474452  1424.48204919  1431.85448077  1432.63308175  0.484212513963  0.0896515337519  0.827519193229  0.693735894183  44.3989850902  0.0837442391146  2.05467079666  0.827160909603  0.673599102625  0.476664873733  0.254511637157  0.509959915334  0.262556245338  -9999.0  -9999.0  -9999.0  -9999.0  -9999.0  -9999.0  -9999.0  -9999.0  -9999.0  -9999.0  -9999.0
-9999.0  -9999.0  -9999.0  -9999.0  -9999.0  -9999.0  -9999.0  -9999.0  -9999.0  -9999.0  -9999.0  -9999.0  -9999.0  -9999.0  -9999.0  -9999.0  -9999.0  -9999.0  -9999.0  -9999.0  -9999.0  0.717782470515  1.37847783358  2.04208930479  19.9053592754  0.818547297498  27.7491204338  28.8003987323  29.7053671306  30.4691896689  46.0880364433  46.8561397566  0.568682869728  2.89866554835  3.57039487434  0.571311315647  130.983682107  129.945082477  0.350946119737  0.78054314795  2.09520024454  0.45883617344  0.482154712468  0.386146499217  0.334077705518  0.268952081358  0.302735796115  6.14790704347  6.45302530235  6.81076125132  0.446867018905  0.320385572063  8.57484117183  8.7442369076  8.84164922256  1432.759306  1432.87921969  1.07773863866  0.907656175065  46.6983176297  46.6190541959  2.13903885868  0.238779311672  0.129556490275  1.39846536322  1.22655984734  1.01999662638  0.756298695963  0.419420858433  0.194576053065  -9999.0  -9999.0  -9999.0  -9999.0  -9999.0  -9999.0  -9999.0  -9999.0  -9999.0  -9999.0
-9999.0  -9999.0  -9999.0  -9999.0  -9999.0  -9999.0  -9999.0  -9999.0  -9999.0  -9999.0  -9999.0  -9999.0  -9999.0  -9999.0  -9999.0  -9999.0  -9999.0  -9999.0  -9999.0  -9999.0  -9999.0  0.655882528791  0.617905486539  3.20655393386  24.4376372027  25.91831292  26.7482964368  1.05376306869  13.4879893053  14.3598644358  14.7683053416  0.698146560528  1.34093336768  1.90631895669  30.8243781366  31.2692374597  31.6667267501  129.203133527  75.5639560132  0.419812912862  0.444121000438  0.431258615337  0.354541558328  3.71816220231  4.4592757035  5.11941554826  5.4772824751  5.82383826245  39.6062068874  39.8838085358  40.2627347534  41.0590940353  44.7787294162  44.9159613191  53.8948644876  0.102122941494  1432.98405005  1433.11915323  1.17594664521  46.7671930412  0.136715245816  0.0667690168338  0.331112777494  2.08519832706  1.97203846679  0.383211593079  0.1935416168  0.866701693818  0.662434224305  0.192718982236  0.167771558593  0.16510744409  -9999.0  -9999.0  -9999.0  -9999.0  -9999.0  -9999.0  -9999.0  -9999.0
-9999.0  -9999.0  -9999.0  -9999.0  -9999.0  -9999.0  -9999.0  -9999.0  -9999.0  -9999.0  -9999.0  -9999.0  -9999.0  -9999.0  -9999.0  -9999.0  -9999.0  -9999.0  -9999.0  -9999.0  -9999.0  -9999.0  1.28879958318  1.97168269113  0.738276649028  1.18659464553  9.48134085883  10.5658177202  11.4886388104  6.16827262877  7.07983342069  7.97272898153  8.59174052405  29.8307603245  30.415724413  20.6209771042  52.781706708  53.2470420712  75.2038688624  0.919614001362  0.467371837377  0.353683343827  2.57623379511  3.01403050302  0.296567799837  0.280178784709  38.3982130886  39.0526050377  39.3630311961  0.34681926482  0.543602808258  44.0552732251  0.34246494394  1.15921482467  1.26866764101  55.370234112  55.4719315496  56.8584139496  1491.26000292  46.9881138178  2.79374442757  2.71643768889  2.62306747783  2.19480139924  0.125755588578  1.19447660914  1.05732214097  0.323923839384  0.163038448218  0.34033655084  0.753306364277  0.418317870558  -9999.0  -9999.0  -9999.0  -9999.0  -9999.0  -9999.0  -9999.0  -9999.0
-9999.0  -9999.0  -9999.0  -9999.0  -9999.0  -9999.0  -9999.0  -9999.0  -9999.0  -9999.0  -9999.0  -9999.0  -9999.0  -9999.0  -9999.0  -9999.0  -9999.0  -9999.0  -9999.0  -9999.0  -9999.0  -9999.0  0.648734234604  1.28498718093  5.48520078417  6.24656890435  7.19820176445  4.25837241684  5.25223803365  0.938073493558  18.9618962893  19.8441025059  20.666331367  0.649682186336  19.5211652265  20.1215782441  0.48114110372  72.8267225202  1.01085643685  0.502849210767  1.38551335709  1.85422191806  0.37525018668  0.316487536816  35.0480671434  37.8008016088  38.1787795959  0.390998168752  0.904818636576  1.13413014372  1.44335568547  2.71346164613  0.426012754119  0.956067023065  0.173519956576  0.340029934798  56.6323664113  56.753192329  1491.40021172  1541.80573348  3.28673352011  0.31986787226  0.259173917357  0.196917322445  0.111661113215  1.33129624768  0.642421260851  0.485360200483  2.10166114759  1.93846009945  1.35314018296  0.298448848015  0.172407056594  -9999.0  -9999.0  -9999.0  -9999.0  -9999.0  -9999.0  -9999.0
-9999.0  -9999.0  -9999.0  -9999.0  -9999.0  -9999.0  -9999.0  -9999.0  -9999.0  -9999.0  -9999.0  -9999.0  -9999.0  -9999.0  -9999.0  -9999.0  -9999.0  -9999.0  -9999.0  -9999.0  -9999.0  -9999.0  0.643715740823  2.03748128797  3.55906558203  0.888903945245  2.04821941018  3.21260987238  15.1985637921  16.2282009325  17.1522755087  0.877808442465  15.0429760022  17.6461179604  18.3642442762  0.621395623955  70.762439793  71.8870212444  0.53734381089  0.500302443427  1.00166863847  0.428715933541  32.9311782182  33.703661102  34.1493905768  1.72728792813  2.14039496639  0.368634698494  0.65923571836  0.292835709336  2.06335466691  0.287273907586  0.250873903751  0.266982914401  0.256254256006  0.521070789868  0.690918608283  160.932051111  161.233525901  1703.38647743  1703.47798525  1703.72626831  0.325188946411  2.75833804158  2.50152605521  0.978293492923  0.88074559558  0.112297788766  2.46949549746  0.196438550256  0.174853383487  0.147172688283  0.617559848436  0.260038783381  -9999.0  -9999.0  -9999.0  -9999.0  -9999.0  -9999.0
-9999.0  -9999.0  -9999.0  -9999.0  -9999.0  -9999.0  -9999.0  -9999.0  -9999.0  -9999.0  -9999.0  -9999.0  -9999.0  -9999.0  -9999.0  -9999.0  -9999.0  -9999.0  -9999.0  -9999.0  -9999.0  -9999.0  -9999.0  0.720958964276  0.795598154747  1.04098398599  9.72457954001  10.8584219071  14.1657536806  1.02835503017  11.3679599735  13.3443653264  0.90526809471  1.81703212165  0.741153190431  68.8791023807  0.738305374443  1.86309023808  2.31271706028  2.80702920724  29.9933913163  31.6784881706  32.1638755854  0.48499778695  0.910459505567  1.30284934989  0.261844643766  0.24230315569  75.0214918723  75.2588830678  75.4465953898  77.3327363107  77.5592626172  77.8710667584  78.0764633054  131.372668137  131.55230502  160.802174225  0.170297515532  0.200886272878  0.332153398471  1704.14803253  1704.95187448  1707.90575626  1707.97751655  0.186343433368  0.117725779089  2.77687695095  2.67242965191  0.139735424456  0.329583746337  2.50260330901  1.54844655581  1.33572132037  0.354857443186  -9999.0  -9999.0  -9999.0  -9999.0  -9999.0
-9999.0  -9999.0  -9999.0  -9999.0  -9999.0  -9999.0  -9999.0  -9999.0  -9999.0  -9999.0  -9999.0  -9999.0  -9999.0  -9999.0  -9999.0  -9999.0  -9999.0  -9999.0  -9999.0  -9999.0  -9999.0  -9999.0  -9999.0  0.649230218919  1.75550629971  3.75414276805  8.60802408967  1.20103270753  2.30389114283  8.38342025573  9.41311773687  1.01584259703  16.8324968756  17.7591553103  66.5540245111  67.3552708283  0.689805360991  1.29653386739  5.54907968653  24.6568704433  26.8102087986  1.22468327386  0.558894121491  0.462719962865  61.7850704013  62.5943384906  63.2487836616  63.9118711426  74.8021157976  0.688664211625  77.1126961819  0.361880052915  0.239926303793  0.588281602015  52.8927650787  53.1484306266  28.4418937134  29.0504402108  0.391948776816  0.190872978213  0.207011565568  0.281621454808  0.399561312156  0.116590376441  1819.1278549  1819.39402808  3.66222613939  2.99645882526  0.110928820991  3.69012608761  3.43716864526  2.9455062645  0.269520827581  0.327382068491  0.371024362844  -9999.0  -9999.0  -9999.0  -9999.0  -9999.0
-9999.0  -9999.0  -9999.0  -9999.0  -9999.0  -9999.0  -9999.0  -9999.0  -9999.0  -9999.0  -9999.0  -9999.0  -9999.0  -9999.0  -9999.0  -9999.0  -9999.0  -9999.0  -9999.0  -9999.0  -9999.0  -9999.0  -9999.0  -9999.0  1.37031416209  2.64194086462  3.81325738124  6.13926219775  7.25195530881  12.0247997036  14.0848754317  14.9082656231  15.8373479264  47.0667512265  47.976082949  0.710363427661  4.12112128949  4.8960865808  17.7960398264  18.5391063191  1.40431542991  0.6160984648  58.9866927081  60.4566631679  60.9670370187  0.431364477117  9.77571911696  10.1539837264  10.5452783785  0.351152369771  0.26649966165  0.240771714185  0.388906975112  51.7242946162  52.1310744329  0.189537445136  28.269660377  27.1212009724  26.9600603485  0.153299998088  0.372198922113  0.25044331655  0.398211483559  110.155025365  111.038601243  1823.17613565  0.303850851483  0.114040297926  3.91921192354  0.132739436735  0.590662372773  0.433965667355  0.251833542124  -9999.0  -9999.0  -9999.0  -9999.0  -9999.0  -9999.0  -9999.0
-9999.0  -9999.0  -9999.0  -9999.0  -9999.0  -9999.0  -9999.0  -9999.0  -9999.0  -9999.0  -9999.0  -9999.0  -9999.0  -9999.0  -9999.0  -9999.0  -9999.0  -9999.0  -9999.0  -9999.0  -9999.0  -9999.0  -9999.0  -9999.0  1.33219116455  3.9441619961  4.95852100649  7.28733428291  9.63845771983  10.9106718229  1.03109525253  11.70911586  45.0594594609  46.129571354  0.980053765693  1.87878260389  3.48215525105  16.2285123104  17.0940426062  36.7244549905  38.1339866495  58.0056522965  58.4023083066  0.765534181872  7.78344652995  8.97448514601  9.45118195993  0.392768626923  42.7869991141  43.1361616862  44.3132169054  49.215323633  50.9825694975  51.2565330014  0.316348664347  0.566236484425  0.769770013667  23.3884280269  26.6814698529  2.17889548984  2.00106699782  0.196767403459  0.284767439094  109.622554962  0.775331553402  0.196834485099  1823.42428015  0.04965589269  0.0514658421167  4.74848408335  0.728568621779  0.128936875506  0.153286289687  -9999.0  -9999.0  -9999.0  -9999.0  -9999.0  -9999.0  -9999.0
-9999.0  -9999.0  -9999.0  -9999.0  -9999.0  -9999.0  -9999.0  -9999.0  -9999.0  -9999.0  -9999.0  -9999.0  -9999.0  -9999.0  -9999.0  -9999.0  -9999.0  -9999.0  -9999.0  -9999.0  -9999.0  -9999.0  -9999.0  -9999.0  1.39456588001  1.33860781421  5.04913606431  6.03832456107  1.15446526361  9.4069600953  10.5741109853  1.1200832527  31.1587607385  1.10526132756  6.64078313691  14.4849882278  15.3920153236  32.3575288655  33.2083358516  35.9359966347  0.790855809234  19.2353926249  0.561527022595  1.34319409957  7.28675007252  0.663129776636  10.2948336124  42.079848043  0.508547342001  0.916516355532  3.97115112305  0.436604277572  0.636774730821  0.470691478492  0.259204040592  20.5923218069  22.4436707755  23.1947389573  0.906142121059  0.519058353617  1.04818188771  0.250319521268  108.83508722  108.997868962  0.371866207001  0.120724667233  0.0465568991408  1823.78036033  1829.38326668  5.49076073743  0.664880898211  0.547851892557  0.303611439794  -9999.0  -9999.0  -9999.0  -9999.0  -9999.0  -9999.0  -9999.0
-9999.0  -9999.0  -9999.0  -9999.0  -9999.0  -9999.0  -9999.0  -9999.0  -9999.0  -9999.0  -9999.0  -9999.0  -9999.0  -9999.0  -9999.0  -9999.0  -9999.0  -9999.0  -9999.0  -9999.0  -9999.0  -9999.0  -9999.0  -9999.0  -9999.0  1.3229574212  1.37005062801  1.34041292705  6.94523282568  8.20319171425  13.9206132422  30.1121339833  1.17890722251  3.44792874971  4.53342859579  6.89307488344  2.04716693202  31.4410709474  0.963681334438  1.88564361404  17.6352740356  0.85560944358  3.43584915961  4.38664705249  0.785498468021  0.669537529935  9.87758119916  31.2763427643  0.63151590493  2.31295383434  3.64154013478  0.416590491036  0.401420288131  18.0317803538  19.2420895474  0.850340998194  1.58847138878  0.42136498105  0.659990061242  0.288361940278  0.337461522091  0.175217919763  108.685129329  0.488204603717  -9999.0  -9999.0  0.119111681327  0.210259602935  1829.43450637  1829.48788444  1830.01516607  0.303129122903  -9999.0  -9999.0  -9999.0  -9999.0  -9999.0  -9999.0  -9999.0  -9999.0
-9999.0  -9999.0  -9999.0  -9999.0  -9999.0  -9999.0  -9999.0  -9999.0  -9999.0  -9999.0  -9999.0  -9999.0  -9999.0  -9999.0  -9999.0  -9999.0  -9999.0  -9999.0  -9999.0  -9999.0  -9999.0  -9999.0  -9999.0  -9999.0  -9999.0  -9999.0  1.11213288611  3.44775299983  4.43349228074  12.8630369929  4.32987292839  15.1084232426  9.90742592429  1.13637550536  3.48009283092  5.73745318011  1.02643853995  28.4632369442  11.7665242074  14.9218593813  1.92078846591  1.90132790533  0.847117056492  0.666485300453  7.91562615771  8.592126655  29.3855137099  30.0108028805  1.1588638385  1.76883524881  0.493519047613  13.2442626403  15.7489940056  17.7177694008  0.887234197944  0.421920915641  1.16874929104  0.406438577611  0.311404663596  0.211012866593  106.776218755  107.453341977  107.86729253  0.326472178296  -9999.0  -9999.0  -9999.0  -9999.0  -9999.0  0.0384114401993  1830.05256838  1830.12685493  -9999.0  -9999.0  -9999.0  -9999.0  -9999.0  -9999.0  -9999.0  -9999.0
-9999.0  -9999.0  -9999.0  -9999.0  -9999.0  -9999.0  -9999.0  -9999.0  -9999.0  -9999.0  -9999.0  -9999.0  -9999.0  -9999.0  -9999.0  -9999.0  -9999.0  -9999.0  -9999.0  -9999.0  -9999.0  -9999.0  -9999.0  -9999.0  -9999.0  -9999.0  1.45128382474  1.36738693504  11.9823440283  0.946577790576  3.43658499021  6.33805922465  8.8084704592  1.23898225492  1.20294283827  1.14939784413  26.3177869049  27.4502730266  10.7808122626  2.17453012416  1.03297468031  1.03702092007  6.37561207078  7.26297119331  25.0743316344  26.6577644677  28.0841669658  0.705734415442  0.589531227073  11.8753696926  12.3234144449  12.8271824316  2.15094934193  1.05395714416  0.472726959661  0.458318613009  0.343858712835  3.05452935682  3.28165608149  106.365924515  106.613287578  0.479290848194  0.210427275459  0.161853217822  -9999.0  -9999.0  -9999.0  -9999.0  -9999.0  -9999.0  -9999.0  -9999.0  -9999.0  -9999.0  -9999.0  -9999.0  -9999.0  -9999.0  -9999.0  -9999.0
-9999.0  -9999.0  -9999.0  -9999.0  -9999.0  -9999.0  -9999.0  -9999.0  -9999.0  -9999.0  -9999.0  -9999.0  -9999.0  -9999.0  -9999.0  -9999.0  -9999.0  -9999.0  -9999.0  -9999.0  -9999.0  -9999.0  -9999.0  -9999.0  -9999.0  -9999.0  -9999.0  2.83357314664  9.62997812306  5.4651242807  1.28537583583  5.28367214524  1.22783507375  3.8882312726  4.99722832373  23.3290875489  25.4200520106  8.63308429108  9.7192677639  1.10281616763  4.48330257556  5.44115233722  15.1348214314  23.4305780984  24.3493052266  0.903026246793  0.732393751751  8.65254488487  9.97921064245  11.4050739054  0.602217366381  1.14893213264  1.69603887285  0.532565388297  1.2782307909  2.04863537187  2.37701794709  2.80123478656  0.269615839078  102.529870885  0.621512273437  0.273934865908  -9999.0  -9999.0  -9999.0  -9999.0  -9999.0  -9999.0  -9999.0  -9999.0  -9999.0  -9999.0  -9999.0  -9999.0  -9999.0  -9999.0  -9999.0  -9999.0  -9999.0  -9999.0
-9999.0  -9999.0  -9999.0  -9999.0  -9999.0  -9999.0  -9999.0  -9999.0  -9999.0  -9999.0  -9999.0  -9999.0  -9999.0  -9999.0  -9999.0  -9999.0  -9999.0  -9999.0  -9999.0  -9999.0  -9999.0  -9999.0  -9999.0  -9999.0  -9999.0  -9999.0  -9999.0  1.45265670056  1.38981534995  2.72341461462  1.34362970919  2.64838140865  2.64474787081  14.454659937  15.3094809007  2.18379473442  1.20564593609  7.5365368483  2.37543183008  3.50222288306  12.1723285868  13.1923733545  14.2147478381  7.40806488586  2.93991876465  4.73333939117  6.3701540807  8.05138526015  0.792126534555  0.745361312832  54.5526123843  55.1603036682  55.6694643229  0.480007990977  0.874500757746  0.445466690703  0.325717689137  96.0092412922  97.5816475457  3.80813808509  3.40242842914  0.345499652117  -9999.0  -9999.0  -9999.0  -9999.0  -9999.0  -9999.0  -9999.0  -9999.0  -9999.0  -9999.0  -9999.0  -9999.0  -9999.0  -9999.0  -9999.0  -9999.0  -9999.0  -9999.0
-9999.0  -9999.0  -9999.0  -9999.0  -9999.0  -9999.0  -9999.0  -9999.0  -9999.0  -9999.0  -9999.0  -9999.0  -9999.0  -9999.0  -9999.0  -9999.0  -9999.0  -9999.0  -9999.0  -9999.0  -9999.0  -9999.0  -9999.0  -9999.0  -9999.0  -9999.0  -9999.0  -9999.0  -9999.0  1.30524297872  1.3069681858  1.34116320287  5.39389433462  13.2096166802  6.53490028934  1.2628570007  5.11446437277  6.351686032  1.17645347769  10.0790974602  11.1374816266  3.32693591956  5.37020517902  1.04257997329  1.93892728714  0.951711609274  0.860009459014  0.803910083367  52.7546471997  53.4585976097  53.9685815748  2.42036660926  58.8726946389  59.353180139  59.7720578544  60.1767173144  60.9065956471  95.7581702729  96.3967832057  0.921288804785  3.05589056514  0.819453206896  -9999.0  -9999.0  -9999.0  -9999.0  -9999.0  -9999.0  -9999.0  -9999.0  -9999.0  -9999.0  -9999.0  -9999.0  -9999.0  -9999.0  -9999.0  -9999.0  -9999.0  -9999.0
-9999.0  -9999.0  -9999.0  -9999.0  -9999.0  -9999.0  -9999.0  -9999.0  -9999.0  -9999.0  -9999.0  -9999.0  -9999.0  -9999.0  -9999.0  -9999.0  -9999.0  -9999.0  -9999.0  -9999.0  -9999.0  -9999.0  -9999.0  -9999.0  -9999.0  -9999.0  -9999.0  -9999.0  -9999.0  -9999.0  -9999.0  1.38219213094  2.76911182065  2.75926825332  2.70982930993  2.64868658162  3.9361233274  6.54180941493  7.71272400643  8.95340363393  1.12745125865  2.27496481594  1.04032361938  0.974987617904  31.1995520376  38.4035892518  40.152008825  41.0136436108  52.0920332327  0.705978626006  1.30482862016  1.99145053681  10.4612078682  11.1723871028  11.5627938889  24.6182512938  31.0469793698  34.4494083754  0.471376315579  0.494989468054  1.83860053102  0.454910536691  -9999.0  -9999.0  -9999.0  -9999.0  -9999.0  -9999.0  -9999.0  -9999.0  -9999.0  -9999.0  -9999.0  -9999.0  -9999.0  -9999.0  -9999.0  -9999.0  -9999.0  -9999.0
-9999.0  -9999.0  -9999.0  -9999.0  -9999.0  -9999.0  -9999.0  -9999.0  -9999.0  -9999.0  -9999.0  -9999.0  -9999.0  -9999.0  -9999.0  -9999.0  -9999.0  -9999.0  -9999.0  -9999.0  -9999.0  -9999.0  -9999.0  -9999.0  -9999.0  -9999.0  -9999.0  -9999.0  -9999.0  -9999.0  -9999.0  -9999.0  1.41897224295  1.40661617121  1.37325236079  1.33112957685  2.67297655298  5.27905271411  5.0299885071  6.18662268263  7.24437550139  16.6626531389  17.6950736684  29.4680332901  30.4271190559  6.40744596601  0.90548309869  9.52712881041  10.2903897408  4.04544097066  7.7837711981  9.17051243087  9.78880469193  0.555260637625  12.7049291737  25.7682363893  30.7342030568  0.48333636959  2.51558652867  0.473550661607  1.39284744947  -9999.0  -9999.0  -9999.0  -9999.0  -9999.0  -9999.0  -9999.0  -9999.0  -9999.0  -9999.0  -9999.0  -9999.0  -9999.0  -9999.0  -9999.0  -9999.0  -9999.0  -9999.0  -9999.0
-9999.0  -9999.0  -9999.0  -9999.0  -9999.0  -9999.0  -9999.0  -9999.0  -9999.0  -9999.0  -9999.0  -9999.0  -9999.0  -9999.0  -9999.0  -9999.0  -9999.0  -9999.0  -9999.0  -9999.0  -9999.0  -9999.0  -9999.0  -9999.0  -9999.0  -9999.0  -9999.0  -9999.0  -9999.0  -9999.0  -9999.0  -9999.0  -9999.0  -9999.0  -9999.0  1.39066372363  1.32161698002  1.30942841687  3.81219454745  3.65317447958  7.16628591376  8.33764952683  1.08771845247  10.7028996868  4.40389498191  5.44682385073  5.93270910302  8.71416812362  2.4729443849  0.81731593004  3.13774980213  0.761617527912  6.77302514023  8.13453722243  11.6797624544  0.614139059296  2.88647839156  1.12069071783  1.56346600679  0.501566683796  0.948196411752  -9999.0  -9999.0  -9999.0  -9999.0  -9999.0  -9999.0  -9999.0  -9999.0  -9999.0  -9999.0  -9999.0  -9999.0  -9999.0  -9999.0  -9999.0  -9999.0  -9999.0  -9999.0  -9999.0
-9999.0  -9999.0  -9999.0  -9999.0  -9999.0  -9999.0  -9999.0  -9999.0  -9999.0  -9999.0  -9999.0  -9999.0  -9999.0  -9999.0  -9999.0  -9999.0  -9999.0  -9999.0  -9999.0  -9999.0  -9999.0  -9999.0  -9999.0  -9999.0  -9999.0  -9999.0  -9999.0  -9999.0  -9999.0  -9999.0  -9999.0  -9999.0  -9999.0  -9999.0  -9999.0  -9999.0  -9999.0  1.27724672119  1.21730282628  2.44914155777  2.38468674898  6.23371359078  8.49489827814  2.2869387534  3.33603056335  3.07638464564  5.02027419733  1.8731868783  1.70268552512  1.68064761145  0.729629156696  3.93613483552  6.11150154438  0.718462850054  2.9052031778  1.25740472592  1.05293883667  0.551353556987  0.51852346928  0.541387613324  -9999.0  -9999.0  -9999.0  -9999.0  -9999.0  -9999.0  -9999.0  -9999.0  -9999.0  -9999.0  -9999.0  -9999.0  -9999.0  -9999.0  -9999.0  -9999.0  -9999.0  -9999.0  -9999.0  -9999.0
-9999.0  -9999.0  -9999.0  -9999.0  -9999.0  -9999.0  -9999.0  -9999.0  -9999.0  -9999.0  -9999.0  -9999.0  -9999.0  -9999.0  -9999.0  -9999.0  -9999.0  -9999.0  -9999.0  -9999.0  -9999.0  -9999.0  -9999.0  -9999.0  -9999.0  -9999.0  -9999.0  -9999.0  -9999.0  -9999.0  -9999.0  -9999.0  -9999.0  -9999.0  -9999.0  -9999.0  -9999.0  -9999.0  -9999.0  1.22399484104  2.57882868128  5.06382122266  1.15641848136  1.1554209291  1.02784174747  2.08394263473  0.991384981032  0.94582845264  0.874472337403  0.862905788624  1.63602258831  3.24302188004  1.50126456435  1.56298564464  2.25391898139  0.644236370155  0.51291391968  -9999.0  -9999.0  -9999.0  -9999.0  -9999.0  -9999.0  -9999.0  -9999.0  -9999.0  -9999.0  -9999.0  -9999.0  -9999.0  -9999.0  -9999.0  -9999.0  -9999.0  -9999.0  -9999.0  -9999.0  -9999.0  -9999.0  -9999.0
-9999.0  -9999.0  -9999.0  -9999.0  -9999.0  -9999.0  -9999.0  -9999.0  -9999.0  -9999.0  -9999.0  -9999.0  -9999.0  -9999.0  -9999.0  -9999.0  -9999.0  -9999.0  -9999.0  -9999.0  -9999.0  -9999.0  -9999.0  -9999.0  -9999.0  -9999.0  -9999.0  -9999.0  -9999.0  -9999.0  -9999.0  -9999.0  -9999.0  -9999.0  -9999.0  -9999.0  -9999.0  -9999.0  -9999.0  -9999.0  1.2605889567  1.21136643965  -9999.0  -9999.0  -9999.0  -9999.0  -9999.0  -9999.0  -9999.0  -9999.0  0.8265638364  0.796102841449  0.720403529647  0.778950516179  -9999.0  -9999.0  -9999.0  -9999.0  -9999.0  -9999.0  -9999.0  -9999.0  -9999.0  -9999.0  -9999.0  -9999.0  -9999.0  -9999.0  -9999.0  -9999.0  -9999.0  -9999.0  -9999.0  -9999.0  -9999.0  -9999.0  -9999.0  -9999.0  -9999.0  -9999.0
-9999.0  -9999.0  -9999.0  -9999.0  -9999.0  -9999.0  -9999.0  -9999.0  -9999.0  -9999.0  -9999.0  -9999.0  -9999.0  -9999.0  -9999.0  -9999.0  -9999.0  -9999.0  -9999.0  -9999.0  -9999.0  -9999.0  -9999.0  -9999.0  -9999.0  -9999.0  -9999.0  -9999.0  -9999.0  -9999.0  -9999.0  -9999.0  -9999.0  -9999.0  -9999.0  -9999.0  -9999.0  -9999.0  -9999.0  -9999.0  -9999.0  -9999.0  -9999.0  -9999.0  -9999.0  -9999.0  -9999.0  -9999.0  -9999.0  -9999.0  -9999.0  -9999.0  -9999.0  -9999.0  -9999.0  -9999.0  -9999.0  -9999.0  -9999.0  -9999.0  -9999.0  -9999.0  -9999.0  -9999.0  -9999.0  -9999.0  -9999.0  -9999.0  -9999.0  -9999.0  -9999.0  -9999.0  -9999.0  -9999.0  -9999.0  -9999.0  -9999.0  -9999.0  -9999.0  -9999.0
-9999.0  -9999.0  -9999.0  -9999.0  -9999.0  -9999.0  -9999.0  -9999.0  -9999.0  -9999.0  -9999.0  -9999.0  -9999.0  -9999.0  -9999.0  -9999.0  -9999.0  -9999.0  -9999.0  -9999.0  -9999.0  -9999.0  -9999.0  -9999.0  -9999.0  -9999.0  -9999.0  -9999.0  -9999.0  -9999.0  -9999.0  -9999.0  -9999.0  -9999.0  -9999.0  -9999.0  -9999.0  -9999.0  -9999.0  -9999.0  -9999.0  -9999.0  -9999.0  -9999.0  -9999.0  -9999.0  -9999.0  -9999.0  -9999.0  -9999.0  -9999.0  -9999.0  -9999.0  -9999.0  -9999.0  -9999.0  -9999.0  -9999.0  -9999.0  -9999.0  -9999.0  -9999.0  -9999.0  -9999.0  -9999.0  -9999.0  -9999.0  -9999.0  -9999.0  -9999.0  -9999.0  -9999.0  -9999.0  -9999.0  -9999.0  -9999.0  -9999.0  -9999.0  -9999.0  -9999.0
-9999.0  -9999.0  -9999.0  -9999.0  -9999.0  -9999.0  -9999.0  -9999.0  -9999.0  -9999.0  -9999.0  -9999.0  -9999.0  -9999.0  -9999.0  -9999.0  -9999.0  -9999.0  -9999.0  -9999.0  -9999.0  -9999.0  -9999.0  -9999.0  -9999.0  -9999.0  -9999.0  -9999.0  -9999.0  -9999.0  -9999.0  -9999.0  -9999.0  -9999.0  -9999.0  -9999.0  -9999.0  -9999.0  -9999.0  -9999.0  -9999.0  -9999.0  -9999.0  -9999.0  -9999.0  -9999.0  -9999.0  -9999.0  -9999.0  -9999.0  -9999.0  -9999.0  -9999.0  -9999.0  -9999.0  -9999.0  -9999.0  -9999.0  -9999.0  -9999.0  -9999.0  -9999.0  -9999.0  -9999.0  -9999.0  -9999.0  -9999.0  -9999.0  -9999.0  -9999.0  -9999.0  -9999.0  -9999.0  -9999.0  -9999.0  -9999.0  -9999.0  -9999.0  -9999.0  -9999.0
-9999.0  -9999.0  -9999.0  -9999.0  -9999.0  -9999.0  -9999.0  -9999.0  -9999.0  -9999.0  -9999.0  -9999.0  -9999.0  -9999.0  -9999.0  -9999.0  -9999.0  -9999.0  -9999.0  -9999.0  -9999.0  -9999.0  -9999.0  -9999.0  -9999.0  -9999.0  -9999.0  -9999.0  -9999.0  -9999.0  -9999.0  -9999.0  -9999.0  -9999.0  -9999.0  -9999.0  -9999.0  -9999.0  -9999.0  -9999.0  -9999.0  -9999.0  -9999.0  -9999.0  -9999.0  -9999.0  -9999.0  -9999.0  -9999.0  -9999.0  -9999.0  -9999.0  -9999.0  -9999.0  -9999.0  -9999.0  -9999.0  -9999.0  -9999.0  -9999.0  -9999.0  -9999.0  -9999.0  -9999.0  -9999.0  -9999.0  -9999.0  -9999.0  -9999.0  -9999.0  -9999.0  -9999.0  -9999.0  -9999.0  -9999.0  -9999.0  -9999.0  -9999.0  -9999.0  -9999.0
-9999.0  -9999.0  -9999.0  -9999.0  -9999.0  -9999.0  -9999.0  -9999.0  -9999.0  -9999.0  -9999.0  -9999.0  -9999.0  -9999.0  -9999.0  -9999.0  -9999.0  -9999.0  -9999.0  -9999.0  -9999.0  -9999.0  -9999.0  -9999.0  -9999.0  -9999.0  -9999.0  -9999.0  -9999.0  -9999.0  -9999.0  -9999.0  -9999.0  -9999.0  -9999.0  -9999.0  -9999.0  -9999.0  -9999.0  -9999.0  -9999.0  -9999.0  -9999.0  -9999.0  -9999.0  -9999.0  -9999.0  -9999.0  -9999.0  -9999.0  -9999.0  -9999.0  -9999.0  -9999.0  -9999.0  -9999.0  -9999.0  -9999.0  -9999.0  -9999.0  -9999.0  -9999.0  -9999.0  -9999.0  -9999.0  -9999.0  -9999.0  -9999.0  -9999.0  -9999.0  -9999.0  -9999.0  -9999.0  -9999.0  -9999.0  -9999.0  -9999.0  -9999.0  -9999.0  -9999.0
-9999.0  -9999.0  -9999.0  -9999.0  -9999.0  -9999.0  -9999.0  -9999.0  -9999.0  -9999.0  -9999.0  -9999.0  -9999.0  -9999.0  -9999.0  -9999.0  -9999.0  -9999.0  -9999.0  -9999.0  -9999.0  -9999.0  -9999.0  -9999.0  -9999.0  -9999.0  -9999.0  -9999.0  -9999.0  -9999.0  -9999.0  -9999.0  -9999.0  -9999.0  -9999.0  -9999.0  -9999.0  -9999.0  -9999.0  -9999.0  -9999.0  -9999.0  -9999.0  -9999.0  -9999.0  -9999.0  -9999.0  -9999.0  -9999.0  -9999.0  -9999.0  -9999.0  -9999.0  -9999.0  -9999.0  -9999.0  -9999.0  -9999.0  -9999.0  -9999.0  -9999.0  -9999.0  -9999.0  -9999.0  -9999.0  -9999.0  -9999.0  -9999.0  -9999.0  -9999.0  -9999.0  -9999.0  -9999.0  -9999.0  -9999.0  -9999.0  -9999.0  -9999.0  -9999.0  -9999.0
