ncols                  80
nrows                 72
xllcorner      4374000.0
yllcorner      5656000.0
cellsize            500
NODATA_value       -9999
-9999.0  -9999.0  -9999.0  -9999.0  -9999.0  -9999.0  -9999.0  -9999.0  -9999.0  -9999.0  -9999.0  -9999.0  0.89699884313  0.70157438241  -9999.0  -9999.0  -9999.0  -9999.0  -9999.0  -9999.0  -9999.0  -9999.0  -9999.0  -9999.0  -9999.0  -9999.0  -9999.0  -9999.0  -9999.0  -9999.0  -9999.0  -9999.0  -9999.0  -9999.0  -9999.0  -9999.0  -9999.0  -9999.0  -9999.0  -9999.0  -9999.0  -9999.0  -9999.0  -9999.0  -9999.0  -9999.0  -9999.0  -9999.0  -9999.0  -9999.0  -9999.0  -9999.0  -9999.0  -9999.0  -9999.0  -9999.0  -9999.0  -9999.0  -9999.0  -9999.0  -9999.0  -9999.0  -9999.0  -9999.0  -9999.0  -9999.0  -9999.0  -9999.0  -9999.0  -9999.0  -9999.0  -9999.0  -9999.0  -9999.0  -9999.0  -9999.0  -9999.0  -9999.0  -9999.0  -9999.0
-9999.0  -9999.0  -9999.0  -9999.0  -9999.0  -9999.0  -9999.0  -9999.0  -9999.0  -9999.0  -9999.0  -9999.0  1.77667203123  3.82719115207  0.589796959346  -9999.0  0.488863400778  -9999.0  -9999.0  -9999.0  -9999.0  -9999.0  -9999.0  -9999.0  -9999.0  -9999.0  -9999.0  -9999.0  -9999.0  -9999.0  -9999.0  -9999.0  -9999.0  -9999.0  -9999.0  -9999.0  -9999.0  -9999.0  -9999.0  -9999.0  -9999.0  -9999.0  -9999.0  -9999.0  -9999.0  -9999.0  -9999.0  -9999.0  -9999.0  -9999.0  -9999.0  -9999.0  -9999.0  -9999.0  -9999.0  -9999.0  -9999.0  -9999.0  -9999.0  -9999.0  -9999.0  -9999.0  -9999.0  -9999.0  -9999.0  -9999.0  -9999.0  -9999.0  -9999.0  -9999.0  -9999.0  -9999.0  -9999.0  -9999.0  -9999.0  -9999.0  -9999.0  -9999.0  -9999.0  -9999.0
-9999.0  -9999.0  -9999.0  -9999.0  -9999.0  -9999.0  -9999.0  -9999.0  -9999.0  -9999.0  0.8223320037  0.795289631964  0.843382408214  0.831889698113  5.40662694015  6.04439668506  1.37562364826  0.444960046351  -9999.0  -9999.0  -9999.0  -9999.0  -9999.0  -9999.0  -9999.0  -9999.0  -9999.0  -9999.0  -9999.0  -9999.0  -9999.0  -9999.0  -9999.0  -9999.0  -9999.0  -9999.0  -9999.0  -9999.0  -9999.0  -9999.0  -9999.0  -9999.0  -9999.0  -9999.0  -9999.0  -9999.0  -9999.0  -9999.0  -9999.0  -9999.0  -9999.0  -9999.0  -9999.0  -9999.0  -9999.0  -9999.0  -9999.0  -9999.0  -9999.0  -9999.0  -9999.0  -9999.0  -9999.0  -9999.0  -9999.0  -9999.0  -9999.0  -9999.0  -9999.0  -9999.0  -9999.0  -9999.0  -9999.0  -9999.0  -9999.0  -9999.0  -9999.0  -9999.0  -9999.0  -9999.0
-9999.0  -9999.0  -9999.0  -9999.0  -9999.0  -9999.0  -9999.0  -9999.0  -9999.0  0.784179384759  1.62110025857  3.21965153596  1.63389877476  0.797194355419  1.57504467577  6.80664287353  9.21560468739  0.48589657415  -9999.0  0.835869046527  -9999.0  -9999.0  -9999.0  -9999.0  0.956098843687  0.491959979397  -9999.0  -9999.0  -9999.0  -9999.0  -9999.0  -9999.0  -9999.0  -9999.0  -9999.0  -9999.0  -9999.0  -9999.0  -9999.0  -9999.0  -9999.0  -9999.0  -9999.0  -9999.0  -9999.0  -9999.0  -9999.0  -9999.0  -9999.0  -9999.0  -9999.0  -9999.0  -9999.0  -9999.0  -9999.0  -9999.0  -9999.0  -9999.0  -9999.0  -9999.0  -9999.0  -9999.0  -9999.0  -9999.0  -9999.0  -9999.0  -9999.0  -9999.0  -9999.0  -9999.0  -9999.0  -9999.0  -9999.0  -9999.0  -9999.0  -9999.0  -9999.0  -9999.0  -9999.0  -9999.0
-9999.0  -9999.0  -9999.0  -9999.0  -9999.0  -9999.0  -9999.0  -9999.0  0.871292475236  2.47800198728  3.2508980362  4.03331650824  5.62439860609  0.750820572818  3.05005293476  3.78882252281  14.2813402994  0.691488581365  0.725088347884  1.58639121263  2.31722558239  0.757071662567  -9999.0  2.48118888087  2.03931945227  0.562114247461  -9999.0  -9999.0  -9999.0  -9999.0  -9999.0  -9999.0  -9999.0  -9999.0  -9999.0  -9999.0  -9999.0  -9999.0  -9999.0  -9999.0  -9999.0  -9999.0  -9999.0  -9999.0  -9999.0  -9999.0  -9999.0  -9999.0  -9999.0  -9999.0  -9999.0  -9999.0  -9999.0  -9999.0  -9999.0  -9999.0  -9999.0  -9999.0  -9999.0  -9999.0  -9999.0  -9999.0  -9999.0  -9999.0  -9999.0  -9999.0  -9999.0  -9999.0  -9999.0  -9999.0  -9999.0  -9999.0  -9999.0  -9999.0  -9999.0  -9999.0  -9999.0  -9999.0  -9999.0  -9999.0
-9999.0  -9999.0  -9999.0  -9999.0  -9999.0  -9999.0  0.861908082489  0.787678915787  0.77882050102  0.790634239042  0.813006780672  5.67482415401  12.0972760266  12.8841569617  13.5486968988  0.627995586865  15.6251859389  16.3401249445  1.44505394634  0.740959622377  3.03607662403  5.26741753645  0.742965822951  4.7035620528  0.788389037767  0.772024876349  0.807461245144  -9999.0  -9999.0  -9999.0  -9999.0  -9999.0  -9999.0  -9999.0  -9999.0  -9999.0  -9999.0  -9999.0  -9999.0  -9999.0  -9999.0  -9999.0  -9999.0  -9999.0  -9999.0  -9999.0  -9999.0  -9999.0  -9999.0  -9999.0  -9999.0  -9999.0  -9999.0  -9999.0  -9999.0  -9999.0  -9999.0  -9999.0  -9999.0  -9999.0  -9999.0  -9999.0  -9999.0  -9999.0  -9999.0  -9999.0  -9999.0  -9999.0  -9999.0  -9999.0  -9999.0  -9999.0  -9999.0  -9999.0  -9999.0  -9999.0  -9999.0  -9999.0  -9999.0  -9999.0
-9999.0  -9999.0  -9999.0  -9999.0  -9999.0  -9999.0  1.73426677548  2.55989782615  5.79728732081  8.11465372035  0.741067640774  0.766655673389  0.745702157062  2.16784352007  16.4047042672  0.636349960172  17.0292688014  19.7038604681  2.10749065921  1.41694402828  5.9534096072  0.731941122306  5.42559775584  1.46149213078  0.73899454289  1.49245197213  1.60018980283  0.800079568818  0.800552920775  0.784616293229  0.817464732681  1.63637926884  -9999.0  -9999.0  -9999.0  -9999.0  -9999.0  -9999.0  -9999.0  -9999.0  -9999.0  -9999.0  -9999.0  -9999.0  -9999.0  -9999.0  -9999.0  -9999.0  -9999.0  -9999.0  -9999.0  -9999.0  -9999.0  -9999.0  -9999.0  -9999.0  -9999.0  -9999.0  -9999.0  -9999.0  -9999.0  -9999.0  -9999.0  -9999.0  -9999.0  -9999.0  -9999.0  -9999.0  -9999.0  -9999.0  -9999.0  -9999.0  -9999.0  -9999.0  -9999.0  -9999.0  -9999.0  -9999.0  -9999.0  -9999.0
-9999.0  -9999.0  -9999.0  -9999.0  -9999.0  0.911373136696  1.78455997167  0.864150807062  1.69304589065  8.95378099308  10.5128860225  12.0655714031  38.7529413502  0.70519365721  17.1347460817  61.4806802829  61.9903563002  82.5751630248  0.558462256154  2.08442103742  6.64301578595  0.684289103688  13.6194276251  7.48817064122  4.59513453857  3.85187692367  0.781899696085  2.37147440246  2.34651585121  1.56332642805  0.759000638644  2.41436012978  0.748315197235  0.739413681533  -9999.0  -9999.0  -9999.0  -9999.0  -9999.0  -9999.0  -9999.0  -9999.0  -9999.0  -9999.0  -9999.0  -9999.0  -9999.0  -9999.0  -9999.0  -9999.0  -9999.0  -9999.0  -9999.0  -9999.0  -9999.0  -9999.0  -9999.0  -9999.0  -9999.0  -9999.0  -9999.0  -9999.0  -9999.0  -9999.0  -9999.0  -9999.0  -9999.0  -9999.0  -9999.0  -9999.0  -9999.0  -9999.0  -9999.0  -9999.0  -9999.0  -9999.0  -9999.0  -9999.0  -9999.0  -9999.0
-9999.0  -9999.0  -9999.0  -9999.0  -9999.0  0.925462349457  2.71493180157  5.38951165411  6.23847340662  12.4401769221  13.2563372639  15.7888856553  25.9676117551  40.8224099063  42.3313914898  43.0358855494  1.29878888158  84.8709557306  86.0285718931  89.4504602025  112.501854178  15.7172174771  14.3451105229  5.31311937198  0.706646245246  4.54958712909  3.09298020864  0.698984320795  3.05996732018  0.676661799799  1.40174404687  3.8353431256  4.55707966114  1.453017102  0.706165915926  0.698175571881  -9999.0  -9999.0  -9999.0  -9999.0  0.472483287218  0.409674401811  -9999.0  -9999.0  -9999.0  -9999.0  -9999.0  -9999.0  -9999.0  -9999.0  -9999.0  -9999.0  -9999.0  -9999.0  -9999.0  -9999.0  -9999.0  -9999.0  -9999.0  -9999.0  -9999.0  -9999.0  -9999.0  -9999.0  -9999.0  -9999.0  -9999.0  -9999.0  -9999.0  -9999.0  -9999.0  -9999.0  -9999.0  -9999.0  -9999.0  -9999.0  -9999.0  -9999.0  -9999.0  -9999.0
-9999.0  -9999.0  -9999.0  -9999.0  -9999.0  0.903565467498  0.875937127789  3.62936506111  4.48973024902  5.37148174812  0.857000953002  1.70048955612  9.60724849958  1.67059014546  0.827034653305  0.765979427054  0.702889085422  0.754445696679  0.725179455428  0.763081969971  113.225007959  115.282590792  0.678458390465  2.07824754236  1.40821057254  5.23838987823  1.40845533207  0.683331737468  3.7907333104  1.32086235688  3.17671945816  8.03550658418  7.42855597633  2.15713048065  2.09639724935  0.712921809897  0.701760653984  -9999.0  -9999.0  0.69812142111  1.06711236908  2.32736456771  0.4263998842  -9999.0  -9999.0  -9999.0  -9999.0  -9999.0  -9999.0  -9999.0  -9999.0  -9999.0  -9999.0  -9999.0  -9999.0  -9999.0  -9999.0  -9999.0  -9999.0  -9999.0  -9999.0  -9999.0  -9999.0  -9999.0  -9999.0  -9999.0  -9999.0  -9999.0  -9999.0  -9999.0  -9999.0  -9999.0  -9999.0  -9999.0  -9999.0  -9999.0  -9999.0  -9999.0  -9999.0  -9999.0
-9999.0  -9999.0  -9999.0  -9999.0  -9999.0  -9999.0  0.942445610016  0.943853986969  1.8259299462  2.71922566596  6.20743239792  7.95097073442  8.80985950319  0.851867304941  0.752610363341  9.80778446277  12.0956071824  12.8215975369  15.8391433291  16.5451783507  0.701329083974  115.990253439  119.376233232  2.69365741867  0.460686447939  5.85311653463  13.0234891144  5.12913719765  1.31130943741  0.655327050085  12.4973090137  8.70182118696  0.648128954736  0.650716084121  2.75454579829  2.08646399675  0.667423627291  0.651413104509  0.674679073987  1.36158242433  0.648894245269  2.81996204698  3.44464118041  0.58923337788  -9999.0  -9999.0  -9999.0  -9999.0  0.631582265674  0.599707034753  0.174631916345  -9999.0  -9999.0  -9999.0  -9999.0  -9999.0  -9999.0  -9999.0  -9999.0  -9999.0  -9999.0  -9999.0  -9999.0  -9999.0  -9999.0  -9999.0  -9999.0  -9999.0  -9999.0  -9999.0  -9999.0  -9999.0  -9999.0  -9999.0  -9999.0  -9999.0  -9999.0  -9999.0  -9999.0  -9999.0
-9999.0  -9999.0  -9999.0  -9999.0  -9999.0  -9999.0  -9999.0  0.924996649706  0.835686302982  1.74526922124  2.64319435455  0.876820048223  0.788527678214  5.04816835575  6.66426971097  8.31542255252  0.790043038478  1.5475038859  0.7702808928  17.2690144391  38.0365856693  38.5230770276  159.186479492  0.676548004112  1.3932346918  0.441732021314  13.6707332044  0.654923920684  1.97540316545  0.647204967696  13.1437613679  13.7902846687  1.30091582586  1.29279657778  6.86077220046  3.43071006424  1.32720447214  0.67717853671  1.34669072954  2.02628039917  3.30135836666  0.620797714465  4.54865677503  5.0061233817  0.397045199612  0.427324605626  0.444281010589  0.396834335542  0.36968869951  1.70346107093  0.669276748158  0.424160143431  -9999.0  -9999.0  -9999.0  -9999.0  -9999.0  -9999.0  -9999.0  -9999.0  -9999.0  -9999.0  -9999.0  -9999.0  -9999.0  -9999.0  -9999.0  -9999.0  -9999.0  -9999.0  -9999.0  -9999.0  -9999.0  -9999.0  -9999.0  -9999.0  -9999.0  -9999.0  -9999.0  -9999.0
-9999.0  -9999.0  -9999.0  -9999.0  -9999.0  -9999.0  -9999.0  -9999.0  1.74296269868  2.543091215  0.876758068864  1.77630434871  2.62988252985  4.30087074858  0.86370909731  0.838330130372  0.752859208182  0.760132416425  0.708313122025  19.3063119377  0.77835765657  1.52713809721  161.2356922  162.556753707  0.568396994693  2.5435402031  16.8298143389  1.28220258649  2.56789748653  1.20983768392  1.79336045672  16.2689483877  1.89230858682  9.94904308604  8.07411923486  0.606712092889  3.26974737107  1.31551301962  1.96866886288  0.618268395163  3.90414249364  5.03690092508  5.41796826496  5.77635229608  6.47765273514  0.74352528707  0.780925054486  0.704437167387  0.648709675746  2.07937997756  0.420192527058  1.52284601203  1.8998045726  -9999.0  -9999.0  -9999.0  -9999.0  -9999.0  -9999.0  -9999.0  -9999.0  -9999.0  -9999.0  -9999.0  -9999.0  -9999.0  -9999.0  -9999.0  -9999.0  -9999.0  -9999.0  -9999.0  -9999.0  -9999.0  -9999.0  -9999.0  -9999.0  -9999.0  -9999.0  -9999.0
-9999.0  -9999.0  -9999.0  -9999.0  -9999.0  -9999.0  -9999.0  -9999.0  0.920306815639  4.36930228648  5.22913270788  0.860225703335  1.69668580849  0.835417050957  0.794504717712  0.783806547515  9.6899083437  12.9306570217  15.8877590098  18.7901848539  0.74083746111  0.761248589189  0.775723783852  165.687753709  166.983622362  167.521725045  22.5751055107  5.12270636666  4.4603865173  0.569525942743  2.34559226422  19.1900875458  0.560618045285  10.5248342475  0.613121649884  4.19828481678  3.91084081378  0.630570349175  2.58887429353  1.23504262033  1.8349759913  0.511419920163  0.352016835645  6.12950540659  6.44297657208  6.79011753075  1.11463210847  1.01951664475  0.955003951397  2.53311110839  3.38576944185  0.425738270743  2.30992718944  0.456284133514  0.85341149042  0.409156101469  -9999.0  -9999.0  -9999.0  -9999.0  -9999.0  -9999.0  -9999.0  -9999.0  -9999.0  -9999.0  -9999.0  -9999.0  -9999.0  -9999.0  -9999.0  -9999.0  -9999.0  -9999.0  -9999.0  -9999.0  -9999.0  -9999.0  -9999.0  -9999.0
-9999.0  -9999.0  -9999.0  -9999.0  -9999.0  -9999.0  -9999.0  -9999.0  -9999.0  0.937009470901  6.12295910428  6.9742887503  2.53886927744  4.20998673539  5.80120590063  6.59964858104  0.816942343458  2.48277348007  1.65003635534  0.835557198526  0.821776214841  0.761275765491  1.52090647388  2.55722709118  0.795055922967  191.468589615  192.023387741  0.510828343105  0.466964192788  1.14622393211  1.70610222987  20.8514591531  1.10525373591  11.0281267678  6.44246591085  5.29412242552  0.597739190387  1.21662692613  3.1546216044  0.565272676098  2.37825764413  1.04374928496  0.609379398169  0.268356310195  7.27604120257  14.3123852417  1.33255569633  1.24585044154  1.28459033817  0.348476458525  3.72837002041  0.332817007891  3.07971556356  0.391579125027  1.24416994167  1.89170234516  0.181934741072  0.188956927555  0.248635722295  0.276468846579  0.159657808389  -9999.0  -9999.0  0.100121745685  0.0651002439251  -9999.0  -9999.0  -9999.0  -9999.0  -9999.0  -9999.0  -9999.0  -9999.0  -9999.0  -9999.0  -9999.0  -9999.0  -9999.0  -9999.0  -9999.0
-9999.0  -9999.0  -9999.0  -9999.0  -9999.0  -9999.0  -9999.0  -9999.0  -9999.0  -9999.0  0.854699353993  8.69279557621  0.838127901948  1.67281058865  2.44838888921  4.00681308069  0.803501650321  1.65561843756  0.818841735354  0.783628388106  0.75081287966  1.49046629198  0.683532675488  0.732363841166  1.36238193273  0.745921253087  192.61742942  193.642644303  195.200084677  2.21604108207  0.566648371387  1.13074134724  21.4277446795  20.18041123  7.61384666355  0.579238525437  2.39365052026  1.80239617839  3.72157050682  1.12942763982  4.51255595101  1.58006188985  1.01252153956  0.18392459904  0.285243386078  14.6571516823  14.953761797  17.7880571765  2.38665605402  0.728649939953  4.10031419829  4.79761107663  8.19545879671  0.761312665519  0.359191444515  2.11633802989  2.47742915367  0.179342885579  0.34462217612  0.681241572223  0.314542037467  0.155362349637  0.151893437162  0.20582744413  0.136794020322  0.064678943049  -9999.0  -9999.0  -9999.0  -9999.0  -9999.0  -9999.0  -9999.0  -9999.0  -9999.0  -9999.0  -9999.0  -9999.0  -9999.0  -9999.0
-9999.0  -9999.0  -9999.0  -9999.0  -9999.0  -9999.0  -9999.0  -9999.0  -9999.0  -9999.0  -9999.0  0.437247195885  9.62398532552  0.783511567441  1.55133101269  7.11546455311  0.803620453798  0.797507998374  0.731942451294  1.53427890253  0.745852291739  2.97822435995  4.34978892647  4.99020867095  1.95135004302  2.40978928267  0.506742961592  0.663667322561  0.57491851333  198.479294082  200.116737572  21.9228415699  21.1603831146  20.6775140058  1.00763564847  0.488259417113  2.92664622979  7.71244872099  4.25337127981  1.65545296355  6.66367394435  2.1747533757  1.70977214471  0.376086922242  0.149643549452  0.144620996475  0.172957858179  18.682167374  22.0321602075  0.352123690641  0.307067101948  0.360472843578  8.54800778299  9.64229056925  0.647252180513  0.267749207323  2.62046769409  0.283303350926  0.734663448696  1.55784049214  2.01364842321  2.30891716348  0.609304062399  0.333371699869  0.239238191843  0.141581483876  0.118803653309  -9999.0  -9999.0  -9999.0  -9999.0  -9999.0  -9999.0  -9999.0  -9999.0  -9999.0  -9999.0  -9999.0  -9999.0  -9999.0
-9999.0  -9999.0  -9999.0  -9999.0  -9999.0  -9999.0  -9999.0  -9999.0  -9999.0  -9999.0  -9999.0  0.4094785389  10.6271711907  13.1361289033  0.776879428816  8.66398501241  0.757342622209  0.734088769659  1.46412829604  3.73973561534  0.728945659963  0.755967515758  0.672282023494  6.32665705147  6.96679446182  10.0462794816  11.1359960272  11.7049314539  12.1801479417  12.6798788143  213.271252978  236.025397895  257.934192433  258.241435966  0.406030110841  0.498401918976  8.78266941922  8.25032050975  0.524363468021  0.51295636266  7.15669010167  9.8287836058  0.404508241764  4.12502186447  3.78636421143  0.793037198992  0.373897491723  0.633292384102  0.334306077324  22.5713607485  0.268852915428  0.919513100545  1.12569454803  11.4774791118  12.3065014654  12.824846683  15.6016817299  0.145464856049  0.119886797234  0.105114989452  0.0961830140083  2.54514221849  3.28463113191  0.139033410653  0.577487492061  0.231200748208  0.20984673772  0.0558478655246  0.0449994451709  -9999.0  -9999.0  -9999.0  -9999.0  -9999.0  -9999.0  -9999.0  -9999.0  -9999.0  -9999.0  -9999.0
-9999.0  -9999.0  -9999.0  -9999.0  -9999.0  -9999.0  -9999.0  -9999.0  -9999.0  -9999.0  -9999.0  0.892489335898  1.72657837447  13.955432542  15.4459421198  0.748415235428  10.0262270088  0.670463483583  2.06776627295  4.42437027528  1.41820057873  0.68702370706  1.40088145293  0.606227736991  1.18364259795  0.589980422884  0.545112791578  0.455404078583  0.399462334884  0.359828243423  0.309006580531  0.400505271053  0.488616988884  0.525427052042  259.476540249  10.1106644983  9.32068151662  0.259792262472  1.47172903252  0.362741762333  0.318214191209  10.2733449257  15.7355084049  4.60697469778  3.4378521107  0.472750671777  0.186692842685  0.167381234611  0.425119147977  23.2726269221  23.7607466341  0.255227812487  0.260716091476  0.247193335222  0.19345327337  0.349763818458  16.0901721337  16.3699293137  16.621970505  0.249293819399  0.142554766839  0.114493184277  3.39819330463  3.63697679048  0.666675565062  0.105269879578  0.300710316282  0.115001376571  0.0857894382002  -9999.0  -9999.0  -9999.0  -9999.0  -9999.0  -9999.0  -9999.0  -9999.0  -9999.0  -9999.0  -9999.0
-9999.0  -9999.0  -9999.0  -9999.0  -9999.0  -9999.0  -9999.0  -9999.0  -9999.0  -9999.0  -9999.0  -9999.0  0.792980324171  10.5394791093  26.763375048  29.0930760047  39.821774448  40.4235929511  9.86169959289  7.23613981007  2.11497110592  0.680133050465  2.74054063112  3.38931666524  5.1720226073  1.20091777933  1.12100955096  1.03938642194  2.00274197273  0.91614822592  0.837852157063  0.452463417194  0.259040890001  0.279933388524  259.838370698  270.279878546  270.64175821  0.246774151487  3.64230649666  1.65489975078  0.492239908201  17.2128453438  1.04136078849  0.537911651214  2.2071367932  0.460018024  0.325469265687  0.59136349908  0.820923111046  1.07778824741  24.1759081811  0.18970818637  0.164861486074  0.16384714473  0.130078045307  0.128062522898  0.335900394946  0.404532937683  17.2331823833  18.1484730104  0.544804083614  0.264781209029  0.156051945156  0.113012765811  4.55919424478  5.91611013616  1.13399624561  0.482158560803  0.252215175608  -9999.0  -9999.0  -9999.0  -9999.0  -9999.0  -9999.0  -9999.0  -9999.0  -9999.0  -9999.0  -9999.0
-9999.0  -9999.0  -9999.0  -9999.0  -9999.0  -9999.0  -9999.0  -9999.0  -9999.0  -9999.0  -9999.0  0.851471190844  8.0127642211  9.73169398102  1.60025899198  0.469680287573  1.0774997267  42.2100312654  42.8277892661  53.2661684663  0.630006235877  1.30545644371  0.589057934591  0.596141740859  5.75278478087  7.53332530086  9.18981945231  0.535477246086  2.5319675639  3.96951777471  2.27800188938  0.950542500775  0.672591109994  0.56714107045  0.500746042682  0.237354113872  270.863829437  271.032365331  275.009295999  0.778647902324  0.419086098989  17.5156182115  1.12076591475  0.571235405004  0.60512412388  0.600373915434  0.534473824416  0.874053678396  2.44719400297  3.79259832289  28.16742295  0.140433591188  0.426721005827  0.289435334048  0.244927661984  0.121402106333  0.134619994085  0.127728855304  0.0754531101621  18.2758477906  0.0612083425056  0.209930307788  0.0960900191587  0.0849850497905  0.101799001815  6.03266938844  0.227688582746  0.0831605493929  0.100492232004  0.0445522563767  -9999.0  -9999.0  -9999.0  -9999.0  -9999.0  -9999.0  -9999.0  -9999.0  -9999.0  -9999.0
-9999.0  -9999.0  -9999.0  -9999.0  -9999.0  -9999.0  -9999.0  -9999.0  -9999.0  -9999.0  -9999.0  0.867361906975  5.52844327549  0.876398986547  0.788108572844  4.04380609775  4.75590180824  5.48179295561  6.16013768225  72.3607885379  72.9203381825  74.1165187359  82.9697359124  84.6701503928  85.5932827077  86.1895992533  96.4012400663  97.6813959178  98.2085282249  102.74671597  105.581570894  106.085526534  107.642923091  1.03082864891  0.828225070925  0.165791622446  0.135331700807  271.236926455  276.213016098  1.05252543113  20.2562086579  19.884224424  2.08112499213  0.499968395517  0.497081201254  0.475097643703  0.470003560281  0.940417043072  1.30596061572  0.331112239233  28.3548788311  28.5506863147  29.4352419515  29.5941423273  29.9872987002  30.2469644105  0.109350317873  0.135169141869  0.104031533918  18.3742087729  18.5155786586  18.8109541137  19.1200071107  0.147069133732  6.51794929197  6.29512767039  0.129477385303  2.18686673035  2.117680353  0.12614995819  0.0776980580447  -9999.0  -9999.0  -9999.0  -9999.0  -9999.0  -9999.0  -9999.0  -9999.0  -9999.0
-9999.0  -9999.0  -9999.0  -9999.0  -9999.0  -9999.0  -9999.0  -9999.0  -9999.0  -9999.0  -9999.0  2.84061480837  3.76024359013  1.77308720425  2.61591315015  0.833182296845  9.41214445421  10.1679143297  11.655863024  12.2569280532  4.88129057968  79.9408761473  80.4842384464  0.490542865383  0.328439993927  0.276626218381  0.642583702852  0.324815506155  0.244405173233  0.238625418823  0.282118884618  106.505984624  108.085481496  109.573186984  110.788582311  111.363887164  0.223605341438  0.0718696255935  297.183465478  20.8231327011  20.6440146568  0.440445694794  0.399815628787  0.344565343174  0.843152946041  0.823062332519  0.37461116024  0.381752411935  0.352789275324  0.680510724887  0.884708198154  0.133958572887  0.24823080829  0.107935201297  0.0671252741288  30.3307449164  30.5487467869  30.8193540342  31.0701977497  31.203971174  31.3687529087  31.4385419319  0.0663065763642  19.3658466919  0.156148043376  8.99786098519  2.36079110293  0.184917230761  1.9467806012  1.69445777802  0.0884234652891  -9999.0  -9999.0  -9999.0  -9999.0  -9999.0  -9999.0  -9999.0  -9999.0  -9999.0
-9999.0  -9999.0  -9999.0  -9999.0  -9999.0  -9999.0  -9999.0  -9999.0  -9999.0  -9999.0  -9999.0  -9999.0  1.91919135796  0.907206959977  0.843452822675  7.90936446865  8.68397999347  0.778131935119  3.02186732226  3.72421113415  4.34368404863  0.675512289353  0.479678494698  11.9364878704  12.315985795  12.675336525  32.3135368292  32.5790140535  33.0215295267  35.3549241734  36.60435399  36.805294773  0.214733665682  0.225221203727  0.246746243701  111.621157955  0.114274687437  300.350922103  300.192040064  2.8669555678  2.63855433339  1.64851048277  0.408643025807  0.701657473751  1.19777955191  1.17793242777  0.723580693195  0.365881111669  0.709933175552  0.712187787926  1.19684024581  0.19250465748  0.437983055053  0.722418260513  0.860272186384  0.93765420285  0.072642893964  0.0731772529149  0.0716336826135  0.0726977893714  0.0836129099245  31.5458806671  31.7063525832  51.1490998247  51.2258996605  9.89222857019  0.742275943044  0.486272565596  0.141556970808  1.5346974974  1.45720708955  -9999.0  -9999.0  -9999.0  -9999.0  -9999.0  -9999.0  -9999.0  -9999.0  -9999.0
-9999.0  -9999.0  -9999.0  -9999.0  -9999.0  -9999.0  -9999.0  -9999.0  -9999.0  -9999.0  -9999.0  -9999.0  0.984858301287  2.77804349047  3.64161861812  6.24426602303  0.775174001711  1.56987436874  2.31597136494  8.91406696995  9.52612216479  9.94539167831  10.4918426262  11.0401210465  16.9958293843  18.5613626654  19.3465894522  0.294730165845  1.89935824304  2.15230429506  35.9307624282  37.0222746986  37.5132147788  38.0214490842  38.438402098  150.19207173  0.105881451738  300.872073872  0.286640228486  0.133542798027  2.23789918615  1.97574732248  0.280170921511  1.02924221185  1.52774231127  1.49125638224  1.00278902045  1.64169086709  2.60250302936  1.00242181522  2.46849714428  0.21395745465  0.298016451613  0.0429427260449  0.0326222769487  1.05095691172  1.08688994884  0.120546303163  0.128222952718  0.196480111563  0.0662479652197  0.0724883000439  0.0684601814381  68.4594681015  68.3858839559  16.9886760709  0.219446328673  1.1725019596  0.910202786079  0.580489720296  1.40108168749  1.04334767495  -9999.0  -9999.0  -9999.0  -9999.0  -9999.0  -9999.0  -9999.0  -9999.0
-9999.0  -9999.0  -9999.0  -9999.0  -9999.0  -9999.0  -9999.0  -9999.0  -9999.0  -9999.0  -9999.0  -9999.0  0.933185719686  1.85607427373  0.868156908765  1.74347445459  0.784032890443  5.92489227919  7.42185062282  8.19160750507  0.706060605876  1.35105200481  12.99856901  16.0355666869  16.539013369  1.05680490789  1.02722961616  1.464901121  0.220411027218  0.199770887252  0.371195717176  0.189198307025  18.6891957207  18.9416313869  19.0701515027  150.446054251  302.283722042  301.005451672  0.189632795654  0.0953154409768  0.0847673397101  0.49485811937  0.415177118567  1.23938970512  1.80846058553  3.62740155861  0.323502752018  0.321000534355  2.8722225116  3.15123961507  6.1088023413  6.23698132394  6.57725585255  6.65548463448  0.0666578201986  0.103025959163  1.12726438389  71.1259183278  69.8431355363  69.6172134834  69.271138925  0.0604283315772  68.8757100558  0.122575124509  0.100813645236  6.79169875728  1.8800274538  1.78386587618  0.335078152318  0.36706501764  0.256317847817  0.959689929208  -9999.0  -9999.0  -9999.0  -9999.0  -9999.0  -9999.0  -9999.0  -9999.0
-9999.0  -9999.0  -9999.0  -9999.0  -9999.0  -9999.0  -9999.0  -9999.0  -9999.0  -9999.0  -9999.0  -9999.0  -9999.0  0.890412498699  1.78071885972  2.67748139716  4.30314326945  0.84309444571  0.767672868409  5.25925772495  5.96095576575  11.8073766614  12.5041585162  1.95467667289  0.626630137316  0.525325506975  0.458709394827  17.4063157237  17.6869152113  17.9207526719  18.0974626146  18.4686430371  2.67634526005  2.83441876608  22.0380218336  474.922547552  0.927164502238  0.644108038731  0.305011187311  0.0902689715528  0.0716336683496  0.649514023943  0.69538040781  1.37496189051  0.0724216975747  3.74245136178  0.515667092673  0.503125431872  0.0732723425898  0.0413657863771  0.0335281423102  0.0399239978899  0.0345665078762  6.69378127937  82.2064290527  75.3305165444  75.1292215887  71.1763674647  0.0480866543171  0.0533830684258  0.0702287258597  68.9523570521  0.157289546553  0.0726520840231  0.0781014426659  0.0757929883727  4.73026569684  4.5813720937  0.609785809039  0.313879852181  0.385885772027  0.385767865389  -9999.0  -9999.0  -9999.0  -9999.0  -9999.0  -9999.0  -9999.0  -9999.0
-9999.0  -9999.0  -9999.0  -9999.0  -9999.0  -9999.0  -9999.0  -9999.0  -9999.0  -9999.0  -9999.0  -9999.0  -9999.0  -9999.0  0.860371095839  1.61899238323  2.28807638466  2.95991140356  3.72865216705  4.51619188686  2.26685435092  3.77054645637  0.694184135541  0.668824255031  14.6527377533  15.8955926846  16.4625576175  17.0351442484  0.37042686213  0.651838689336  1.8253768433  2.12284419681  2.4061875912  0.210119264232  0.107690792063  475.494708505  0.254037575858  0.229033222245  0.120945333653  0.406950879123  0.181314057166  0.0919382605669  2.14476076818  2.20709314439  0.0466243575236  3.79508850959  4.34733161428  0.546328794099  84.1522061439  84.0430989008  83.9607350252  83.7870923335  83.7075831677  82.5713510825  82.5064131545  0.16144723103  3.91634380511  3.70753520068  3.52891538308  3.48292407329  2.03766942074  1.99137568159  1.88573138928  0.47493087206  0.425256208465  0.277310612515  0.0795363348053  4.37421512514  3.89629794512  0.286826536267  0.495399537442  0.213183687725  -9999.0  -9999.0  -9999.0  -9999.0  -9999.0  -9999.0  -9999.0  -9999.0
-9999.0  -9999.0  -9999.0  -9999.0  -9999.0  -9999.0  -9999.0  -9999.0  -9999.0  -9999.0  -9999.0  -9999.0  -9999.0  -9999.0  0.178733192628  0.397213195425  0.666724768999  6.15372042834  6.93764078638  0.794893618471  0.75611644238  0.752985636747  12.0029201389  13.4069402785  0.661585822491  0.670478815242  0.533964035412  2.25192926852  2.79481809429  1.18375639296  1.52520660992  12.9869065449  13.3684471396  13.9474258536  21.3515003574  497.020780149  0.251611207391  0.0888171164806  0.64637376482  0.534290604982  0.073887956669  0.245808577908  0.319147737718  2.27752638258  2.33180086832  6.8039649483  4.37891340352  0.607109621558  85.4751934105  0.438067994819  83.8852662645  83.8387216994  1.06478716588  0.0617685752583  0.185267937155  0.11352616879  0.0903016415129  0.141754331128  0.0707195933764  1.40272052879  1.19091074223  0.0705982811351  1.37052751793  0.149872462494  0.09049993741  0.205011844378  0.0961512340681  0.368193660338  3.00662452078  2.50078920097  0.207401072968  0.243266746962  0.111260411014  -9999.0  -9999.0  -9999.0  -9999.0  -9999.0  -9999.0  -9999.0
-9999.0  -9999.0  -9999.0  -9999.0  -9999.0  -9999.0  -9999.0  -9999.0  -9999.0  -9999.0  -9999.0  -9999.0  -9999.0  -9999.0  0.898438244912  1.48024888608  3.07500533048  5.37191092779  7.53456487156  9.09881137957  9.85566916892  10.6199953564  11.3427467011  0.686624081373  0.610666643341  1.19810490378  1.11376483191  0.592347576634  11.3269205827  11.856735325  12.334656761  12.7854754917  6.732422325  6.99174555835  7.276684989  497.178003155  0.44018770636  0.310618161817  1.0654890846  0.130947812206  0.151385231642  0.0786285406516  0.0689990536089  0.387585463038  0.0454414038746  0.0466969870069  92.5460206802  85.7026420161  85.652709694  0.193528778926  0.400260623245  0.258957714306  0.0571197588337  0.952551325845  0.253518863448  0.207475969431  0.15875701162  0.112223698487  0.0646085449671  0.156355443847  1.12978267162  0.955844691097  0.790250113883  1.15231970865  1.09644558937  1.05630754711  0.0643596681418  0.189366280548  0.231321953447  1.80841727154  1.35883987287  0.740239204379  0.0908245092955  -9999.0  -9999.0  -9999.0  -9999.0  -9999.0  -9999.0  -9999.0
-9999.0  -9999.0  -9999.0  -9999.0  -9999.0  -9999.0  -9999.0  -9999.0  -9999.0  -9999.0  -9999.0  -9999.0  -9999.0  -9999.0  0.620808689253  0.590795335148  1.16544107884  1.74909392182  0.801870511347  0.852172712569  1.62361662826  2.3839856974  3.79345704239  4.49161663124  5.08119368207  6.89346491048  7.42571800157  8.0268736821  0.521724804408  5.3358075072  5.76597407122  6.13945100693  0.260387185187  0.123167136708  0.243339799924  504.443397958  504.591099436  505.306041881  1.46392120228  0.28366700466  0.249650071632  0.0629427524278  0.121796642853  0.442784235208  0.531999935855  0.0839484076379  92.7480669863  0.0592407023082  0.101300799681  0.11677256118  0.0792697856967  0.155372423792  0.0633483602036  0.650788040148  0.501875963915  0.367522734069  0.188584728736  0.133083893667  0.075136968326  0.0895543586882  0.104670747689  0.106209015232  0.72692846074  0.564132514325  0.406957783194  0.247439499321  1.00674619655  0.794540231092  0.189716857542  0.256360640614  0.217887982024  0.371860696227  0.156431233672  -9999.0  -9999.0  -9999.0  -9999.0  -9999.0  -9999.0  -9999.0
-9999.0  -9999.0  -9999.0  -9999.0  -9999.0  -9999.0  -9999.0  -9999.0  -9999.0  -9999.0  -9999.0  -9999.0  -9999.0  -9999.0  -9999.0  0.571509966348  1.11612181485  0.523039370243  1.08686421517  6.80181031672  7.49755360092  8.22981788596  0.701782820147  0.703187013924  1.29647527205  1.91639490068  2.93332572168  3.49024295544  3.81632967828  4.30922956479  0.401278168588  0.355974763955  6.42504304433  6.55334818783  6.70405485494  6.85988053842  5.46040550573  511.387973394  513.719606692  513.859263149  514.23054759  514.680704494  514.857877924  0.0414039701038  0.574189319673  92.7872512681  0.082893698372  0.0424655667176  0.045615022354  0.0459799895827  0.0844173355629  0.0885076983904  0.0515693838942  0.0820323554941  0.0774633907963  0.130570229405  0.0586932882379  0.0447615846586  0.170067510219  0.12208077285  0.0666693783685  0.0652210682635  0.0732049890153  0.0787416972637  0.0885608890782  0.165967522222  0.183122019201  0.364490178466  0.107694284489  0.375688655864  0.134046216396  0.138543433167  -9999.0  -9999.0  -9999.0  -9999.0  -9999.0  -9999.0  -9999.0  -9999.0
-9999.0  -9999.0  -9999.0  -9999.0  -9999.0  -9999.0  -9999.0  -9999.0  -9999.0  -9999.0  -9999.0  -9999.0  -9999.0  -9999.0  -9999.0  -9999.0  1.6505675713  2.19706168595  3.82789052034  5.10448931787  0.686781193954  9.71862690692  10.3975051234  11.0311065844  0.598641688825  1.17527372486  0.483138779028  3.85860745464  4.14738470321  4.60500009009  5.0672328955  6.10840490201  6.23713940146  0.0925552792439  4.87139149963  5.17374663426  5.31662654235  5.92623631429  0.717989427379  0.436510509004  0.245261403263  0.21235303751  515.056241754  515.122618406  516.024391695  92.8224851546  0.236102069653  0.123815160231  0.0823082577436  0.0303229420188  0.267043540461  0.144452924266  0.045480632945  0.26176794361  0.222810971593  0.0406431899701  0.338586934849  0.305206699658  0.220206432327  0.0455404272061  0.141978396554  0.104842463784  0.0415276976807  0.140053176702  0.0982927311256  0.148750218496  0.140691068077  0.0772892921963  0.179921094009  1.41996360898  0.760236840548  0.479617681291  0.187322399102  -9999.0  -9999.0  -9999.0  -9999.0  -9999.0  -9999.0  -9999.0
-9999.0  -9999.0  -9999.0  -9999.0  -9999.0  -9999.0  -9999.0  -9999.0  -9999.0  -9999.0  -9999.0  -9999.0  -9999.0  -9999.0  -9999.0  -9999.0  0.553071817361  2.74246658786  3.31477210054  0.728936793895  0.754985857484  1.52923962009  2.23240772751  13.9278554156  0.600697202139  2.4033866519  2.91487628572  3.41256686674  0.315185783205  0.730686084888  0.937011338372  3.94539141912  4.34135969143  4.47850098319  0.154207100877  0.150923234  0.175069336906  0.317702243621  0.139433996732  0.146258325832  0.163274610813  0.156586025512  0.144627852729  0.276965784632  516.095762377  609.069130683  0.285622105853  0.098337018821  0.0297659905212  0.859163902178  0.793411770846  0.480526682372  0.434072008331  0.327520160474  0.0804147713386  0.0573500344603  0.371915334784  0.163721814255  0.128038451465  0.0399233208541  0.188217776255  0.368252501332  0.306439639418  0.199143902434  0.0980050499386  0.415003838372  0.297640673612  0.14506169666  1.71634791473  1.66535650904  0.136026540548  0.125878880099  0.110053200232  0.102008972664  -9999.0  -9999.0  -9999.0  -9999.0  -9999.0  -9999.0
-9999.0  -9999.0  -9999.0  -9999.0  -9999.0  -9999.0  -9999.0  -9999.0  -9999.0  -9999.0  -9999.0  -9999.0  -9999.0  -9999.0  -9999.0  0.48979348961  1.524941389  0.490468286019  0.800464603632  0.821872639582  1.57505675285  2.32088432841  2.95729786062  17.3687651058  17.926658187  0.575246357064  1.07564438263  1.58695472567  1.94402141664  2.34261586621  3.49949716894  3.78733555287  0.218048921107  0.196418877357  0.135879049757  0.0816219063035  0.160819553951  0.180504565239  0.212437278613  0.271017671384  0.509196142086  0.214214627684  0.0470017541959  0.0450318462812  0.0461199662723  0.0868081252308  611.556979319  2.09577112669  1.00194834865  0.0721079202365  0.0327100622534  0.0289955521629  0.109225505801  0.0774154143113  0.0406004432054  0.0402198975484  0.458646442226  0.666537294333  0.731491113078  0.0296963870009  0.653481091179  0.428999792914  0.0521287397637  0.0455944433361  0.100262327459  0.86476009652  0.379761297869  0.203586495395  1.77761214924  0.0660964146717  0.0740297777278  0.428865737789  0.214815015069  0.356842751835  0.148803975398  -9999.0  -9999.0  -9999.0  -9999.0  -9999.0
-9999.0  -9999.0  -9999.0  -9999.0  -9999.0  -9999.0  -9999.0  -9999.0  -9999.0  -9999.0  -9999.0  -9999.0  -9999.0  -9999.0  0.53534319617  0.994614437217  3.4544134011  0.438550441838  1.43255600661  2.23210417057  2.9647794774  0.760348071264  1.41353373251  1.9946430367  20.3531443247  0.538134681572  0.999635038426  1.48424984454  0.454609072744  0.897821982582  1.09927405365  1.37355213927  34.3193640869  34.680515889  34.9951631517  36.1260608946  36.4919775818  37.2761822016  0.301838816424  0.705505628047  0.62743840366  39.643606928  39.7354522769  0.0418481934818  0.0767701079999  0.110416578867  611.609098354  1.90715104132  0.818815640894  0.7792786238  0.663535521058  0.599019923385  0.144974548331  0.0340060065261  0.0703964981999  0.0367049517007  0.0425158027108  0.0900957094608  0.781537461281  1.51844094842  0.70257679725  0.145583839404  0.0995644309709  0.0597295553968  1.164584016  1.00151929796  0.067354556851  2.12590033608  1.84470563982  0.127777661549  0.779741687343  0.503882568208  0.528631830914  0.455386442217  0.0946730607799  -9999.0  -9999.0  -9999.0  -9999.0  -9999.0
-9999.0  -9999.0  -9999.0  -9999.0  -9999.0  -9999.0  -9999.0  -9999.0  -9999.0  -9999.0  -9999.0  -9999.0  -9999.0  -9999.0  0.535974381025  1.61530357711  5.5833963687  8.15705972863  0.364749755901  10.4246505264  13.8611767855  0.701388404874  1.33428070057  1.93724524377  25.7135523783  26.1292943689  0.329072833774  2.14956670676  2.472601527  2.81827793295  31.9119742423  32.4683152782  32.7646680804  0.140272869299  0.812691568791  0.966903953408  0.331857064217  0.456649495358  37.9191877377  38.7991477424  38.8871991445  38.9681259576  39.8237520546  0.0426269022597  0.0379213885785  0.179780227823  611.664285014  0.0477870865229  0.0281298942618  0.0826868820267  0.0339494710995  0.540151332387  0.459674805247  0.270423733334  0.197961548596  0.0850073647911  0.0395928393945  0.132736014111  0.036011770467  1.5541721411  0.219228775794  0.181883663616  0.0333086975065  0.0951313546138  1.20903698249  0.0353384072302  0.0415467275116  2.1690432123  0.0468610408126  0.892821802721  0.842315813226  0.717123921782  0.660648948757  0.0638314574274  0.243711089797  0.0786497841509  -9999.0  -9999.0  -9999.0  -9999.0
-9999.0  -9999.0  -9999.0  -9999.0  -9999.0  -9999.0  -9999.0  -9999.0  -9999.0  -9999.0  -9999.0  -9999.0  -9999.0  -9999.0  -9999.0  -9999.0  1.07251002584  2.1339978058  9.53039954597  10.0209789937  14.2776144953  14.7491846851  0.678219453211  1.35725509938  3.05700338074  26.4445987108  27.1227660282  27.3680644196  0.184334404777  28.2780999599  28.8489582635  0.344548446872  0.141560411974  0.279784571457  0.528593941796  0.12338815291  0.231565003663  0.476337705774  0.573051995631  0.10162339469  0.0648217508047  0.123551725854  40.3739124331  40.5726102208  40.6068555179  40.8818685618  611.716231744  0.0316515331689  0.0174320916292  0.020963076597  0.020742441059  0.0215102353323  0.0187969549392  0.0345729454768  0.0257141999697  0.0673510387651  0.0408127505765  0.0428268953854  0.215503672875  1.87735641511  2.14550910899  2.19194512703  2.3590293303  0.0360048251892  1.24460195151  0.148088876809  0.0768421165075  2.20404353977  2.28629499588  0.938728920633  0.995908275316  0.787685193008  0.445717932573  0.385132538364  0.320696594525  -9999.0  -9999.0  -9999.0  -9999.0  -9999.0
-9999.0  -9999.0  -9999.0  -9999.0  -9999.0  -9999.0  -9999.0  -9999.0  -9999.0  -9999.0  -9999.0  -9999.0  -9999.0  -9999.0  -9999.0  -9999.0  0.550607642831  0.533701726632  0.501405367498  0.96051044264  0.389884019501  15.5357822739  15.9470098777  0.591388013022  1.1670512531  0.449548179652  0.320861316981  0.30546694586  27.8923666703  0.179816273091  0.3646903498  0.199871958816  0.159110167705  0.126083420156  0.0907069804381  0.0951194961276  0.291291533744  0.402226626377  0.072140926447  0.0596973402475  0.13008509201  0.2202590312  0.33468124109  0.126373822669  40.6644773585  40.9161916304  611.758452769  0.1153179953  0.0537666770312  0.01232781073  0.0307590315668  0.0103082772192  0.00837094954095  0.0439084273445  0.133555578156  0.0879950099775  0.022140880195  0.023084116527  0.0587148657125  0.030651310081  0.0300361993819  0.0400482008542  0.0419769413569  3.94682865626  1.42607801283  0.0319891822495  0.0532365787788  0.0253925266332  4.99007641169  2.67581153024  2.64034904686  0.865727113247  0.550067250783  0.0504098387226  -9999.0  -9999.0  -9999.0  -9999.0  -9999.0  -9999.0
-9999.0  -9999.0  -9999.0  -9999.0  -9999.0  -9999.0  -9999.0  -9999.0  -9999.0  -9999.0  -9999.0  -9999.0  -9999.0  -9999.0  -9999.0  -9999.0  -9999.0  -9999.0  0.522426221014  1.41799528608  1.78675885206  2.16854216882  16.3293284508  16.743990711  17.1344488986  17.5593586588  17.8537579415  18.4734856451  18.6482636883  18.8111024706  18.9567300302  0.140676003929  0.128807874043  0.130652478599  0.418364999284  0.108717905433  0.101798623089  0.0772514973004  0.220398445814  0.081110098879  0.0619414081699  0.0574087676197  0.049870448372  0.099531892975  0.144506980656  41.2069123811  653.127077324  0.0281823358035  0.0558650099525  0.00946825178829  0.0424312646071  0.0237880108382  0.0168464671332  0.287651492887  0.223924658967  0.0680615308742  0.0464117469532  0.105983464061  0.025069101138  0.0772783837323  0.0519981219974  0.109289382748  0.0381402518838  0.047487866174  3.98513885166  4.10460260988  5.96806699192  5.93234193237  5.89644099718  0.0383639234809  0.728853279102  0.687800762534  0.0837102720582  -9999.0  -9999.0  -9999.0  -9999.0  -9999.0  -9999.0  -9999.0
-9999.0  -9999.0  -9999.0  -9999.0  -9999.0  -9999.0  -9999.0  -9999.0  -9999.0  -9999.0  -9999.0  -9999.0  -9999.0  -9999.0  -9999.0  -9999.0  -9999.0  -9999.0  -9999.0  0.409404551942  3.36830192533  6.42422370804  6.79472376882  0.61951328523  1.2032862599  1.77918787701  2.18042686518  5.11498342376  5.26782643515  0.146668374338  0.140733457075  19.2741713434  19.5253497236  19.6378770829  0.49078346931  0.0547622364834  0.139904478551  0.208042459069  0.653535427352  0.805820848839  0.923161929692  0.107562125406  0.1506914082  0.0511260547024  0.102567168972  0.0532094279399  653.237868299  0.021624395845  0.100021882595  0.0342512443511  0.100126524706  0.238731918522  0.271947389016  0.576425681486  0.268886320224  0.248774172335  0.185574178177  0.16717975626  0.0418580771927  0.093965693962  0.140330434089  0.125548593556  0.0164228502273  10.3573383858  10.3004073188  10.2656749765  6.07234908065  0.0556101199802  0.812703237455  0.578658910468  0.376713381638  0.233922948126  0.0400699349586  -9999.0  -9999.0  -9999.0  -9999.0  -9999.0  -9999.0  -9999.0
-9999.0  -9999.0  -9999.0  -9999.0  -9999.0  -9999.0  -9999.0  -9999.0  -9999.0  -9999.0  -9999.0  -9999.0  -9999.0  -9999.0  -9999.0  -9999.0  -9999.0  -9999.0  0.473320691535  1.53109023552  2.97217444966  3.85647219007  9.48830179411  9.99706962538  1.2122944455  1.7956101778  2.27171143163  2.65186701353  5.43291640982  5.73727123568  10.1187794382  10.462356388  10.6331497904  19.733128517  20.4187461682  0.132044005303  0.0917176616014  0.0849453759927  0.159389684582  0.0721352789377  1.06800510506  1.12327757843  0.198079291053  0.284345031603  0.0742282253626  116.139547844  116.252138909  769.557671803  769.708455784  0.0256581451414  0.154016902294  0.0372484917946  0.0319759305721  0.645302309534  0.940369708344  0.230492347079  0.208727927001  0.0401384118835  0.0209601706541  0.114287635366  10.6088830807  10.452231649  10.4327594987  10.3934579179  0.0397820554592  0.0393951336012  0.042780929834  0.0584565702405  0.18516215769  0.123069338929  0.108496168308  0.161204640946  0.048720057683  -9999.0  -9999.0  -9999.0  -9999.0  -9999.0  -9999.0  -9999.0
-9999.0  -9999.0  -9999.0  -9999.0  -9999.0  -9999.0  -9999.0  -9999.0  -9999.0  -9999.0  -9999.0  -9999.0  -9999.0  -9999.0  -9999.0  -9999.0  -9999.0  -9999.0  -9999.0  0.555232558651  0.533377932464  0.9870826847  2.30274475008  10.4237291317  0.625479362126  0.617726525546  1.0599353249  1.53842596957  3.62847212124  3.88110205508  0.201051603053  0.219334011393  10.7946498969  10.8786625058  31.4008850143  31.4931564915  0.04287067264  0.0381139966167  0.0325325856272  0.0328001015149  0.0411227496061  114.909757953  115.269486137  115.642922536  115.824125637  116.062601495  0.0619243651811  0.228263256232  0.265056738416  770.077366482  770.11619697  770.168458029  770.256637783  770.374574919  0.996863117525  0.0185916551091  0.0782292221336  0.0616623880694  0.0162266712173  0.130444285309  10.6686265807  0.0408150674833  0.0210422974168  0.16549131335  0.145658333635  0.118737149013  0.0910436529802  0.0547103145811  0.0710888222154  0.0667468433894  0.0557731972496  0.0594599404743  -9999.0  -9999.0  -9999.0  -9999.0  -9999.0  -9999.0  -9999.0  -9999.0
-9999.0  -9999.0  -9999.0  -9999.0  -9999.0  -9999.0  -9999.0  -9999.0  -9999.0  -9999.0  -9999.0  -9999.0  -9999.0  -9999.0  -9999.0  -9999.0  -9999.0  -9999.0  -9999.0  -9999.0  0.472676043086  0.503213973675  0.911334435813  12.1884139832  12.6043894273  0.601619210338  1.04456972827  1.53763399994  1.88139430644  0.288220264442  0.552346964281  27.2215518454  27.3319882113  27.5039563334  28.53917829  60.1520343169  112.720327203  112.838730207  112.943498314  113.046312173  113.557822539  113.729662959  0.305741982657  0.130824575347  0.0813245476912  0.151787015133  0.114371740037  0.180903145281  0.0556880005549  1.34690541318  1.46010265526  1.55590131216  1.57602357536  770.414339705  771.478492173  771.639546202  0.0993547664624  0.0163124303105  0.177896263491  0.148197070296  10.7064083684  0.0192672250429  0.365203583666  0.176206010912  0.152307645879  0.109515694324  0.0569556733534  0.086421959241  0.0441529325699  -9999.0  -9999.0  -9999.0  -9999.0  -9999.0  -9999.0  -9999.0  -9999.0  -9999.0  -9999.0  -9999.0
-9999.0  -9999.0  -9999.0  -9999.0  -9999.0  -9999.0  -9999.0  -9999.0  -9999.0  -9999.0  -9999.0  -9999.0  -9999.0  -9999.0  -9999.0  -9999.0  -9999.0  -9999.0  -9999.0  -9999.0  -9999.0  0.481418198701  0.910279731204  1.34417881803  12.9613610372  0.425042998168  17.5322440147  18.0357986513  18.3254672678  18.6204056421  26.1117676376  26.409910675  0.111815540004  0.748649307245  0.897404733812  0.108510104282  52.4584943962  52.2559706887  0.0609185432831  0.142885006793  0.408137324198  0.0945332892912  0.102635931999  0.0669957675001  0.0586627180658  0.0461273230658  0.0547417024492  1.17670421898  1.23440815813  1.30431012626  0.0816076735248  0.0717410778677  1.60620303003  1.63084351683  1.64671592229  771.680730816  771.721689374  0.222901861897  0.192381185006  11.123031869  11.1081813072  0.383834398111  0.0409075311773  0.0205391346161  0.290130441395  0.249544652697  0.196177312366  0.129188625131  0.0672316224184  0.0310626871086  -9999.0  -9999.0  -9999.0  -9999.0  -9999.0  -9999.0  -9999.0  -9999.0  -9999.0  -9999.0
-9999.0  -9999.0  -9999.0  -9999.0  -9999.0  -9999.0  -9999.0  -9999.0  -9999.0  -9999.0  -9999.0  -9999.0  -9999.0  -9999.0  -9999.0  -9999.0  -9999.0  -9999.0  -9999.0  -9999.0  -9999.0  0.427833618338  0.391553162489  2.05107823933  15.826659056  16.6649523408  17.0939414797  0.409027758992  6.79536628611  7.06306663238  7.19448828456  0.26812176135  0.406518765777  0.505362177943  11.4178863713  11.5051549924  11.5794606431  52.1260041114  33.6145838398  0.0776665968787  0.0905900009504  0.0861532386405  0.069146785792  0.736077434374  0.869579228858  0.986865507565  1.05346962523  1.11752947775  10.7968507783  10.84358071  10.9459887466  11.1768272951  11.8017238754  11.8227528323  13.4898765822  0.0163784209588  771.760907716  771.803572009  0.239625603597  11.1364118491  0.0300782304725  0.0154879728371  0.0603889493902  0.450126377177  0.433031678316  0.0990471992989  0.0497991560483  0.154161962713  0.106542345473  0.0307546429197  0.0255468051131  0.0251348081441  -9999.0  -9999.0  -9999.0  -9999.0  -9999.0  -9999.0  -9999.0  -9999.0
-9999.0  -9999.0  -9999.0  -9999.0  -9999.0  -9999.0  -9999.0  -9999.0  -9999.0  -9999.0  -9999.0  -9999.0  -9999.0  -9999.0  -9999.0  -9999.0  -9999.0  -9999.0  -9999.0  -9999.0  -9999.0  -9999.0  0.827768002912  1.26791192192  0.423916772131  0.617953150353  5.44200064778  5.85870088753  6.11618276545  2.31680001332  2.50537533966  2.71737044042  2.85767400406  11.2191688186  11.3529326195  6.68326901978  18.3582626787  18.4445998456  33.5556324799  0.180323429501  0.095545199889  0.0655992796536  0.513286741522  0.603431862417  0.0514783882637  0.046921227452  10.5837184605  10.6988304386  10.753286547  0.0844287756146  0.153287663072  11.7374064405  0.0321095490409  0.142674767215  0.159424818922  13.6821262916  13.6986609404  13.8862777138  785.969075725  11.1815460311  0.581929639506  0.567316459799  0.547789969864  0.467107449145  0.0224036825434  0.23639760898  0.201553928529  0.0720799485454  0.0315331771642  0.0538550405053  0.114904310073  0.0641740159306  -9999.0  -9999.0  -9999.0  -9999.0  -9999.0  -9999.0  -9999.0  -9999.0
-9999.0  -9999.0  -9999.0  -9999.0  -9999.0  -9999.0  -9999.0  -9999.0  -9999.0  -9999.0  -9999.0  -9999.0  -9999.0  -9999.0  -9999.0  -9999.0  -9999.0  -9999.0  -9999.0  -9999.0  -9999.0  -9999.0  0.412680590566  0.81317789828  3.37551106565  3.83507120262  4.32898632478  1.83461177696  2.13092943302  0.199198713918  7.90476548891  8.07590995942  8.2405760028  0.138408101247  6.43963604928  6.58059152018  0.0958909754604  33.0909821583  0.205203359451  0.103804427084  0.28037074638  0.376302669125  0.0730693067393  0.0598322790952  9.94634110086  10.4805175584  10.5475207722  0.0720099905014  0.162105270953  0.204301165324  0.24088363483  0.464497027624  0.0540437460611  0.117108667269  0.0232518376841  0.045806569942  13.8507087356  13.8693442145  786.012443305  797.872651325  0.635904861207  0.0373089473267  0.022049523671  0.0377804614467  0.0168106962819  0.258450077217  0.148755902889  0.11275260396  0.344567861706  0.305233658872  0.209607859547  0.0470598313467  0.0248611101565  -9999.0  -9999.0  -9999.0  -9999.0  -9999.0  -9999.0  -9999.0
-9999.0  -9999.0  -9999.0  -9999.0  -9999.0  -9999.0  -9999.0  -9999.0  -9999.0  -9999.0  -9999.0  -9999.0  -9999.0  -9999.0  -9999.0  -9999.0  -9999.0  -9999.0  -9999.0  -9999.0  -9999.0  -9999.0  0.404210517782  1.25607393391  2.17762774939  0.52758994861  1.06361828896  1.48825185647  7.08713379901  7.35454796604  7.53949316696  0.162850518141  5.55764054568  6.04783984275  6.19591198543  0.0975686711252  32.6605606343  32.9094674471  0.115545433899  0.103034707085  0.207915495  0.0833826333648  9.53549258363  9.68588834893  9.78038241436  0.35260495904  0.428165547094  0.065581679617  0.117507751866  0.0523594756767  0.355377991386  0.0535851265465  0.031179830896  0.0316106085734  0.031271672451  0.0634291000041  0.0866829673834  57.151796452  57.2103970198  855.169001157  855.208313377  855.253327849  0.0307973666738  0.551608928038  0.500834969184  0.210316275688  0.196009592554  0.026950329274  0.414379171416  0.0307047023655  0.0261795045985  0.0219737162035  0.0896966127123  0.0382702528454  -9999.0  -9999.0  -9999.0  -9999.0  -9999.0  -9999.0
-9999.0  -9999.0  -9999.0  -9999.0  -9999.0  -9999.0  -9999.0  -9999.0  -9999.0  -9999.0  -9999.0  -9999.0  -9999.0  -9999.0  -9999.0  -9999.0  -9999.0  -9999.0  -9999.0  -9999.0  -9999.0  -9999.0  -9999.0  0.423254624551  0.480555326337  0.611174508202  5.20882159569  5.60707429839  6.75854247932  0.296814780649  4.81714555155  5.2532657775  0.177042879077  0.36052872373  0.115600539129  32.3233324272  0.140470654643  0.356357785191  0.440072787507  0.518549269568  9.00937592667  9.29008388577  9.38830597219  0.101069029178  0.189382298361  0.268591457603  0.0474507340638  0.041463686568  30.04531475  30.087642984  30.1227489642  30.4813911191  30.5239876721  30.5660514884  30.5931204866  50.7244859246  50.7566752237  57.1319972006  0.0380852492784  0.0409604738742  0.0684740657339  855.360380941  855.473967584  856.080958702  856.117598797  0.0277347582441  0.0141131429909  0.468206756602  0.450220725311  0.0216539423868  0.0567736580702  0.377588735426  0.232655989065  0.201895903403  0.0532391062546  -9999.0  -9999.0  -9999.0  -9999.0  -9999.0
-9999.0  -9999.0  -9999.0  -9999.0  -9999.0  -9999.0  -9999.0  -9999.0  -9999.0  -9999.0  -9999.0  -9999.0  -9999.0  -9999.0  -9999.0  -9999.0  -9999.0  -9999.0  -9999.0  -9999.0  -9999.0  -9999.0  -9999.0  0.333971700465  0.945819930757  2.12452749045  4.70925517496  0.479869066148  0.837752384814  4.05375882968  4.33355894144  0.232162911001  7.42445052865  7.60705696212  31.9395011859  32.0764639702  0.123356214405  0.231795603787  1.04010250714  8.14841494064  8.42752089457  0.201378340673  0.0933301719234  0.0765722995655  27.130851589  27.2960660718  27.4254593973  27.5485105148  30.0061382556  0.130700637306  30.4405182098  0.068851533186  0.0455507277917  0.0801080235007  20.0574468729  20.1085584272  6.20243956328  6.33535846858  0.0877532311513  0.0428711798361  0.0479958383473  0.0298014992378  0.0456036156346  0.0181978438412  894.947407366  895.012208205  0.628217478463  0.495903067708  0.016379335694  0.595952584212  0.549276639543  0.455335046447  0.0396873126329  0.0500816786631  0.0565137335311  -9999.0  -9999.0  -9999.0  -9999.0  -9999.0
-9999.0  -9999.0  -9999.0  -9999.0  -9999.0  -9999.0  -9999.0  -9999.0  -9999.0  -9999.0  -9999.0  -9999.0  -9999.0  -9999.0  -9999.0  -9999.0  -9999.0  -9999.0  -9999.0  -9999.0  -9999.0  -9999.0  -9999.0  -9999.0  0.741314362819  1.44172639426  2.03282136344  3.28808306279  3.66360709613  6.07243479591  6.76163960493  7.03180094119  7.23535766113  24.00822852  24.189368374  0.1054639296  0.837082833859  0.957753012579  6.88876802905  7.00160208976  0.168895266827  0.062175655017  26.6896952128  26.8846651032  26.9839778101  0.0895504525554  2.23367784397  2.31162655056  2.39533107792  0.0702102334271  0.0520276785002  0.0364938311382  0.035512298247  19.894197609  19.9426052957  0.0376531396845  6.16662981549  5.94447827585  5.9104933865  0.0349334976056  0.0358314295095  0.0539170128363  0.0743393857779  38.7107676224  38.7888125398  895.677828511  0.0781965868003  0.0183230888607  0.633033751028  0.0224873029256  0.112650731388  0.0766155420536  0.0367555542252  -9999.0  -9999.0  -9999.0  -9999.0  -9999.0  -9999.0  -9999.0
-9999.0  -9999.0  -9999.0  -9999.0  -9999.0  -9999.0  -9999.0  -9999.0  -9999.0  -9999.0  -9999.0  -9999.0  -9999.0  -9999.0  -9999.0  -9999.0  -9999.0  -9999.0  -9999.0  -9999.0  -9999.0  -9999.0  -9999.0  -9999.0  0.690251182507  2.14496562826  2.7321240839  4.04088750214  5.20631601766  5.70509382617  0.371356221831  6.01218463698  23.4873586016  23.8201837377  0.27625057618  0.466700410814  0.748816441363  6.65504335706  6.79141549571  17.4816526415  17.7096805577  26.5371044376  26.6398320696  0.127319673556  1.86395540075  2.06341047985  2.1686964084  0.082325078376  18.1096220717  18.1833401029  18.4126168018  19.3462797124  19.697898137  19.7896202152  0.0526421831368  0.103843588144  0.145317855245  5.16967390712  5.84698895857  0.447491048643  0.409409182789  0.0593491698666  0.0460458009033  38.6159689032  0.0609124578414  0.028734843765  895.738846713  0.0105015977034  0.0105855938224  0.78994730817  0.141384817318  0.0289149045023  0.0250220697198  -9999.0  -9999.0  -9999.0  -9999.0  -9999.0  -9999.0  -9999.0
-9999.0  -9999.0  -9999.0  -9999.0  -9999.0  -9999.0  -9999.0  -9999.0  -9999.0  -9999.0  -9999.0  -9999.0  -9999.0  -9999.0  -9999.0  -9999.0  -9999.0  -9999.0  -9999.0  -9999.0  -9999.0  -9999.0  -9999.0  -9999.0  0.766603042601  0.739794929754  2.79560343525  3.38027644088  0.607241396929  5.11417739668  5.60867478336  0.407123922098  16.725986033  0.381586682317  2.91791000753  6.35890184198  6.53880600702  16.5921471268  16.728985511  17.3809073319  0.166721649441  8.75740376316  0.101136757006  0.187015504789  1.78858368406  0.114842383271  4.08312167573  17.961961483  0.087071259047  0.174313095291  0.752597959338  0.0878650240264  0.154975097396  0.076042931419  0.0542462252352  4.65167551606  4.9911091212  5.13020403151  0.185739728164  0.121217105198  0.214798134489  0.0782793330923  38.4344680687  38.4960311584  0.039339400647  0.0162617511079  0.00738929906046  895.813673007  896.788781747  0.930024014939  0.127213478893  0.111678883343  0.0585157422966  -9999.0  -9999.0  -9999.0  -9999.0  -9999.0  -9999.0  -9999.0
-9999.0  -9999.0  -9999.0  -9999.0  -9999.0  -9999.0  -9999.0  -9999.0  -9999.0  -9999.0  -9999.0  -9999.0  -9999.0  -9999.0  -9999.0  -9999.0  -9999.0  -9999.0  -9999.0  -9999.0  -9999.0  -9999.0  -9999.0  -9999.0  -9999.0  0.7249836835  0.760223159598  0.729706011814  3.87456399273  4.53979296611  7.58157533509  16.3793260071  0.588451922888  1.78683725389  2.27253693207  3.23388315853  0.706300256913  16.4121140034  0.245283133673  0.498433388162  8.41170823876  0.214422096119  1.09377210233  1.33893199995  0.161122725179  0.113718704583  4.01410019108  13.7964444849  0.117108238954  0.41123641255  0.681532765253  0.100325724934  0.0711661375343  4.18891675554  4.39958719739  0.149470528726  0.289798154714  0.0785400779576  0.133540073171  0.0721041182749  0.0496108280652  0.0659489159642  38.3821297664  0.193883960097  -9999.0  -9999.0  0.0137499644068  0.0251129119615  896.820209595  896.85305019  896.905994269  0.0144745700331  -9999.0  -9999.0  -9999.0  -9999.0  -9999.0  -9999.0  -9999.0  -9999.0
-9999.0  -9999.0  -9999.0  -9999.0  -9999.0  -9999.0  -9999.0  -9999.0  -9999.0  -9999.0  -9999.0  -9999.0  -9999.0  -9999.0  -9999.0  -9999.0  -9999.0  -9999.0  -9999.0  -9999.0  -9999.0  -9999.0  -9999.0  -9999.0  -9999.0  -9999.0  0.627086714508  1.97108304253  2.51763848874  7.06857452051  2.41018867029  8.24014861471  5.36750415155  0.594717548392  1.79809946097  2.86887382026  0.450479815061  15.4812515256  6.08049176039  7.48602710803  0.740725476558  0.724100356197  0.215679736592  0.169535326722  3.68054905107  3.79675889522  13.4629553306  13.5698144188  0.199640662036  0.309043863485  0.0820297570894  3.46163946723  3.80965329888  4.14071635602  0.158071481708  0.0739466433491  0.211712485755  0.0746140780621  0.0563207596283  0.0446461002881  37.8169213302  37.9625386816  38.0668484121  0.132739041808  -9999.0  -9999.0  -9999.0  -9999.0  -9999.0  0.00733470048062  896.934888341  896.964261135  -9999.0  -9999.0  -9999.0  -9999.0  -9999.0  -9999.0  -9999.0  -9999.0
-9999.0  -9999.0  -9999.0  -9999.0  -9999.0  -9999.0  -9999.0  -9999.0  -9999.0  -9999.0  -9999.0  -9999.0  -9999.0  -9999.0  -9999.0  -9999.0  -9999.0  -9999.0  -9999.0  -9999.0  -9999.0  -9999.0  -9999.0  -9999.0  -9999.0  -9999.0  0.819439896659  0.748360433916  6.56909535468  0.55626047909  1.93689669284  3.44905991213  4.7996860407  0.664031386489  0.613301797403  0.556980058254  14.4528473872  15.0125875408  5.66144739807  1.06867140779  0.517583944842  0.50274546601  3.27655752091  3.57226972476  12.5174512722  12.9290914465  13.2293267997  0.135760232014  0.103194909694  3.2530659154  3.3190594056  3.39698178233  0.292537549734  0.170673338364  0.0863235395206  0.0824041100735  0.0593797410968  0.413834163058  0.453622766289  37.7285603634  37.7763078448  0.0976576126483  0.0517441924189  0.0671113381643  -9999.0  -9999.0  -9999.0  -9999.0  -9999.0  -9999.0  -9999.0  -9999.0  -9999.0  -9999.0  -9999.0  -9999.0  -9999.0  -9999.0  -9999.0  -9999.0
-9999.0  -9999.0  -9999.0  -9999.0  -9999.0  -9999.0  -9999.0  -9999.0  -9999.0  -9999.0  -9999.0  -9999.0  -9999.0  -9999.0  -9999.0  -9999.0  -9999.0  -9999.0  -9999.0  -9999.0  -9999.0  -9999.0  -9999.0  -9999.0  -9999.0  -9999.0  -9999.0  1.57795802828  5.24699753192  2.94044265708  0.709168487127  2.85462909283  0.679332527386  2.08951995293  2.61125108537  12.9076727876  14.0098785532  4.64734874429  5.16398874519  0.543884949198  2.35687626895  2.82860339739  7.95959744312  11.9977903436  12.3500873246  0.273059161696  0.150597603927  2.66906849233  2.92993370744  3.18376474996  0.0793204551641  0.14445520093  0.215618656621  0.0761040572498  0.154646737873  0.248992591399  0.297357297317  0.371844716652  0.0501300680503  37.1737610065  0.101792465537  0.0522345194159  -9999.0  -9999.0  -9999.0  -9999.0  -9999.0  -9999.0  -9999.0  -9999.0  -9999.0  -9999.0  -9999.0  -9999.0  -9999.0  -9999.0  -9999.0  -9999.0  -9999.0  -9999.0
-9999.0  -9999.0  -9999.0  -9999.0  -9999.0  -9999.0  -9999.0  -9999.0  -9999.0  -9999.0  -9999.0  -9999.0  -9999.0  -9999.0  -9999.0  -9999.0  -9999.0  -9999.0  -9999.0  -9999.0  -9999.0  -9999.0  -9999.0  -9999.0  -9999.0  -9999.0  -9999.0  0.826072574534  0.760887076918  1.43952406098  0.746032730402  1.42802755755  1.45974656308  8.18083306812  8.65258139673  1.20714131687  0.630340032455  4.12911228716  1.24032480352  1.86126805065  6.5776616608  7.06557766313  7.56162027515  3.64960180081  1.31962946985  1.83516765359  2.18164942502  2.58428330314  0.184126862746  0.138152592723  25.4665825642  25.5577261666  25.6229511024  0.0539171578479  0.0956600840272  0.0487994208219  0.038094234152  35.965229216  36.2400852612  0.713950064032  0.623488493522  0.0641466986784  -9999.0  -9999.0  -9999.0  -9999.0  -9999.0  -9999.0  -9999.0  -9999.0  -9999.0  -9999.0  -9999.0  -9999.0  -9999.0  -9999.0  -9999.0  -9999.0  -9999.0  -9999.0
-9999.0  -9999.0  -9999.0  -9999.0  -9999.0  -9999.0  -9999.0  -9999.0  -9999.0  -9999.0  -9999.0  -9999.0  -9999.0  -9999.0  -9999.0  -9999.0  -9999.0  -9999.0  -9999.0  -9999.0  -9999.0  -9999.0  -9999.0  -9999.0  -9999.0  -9999.0  -9999.0  -9999.0  -9999.0  0.647877421971  0.662135062572  0.767060456011  3.08246531575  7.52912644455  3.73938454213  0.681545054481  2.84076711138  3.50948725739  0.606324294166  5.5454342775  6.07290229222  1.68555569693  2.66314615584  0.511158726597  0.869385553494  0.327366557833  0.18370679461  0.178642996935  25.1484150002  25.2901452251  25.3877264236  0.533632435647  26.2825764443  26.3555403381  26.4175179236  26.4773551517  26.5800248095  35.9282960978  36.0313927887  0.159914503461  0.554139421393  0.15771449274  -9999.0  -9999.0  -9999.0  -9999.0  -9999.0  -9999.0  -9999.0  -9999.0  -9999.0  -9999.0  -9999.0  -9999.0  -9999.0  -9999.0  -9999.0  -9999.0  -9999.0  -9999.0
-9999.0  -9999.0  -9999.0  -9999.0  -9999.0  -9999.0  -9999.0  -9999.0  -9999.0  -9999.0  -9999.0  -9999.0  -9999.0  -9999.0  -9999.0  -9999.0  -9999.0  -9999.0  -9999.0  -9999.0  -9999.0  -9999.0  -9999.0  -9999.0  -9999.0  -9999.0  -9999.0  -9999.0  -9999.0  -9999.0  -9999.0  0.80507522414  1.59318499906  1.57870293056  1.55747096574  1.5058609591  2.23461929516  3.6733542984  4.2898557406  4.98305222238  0.577179266195  1.17154733574  0.501698481888  0.422333689692  16.9789410269  20.2036012862  20.8460925961  21.0972567116  25.0298531201  0.164739428428  0.291039773058  0.456941724095  3.05679140991  3.1616362094  3.23826524909  7.08954014656  8.62237350457  9.28082700243  0.0847180872553  0.0878373161793  0.332109115318  0.0890743087369  -9999.0  -9999.0  -9999.0  -9999.0  -9999.0  -9999.0  -9999.0  -9999.0  -9999.0  -9999.0  -9999.0  -9999.0  -9999.0  -9999.0  -9999.0  -9999.0  -9999.0  -9999.0
-9999.0  -9999.0  -9999.0  -9999.0  -9999.0  -9999.0  -9999.0  -9999.0  -9999.0  -9999.0  -9999.0  -9999.0  -9999.0  -9999.0  -9999.0  -9999.0  -9999.0  -9999.0  -9999.0  -9999.0  -9999.0  -9999.0  -9999.0  -9999.0  -9999.0  -9999.0  -9999.0  -9999.0  -9999.0  -9999.0  -9999.0  -9999.0  0.804376805884  0.804911096691  0.784965877506  0.760327213785  1.51622207056  2.99077828552  2.89790057249  3.53059420739  4.06716631023  9.37005500603  9.86992936424  16.4108466914  16.7447651737  2.97819936727  0.298934337975  3.51832649993  3.73424418278  1.26063839482  2.40949242963  2.79472411163  2.94937510626  0.134545524549  3.789163273  7.39470568936  8.57004800794  0.107505512676  0.50468699515  0.0852584964885  0.262566981381  -9999.0  -9999.0  -9999.0  -9999.0  -9999.0  -9999.0  -9999.0  -9999.0  -9999.0  -9999.0  -9999.0  -9999.0  -9999.0  -9999.0  -9999.0  -9999.0  -9999.0  -9999.0  -9999.0
-9999.0  -9999.0  -9999.0  -9999.0  -9999.0  -9999.0  -9999.0  -9999.0  -9999.0  -9999.0  -9999.0  -9999.0  -9999.0  -9999.0  -9999.0  -9999.0  -9999.0  -9999.0  -9999.0  -9999.0  -9999.0  -9999.0  -9999.0  -9999.0  -9999.0  -9999.0  -9999.0  -9999.0  -9999.0  -9999.0  -9999.0  -9999.0  -9999.0  -9999.0  -9999.0  0.804043421204  0.754033891122  0.760368847476  2.2178100017  2.11336138202  4.1076195378  4.78733367356  0.593419770941  6.02310405818  2.24270186317  2.64774028912  2.29963543049  3.29228491487  0.791633091934  0.255823319745  1.00327400328  0.232469629985  2.06142332786  2.46142380523  3.53912115098  0.168261656332  0.696240955863  0.255772149795  0.318781546847  0.0969769892469  0.180036434045  -9999.0  -9999.0  -9999.0  -9999.0  -9999.0  -9999.0  -9999.0  -9999.0  -9999.0  -9999.0  -9999.0  -9999.0  -9999.0  -9999.0  -9999.0  -9999.0  -9999.0  -9999.0  -9999.0
-9999.0  -9999.0  -9999.0  -9999.0  -9999.0  -9999.0  -9999.0  -9999.0  -9999.0  -9999.0  -9999.0  -9999.0  -9999.0  -9999.0  -9999.0  -9999.0  -9999.0  -9999.0  -9999.0  -9999.0  -9999.0  -9999.0  -9999.0  -9999.0  -9999.0  -9999.0  -9999.0  -9999.0  -9999.0  -9999.0  -9999.0  -9999.0  -9999.0  -9999.0  -9999.0  -9999.0  -9999.0  0.740037450683  0.695974686577  1.4166973021  1.35991881469  3.5228285622  4.80118672184  1.28562449999  1.77211888162  1.23328519914  1.98100712503  0.683177337997  0.568370243891  0.572136453004  0.224099252145  1.25856415117  1.88034537711  0.220628197571  0.894773439641  0.340046094014  0.201648522641  0.111646179943  0.102841252127  0.111334488114  -9999.0  -9999.0  -9999.0  -9999.0  -9999.0  -9999.0  -9999.0  -9999.0  -9999.0  -9999.0  -9999.0  -9999.0  -9999.0  -9999.0  -9999.0  -9999.0  -9999.0  -9999.0  -9999.0  -9999.0
-9999.0  -9999.0  -9999.0  -9999.0  -9999.0  -9999.0  -9999.0  -9999.0  -9999.0  -9999.0  -9999.0  -9999.0  -9999.0  -9999.0  -9999.0  -9999.0  -9999.0  -9999.0  -9999.0  -9999.0  -9999.0  -9999.0  -9999.0  -9999.0  -9999.0  -9999.0  -9999.0  -9999.0  -9999.0  -9999.0  -9999.0  -9999.0  -9999.0  -9999.0  -9999.0  -9999.0  -9999.0  -9999.0  -9999.0  0.699352247136  1.46851176681  2.87446588651  0.663641298887  0.654432827166  0.434325532005  0.866051603634  0.3840184177  0.348324982151  0.301864677854  0.306279176657  0.542833266603  1.06407115379  0.452892122155  0.494832313488  0.705735302741  0.175463657351  0.0947913592352  -9999.0  -9999.0  -9999.0  -9999.0  -9999.0  -9999.0  -9999.0  -9999.0  -9999.0  -9999.0  -9999.0  -9999.0  -9999.0  -9999.0  -9999.0  -9999.0  -9999.0  -9999.0  -9999.0  -9999.0  -9999.0  -9999.0  -9999.0
-9999.0  -9999.0  -9999.0  -9999.0  -9999.0  -9999.0  -9999.0  -9999.0  -9999.0  -9999.0  -9999.0  -9999.0  -9999.0  -9999.0  -9999.0  -9999.0  -9999.0  -9999.0  -9999.0  -9999.0  -9999.0  -9999.0  -9999.0  -9999.0  -9999.0  -9999.0  -9999.0  -9999.0  -9999.0  -9999.0  -9999.0  -9999.0  -9999.0  -9999.0  -9999.0  -9999.0  -9999.0  -9999.0  -9999.0  -9999.0  0.737171956967  0.693242403264  -9999.0  -9999.0  -9999.0  -9999.0  -9999.0  -9999.0  -9999.0  -9999.0  0.277733496297  0.254224364124  0.198638305981  0.230175974533  -9999.0  -9999.0  -9999.0  -9999.0  -9999.0  -9999.0  -9999.0  -9999.0  -9999.0  -9999.0  -9999.0  -9999.0  -9999.0  -9999.0  -9999.0  -9999.0  -9999.0  -9999.0  -9999.0  -9999.0  -9999.0  -9999.0  -9999.0  -9999.0  -9999.0  -9999.0
-9999.0  -9999.0  -9999.0  -9999.0  -9999.0  -9999.0  -9999.0  -9999.0  -9999.0  -9999.0  -9999.0  -9999.0  -9999.0  -9999.0  -9999.0  -9999.0  -9999.0  -9999.0  -9999.0  -9999.0  -9999.0  -9999.0  -9999.0  -9999.0  -9999.0  -9999.0  -9999.0  -9999.0  -9999.0  -9999.0  -9999.0  -9999.0  -9999.0  -9999.0  -9999.0  -9999.0  -9999.0  -9999.0  -9999.0  -9999.0  -9999.0  -9999.0  -9999.0  -9999.0  -9999.0  -9999.0  -9999.0  -9999.0  -9999.0  -9999.0  -9999.0  -9999.0  -9999.0  -9999.0  -9999.0  -9999.0  -9999.0  -9999.0  -9999.0  -9999.0  -9999.0  -9999.0  -9999.0  -9999.0  -9999.0  -9999.0  -9999.0  -9999.0  -9999.0  -9999.0  -9999.0  -9999.0  -9999.0  -9999.0  -9999.0  -9999.0  -9999.0  -9999.0  -9999.0  -9999.0
-9999.0  -9999.0  -9999.0  -9999.0  -9999.0  -9999.0  -9999.0  -9999.0  -9999.0  -9999.0  -9999.0  -9999.0  -9999.0  -9999.0  -9999.0  -9999.0  -9999.0  -9999.0  -9999.0  -9999.0  -9999.0  -9999.0  -9999.0  -9999.0  -9999.0  -9999.0  -9999.0  -9999.0  -9999.0  -9999.0  -9999.0  -9999.0  -9999.0  -9999.0  -9999.0  -9999.0  -9999.0  -9999.0  -9999.0  -9999.0  -9999.0  -9999.0  -9999.0  -9999.0  -9999.0  -9999.0  -9999.0  -9999.0  -9999.0  -9999.0  -9999.0  -9999.0  -9999.0  -9999.0  -9999.0  -9999.0  -9999.0  -9999.0  -9999.0  -9999.0  -9999.0  -9999.0  -9999.0  -9999.0  -9999.0  -9999.0  -9999.0  -9999.0  -9999.0  -9999.0  -9999.0  -9999.0  -9999.0  -9999.0  -9999.0  -9999.0  -9999.0  -9999.0  -9999.0  -9999.0
-9999.0  -9999.0  -9999.0  -9999.0  -9999.0  -9999.0  -9999.0  -9999.0  -9999.0  -9999.0  -9999.0  -9999.0  -9999.0  -9999.0  -9999.0  -9999.0  -9999.0  -9999.0  -9999.0  -9999.0  -9999.0  -9999.0  -9999.0  -9999.0  -9999.0  -9999.0  -9999.0  -9999.0  -9999.0  -9999.0  -9999.0  -9999.0  -9999.0  -9999.0  -9999.0  -9999.0  -9999.0  -9999.0  -9999.0  -9999.0  -9999.0  -9999.0  -9999.0  -9999.0  -9999.0  -9999.0  -9999.0  -9999.0  -9999.0  -9999.0  -9999.0  -9999.0  -9999.0  -9999.0  -9999.0  -9999.0  -9999.0  -9999.0  -9999.0  -9999.0  -9999.0  -9999.0  -9999.0  -9999.0  -9999.0  -9999.0  -9999.0  -9999.0  -9999.0  -9999.0  -9999.0  -9999.0  -9999.0  -9999.0  -9999.0  -9999.0  -9999.0  -9999.0  -9999.0  -9999.0
-9999.0  -9999.0  -9999.0  -9999.0  -9999.0  -9999.0  -9999.0  -9999.0  -9999.0  -9999.0  -9999.0  -9999.0  -9999.0  -9999.0  -9999.0  -9999.0  -9999.0  -9999.0  -9999.0  -9999.0  -9999.0  -9999.0  -9999.0  -9999.0  -9999.0  -9999.0  -9999.0  -9999.0  -9999.0  -9999.0  -9999.0  -9999.0  -9999.0  -9999.0  -9999.0  -9999.0  -9999.0  -9999.0  -9999.0  -9999.0  -9999.0  -9999.0  -9999.0  -9999.0  -9999.0  -9999.0  -9999.0  -9999.0  -9999.0  -9999.0  -9999.0  -9999.0  -9999.0  -9999.0  -9999.0  -9999.0  -9999.0  -9999.0  -9999.0  -9999.0  -9999.0  -9999.0  -9999.0  -9999.0  -9999.0  -9999.0  -9999.0  -9999.0  -9999.0  -9999.0  -9999.0  -9999.0  -9999.0  -9999.0  -9999.0  -9999.0  -9999.0  -9999.0  -9999.0  -9999.0
-9999.0  -9999.0  -9999.0  -9999.0  -9999.0  -9999.0  -9999.0  -9999.0  -9999.0  -9999.0  -9999.0  -9999.0  -9999.0  -9999.0  -9999.0  -9999.0  -9999.0  -9999.0  -9999.0  -9999.0  -9999.0  -9999.0  -9999.0  -9999.0  -9999.0  -9999.0  -9999.0  -9999.0  -9999.0  -9999.0  -9999.0  -9999.0  -9999.0  -9999.0  -9999.0  -9999.0  -9999.0  -9999.0  -9999.0  -9999.0  -9999.0  -9999.0  -9999.0  -9999.0  -9999.0  -9999.0  -9999.0  -9999.0  -9999.0  -9999.0  -9999.0  -9999.0  -9999.0  -9999.0  -9999.0  -9999.0  -9999.0  -9999.0  -9999.0  -9999.0  -9999.0  -9999.0  -9999.0  -9999.0  -9999.0  -9999.0  -9999.0  -9999.0  -9999.0  -9999.0  -9999.0  -9999.0  -9999.0  -9999.0  -9999.0  -9999.0  -9999.0  -9999.0  -9999.0  -9999.0
-9999.0  -9999.0  -9999.0  -9999.0  -9999.0  -9999.0  -9999.0  -9999.0  -9999.0  -9999.0  -9999.0  -9999.0  -9999.0  -9999.0  -9999.0  -9999.0  -9999.0  -9999.0  -9999.0  -9999.0  -9999.0  -9999.0  -9999.0  -9999.0  -9999.0  -9999.0  -9999.0  -9999.0  -9999.0  -9999.0  -9999.0  -9999.0  -9999.0  -9999.0  -9999.0  -9999.0  -9999.0  -9999.0  -9999.0  -9999.0  -9999.0  -9999.0  -9999.0  -9999.0  -9999.0  -9999.0  -9999.0  -9999.0  -9999.0  -9999.0  -9999.0  -9999.0  -9999.0  -9999.0  -9999.0  -9999.0  -9999.0  -9999.0  -9999.0  -9999.0  -9999.0  -9999.0  -9999.0  -9999.0  -9999.0  -9999.0  -9999.0  -9999.0  -9999.0  -9999.0  -9999.0  -9999.0  -9999.0  -9999.0  -9999.0  -9999.0  -9999.0  -9999.0  -9999.0  -9999.0
