ncols                  80
nrows                 72
xllcorner      4374000.0
yllcorner      5656000.0
cellsize            500
NODATA_value       -9999
-9999.0  -9999.0  -9999.0  -9999.0  -9999.0  -9999.0  -9999.0  -9999.0  -9999.0  -9999.0  -9999.0  -9999.0  0.940350089591  0.77960957922  -9999.0  -9999.0  -9999.0  -9999.0  -9999.0  -9999.0  -9999.0  -9999.0  -9999.0  -9999.0  -9999.0  -9999.0  -9999.0  -9999.0  -9999.0  -9999.0  -9999.0  -9999.0  -9999.0  -9999.0  -9999.0  -9999.0  -9999.0  -9999.0  -9999.0  -9999.0  -9999.0  -9999.0  -9999.0  -9999.0  -9999.0  -9999.0  -9999.0  -9999.0  -9999.0  -9999.0  -9999.0  -9999.0  -9999.0  -9999.0  -9999.0  -9999.0  -9999.0  -9999.0  -9999.0  -9999.0  -9999.0  -9999.0  -9999.0  -9999.0  -9999.0  -9999.0  -9999.0  -9999.0  -9999.0  -9999.0  -9999.0  -9999.0  -9999.0  -9999.0  -9999.0  -9999.0  -9999.0  -9999.0  -9999.0  -9999.0
-9999.0  -9999.0  -9999.0  -9999.0  -9999.0  -9999.0  -9999.0  -9999.0  -9999.0  -9999.0  -9999.0  -9999.0  1.88462580801  4.04722379559  0.62751430795  -9999.0  0.572683758533  -9999.0  -9999.0  -9999.0  -9999.0  -9999.0  -9999.0  -9999.0  -9999.0  -9999.0  -9999.0  -9999.0  -9999.0  -9999.0  -9999.0  -9999.0  -9999.0  -9999.0  -9999.0  -9999.0  -9999.0  -9999.0  -9999.0  -9999.0  -9999.0  -9999.0  -9999.0  -9999.0  -9999.0  -9999.0  -9999.0  -9999.0  -9999.0  -9999.0  -9999.0  -9999.0  -9999.0  -9999.0  -9999.0  -9999.0  -9999.0  -9999.0  -9999.0  -9999.0  -9999.0  -9999.0  -9999.0  -9999.0  -9999.0  -9999.0  -9999.0  -9999.0  -9999.0  -9999.0  -9999.0  -9999.0  -9999.0  -9999.0  -9999.0  -9999.0  -9999.0  -9999.0  -9999.0  -9999.0
-9999.0  -9999.0  -9999.0  -9999.0  -9999.0  -9999.0  -9999.0  -9999.0  -9999.0  -9999.0  0.921728500478  0.883359087893  0.920728683746  0.897452071352  5.74396839637  6.37692101293  1.60913396062  0.519469903278  -9999.0  -9999.0  -9999.0  -9999.0  -9999.0  -9999.0  -9999.0  -9999.0  -9999.0  -9999.0  -9999.0  -9999.0  -9999.0  -9999.0  -9999.0  -9999.0  -9999.0  -9999.0  -9999.0  -9999.0  -9999.0  -9999.0  -9999.0  -9999.0  -9999.0  -9999.0  -9999.0  -9999.0  -9999.0  -9999.0  -9999.0  -9999.0  -9999.0  -9999.0  -9999.0  -9999.0  -9999.0  -9999.0  -9999.0  -9999.0  -9999.0  -9999.0  -9999.0  -9999.0  -9999.0  -9999.0  -9999.0  -9999.0  -9999.0  -9999.0  -9999.0  -9999.0  -9999.0  -9999.0  -9999.0  -9999.0  -9999.0  -9999.0  -9999.0  -9999.0  -9999.0  -9999.0
-9999.0  -9999.0  -9999.0  -9999.0  -9999.0  -9999.0  -9999.0  -9999.0  -9999.0  0.891070568955  1.80630138075  3.58255005891  1.77734526229  0.86503265743  1.70147149029  7.19193258983  9.94039489449  0.561405758647  -9999.0  0.883941743442  -9999.0  -9999.0  -9999.0  -9999.0  1.08617899648  0.558328256489  -9999.0  -9999.0  -9999.0  -9999.0  -9999.0  -9999.0  -9999.0  -9999.0  -9999.0  -9999.0  -9999.0  -9999.0  -9999.0  -9999.0  -9999.0  -9999.0  -9999.0  -9999.0  -9999.0  -9999.0  -9999.0  -9999.0  -9999.0  -9999.0  -9999.0  -9999.0  -9999.0  -9999.0  -9999.0  -9999.0  -9999.0  -9999.0  -9999.0  -9999.0  -9999.0  -9999.0  -9999.0  -9999.0  -9999.0  -9999.0  -9999.0  -9999.0  -9999.0  -9999.0  -9999.0  -9999.0  -9999.0  -9999.0  -9999.0  -9999.0  -9999.0  -9999.0  -9999.0  -9999.0
-9999.0  -9999.0  -9999.0  -9999.0  -9999.0  -9999.0  -9999.0  -9999.0  0.996641759318  2.82817707032  3.68990941754  4.55981284081  6.21166395327  0.832230024747  3.3401099022  4.1539676712  15.3676938734  0.683379131969  0.756103522775  1.69856536815  2.4754173036  0.804945584076  -9999.0  2.75593321114  2.25426368497  0.600106532791  -9999.0  -9999.0  -9999.0  -9999.0  -9999.0  -9999.0  -9999.0  -9999.0  -9999.0  -9999.0  -9999.0  -9999.0  -9999.0  -9999.0  -9999.0  -9999.0  -9999.0  -9999.0  -9999.0  -9999.0  -9999.0  -9999.0  -9999.0  -9999.0  -9999.0  -9999.0  -9999.0  -9999.0  -9999.0  -9999.0  -9999.0  -9999.0  -9999.0  -9999.0  -9999.0  -9999.0  -9999.0  -9999.0  -9999.0  -9999.0  -9999.0  -9999.0  -9999.0  -9999.0  -9999.0  -9999.0  -9999.0  -9999.0  -9999.0  -9999.0  -9999.0  -9999.0  -9999.0  -9999.0
-9999.0  -9999.0  -9999.0  -9999.0  -9999.0  -9999.0  1.00167259162  0.924079102855  0.893338519397  0.905414397692  0.904927731647  6.38028032688  13.4719530947  14.3421292052  15.1291957503  0.78323471513  16.8824119566  17.6345977425  1.55536972911  0.802390328956  3.23850719401  5.59941904565  0.730926695409  4.90318938343  0.769558149948  0.725409438273  0.759277956646  -9999.0  -9999.0  -9999.0  -9999.0  -9999.0  -9999.0  -9999.0  -9999.0  -9999.0  -9999.0  -9999.0  -9999.0  -9999.0  -9999.0  -9999.0  -9999.0  -9999.0  -9999.0  -9999.0  -9999.0  -9999.0  -9999.0  -9999.0  -9999.0  -9999.0  -9999.0  -9999.0  -9999.0  -9999.0  -9999.0  -9999.0  -9999.0  -9999.0  -9999.0  -9999.0  -9999.0  -9999.0  -9999.0  -9999.0  -9999.0  -9999.0  -9999.0  -9999.0  -9999.0  -9999.0  -9999.0  -9999.0  -9999.0  -9999.0  -9999.0  -9999.0  -9999.0  -9999.0
-9999.0  -9999.0  -9999.0  -9999.0  -9999.0  -9999.0  2.00431548287  2.95917360312  6.67934974694  9.32876014774  0.832058783752  0.864014085691  0.836545785696  2.44617216197  18.3214332342  0.721789032196  18.3589838421  21.3215745067  2.28424182136  1.51709783138  6.31649540108  0.768986394263  5.66903091856  1.49291916555  0.740939389218  1.44467675691  1.54797730941  0.81874472327  0.836426426365  0.822915884321  0.838945918565  1.68284347691  -9999.0  -9999.0  -9999.0  -9999.0  -9999.0  -9999.0  -9999.0  -9999.0  -9999.0  -9999.0  -9999.0  -9999.0  -9999.0  -9999.0  -9999.0  -9999.0  -9999.0  -9999.0  -9999.0  -9999.0  -9999.0  -9999.0  -9999.0  -9999.0  -9999.0  -9999.0  -9999.0  -9999.0  -9999.0  -9999.0  -9999.0  -9999.0  -9999.0  -9999.0  -9999.0  -9999.0  -9999.0  -9999.0  -9999.0  -9999.0  -9999.0  -9999.0  -9999.0  -9999.0  -9999.0  -9999.0  -9999.0  -9999.0
-9999.0  -9999.0  -9999.0  -9999.0  -9999.0  1.07158320521  2.08286011847  1.00019706816  1.93469501393  10.2747921993  12.0168326129  13.7538823617  44.1494096108  0.809247555957  19.1081468124  69.5773819285  70.1982358126  92.6028239802  0.664248376265  2.23428924095  7.03862725922  0.716482405658  13.9355695445  7.52017640092  4.51907034701  3.76381801583  0.757440802538  2.44010311621  2.45062644722  1.63537026548  0.783193215626  2.48749479422  0.763423434127  0.755145462256  -9999.0  -9999.0  -9999.0  -9999.0  -9999.0  -9999.0  -9999.0  -9999.0  -9999.0  -9999.0  -9999.0  -9999.0  -9999.0  -9999.0  -9999.0  -9999.0  -9999.0  -9999.0  -9999.0  -9999.0  -9999.0  -9999.0  -9999.0  -9999.0  -9999.0  -9999.0  -9999.0  -9999.0  -9999.0  -9999.0  -9999.0  -9999.0  -9999.0  -9999.0  -9999.0  -9999.0  -9999.0  -9999.0  -9999.0  -9999.0  -9999.0  -9999.0  -9999.0  -9999.0  -9999.0  -9999.0
-9999.0  -9999.0  -9999.0  -9999.0  -9999.0  1.07624636347  3.14629761389  6.25278415026  7.20909270067  14.2652012995  15.1770871449  18.0064741155  29.5895288109  46.5928215438  48.2529397948  49.0175851072  1.44050788373  95.2021158505  96.5564851512  100.287504916  124.151036133  16.121981617  14.6960994763  5.27216486842  0.744217935607  4.61833339776  3.16353016234  0.704482636128  3.18553492418  0.730400448931  1.487527999  3.97257465638  4.71504813476  1.49051827963  0.71492423109  0.718521342176  -9999.0  -9999.0  -9999.0  -9999.0  0.507942280675  0.46057965722  -9999.0  -9999.0  -9999.0  -9999.0  -9999.0  -9999.0  -9999.0  -9999.0  -9999.0  -9999.0  -9999.0  -9999.0  -9999.0  -9999.0  -9999.0  -9999.0  -9999.0  -9999.0  -9999.0  -9999.0  -9999.0  -9999.0  -9999.0  -9999.0  -9999.0  -9999.0  -9999.0  -9999.0  -9999.0  -9999.0  -9999.0  -9999.0  -9999.0  -9999.0  -9999.0  -9999.0  -9999.0  -9999.0
-9999.0  -9999.0  -9999.0  -9999.0  -9999.0  1.05247734395  1.013523939  4.16002917527  5.12691649429  6.11994120549  0.957822370761  1.90161274148  10.8587221598  1.90964007789  0.91027600885  0.843715884347  0.746986627512  0.825272515013  0.789174105281  0.806781120326  124.886628945  127.031119175  0.708507230632  2.1827465242  1.48314478019  5.32866271232  1.41688741021  0.678806237225  3.92376619743  1.45090705611  3.52093249129  8.33311204559  7.64756131741  2.19998398919  2.11966686611  0.731100752268  0.719284929647  -9999.0  -9999.0  0.723683721886  1.09169536674  2.50809154765  0.478474369949  -9999.0  -9999.0  -9999.0  -9999.0  -9999.0  -9999.0  -9999.0  -9999.0  -9999.0  -9999.0  -9999.0  -9999.0  -9999.0  -9999.0  -9999.0  -9999.0  -9999.0  -9999.0  -9999.0  -9999.0  -9999.0  -9999.0  -9999.0  -9999.0  -9999.0  -9999.0  -9999.0  -9999.0  -9999.0  -9999.0  -9999.0  -9999.0  -9999.0  -9999.0  -9999.0  -9999.0  -9999.0
-9999.0  -9999.0  -9999.0  -9999.0  -9999.0  -9999.0  1.07894928533  1.07339666647  2.08609191853  3.10183201777  7.05063804459  8.99818993337  9.96888538455  0.99192258331  0.840110171293  10.8985055338  13.3836356564  14.1744604154  17.4410135648  18.2009666055  0.736802131828  127.77068319  131.376796715  2.8899087697  0.641513816763  6.00259651709  13.3037632046  5.25282687733  1.34759652441  0.683755907328  13.1933580052  9.01778829055  0.64767633134  0.650408743787  2.77056999731  2.13866980521  0.672685040841  0.633299938903  0.701167973961  1.41175185958  0.674177994894  3.04092373627  3.66777289911  0.564050928975  -9999.0  -9999.0  -9999.0  -9999.0  0.63597068844  0.602204092835  0.266500607867  -9999.0  -9999.0  -9999.0  -9999.0  -9999.0  -9999.0  -9999.0  -9999.0  -9999.0  -9999.0  -9999.0  -9999.0  -9999.0  -9999.0  -9999.0  -9999.0  -9999.0  -9999.0  -9999.0  -9999.0  -9999.0  -9999.0  -9999.0  -9999.0  -9999.0  -9999.0  -9999.0  -9999.0  -9999.0
-9999.0  -9999.0  -9999.0  -9999.0  -9999.0  -9999.0  -9999.0  1.06725292183  0.978168952865  2.00449060984  3.00368481757  0.982176717834  0.9075133538  5.6419813472  7.42319738901  9.23501783768  0.847040316441  1.7003983261  0.820349995516  18.9743159319  41.6872792065  42.20760766  174.888535992  0.710245650523  1.89374074867  0.608276334889  13.9436336721  0.659683593411  2.03944969935  0.670194776365  13.8418197188  14.4901973337  1.3008536755  1.30488996478  6.97396776578  3.50909339979  1.30389228249  0.673304311097  1.40126902193  2.10231540499  3.41152212113  0.618618532227  4.72497049432  5.16971652839  0.400272993001  0.448022844968  0.446147133455  0.397871763303  0.381873228153  1.71890261518  0.821954703133  0.554790653327  -9999.0  -9999.0  -9999.0  -9999.0  -9999.0  -9999.0  -9999.0  -9999.0  -9999.0  -9999.0  -9999.0  -9999.0  -9999.0  -9999.0  -9999.0  -9999.0  -9999.0  -9999.0  -9999.0  -9999.0  -9999.0  -9999.0  -9999.0  -9999.0  -9999.0  -9999.0  -9999.0  -9999.0
-9999.0  -9999.0  -9999.0  -9999.0  -9999.0  -9999.0  -9999.0  -9999.0  2.01435126183  2.96304439822  0.98263108068  1.98639800881  2.91643016193  4.78855208072  0.957286243268  0.929363021329  0.834739992591  0.845307710679  0.768999343321  21.1636090142  0.835515685779  1.64366705867  177.065428444  178.37294376  0.563726014061  3.03622540794  17.5710523996  1.29651931721  2.63163015375  1.2293500521  1.79373570042  16.9345834116  1.88073916452  10.083230783  8.21160095847  0.629447706044  3.29594048809  1.33987600569  2.04946901871  0.640578505767  3.99401299632  5.1056504301  5.4880912237  5.84787282425  6.67623729953  0.769836827542  0.797182247161  0.719500496238  0.681714315468  2.1113369901  0.456615849806  1.86090715081  2.32162295876  -9999.0  -9999.0  -9999.0  -9999.0  -9999.0  -9999.0  -9999.0  -9999.0  -9999.0  -9999.0  -9999.0  -9999.0  -9999.0  -9999.0  -9999.0  -9999.0  -9999.0  -9999.0  -9999.0  -9999.0  -9999.0  -9999.0  -9999.0  -9999.0  -9999.0  -9999.0  -9999.0
-9999.0  -9999.0  -9999.0  -9999.0  -9999.0  -9999.0  -9999.0  -9999.0  1.03855064301  5.01111852761  5.9751221648  0.966136926011  1.89134551809  0.924946467524  0.887291997622  0.873178041078  10.7260085869  14.2703871029  17.4739362683  20.5987557906  0.749602166018  0.820071860356  0.762371345947  181.772572931  183.137054562  183.657139011  23.3423532102  5.16247018191  4.53331938038  0.565410458079  2.34570453332  19.8405849542  0.559842885913  10.6467367195  0.625841890235  4.37294828978  3.97222647803  0.657820594839  2.69363920862  1.28159570228  1.90533750684  0.515591319077  0.355252783456  6.20246933411  6.52138851364  6.99418178267  1.14524229619  1.04872812939  1.00698011075  2.59347215562  3.51920619624  0.462227993126  2.79688369128  0.510056674112  0.981455631028  0.481142938483  -9999.0  -9999.0  -9999.0  -9999.0  -9999.0  -9999.0  -9999.0  -9999.0  -9999.0  -9999.0  -9999.0  -9999.0  -9999.0  -9999.0  -9999.0  -9999.0  -9999.0  -9999.0  -9999.0  -9999.0  -9999.0  -9999.0  -9999.0  -9999.0
-9999.0  -9999.0  -9999.0  -9999.0  -9999.0  -9999.0  -9999.0  -9999.0  -9999.0  1.04066777315  6.96306924405  7.9132874451  2.82087467233  4.66172309187  6.42745298241  7.30753050939  0.900982788973  2.71149873271  1.81328762589  0.914706959939  0.901789643189  0.83909339116  1.62048027538  2.75442497453  0.816115656329  208.412849667  208.997787707  0.513263019736  0.459871588039  1.14437237647  1.69446026274  21.4685602854  1.08585606008  11.1478086798  6.74706508003  5.57650263213  0.61806161686  1.26464536344  3.28334628718  0.587465168969  2.47318274931  1.05793088109  0.638338246248  0.327717461121  7.48472722493  14.7353780014  1.37710810062  1.28788718939  1.35436476509  0.371729244953  3.89285061463  0.363879043329  3.67163216421  0.458399990337  1.44429312146  2.20535686166  0.220449583243  0.228344850435  0.305873994137  0.345362193681  0.204800882666  -9999.0  -9999.0  0.152214096611  0.145089361241  -9999.0  -9999.0  -9999.0  -9999.0  -9999.0  -9999.0  -9999.0  -9999.0  -9999.0  -9999.0  -9999.0  -9999.0  -9999.0  -9999.0  -9999.0
-9999.0  -9999.0  -9999.0  -9999.0  -9999.0  -9999.0  -9999.0  -9999.0  -9999.0  -9999.0  0.939703915112  9.80422377121  0.926025541317  1.84054169285  2.69811988059  4.42256265001  0.886527876657  1.80613673275  0.904778243981  0.863602608323  0.820659814677  1.62557663772  0.733473750665  0.750007619737  1.42397025758  0.779915576925  209.584866025  210.631997624  212.205788928  2.20311252496  0.572800692924  1.14149987931  22.043889222  20.6283675665  7.9258960936  0.587430680484  2.48028447304  1.87046329168  3.87457363097  1.17617738113  4.66342109529  1.6141768793  1.1010287363  0.31593103118  0.356437864305  15.0956216938  15.3974427174  18.3163776934  2.53107219842  0.774122941192  4.29580901902  5.0547197484  9.1092515301  0.897379405019  0.434300846509  2.46980812138  2.90737450701  0.217376355516  0.421731565502  0.845201439888  0.403492754214  0.199304791884  0.200481945074  0.31362079874  0.298584951018  0.149365854323  -9999.0  -9999.0  -9999.0  -9999.0  -9999.0  -9999.0  -9999.0  -9999.0  -9999.0  -9999.0  -9999.0  -9999.0  -9999.0  -9999.0
-9999.0  -9999.0  -9999.0  -9999.0  -9999.0  -9999.0  -9999.0  -9999.0  -9999.0  -9999.0  -9999.0  0.571895952378  11.0581205299  0.881905581472  1.73094546159  7.85573561889  0.873216467336  0.867108730876  0.793433738349  1.69192120895  0.826078079804  3.26680721375  4.72644461643  5.40602865547  2.02662531381  2.49118598357  0.524069362263  0.69280377849  0.642714750855  215.650182383  217.303899658  22.5433393958  21.6230112569  21.1278754393  1.03466346344  0.50586589562  3.03096084994  8.01041392527  4.42995343662  1.72860240319  6.91182881962  2.72735303424  2.23004622532  0.668014127199  0.261643569866  0.228964079591  0.254227748045  19.5781777729  23.1803059778  0.385712817224  0.349587687629  0.386862173695  9.49890704259  10.7862847677  0.789184388602  0.341978494232  3.11242751269  0.405877790463  1.01913506916  2.06827941545  2.66005813691  3.03771361965  0.845875326346  0.481928346762  0.470504596653  0.309580947532  0.161342256513  -9999.0  -9999.0  -9999.0  -9999.0  -9999.0  -9999.0  -9999.0  -9999.0  -9999.0  -9999.0  -9999.0  -9999.0  -9999.0
-9999.0  -9999.0  -9999.0  -9999.0  -9999.0  -9999.0  -9999.0  -9999.0  -9999.0  -9999.0  -9999.0  0.540965511135  12.3404400768  15.0618530952  0.856380171392  9.56105426772  0.816288469574  0.797800257659  1.60929889513  4.1275325827  0.811695884443  0.840799809963  0.715153726218  6.8296603404  7.49241499579  10.6804876015  11.8009425107  12.4226649451  12.9255490857  13.66991865  231.51688686  255.040189157  277.50309976  277.829102541  0.394969577059  0.508179991705  9.11380502116  8.56638958111  0.546427232152  0.544401686317  7.44480324033  10.6897632921  0.463529300196  5.37900752701  4.92368308042  1.35298056294  0.583121178951  0.965350382997  0.374868077607  23.7875893188  0.309178505143  1.04219698875  1.28743346166  13.0965277102  14.2446087808  14.9450111512  18.383124265  0.305755270637  0.246842995228  0.210786343392  0.191475007434  3.43280968056  4.45165048892  0.184129287255  1.13005924784  0.479811659732  0.30053125389  0.116192519369  0.109878685915  -9999.0  -9999.0  -9999.0  -9999.0  -9999.0  -9999.0  -9999.0  -9999.0  -9999.0  -9999.0  -9999.0
-9999.0  -9999.0  -9999.0  -9999.0  -9999.0  -9999.0  -9999.0  -9999.0  -9999.0  -9999.0  -9999.0  0.975422615382  1.86739000672  15.9392100936  17.5651796522  0.810408907313  10.9828964926  0.711824937316  2.21204516955  4.85956124759  1.56336941258  0.749230061901  1.51426148293  0.640639890834  1.23735496247  0.62008684218  0.592493626335  0.559754384508  0.527661004366  0.502044926122  0.457342282364  0.532288374149  0.561113708865  0.573500460847  279.199323916  10.4747106341  9.70201664435  0.283455067763  1.56607572587  0.47836600903  0.447108401394  11.1738169155  18.0203894897  5.89372319045  4.29660992966  0.830666887287  0.327672898781  0.298129654273  0.605396353554  24.7015787972  25.2695187202  0.297423889666  0.31755132266  0.351628911698  0.364502589006  0.73430356637  19.4345622413  20.0421004068  20.5774406069  0.495068990425  0.298725944753  0.237690333724  4.65398178809  5.00016608331  1.27695258439  0.14858925352  0.431738387822  0.219015515666  0.209227109041  -9999.0  -9999.0  -9999.0  -9999.0  -9999.0  -9999.0  -9999.0  -9999.0  -9999.0  -9999.0  -9999.0
-9999.0  -9999.0  -9999.0  -9999.0  -9999.0  -9999.0  -9999.0  -9999.0  -9999.0  -9999.0  -9999.0  -9999.0  0.869480863732  11.3410599386  29.7588414686  32.2988090115  44.0050730494  44.5991853297  10.7130956542  7.93679229511  2.32609081415  0.741193383352  2.95751746972  3.63614450734  5.50143076887  1.26230507942  1.19983240492  1.17483593415  2.2954794066  1.08777088578  1.02245982413  0.544353281217  0.459923416207  0.41688437173  279.668244028  290.599034081  290.934500793  0.272294774389  4.09507658698  1.95736474762  0.523240732153  19.5802821198  1.08509128232  0.557539742535  2.42456751925  0.543259893722  0.399832201597  0.722915602397  0.990698641772  1.28126153727  25.744966766  0.225163216926  0.202276117749  0.207456882603  0.18240185227  0.31240288032  0.767209906816  1.00656874513  22.0772498383  23.9606801468  1.14108104558  0.548929517212  0.319577559816  0.22291125685  6.70095984485  9.11997987407  2.10927328745  1.08502711792  0.679718379891  -9999.0  -9999.0  -9999.0  -9999.0  -9999.0  -9999.0  -9999.0  -9999.0  -9999.0  -9999.0  -9999.0
-9999.0  -9999.0  -9999.0  -9999.0  -9999.0  -9999.0  -9999.0  -9999.0  -9999.0  -9999.0  -9999.0  0.920091638412  8.64524556939  10.4677676694  1.72878163145  0.611526851784  1.33854658832  46.6856941265  47.2753163759  58.5652129321  0.659572338925  1.39531658662  0.61470320807  0.624321762713  6.10831452446  7.97647269126  9.74771282066  0.567388883276  2.85913734536  4.50082554107  2.61859562469  1.07364662995  0.942720782326  0.867172432468  0.768357386876  0.326176536585  291.195694166  291.39716398  295.92007279  0.879990663311  0.466724544877  19.9328124157  1.2029923467  0.611573988918  0.658844885642  0.652702522456  0.581565682661  1.02260324042  2.85053604298  4.45220015605  30.4356599552  0.171970672492  0.525239078003  0.363741432688  0.328233135958  0.156702526653  0.202877633783  0.246759133923  0.256617043708  24.4392974313  0.132834438485  0.556362976653  0.261788026727  0.172158832365  0.144446982614  9.28085446863  0.41402371554  0.190143902331  0.296764716655  0.132098534521  -9999.0  -9999.0  -9999.0  -9999.0  -9999.0  -9999.0  -9999.0  -9999.0  -9999.0  -9999.0
-9999.0  -9999.0  -9999.0  -9999.0  -9999.0  -9999.0  -9999.0  -9999.0  -9999.0  -9999.0  -9999.0  0.938679432525  5.94813108613  0.92885398174  0.853297097719  4.37882918969  5.14110679778  5.90614575819  6.62079512946  79.0462463475  79.7083067708  81.0180151824  90.748818113  92.6415068362  93.7412579816  94.359496681  105.623248734  107.262693518  107.84331615  112.9547578  116.152787954  116.686277438  118.663532262  1.36497187073  1.22470907622  0.29523221888  0.210873942421  291.638079539  297.292786208  1.1862995822  22.9564425495  22.5441513334  2.27267898713  0.550535342586  0.56677196752  0.551241217485  0.533579066531  1.06968130337  1.50976950507  0.393347220188  30.6579297113  30.8944555915  31.9882549944  32.1847838752  32.7006497664  33.0325080946  0.14245642533  0.174545705384  0.164478097121  24.6223787508  24.9089129417  25.6285478166  26.3690543643  0.317841551112  9.95374854034  9.65947528837  0.192392266435  4.52216275425  4.38929532968  0.374838748396  0.231325082373  -9999.0  -9999.0  -9999.0  -9999.0  -9999.0  -9999.0  -9999.0  -9999.0  -9999.0
-9999.0  -9999.0  -9999.0  -9999.0  -9999.0  -9999.0  -9999.0  -9999.0  -9999.0  -9999.0  -9999.0  3.05591548473  4.04247959325  1.88832146515  2.77584503116  0.877156896445  10.0467576134  10.8498308239  12.4171997091  13.1441458119  5.27776082253  87.414455851  88.108384955  0.628903615245  0.48046906071  0.463180944126  0.992613609094  0.528554937624  0.46621395436  0.455073423763  0.460504688059  117.222875391  119.186288193  121.015439521  122.648100394  123.556706709  0.376930722148  0.122252207047  321.075057781  23.6009029062  23.3851004033  0.479176529893  0.447387182807  0.416132669211  1.00955975847  0.990997672597  0.467557454489  0.46929991722  0.433645986831  0.822024302769  1.05490490762  0.160746982154  0.297869252642  0.128674022161  0.119972719895  33.1589374747  33.454840456  33.8098671896  34.1729133908  34.363455313  34.6837030126  34.8195109175  0.131647010118  26.7544818231  0.215930569265  14.9209035652  4.78181274579  0.289093728536  3.88601328842  3.34255367232  0.268139794095  -9999.0  -9999.0  -9999.0  -9999.0  -9999.0  -9999.0  -9999.0  -9999.0  -9999.0
-9999.0  -9999.0  -9999.0  -9999.0  -9999.0  -9999.0  -9999.0  -9999.0  -9999.0  -9999.0  -9999.0  -9999.0  2.07289637005  0.970347859853  0.898824801121  8.44051128295  9.26867120532  0.826500213041  3.19703773567  3.9437551631  4.63251929991  0.750864448398  0.583622763104  13.2623657991  13.7377556501  14.207071955  36.3917361324  36.8056419032  37.6383543781  40.9517289285  43.2544419346  43.6497403846  0.414164552482  0.424444588707  0.388184670821  123.888157455  0.150305391466  324.90898472  324.667883238  3.40676738902  3.13218731449  1.85883283039  0.473245975285  0.817196279605  1.42538779873  1.41078996507  0.914685568955  0.455462511177  0.880940028955  0.87374961988  1.44014799544  0.335858555972  0.615959572594  0.957596578728  1.21269376768  1.35840042007  0.139717104579  0.140673647095  0.139908179978  0.141878210916  0.163028212229  35.0145280277  35.3243649452  62.2964001238  62.4521539304  16.2611847358  1.10297965943  0.712517580949  0.27700634783  2.86323842341  2.64615127353  -9999.0  -9999.0  -9999.0  -9999.0  -9999.0  -9999.0  -9999.0  -9999.0  -9999.0
-9999.0  -9999.0  -9999.0  -9999.0  -9999.0  -9999.0  -9999.0  -9999.0  -9999.0  -9999.0  -9999.0  -9999.0  1.06657909139  2.99714771496  3.9145934161  6.67811294198  0.820364063589  1.66863222363  2.46717750422  9.56346239903  10.2683646171  10.9086500348  11.5409893482  12.1836517976  18.7931292171  20.6934245693  21.7783084236  0.499130173175  2.50486786608  2.97398462422  42.0486502282  44.0537618912  44.9514312143  45.8592961859  46.5686452337  170.63215963  0.144274329678  325.718049391  0.491811180925  0.253006246494  2.67379745786  2.28128461512  0.392214235301  1.22083301614  1.80939412341  1.77305286652  1.2595810844  2.0698236431  3.27217259341  1.23585169442  3.00775183949  0.31310039836  0.547399466644  0.0902032551215  0.0705283296684  1.58576849512  1.65755420706  0.230981092318  0.246257077364  0.378353011663  0.128420456325  0.127015080987  0.169979877116  91.2428987577  91.1096828114  28.298281232  0.360414222028  1.74587389279  1.37308048131  0.890653911314  2.46241768693  1.76855740965  -9999.0  -9999.0  -9999.0  -9999.0  -9999.0  -9999.0  -9999.0  -9999.0
-9999.0  -9999.0  -9999.0  -9999.0  -9999.0  -9999.0  -9999.0  -9999.0  -9999.0  -9999.0  -9999.0  -9999.0  1.01094527761  2.0034647819  0.931373905092  1.85983686439  0.840234031578  6.34348415258  7.96534024139  8.7925425386  0.744622750884  1.46311883033  14.0979562029  17.5952257527  18.2504806109  1.31719299253  1.14020521623  1.68168716461  0.41674694679  0.383096110087  0.713572529967  0.299884148117  21.4527618083  21.8141073912  21.9930664144  171.005589879  327.745149929  325.949446125  0.389288516052  0.195713627862  0.175166027279  0.833813595722  0.667917829023  1.6021601555  2.19492750213  4.3738079056  0.40337729258  0.400865583677  3.63534906978  4.01316338951  7.67089147325  7.8530411827  8.49231123317  8.65928325865  0.144667484936  0.224056017371  1.71826025094  95.9377008825  93.9363232541  93.4847163224  92.8844378552  0.0955887916697  92.2016309561  0.253486247217  0.202453679113  11.4510691969  2.82509405025  2.62481068404  0.487392938278  0.519668041237  0.433248750531  1.51352638988  -9999.0  -9999.0  -9999.0  -9999.0  -9999.0  -9999.0  -9999.0  -9999.0
-9999.0  -9999.0  -9999.0  -9999.0  -9999.0  -9999.0  -9999.0  -9999.0  -9999.0  -9999.0  -9999.0  -9999.0  -9999.0  0.968564211239  1.92660390898  2.88582305359  4.62224499869  0.888026160348  0.837142088133  5.54361284841  6.30426675225  12.6926468453  13.4649610531  2.20669868693  0.694238563187  0.637301185323  0.56873870967  19.263654997  19.693020697  20.12761759  20.4819814115  21.1198375688  3.7288253063  3.94909141309  26.0979815218  525.074781266  1.46217897824  1.08650370086  0.587313553786  0.164208000275  0.146413030625  1.16833006342  1.27577762773  1.8901735998  0.150466377766  4.58523263388  0.699691163918  0.69013924729  0.142595630648  0.0869201113881  0.0737633094516  0.0638486160422  0.0768135629821  8.78280916361  114.472663558  105.250779965  104.977874192  96.0148784562  0.112106934655  0.0879876311976  0.149441888748  92.3568196088  0.331972364845  0.148435038092  0.153457116895  0.151423073917  8.21846175064  7.88189883389  0.919141179928  0.470338514433  0.570445279357  0.56749497082  -9999.0  -9999.0  -9999.0  -9999.0  -9999.0  -9999.0  -9999.0  -9999.0
-9999.0  -9999.0  -9999.0  -9999.0  -9999.0  -9999.0  -9999.0  -9999.0  -9999.0  -9999.0  -9999.0  -9999.0  -9999.0  -9999.0  0.928330088533  1.68851060604  2.37241508617  3.04852708321  3.88012084997  4.73315082028  2.48484846749  4.13634698283  0.76058899224  0.7251678911  16.0965314016  17.4893278262  18.1168385025  18.7731677148  0.491187499438  0.902014678102  2.44533580763  2.94549125713  3.37287944371  0.278497583757  0.161370961871  525.897104434  0.347813632542  0.309283375614  0.149040384267  0.732648234263  0.358642204053  0.138008184034  3.29684356809  3.392901135  0.0771554408328  4.66832584982  5.44871629322  0.799134774436  118.817599348  118.599198898  118.424894436  118.090675719  117.967918337  115.457868752  115.332663571  0.218510293984  8.91063878994  8.49961723486  8.08673654346  7.97963238186  4.40241868696  4.29078919656  4.04133341191  1.08524795854  0.963724011309  0.656277602589  0.171587923184  7.57679187516  6.81777121452  0.43608195492  0.836457284175  0.36125796155  -9999.0  -9999.0  -9999.0  -9999.0  -9999.0  -9999.0  -9999.0  -9999.0
-9999.0  -9999.0  -9999.0  -9999.0  -9999.0  -9999.0  -9999.0  -9999.0  -9999.0  -9999.0  -9999.0  -9999.0  -9999.0  -9999.0  0.205403578855  0.459758922388  0.689258533649  6.76811921655  7.61417041985  0.854837571286  0.850722190763  0.837529627935  13.1044274028  14.6885431112  0.75201250998  0.759184998739  0.616031914861  2.5717380471  3.19250000112  1.52556075575  2.04182222157  15.1416545159  15.6230547784  16.2798984422  25.7009911888  551.84707511  0.317708399994  0.123668893374  1.14948774815  0.952704418724  0.127770897995  0.394355363028  0.503745592892  3.50734601318  3.59522814212  9.30460247209  5.55475658862  0.98781500135  121.076258847  0.755053909233  118.268656472  118.18426484  2.3818647479  0.183666177649  0.703500438796  0.370904954991  0.202278221619  0.330432028422  0.166647009365  3.47848982483  2.97381944629  0.17056961294  2.86159614239  0.360575722427  0.207391446744  0.497195429332  0.252154313501  0.600012175376  5.47004343302  4.65418761562  0.346895194189  0.525664361516  0.270541187911  -9999.0  -9999.0  -9999.0  -9999.0  -9999.0  -9999.0  -9999.0
-9999.0  -9999.0  -9999.0  -9999.0  -9999.0  -9999.0  -9999.0  -9999.0  -9999.0  -9999.0  -9999.0  -9999.0  -9999.0  -9999.0  1.00899636153  1.67529012708  3.42707896354  6.00943353226  8.26660072109  9.86628396407  10.7019761763  11.5536856479  12.3652086049  0.779187551753  0.698121263091  1.37695634797  1.27519027181  0.673346879643  13.0760669125  13.6833231976  14.2377552309  14.7805109073  8.48172643972  8.86998532112  9.23456453762  552.059147583  0.575075195799  0.280027907122  1.6121113932  0.224455413539  0.22006157276  0.114369447709  0.101428336654  0.601088445757  0.0710011530196  0.0754462629313  130.801767613  121.43877761  121.361163439  0.308184905464  0.673291637631  0.441158641574  0.10178251462  2.1130157478  0.592719022254  0.489389123416  0.376293640841  0.265960728522  0.153600278059  0.371769844355  2.82445180529  2.40567985281  2.00633281355  2.33856964281  2.19815090227  2.07570256092  0.160019874655  0.326241433714  0.402506290133  3.47070882458  2.67699249532  1.52480076724  0.213115964987  -9999.0  -9999.0  -9999.0  -9999.0  -9999.0  -9999.0  -9999.0
-9999.0  -9999.0  -9999.0  -9999.0  -9999.0  -9999.0  -9999.0  -9999.0  -9999.0  -9999.0  -9999.0  -9999.0  -9999.0  -9999.0  0.693293383541  0.665728062178  1.30988096041  1.96327733964  0.836605334569  0.943417692379  1.81748162022  2.67920289392  4.33564503788  5.14581756855  5.85858336322  7.97037131537  8.59916142704  9.29826583463  0.614021434229  6.45431525487  6.99979184933  7.5406834019  0.474240673565  0.400738827447  0.693125702114  562.497137982  562.698518164  563.60510422  2.29806903873  0.485897909406  0.369324675873  0.0924268315768  0.178612555006  0.680963159461  0.817762506547  0.137081798305  131.139777212  0.101643318234  0.164599301707  0.185140412027  0.131128380968  0.263816718626  0.109213212784  1.41527288517  1.15075616733  0.873431554532  0.461305068999  0.325421415982  0.183891788228  0.213457950493  0.251054387778  0.254045934525  1.84498910421  1.41891229548  1.00490052006  0.563241820147  1.93951553731  1.45004816096  0.328345649462  0.418684316332  0.410771052653  0.740934977645  0.383507317645  -9999.0  -9999.0  -9999.0  -9999.0  -9999.0  -9999.0  -9999.0
-9999.0  -9999.0  -9999.0  -9999.0  -9999.0  -9999.0  -9999.0  -9999.0  -9999.0  -9999.0  -9999.0  -9999.0  -9999.0  -9999.0  -9999.0  0.644986227244  1.26773623048  0.59651210388  1.22544424357  7.69136946168  8.44053194463  9.28103339669  0.821208215624  0.819006108641  1.53159539947  2.2518584994  3.52073867515  4.17060474593  4.64509948056  5.23912789718  0.511681930506  0.49793027905  8.67517349245  9.04597492715  9.29816678993  9.52746582527  8.11746812625  572.688987241  576.287283962  576.515972578  577.090957404  577.825887896  578.07801144  0.0643140715493  0.880499353618  131.201901042  0.131805657209  0.0676408041363  0.0781634125781  0.0802799733522  0.141704180091  0.146940716096  0.087364961604  0.138400182754  0.141012948627  0.29557569493  0.14323934072  0.109698393471  0.430028351921  0.309575723788  0.170480392481  0.167071959764  0.194755020964  0.207360581425  0.239900147299  0.329787879302  0.3861637222  0.710028519318  0.231168378818  0.638063322556  0.249692839823  0.263906607639  -9999.0  -9999.0  -9999.0  -9999.0  -9999.0  -9999.0  -9999.0  -9999.0
-9999.0  -9999.0  -9999.0  -9999.0  -9999.0  -9999.0  -9999.0  -9999.0  -9999.0  -9999.0  -9999.0  -9999.0  -9999.0  -9999.0  -9999.0  -9999.0  1.88581433977  2.51764929267  4.40257247596  5.80653702815  0.747150349433  10.9439733663  11.7477193709  12.5220431417  0.74507687478  1.46766977213  0.637897658955  4.90599556198  5.3551768013  5.94186575332  6.48079667908  7.95991224074  8.25794674532  0.198359966793  7.24973571548  7.70164045307  7.90524506093  8.87400284516  1.09398133537  0.646558558698  0.371288030031  0.370666009392  578.377498491  578.476794728  579.985490408  131.257127227  0.390695522843  0.213257693569  0.140042219467  0.0487975902175  0.452330244028  0.246031134632  0.0794424241676  0.464766614155  0.398577573113  0.0724705970675  0.853239460787  0.771067142083  0.560321940259  0.118289524139  0.370896221991  0.272624732532  0.117358025047  0.351486508305  0.233436591125  0.340912844153  0.333788072916  0.193964111007  0.421937000443  2.75174416423  1.48434905527  0.947082022821  0.382146413109  -9999.0  -9999.0  -9999.0  -9999.0  -9999.0  -9999.0  -9999.0
-9999.0  -9999.0  -9999.0  -9999.0  -9999.0  -9999.0  -9999.0  -9999.0  -9999.0  -9999.0  -9999.0  -9999.0  -9999.0  -9999.0  -9999.0  -9999.0  0.645515091088  3.15167680986  3.80677738016  0.772963725298  0.8753773406  1.77094381566  2.60230713262  15.9109190172  0.742325595049  2.97880025024  3.6393297288  4.29304516533  0.465119377438  1.02575913066  1.44836994451  5.71342654648  6.42340670417  6.61467138917  0.217132601552  0.235226089469  0.298243976866  0.548405332464  0.246976458423  0.26572549218  0.311963272066  0.344660135688  0.310447777273  0.559735557445  580.094734419  711.604717558  0.479429261637  0.166025523004  0.0471484686316  1.48751877045  1.37949820931  0.848199113993  0.768304312197  0.582057906265  0.14334786841  0.105093646568  0.935260411403  0.420336162292  0.331709383429  0.103061117398  0.467237843144  0.912956472841  0.793014508969  0.504973233026  0.23122583287  0.920750422855  0.677818269145  0.355147529517  3.37162493731  3.23304226706  0.268618743363  0.246833450028  0.230803761348  0.212384918757  -9999.0  -9999.0  -9999.0  -9999.0  -9999.0  -9999.0
-9999.0  -9999.0  -9999.0  -9999.0  -9999.0  -9999.0  -9999.0  -9999.0  -9999.0  -9999.0  -9999.0  -9999.0  -9999.0  -9999.0  -9999.0  0.5782893346  1.81473517376  0.591589892023  0.822575149983  0.879090694386  1.76787991924  2.6390375568  3.36995588606  19.8693442614  20.5891935911  0.739186095368  1.40599847003  2.0784102684  2.63184591169  3.19969629696  5.11515978961  5.47142271555  0.456439443768  0.35819614293  0.33863283508  0.287153846857  0.335315134287  0.370532985053  0.341602627694  0.511563389326  1.01923603426  0.486452583754  0.0988728586782  0.0957479086592  0.0861206178015  0.160449408673  716.399392965  4.08921986843  1.77184850505  0.159526660216  0.0766143010686  0.0512157665815  0.194827174503  0.136564287657  0.0729140909865  0.0720795445123  1.09730933315  1.62037806344  1.78152520151  0.0747854788726  1.58802799065  1.04224238849  0.127076656361  0.106855911099  0.207227596832  1.86174124805  0.821014753492  0.46831747613  3.49802537197  0.134898565467  0.163547141052  0.888588020689  0.456425289867  0.773795089565  0.336033126658  -9999.0  -9999.0  -9999.0  -9999.0  -9999.0
-9999.0  -9999.0  -9999.0  -9999.0  -9999.0  -9999.0  -9999.0  -9999.0  -9999.0  -9999.0  -9999.0  -9999.0  -9999.0  -9999.0  0.613990959257  1.17431268494  4.14340911502  0.563786829958  1.50125223173  2.35875145946  3.21551766162  0.877879840827  1.67681432787  2.34517240054  23.481161633  0.702693127195  1.33285227168  1.96542054557  0.581643940697  1.15853548783  1.6089468133  1.96342665161  44.2018611498  44.818787701  45.3659424478  47.292657403  48.3121243989  49.9496868796  0.430054978512  1.09573643903  1.20956613076  54.3549828039  54.5368661694  0.0873447777276  0.149090905008  0.208019200995  716.510330415  3.71878011101  1.73447268338  1.63782499917  1.35912847557  1.21006585244  0.256227283121  0.0598602762422  0.122345953417  0.0643738278219  0.0686919359972  0.167471008332  1.89254788387  3.67191474918  1.70016726075  0.349177991694  0.242186468578  0.118559897636  2.48062845287  2.15952360301  0.164065713835  4.25408243522  3.63526360134  0.259270631379  1.64805787589  1.05814288594  1.18436571949  1.00530384418  0.224776976294  -9999.0  -9999.0  -9999.0  -9999.0  -9999.0
-9999.0  -9999.0  -9999.0  -9999.0  -9999.0  -9999.0  -9999.0  -9999.0  -9999.0  -9999.0  -9999.0  -9999.0  -9999.0  -9999.0  0.625079029784  1.88468805027  6.64516954912  9.85032709993  0.521565180816  12.8779273281  16.6886685875  0.852484246186  1.64976328428  2.35793605204  30.2223882334  30.7709588166  0.521156985506  3.03497560026  3.54976631479  4.04959647652  40.1367431375  41.3232945346  41.8807025606  0.255570708582  1.4342517481  1.6912099858  0.650046807248  0.908747950467  51.239046134  52.7040089865  52.8852890497  53.0531286262  54.7134504049  0.0856681759143  0.0728830922858  0.338694320944  716.604518687  0.111798405373  0.0668929000479  0.19937072155  0.0771314057358  1.08949551794  0.877197415323  0.527124572667  0.379442477717  0.159364961932  0.0726853724266  0.250079487425  0.079562276578  3.76206903817  0.522087049051  0.431486551874  0.0786323522274  0.199597288592  2.58047391805  0.0879803123274  0.180848158434  4.43687063047  0.102913937992  1.89072024331  1.78958334881  1.63531359695  1.50963943994  0.15660530479  0.6072896092  0.194324845515  -9999.0  -9999.0  -9999.0  -9999.0
-9999.0  -9999.0  -9999.0  -9999.0  -9999.0  -9999.0  -9999.0  -9999.0  -9999.0  -9999.0  -9999.0  -9999.0  -9999.0  -9999.0  -9999.0  -9999.0  1.31333128807  2.63571146652  11.6750643023  12.319805279  17.2599556769  17.8611878082  0.843890679046  1.68633697113  3.88210788846  31.25987752  32.3295301833  32.7482747253  0.336082244074  34.3660946503  35.622699101  0.741339766124  0.259585111975  0.508681671294  0.976769622303  0.226346148693  0.43529092328  0.935227123208  1.13921809216  0.213189165682  0.136466254508  0.262688092965  55.8888888141  56.3088965932  56.3712964791  56.9020865747  716.6873076  0.0831961366132  0.0475373794063  0.0561735435076  0.0557998234723  0.057255942118  0.0506733438534  0.0948020480231  0.0532748175997  0.132239331723  0.0767586307258  0.0832603405016  0.432661087053  4.49501394407  5.16782164816  5.27376450351  5.64348496012  0.0850955844386  2.6689907772  0.541578679002  0.364152146419  4.53652051572  4.74059073045  1.9855536397  2.11166883048  1.82372268075  1.12024806372  0.972697303473  0.814411052154  -9999.0  -9999.0  -9999.0  -9999.0  -9999.0
-9999.0  -9999.0  -9999.0  -9999.0  -9999.0  -9999.0  -9999.0  -9999.0  -9999.0  -9999.0  -9999.0  -9999.0  -9999.0  -9999.0  -9999.0  -9999.0  0.685546641449  0.670220378226  0.655271468813  1.26749101182  0.566899536576  18.9922734957  19.5508281852  0.750705683459  1.51825751341  0.688368759561  0.532377418578  0.511778299749  33.6859628857  0.433926951325  0.874721268512  0.387236155998  0.281718636121  0.242784449855  0.180051253766  0.18793774828  0.564198935298  0.773557683754  0.14403376218  0.127843848718  0.273899024594  0.457526816771  0.701435432447  0.244238488774  56.4929386022  56.9680543177  716.751580149  0.334192592802  0.162741589193  0.0348250835078  0.0846674024152  0.0294841197229  0.0233546987177  0.120203243938  0.269884466956  0.170460051102  0.0371398513179  0.0387451412187  0.196040033785  0.143057975117  0.0835168539149  0.0921135817316  0.0998312611415  9.32097758889  3.29324141168  0.0792139407483  0.140587409025  0.0671072173931  11.0450606777  6.22511374083  6.13621145427  1.98627593493  1.39607996648  0.122486673935  -9999.0  -9999.0  -9999.0  -9999.0  -9999.0  -9999.0
-9999.0  -9999.0  -9999.0  -9999.0  -9999.0  -9999.0  -9999.0  -9999.0  -9999.0  -9999.0  -9999.0  -9999.0  -9999.0  -9999.0  -9999.0  -9999.0  -9999.0  -9999.0  0.664101849731  1.87241034384  2.40835938987  2.9624424503  20.0920257876  20.6399794288  21.1766444495  21.7627377782  22.2577631828  23.2930496361  23.6959887754  24.1072283437  24.4243103946  0.254230543685  0.231161548951  0.240163037816  0.807114506395  0.211262021335  0.19445518463  0.150766897507  0.430921901359  0.171975649432  0.128237139875  0.118308003745  0.106150842981  0.211797976101  0.295804565898  57.5507049968  774.703551251  0.0831381487812  0.148762028717  0.02953965967  0.116000352302  0.0638292617545  0.0469989708778  0.605708378349  0.45030691452  0.127751954825  0.0787722797964  0.276239023607  0.0450654260261  0.176374339273  0.130820660621  0.255396278229  0.0904718082779  0.113466229112  9.41618745018  9.71839471692  14.0362369058  13.9634020297  13.8682560048  0.110240502135  1.8953924229  1.76639725766  0.15506695959  -9999.0  -9999.0  -9999.0  -9999.0  -9999.0  -9999.0  -9999.0
-9999.0  -9999.0  -9999.0  -9999.0  -9999.0  -9999.0  -9999.0  -9999.0  -9999.0  -9999.0  -9999.0  -9999.0  -9999.0  -9999.0  -9999.0  -9999.0  -9999.0  -9999.0  -9999.0  0.56198755627  4.45099871093  8.62816280755  9.20312501932  0.745469436955  1.50534540985  2.28953303644  2.89356722284  7.07623519896  7.37121166781  0.28138102946  0.269910110876  24.945178905  25.3966703335  25.6075888486  0.956445780683  0.130191790428  0.319988983731  0.469680993216  1.39846331692  1.72036253145  1.9657199644  0.223473424048  0.308971785669  0.103198414051  0.202433299395  0.103540956656  774.893824849  0.0663224781017  0.280504983169  0.0897311056624  0.245373147746  0.617932425176  0.700618162983  1.34527942631  0.596705905751  0.548137790875  0.41173466446  0.381561259566  0.0732416872187  0.204357274135  0.31761344295  0.291962866775  0.0419550896842  24.4820582831  24.3369029376  24.2617476054  14.327330627  0.15430666414  2.55972253898  1.86878701483  1.26657387304  0.806222061461  0.138457978395  -9999.0  -9999.0  -9999.0  -9999.0  -9999.0  -9999.0  -9999.0
-9999.0  -9999.0  -9999.0  -9999.0  -9999.0  -9999.0  -9999.0  -9999.0  -9999.0  -9999.0  -9999.0  -9999.0  -9999.0  -9999.0  -9999.0  -9999.0  -9999.0  -9999.0  0.623170448471  1.98593088156  3.89602097554  5.096202007  12.8866917483  13.543893641  1.63648005149  2.42435274561  3.06850159147  3.67971608704  7.73800074885  8.33701605457  15.2386964064  15.8759943796  16.1412836603  25.8084717523  27.2380928325  0.317123711903  0.208312750721  0.196032440126  0.366442341133  0.16432800688  2.28496777754  2.40180235364  0.405521799057  0.602939274172  0.144257052471  178.083357668  178.299009513  953.30644742  953.694063398  0.0759951095337  0.413598204092  0.100944012755  0.0745632003834  1.48410790176  2.12964349522  0.505564892661  0.451922524275  0.0686684593981  0.0369208710862  0.239884133129  25.0592081663  24.7128077214  24.6740242188  24.5693648107  0.102060686306  0.119769000363  0.147101277717  0.164844332095  0.545454894777  0.371320350752  0.350570524351  0.529447587467  0.166978764087  -9999.0  -9999.0  -9999.0  -9999.0  -9999.0  -9999.0  -9999.0
-9999.0  -9999.0  -9999.0  -9999.0  -9999.0  -9999.0  -9999.0  -9999.0  -9999.0  -9999.0  -9999.0  -9999.0  -9999.0  -9999.0  -9999.0  -9999.0  -9999.0  -9999.0  -9999.0  0.710826726602  0.692752497982  1.31080364061  3.12359209067  14.1260163675  0.843264529839  0.833523688862  1.4716766691  2.13043892408  5.31464220723  5.82954193604  0.45092212371  0.407609390104  16.4621931767  16.674475177  44.1619627973  44.3879423307  0.109450134157  0.0962501007066  0.0766396909732  0.0774064896517  0.0849597772781  175.435849396  176.202230504  177.03254511  177.39547627  177.908596283  0.11978159261  0.440207923695  0.515646760517  954.392959758  954.452417322  954.624459736  954.836172709  955.020761631  2.25282943319  0.0308862859415  0.133513541156  0.10623006796  0.0277143652097  0.267457356075  25.1917256374  0.0972392134728  0.0589726878143  0.543647537938  0.488612451694  0.403448220372  0.318119036774  0.181177861968  0.215989406732  0.20473769509  0.182762541402  0.193704532696  -9999.0  -9999.0  -9999.0  -9999.0  -9999.0  -9999.0  -9999.0  -9999.0
-9999.0  -9999.0  -9999.0  -9999.0  -9999.0  -9999.0  -9999.0  -9999.0  -9999.0  -9999.0  -9999.0  -9999.0  -9999.0  -9999.0  -9999.0  -9999.0  -9999.0  -9999.0  -9999.0  -9999.0  0.63644972895  0.665506601869  1.24084212098  16.5684272239  17.1583988584  0.819492529177  1.45300809147  2.12398814102  2.70559943334  0.532560055806  0.95787962134  39.354425104  39.6051624686  39.9599868909  42.2029649032  86.8969264101  170.844639516  171.117816634  171.353188265  171.579445877  172.587750069  172.917046915  0.615245355628  0.274170796842  0.163244766188  0.305146034527  0.220717420407  0.350013334343  0.105662922845  2.62445356938  2.84098261748  3.04182057485  3.0747801165  955.087283911  957.490772678  957.749599708  0.171569632946  0.0269156454274  0.348954905257  0.298822115912  25.2621843019  0.0361101317981  1.05938646865  0.450060183624  0.383640506911  0.277731433129  0.152113488326  0.292442268031  0.152970484374  -9999.0  -9999.0  -9999.0  -9999.0  -9999.0  -9999.0  -9999.0  -9999.0  -9999.0  -9999.0  -9999.0
-9999.0  -9999.0  -9999.0  -9999.0  -9999.0  -9999.0  -9999.0  -9999.0  -9999.0  -9999.0  -9999.0  -9999.0  -9999.0  -9999.0  -9999.0  -9999.0  -9999.0  -9999.0  -9999.0  -9999.0  -9999.0  0.652578069831  1.25755925149  1.86480599892  17.6659440767  0.604449463247  24.1826578357  24.8848683547  25.4453103861  25.922086225  37.5498754774  37.9946495658  0.28533761549  1.60257071388  1.93112573663  0.253197054825  83.6810722359  83.2307600468  0.127855572125  0.296533725092  0.806634037436  0.180761543945  0.192697301  0.14136307815  0.117996773787  0.0903904131584  0.105734136282  2.29235170558  2.40175122353  2.53603678181  0.152963478586  0.151067493701  3.15453682556  3.20127836993  3.22606545279  957.798225253  957.847884791  0.42292461194  0.373558513976  26.4164369547  26.390814922  1.09461106713  0.100879547747  0.0538804713952  0.8126946369  0.718542265633  0.598429664839  0.431323257275  0.242332928575  0.111892766321  -9999.0  -9999.0  -9999.0  -9999.0  -9999.0  -9999.0  -9999.0  -9999.0  -9999.0  -9999.0
-9999.0  -9999.0  -9999.0  -9999.0  -9999.0  -9999.0  -9999.0  -9999.0  -9999.0  -9999.0  -9999.0  -9999.0  -9999.0  -9999.0  -9999.0  -9999.0  -9999.0  -9999.0  -9999.0  -9999.0  -9999.0  0.597321709982  0.567683270032  2.93619751947  21.767104612  22.9467528845  23.5394729383  0.667508419366  10.2984055832  10.8530157602  11.167855546  0.434893750835  0.736554760787  0.989188508349  19.7349820214  19.9295843258  20.0892846356  82.9463744836  49.865452732  0.163253634503  0.173636557449  0.16612441732  0.127984848666  1.41450300286  1.6849216642  1.92013126395  2.05124881626  2.17701313856  19.8142183581  19.9020273944  20.077794753  20.5391620732  21.8650071558  21.9004686032  25.1617329002  0.025853723202  957.893493792  957.947376362  0.452852911275  26.4386817366  0.0549931352206  0.0281014901021  0.142008331638  1.19271644831  1.14630174023  0.229938049465  0.120229350173  0.505959481176  0.383972320636  0.110765213956  0.0980535264111  0.0964616776379  -9999.0  -9999.0  -9999.0  -9999.0  -9999.0  -9999.0  -9999.0  -9999.0
-9999.0  -9999.0  -9999.0  -9999.0  -9999.0  -9999.0  -9999.0  -9999.0  -9999.0  -9999.0  -9999.0  -9999.0  -9999.0  -9999.0  -9999.0  -9999.0  -9999.0  -9999.0  -9999.0  -9999.0  -9999.0  -9999.0  1.17875804656  1.80199488073  0.626904451712  0.850205756799  7.82011081124  8.53638629449  9.06740689899  3.9986724277  4.51134259465  5.02743617103  5.33373426047  19.2868561525  19.570888704  12.4223470992  32.7250844607  32.9229134723  49.7319937517  0.365261643882  0.184351382299  0.127181478369  0.994917776977  1.16162646577  0.0979130333382  0.0912363440054  19.3914661601  19.6208250623  19.7317993649  0.211549277251  0.325114249456  21.676554485  0.109154772082  0.275281261696  0.301944281705  25.5156687405  25.5434342797  25.902831812  984.351548466  26.5196374235  1.48563487527  1.45837809315  1.42073633917  1.23612675502  0.0587403072149  0.696815276752  0.621267212255  0.192267949521  0.0954865982025  0.193155867539  0.444298634988  0.248120047221  -9999.0  -9999.0  -9999.0  -9999.0  -9999.0  -9999.0  -9999.0  -9999.0
-9999.0  -9999.0  -9999.0  -9999.0  -9999.0  -9999.0  -9999.0  -9999.0  -9999.0  -9999.0  -9999.0  -9999.0  -9999.0  -9999.0  -9999.0  -9999.0  -9999.0  -9999.0  -9999.0  -9999.0  -9999.0  -9999.0  0.595718720186  1.17897730351  4.90739091376  5.54410823234  6.22971742964  2.91932029428  3.48828362168  0.528138555396  12.7921731262  13.2571582013  13.6718370069  0.32552581388  11.8966944143  12.1918924248  0.206256480311  48.7682878015  0.420073649108  0.208773731891  0.550768365314  0.735812185129  0.135235515938  0.108683134163  18.1966209411  19.1841326654  19.3209771122  0.141986024897  0.304864446451  0.386724128573  0.475942309502  0.972895394165  0.101424834509  0.22848610843  0.0425972088038  0.083341864061  25.8413600561  25.8741471619  984.410103385  1012.64528846  1.65888420996  0.12657380042  0.0693834162802  0.0894072916822  0.0487200914945  0.761573931972  0.379404262351  0.289386184663  1.2461521224  1.14341426101  0.807791540948  0.180763127452  0.105511070065  -9999.0  -9999.0  -9999.0  -9999.0  -9999.0  -9999.0  -9999.0
-9999.0  -9999.0  -9999.0  -9999.0  -9999.0  -9999.0  -9999.0  -9999.0  -9999.0  -9999.0  -9999.0  -9999.0  -9999.0  -9999.0  -9999.0  -9999.0  -9999.0  -9999.0  -9999.0  -9999.0  -9999.0  -9999.0  0.594217830278  1.8500349682  3.16093679072  0.697164858557  1.50236950456  2.26988817636  10.6660560861  11.2967742576  11.8080797828  0.470884326207  9.62640360174  10.981291846  11.3358129938  0.278725047717  47.8632696354  48.3688464685  0.230939922135  0.20952386384  0.409416490511  0.161191490455  17.4525504827  17.7287289329  17.8950332077  0.632474539526  0.780354611522  0.126784756101  0.222914952155  0.0970318152175  0.69058018791  0.0994368030922  0.0616502867467  0.06345869326  0.0658836303245  0.134494939929  0.179471432372  83.6368359516  83.7491927298  1096.53985273  1096.68374397  1096.81256409  0.0954576869687  1.50466678543  1.39040995879  0.545116137653  0.504979785568  0.0632467945602  1.46123138523  0.109513898532  0.103171591505  0.0864969052375  0.383654258695  0.163374307918  -9999.0  -9999.0  -9999.0  -9999.0  -9999.0  -9999.0
-9999.0  -9999.0  -9999.0  -9999.0  -9999.0  -9999.0  -9999.0  -9999.0  -9999.0  -9999.0  -9999.0  -9999.0  -9999.0  -9999.0  -9999.0  -9999.0  -9999.0  -9999.0  -9999.0  -9999.0  -9999.0  -9999.0  -9999.0  0.637969674566  0.675448210505  0.771203991134  7.15357704632  7.86757193154  10.0234871235  0.62910690438  7.58957689432  8.74560117917  0.476284327429  0.963308765242  0.341242332606  47.0220269417  0.337687209171  0.833580877388  1.01010828253  1.17657892686  16.3810459949  16.9943707976  17.1771960308  0.184702553647  0.340086212815  0.478865826292  0.0832030957186  0.0755702491857  42.6244854038  42.7004460433  42.7617526639  43.4173752926  43.4953153997  43.5847708329  43.636913663  71.346043369  71.408251042  83.601763684  0.0729961855537  0.0833558588213  0.141613584918  1097.00176841  1097.26201592  1098.85377222  1098.90159103  0.0782750007991  0.0480979888964  1.62919368842  1.57816015724  0.0770772012509  0.200235081591  1.60215437258  1.01535710595  0.882689962635  0.236119623179  -9999.0  -9999.0  -9999.0  -9999.0  -9999.0
-9999.0  -9999.0  -9999.0  -9999.0  -9999.0  -9999.0  -9999.0  -9999.0  -9999.0  -9999.0  -9999.0  -9999.0  -9999.0  -9999.0  -9999.0  -9999.0  -9999.0  -9999.0  -9999.0  -9999.0  -9999.0  -9999.0  -9999.0  0.550841471332  1.35573360798  2.87072113849  6.380015157  0.829754463324  1.53254310312  5.81738231214  6.44626279907  0.611546128476  11.6230771768  12.1292957888  45.9204184134  46.3102363105  0.307978470722  0.572633260305  2.70738619531  14.3230393628  15.0770068652  0.448760169329  0.199526873004  0.154780825863  37.1859545458  37.4670561564  37.6877729408  37.9116596998  42.5549249673  0.234916689693  43.3444939254  0.131943048936  0.0837265648079  0.147912977127  27.5720302792  27.6690112883  11.8568486354  12.1168883163  0.173296453281  0.0842223304707  0.0989927326004  0.0817554801307  0.118337583616  0.0406227298752  1159.51515984  1159.66405518  2.05074835104  1.72631007037  0.0573018326711  2.3432630668  2.19953961631  1.88999725809  0.173686463631  0.213885954663  0.25448450716  -9999.0  -9999.0  -9999.0  -9999.0  -9999.0
-9999.0  -9999.0  -9999.0  -9999.0  -9999.0  -9999.0  -9999.0  -9999.0  -9999.0  -9999.0  -9999.0  -9999.0  -9999.0  -9999.0  -9999.0  -9999.0  -9999.0  -9999.0  -9999.0  -9999.0  -9999.0  -9999.0  -9999.0  -9999.0  0.970966841828  1.89019884398  2.74191612527  4.36796221858  5.08667385247  8.51340717113  9.92880254265  10.5080378048  11.1016453118  32.9289619043  33.3911764137  0.326350205548  2.06310956203  2.40072375011  10.8758107442  11.2794032623  0.476245385561  0.186157698901  36.2113128414  36.7339284881  36.9137951404  0.153539801449  4.25326727964  4.38383153416  4.52661887269  0.121763914168  0.0898921082201  0.0663534316552  0.0724510000189  27.2646876413  27.3614573848  0.068664143454  11.7899553305  11.3302065364  11.2672707449  0.0664438897594  0.0652819654455  0.122512248814  0.172180965632  60.2721429529  60.5514948174  1161.80880097  0.181837349982  0.0498153041792  2.4643168821  0.0726971806499  0.387453193924  0.281914419207  0.161822694001  -9999.0  -9999.0  -9999.0  -9999.0  -9999.0  -9999.0  -9999.0
-9999.0  -9999.0  -9999.0  -9999.0  -9999.0  -9999.0  -9999.0  -9999.0  -9999.0  -9999.0  -9999.0  -9999.0  -9999.0  -9999.0  -9999.0  -9999.0  -9999.0  -9999.0  -9999.0  -9999.0  -9999.0  -9999.0  -9999.0  -9999.0  0.915939172334  2.76631637988  3.5349574424  5.27016375832  6.93965599389  7.79263053843  0.748383676534  8.34457074045  31.7662573924  32.4134834222  0.546440326696  1.02533665809  1.80128521035  10.1808347202  10.5459398372  23.6374009649  24.1439722135  35.8318332404  36.0742702972  0.339794631749  3.57149390007  3.97005200294  4.14713144486  0.136294575281  23.7871035385  23.9089313856  24.3186557033  26.2241388043  26.9333579669  27.0864118278  0.143515490258  0.238003564314  0.317099994934  9.77151196173  11.1470885005  0.905047158287  0.830978145996  0.110340349346  0.117135654965  60.0520578843  0.236843879669  0.0975159839484  1161.95515052  0.0238596436323  0.0271089882224  2.99213585041  0.475437757235  0.0855236386664  0.100707217506  -9999.0  -9999.0  -9999.0  -9999.0  -9999.0  -9999.0  -9999.0
-9999.0  -9999.0  -9999.0  -9999.0  -9999.0  -9999.0  -9999.0  -9999.0  -9999.0  -9999.0  -9999.0  -9999.0  -9999.0  -9999.0  -9999.0  -9999.0  -9999.0  -9999.0  -9999.0  -9999.0  -9999.0  -9999.0  -9999.0  -9999.0  0.981912467203  0.940723674079  3.60821031655  4.3739305404  0.834836708475  6.81769102467  7.58111292696  0.722772245237  22.0496581301  0.688168183086  4.32766378327  9.3703643851  9.81843946457  21.664819755  22.009381449  23.3378822307  0.324551227152  11.4576752861  0.319103186851  0.510739557662  3.42042088325  0.231459016324  5.54019859086  23.5448245682  0.174000084144  0.32176131477  1.53376305947  0.183665379126  0.295540392412  0.172596745695  0.0938777862026  8.66653511615  9.39911227993  9.69646745964  0.382740599155  0.233230989491  0.440722115137  0.155056794215  59.6644744445  59.7646883507  0.15047376189  0.0465748840409  0.0212531868363  1162.13434725  1165.67706782  3.46692743261  0.436150780344  0.371413384  0.211128208439  -9999.0  -9999.0  -9999.0  -9999.0  -9999.0  -9999.0  -9999.0
-9999.0  -9999.0  -9999.0  -9999.0  -9999.0  -9999.0  -9999.0  -9999.0  -9999.0  -9999.0  -9999.0  -9999.0  -9999.0  -9999.0  -9999.0  -9999.0  -9999.0  -9999.0  -9999.0  -9999.0  -9999.0  -9999.0  -9999.0  -9999.0  -9999.0  0.933447222621  0.976558785504  0.948395549466  5.07914363242  5.97734797946  9.8346656191  21.3904059406  0.78911321144  2.37617876588  3.07747547437  4.53929049659  1.11615275543  21.2102165569  0.490494320942  0.967334849687  10.7650099606  0.393666134174  1.74905828975  2.31860557065  0.370615996134  0.23568826284  5.41146690777  17.8395438892  0.239913428034  0.852957874995  1.41516119649  0.229438029437  0.156679832651  7.71051405503  8.1675086349  0.320358197751  0.636326882128  0.171542662494  0.279578168139  0.134433523509  0.103855282241  0.11171907865  59.5730031501  0.301700996385  -9999.0  -9999.0  0.0525811573146  0.0928851901093  1165.72153786  1165.7654089  1166.04306657  0.135882839912  -9999.0  -9999.0  -9999.0  -9999.0  -9999.0  -9999.0  -9999.0  -9999.0
-9999.0  -9999.0  -9999.0  -9999.0  -9999.0  -9999.0  -9999.0  -9999.0  -9999.0  -9999.0  -9999.0  -9999.0  -9999.0  -9999.0  -9999.0  -9999.0  -9999.0  -9999.0  -9999.0  -9999.0  -9999.0  -9999.0  -9999.0  -9999.0  -9999.0  -9999.0  0.80475384027  2.55384718183  3.29245896799  9.1019043385  3.18225557892  10.7856702269  6.9424188012  0.791753870397  2.39119299168  3.86975917044  0.597914805847  19.5957078051  7.57216279476  9.40434834352  1.00524544043  1.00591461518  0.372393428392  0.391869635837  4.72045817221  4.96039435121  17.1532361533  17.3740522784  0.425445187773  0.652395360971  0.175204812251  5.99573395152  6.86435671421  7.60866868913  0.345053546021  0.158499263447  0.465695405708  0.163277014123  0.125041258557  0.0845595737936  58.3565861852  58.8114414879  59.0650350677  0.202880747147  -9999.0  -9999.0  -9999.0  -9999.0  -9999.0  0.0185947717589  1166.08559251  1166.15884563  -9999.0  -9999.0  -9999.0  -9999.0  -9999.0  -9999.0  -9999.0  -9999.0
-9999.0  -9999.0  -9999.0  -9999.0  -9999.0  -9999.0  -9999.0  -9999.0  -9999.0  -9999.0  -9999.0  -9999.0  -9999.0  -9999.0  -9999.0  -9999.0  -9999.0  -9999.0  -9999.0  -9999.0  -9999.0  -9999.0  -9999.0  -9999.0  -9999.0  -9999.0  1.0286138844  0.953701272046  8.41000786944  0.73584400357  2.51316910663  4.46208706125  6.19808937241  0.86623564588  0.813312566051  0.760558209968  18.2376484641  18.966522692  7.01978611012  1.31842758578  0.605961989651  0.602594551992  3.98804088029  4.43671127096  15.4040896138  16.0747074886  16.6651570252  0.283415897815  0.221439948763  5.52884056914  5.67974178629  5.85742470208  0.750882791301  0.395005999444  0.190810264487  0.182903914217  0.132537614162  1.08706974071  1.18528544172  58.0987382273  58.2460765924  0.334559902893  0.12997217773  0.101741120377  -9999.0  -9999.0  -9999.0  -9999.0  -9999.0  -9999.0  -9999.0  -9999.0  -9999.0  -9999.0  -9999.0  -9999.0  -9999.0  -9999.0  -9999.0  -9999.0
-9999.0  -9999.0  -9999.0  -9999.0  -9999.0  -9999.0  -9999.0  -9999.0  -9999.0  -9999.0  -9999.0  -9999.0  -9999.0  -9999.0  -9999.0  -9999.0  -9999.0  -9999.0  -9999.0  -9999.0  -9999.0  -9999.0  -9999.0  -9999.0  -9999.0  -9999.0  -9999.0  1.97095231004  6.71791921194  3.81151690849  0.920427364862  3.68490664609  0.876463933309  2.72832856837  3.45407294233  16.2154901672  17.6438973819  5.72616084953  6.38232989297  0.655896227011  2.88810880994  3.45914414095  9.63189825078  14.6395536581  15.1059395211  0.400082824632  0.304032310129  4.26228200969  4.80101059668  5.37201433431  0.211429353775  0.389216302533  0.582616689469  0.191638600583  0.43834593599  0.704473970078  0.822785879262  0.994408532206  0.11269006436  56.6397370209  0.25765014557  0.204279066819  -9999.0  -9999.0  -9999.0  -9999.0  -9999.0  -9999.0  -9999.0  -9999.0  -9999.0  -9999.0  -9999.0  -9999.0  -9999.0  -9999.0  -9999.0  -9999.0  -9999.0  -9999.0
-9999.0  -9999.0  -9999.0  -9999.0  -9999.0  -9999.0  -9999.0  -9999.0  -9999.0  -9999.0  -9999.0  -9999.0  -9999.0  -9999.0  -9999.0  -9999.0  -9999.0  -9999.0  -9999.0  -9999.0  -9999.0  -9999.0  -9999.0  -9999.0  -9999.0  -9999.0  -9999.0  1.00856285179  0.961384002645  1.89868546624  0.941213041321  1.85097853504  1.87031968987  9.94176199014  10.5902579053  1.55875750913  0.802922747334  5.03297522621  1.5341047341  2.29675399102  7.91760054453  8.53781998281  9.14089705496  4.51226003474  1.66727404825  2.55338548521  3.2825026313  4.06134280991  0.366075651785  0.313354309034  33.2463101698  33.4748223983  33.6542471616  0.161994035829  0.293104563358  0.156359778921  0.109429152811  53.5956859259  54.2809124437  1.77656606571  1.5869893916  0.154652579439  -9999.0  -9999.0  -9999.0  -9999.0  -9999.0  -9999.0  -9999.0  -9999.0  -9999.0  -9999.0  -9999.0  -9999.0  -9999.0  -9999.0  -9999.0  -9999.0  -9999.0  -9999.0
-9999.0  -9999.0  -9999.0  -9999.0  -9999.0  -9999.0  -9999.0  -9999.0  -9999.0  -9999.0  -9999.0  -9999.0  -9999.0  -9999.0  -9999.0  -9999.0  -9999.0  -9999.0  -9999.0  -9999.0  -9999.0  -9999.0  -9999.0  -9999.0  -9999.0  -9999.0  -9999.0  -9999.0  -9999.0  0.900595012552  0.89388347934  0.969482354976  3.78111064423  9.09939556702  4.43813295637  0.864760406301  3.40850887628  4.24433692112  0.760840343121  6.63188558589  7.28400353842  2.09444471457  3.30891861233  0.617160446722  1.11340168979  0.470906777894  0.363429742389  0.35908967032  32.5218653085  32.8201556659  33.0358636738  1.10818017098  34.9749083818  35.1626560971  35.3218826982  35.4761963586  35.7499652554  53.510699685  53.7622742067  0.412100521012  1.42856657204  0.385704593378  -9999.0  -9999.0  -9999.0  -9999.0  -9999.0  -9999.0  -9999.0  -9999.0  -9999.0  -9999.0  -9999.0  -9999.0  -9999.0  -9999.0  -9999.0  -9999.0  -9999.0  -9999.0
-9999.0  -9999.0  -9999.0  -9999.0  -9999.0  -9999.0  -9999.0  -9999.0  -9999.0  -9999.0  -9999.0  -9999.0  -9999.0  -9999.0  -9999.0  -9999.0  -9999.0  -9999.0  -9999.0  -9999.0  -9999.0  -9999.0  -9999.0  -9999.0  -9999.0  -9999.0  -9999.0  -9999.0  -9999.0  -9999.0  -9999.0  0.980721074132  1.92402583405  1.86669742387  1.81723825418  1.76497804935  2.62977560868  4.32387909342  5.08645118111  5.91586451946  0.71621999871  1.44936965689  0.626542338028  0.565665320782  20.451918878  24.7179908301  25.6441598185  26.0729463917  32.2496624661  0.337901643261  0.609603667939  0.935562519979  5.53158874941  5.72503367345  5.8878750283  12.8858438811  16.0013643313  17.59672056  0.221416790657  0.229129318327  0.868000035985  0.22044599217  -9999.0  -9999.0  -9999.0  -9999.0  -9999.0  -9999.0  -9999.0  -9999.0  -9999.0  -9999.0  -9999.0  -9999.0  -9999.0  -9999.0  -9999.0  -9999.0  -9999.0  -9999.0
-9999.0  -9999.0  -9999.0  -9999.0  -9999.0  -9999.0  -9999.0  -9999.0  -9999.0  -9999.0  -9999.0  -9999.0  -9999.0  -9999.0  -9999.0  -9999.0  -9999.0  -9999.0  -9999.0  -9999.0  -9999.0  -9999.0  -9999.0  -9999.0  -9999.0  -9999.0  -9999.0  -9999.0  -9999.0  -9999.0  -9999.0  -9999.0  0.959176540127  0.953588717079  0.920379283047  0.889016214073  1.77102155936  3.48869283637  3.47453797362  4.25425526585  4.91247428345  11.2801700519  11.8886112895  19.5958300864  20.0831726671  3.88223266131  0.453538737102  5.3901033579  5.78210209672  2.23349311083  4.29615622032  5.0189782095  5.32288887758  0.260138162825  6.85921969909  13.4549379224  15.876842907  0.225838538079  1.20018274776  0.212930481288  0.665360510546  -9999.0  -9999.0  -9999.0  -9999.0  -9999.0  -9999.0  -9999.0  -9999.0  -9999.0  -9999.0  -9999.0  -9999.0  -9999.0  -9999.0  -9999.0  -9999.0  -9999.0  -9999.0  -9999.0
-9999.0  -9999.0  -9999.0  -9999.0  -9999.0  -9999.0  -9999.0  -9999.0  -9999.0  -9999.0  -9999.0  -9999.0  -9999.0  -9999.0  -9999.0  -9999.0  -9999.0  -9999.0  -9999.0  -9999.0  -9999.0  -9999.0  -9999.0  -9999.0  -9999.0  -9999.0  -9999.0  -9999.0  -9999.0  -9999.0  -9999.0  -9999.0  -9999.0  -9999.0  -9999.0  0.914816598828  0.859612497713  0.90526029714  2.65423512357  2.52849460538  4.91441554341  5.71311187499  0.696546425136  7.08694586173  2.78451890732  3.39407226975  3.42241261658  4.98402578618  1.3976527757  0.45232241935  1.78118111501  0.42463221404  3.73622701597  4.44775797037  6.38117937171  0.312541077208  1.4273560931  0.540605984598  0.754857614236  0.237545245795  0.453645406368  -9999.0  -9999.0  -9999.0  -9999.0  -9999.0  -9999.0  -9999.0  -9999.0  -9999.0  -9999.0  -9999.0  -9999.0  -9999.0  -9999.0  -9999.0  -9999.0  -9999.0  -9999.0  -9999.0
-9999.0  -9999.0  -9999.0  -9999.0  -9999.0  -9999.0  -9999.0  -9999.0  -9999.0  -9999.0  -9999.0  -9999.0  -9999.0  -9999.0  -9999.0  -9999.0  -9999.0  -9999.0  -9999.0  -9999.0  -9999.0  -9999.0  -9999.0  -9999.0  -9999.0  -9999.0  -9999.0  -9999.0  -9999.0  -9999.0  -9999.0  -9999.0  -9999.0  -9999.0  -9999.0  -9999.0  -9999.0  0.898311831301  0.840817973353  1.69564954977  1.6227025082  4.16761691666  5.66183358004  1.50682897009  2.1442324622  1.80534397913  2.92157335882  1.05884903051  0.985136630359  0.976615810405  0.416105317633  2.19769979831  3.39894802991  0.38398745703  1.59791567611  0.643291445802  0.488366493111  0.256939020184  0.248240252892  0.263318531141  -9999.0  -9999.0  -9999.0  -9999.0  -9999.0  -9999.0  -9999.0  -9999.0  -9999.0  -9999.0  -9999.0  -9999.0  -9999.0  -9999.0  -9999.0  -9999.0  -9999.0  -9999.0  -9999.0  -9999.0
-9999.0  -9999.0  -9999.0  -9999.0  -9999.0  -9999.0  -9999.0  -9999.0  -9999.0  -9999.0  -9999.0  -9999.0  -9999.0  -9999.0  -9999.0  -9999.0  -9999.0  -9999.0  -9999.0  -9999.0  -9999.0  -9999.0  -9999.0  -9999.0  -9999.0  -9999.0  -9999.0  -9999.0  -9999.0  -9999.0  -9999.0  -9999.0  -9999.0  -9999.0  -9999.0  -9999.0  -9999.0  -9999.0  -9999.0  0.840238795579  1.71580247858  3.38980048009  0.778977667709  0.77465406253  0.616538198305  1.24379611643  0.573450746073  0.523837965813  0.514064464083  0.509849551589  0.923613851949  1.82366208832  0.858419297368  0.871279342525  1.25395649504  0.335470542719  0.238208751013  -9999.0  -9999.0  -9999.0  -9999.0  -9999.0  -9999.0  -9999.0  -9999.0  -9999.0  -9999.0  -9999.0  -9999.0  -9999.0  -9999.0  -9999.0  -9999.0  -9999.0  -9999.0  -9999.0  -9999.0  -9999.0  -9999.0  -9999.0
-9999.0  -9999.0  -9999.0  -9999.0  -9999.0  -9999.0  -9999.0  -9999.0  -9999.0  -9999.0  -9999.0  -9999.0  -9999.0  -9999.0  -9999.0  -9999.0  -9999.0  -9999.0  -9999.0  -9999.0  -9999.0  -9999.0  -9999.0  -9999.0  -9999.0  -9999.0  -9999.0  -9999.0  -9999.0  -9999.0  -9999.0  -9999.0  -9999.0  -9999.0  -9999.0  -9999.0  -9999.0  -9999.0  -9999.0  -9999.0  0.86985238449  0.829629186499  -9999.0  -9999.0  -9999.0  -9999.0  -9999.0  -9999.0  -9999.0  -9999.0  0.468797381057  0.443520849527  0.403840118702  0.402475600153  -9999.0  -9999.0  -9999.0  -9999.0  -9999.0  -9999.0  -9999.0  -9999.0  -9999.0  -9999.0  -9999.0  -9999.0  -9999.0  -9999.0  -9999.0  -9999.0  -9999.0  -9999.0  -9999.0  -9999.0  -9999.0  -9999.0  -9999.0  -9999.0  -9999.0  -9999.0
-9999.0  -9999.0  -9999.0  -9999.0  -9999.0  -9999.0  -9999.0  -9999.0  -9999.0  -9999.0  -9999.0  -9999.0  -9999.0  -9999.0  -9999.0  -9999.0  -9999.0  -9999.0  -9999.0  -9999.0  -9999.0  -9999.0  -9999.0  -9999.0  -9999.0  -9999.0  -9999.0  -9999.0  -9999.0  -9999.0  -9999.0  -9999.0  -9999.0  -9999.0  -9999.0  -9999.0  -9999.0  -9999.0  -9999.0  -9999.0  -9999.0  -9999.0  -9999.0  -9999.0  -9999.0  -9999.0  -9999.0  -9999.0  -9999.0  -9999.0  -9999.0  -9999.0  -9999.0  -9999.0  -9999.0  -9999.0  -9999.0  -9999.0  -9999.0  -9999.0  -9999.0  -9999.0  -9999.0  -9999.0  -9999.0  -9999.0  -9999.0  -9999.0  -9999.0  -9999.0  -9999.0  -9999.0  -9999.0  -9999.0  -9999.0  -9999.0  -9999.0  -9999.0  -9999.0  -9999.0
-9999.0  -9999.0  -9999.0  -9999.0  -9999.0  -9999.0  -9999.0  -9999.0  -9999.0  -9999.0  -9999.0  -9999.0  -9999.0  -9999.0  -9999.0  -9999.0  -9999.0  -9999.0  -9999.0  -9999.0  -9999.0  -9999.0  -9999.0  -9999.0  -9999.0  -9999.0  -9999.0  -9999.0  -9999.0  -9999.0  -9999.0  -9999.0  -9999.0  -9999.0  -9999.0  -9999.0  -9999.0  -9999.0  -9999.0  -9999.0  -9999.0  -9999.0  -9999.0  -9999.0  -9999.0  -9999.0  -9999.0  -9999.0  -9999.0  -9999.0  -9999.0  -9999.0  -9999.0  -9999.0  -9999.0  -9999.0  -9999.0  -9999.0  -9999.0  -9999.0  -9999.0  -9999.0  -9999.0  -9999.0  -9999.0  -9999.0  -9999.0  -9999.0  -9999.0  -9999.0  -9999.0  -9999.0  -9999.0  -9999.0  -9999.0  -9999.0  -9999.0  -9999.0  -9999.0  -9999.0
-9999.0  -9999.0  -9999.0  -9999.0  -9999.0  -9999.0  -9999.0  -9999.0  -9999.0  -9999.0  -9999.0  -9999.0  -9999.0  -9999.0  -9999.0  -9999.0  -9999.0  -9999.0  -9999.0  -9999.0  -9999.0  -9999.0  -9999.0  -9999.0  -9999.0  -9999.0  -9999.0  -9999.0  -9999.0  -9999.0  -9999.0  -9999.0  -9999.0  -9999.0  -9999.0  -9999.0  -9999.0  -9999.0  -9999.0  -9999.0  -9999.0  -9999.0  -9999.0  -9999.0  -9999.0  -9999.0  -9999.0  -9999.0  -9999.0  -9999.0  -9999.0  -9999.0  -9999.0  -9999.0  -9999.0  -9999.0  -9999.0  -9999.0  -9999.0  -9999.0  -9999.0  -9999.0  -9999.0  -9999.0  -9999.0  -9999.0  -9999.0  -9999.0  -9999.0  -9999.0  -9999.0  -9999.0  -9999.0  -9999.0  -9999.0  -9999.0  -9999.0  -9999.0  -9999.0  -9999.0
-9999.0  -9999.0  -9999.0  -9999.0  -9999.0  -9999.0  -9999.0  -9999.0  -9999.0  -9999.0  -9999.0  -9999.0  -9999.0  -9999.0  -9999.0  -9999.0  -9999.0  -9999.0  -9999.0  -9999.0  -9999.0  -9999.0  -9999.0  -9999.0  -9999.0  -9999.0  -9999.0  -9999.0  -9999.0  -9999.0  -9999.0  -9999.0  -9999.0  -9999.0  -9999.0  -9999.0  -9999.0  -9999.0  -9999.0  -9999.0  -9999.0  -9999.0  -9999.0  -9999.0  -9999.0  -9999.0  -9999.0  -9999.0  -9999.0  -9999.0  -9999.0  -9999.0  -9999.0  -9999.0  -9999.0  -9999.0  -9999.0  -9999.0  -9999.0  -9999.0  -9999.0  -9999.0  -9999.0  -9999.0  -9999.0  -9999.0  -9999.0  -9999.0  -9999.0  -9999.0  -9999.0  -9999.0  -9999.0  -9999.0  -9999.0  -9999.0  -9999.0  -9999.0  -9999.0  -9999.0
-9999.0  -9999.0  -9999.0  -9999.0  -9999.0  -9999.0  -9999.0  -9999.0  -9999.0  -9999.0  -9999.0  -9999.0  -9999.0  -9999.0  -9999.0  -9999.0  -9999.0  -9999.0  -9999.0  -9999.0  -9999.0  -9999.0  -9999.0  -9999.0  -9999.0  -9999.0  -9999.0  -9999.0  -9999.0  -9999.0  -9999.0  -9999.0  -9999.0  -9999.0  -9999.0  -9999.0  -9999.0  -9999.0  -9999.0  -9999.0  -9999.0  -9999.0  -9999.0  -9999.0  -9999.0  -9999.0  -9999.0  -9999.0  -9999.0  -9999.0  -9999.0  -9999.0  -9999.0  -9999.0  -9999.0  -9999.0  -9999.0  -9999.0  -9999.0  -9999.0  -9999.0  -9999.0  -9999.0  -9999.0  -9999.0  -9999.0  -9999.0  -9999.0  -9999.0  -9999.0  -9999.0  -9999.0  -9999.0  -9999.0  -9999.0  -9999.0  -9999.0  -9999.0  -9999.0  -9999.0
-9999.0  -9999.0  -9999.0  -9999.0  -9999.0  -9999.0  -9999.0  -9999.0  -9999.0  -9999.0  -9999.0  -9999.0  -9999.0  -9999.0  -9999.0  -9999.0  -9999.0  -9999.0  -9999.0  -9999.0  -9999.0  -9999.0  -9999.0  -9999.0  -9999.0  -9999.0  -9999.0  -9999.0  -9999.0  -9999.0  -9999.0  -9999.0  -9999.0  -9999.0  -9999.0  -9999.0  -9999.0  -9999.0  -9999.0  -9999.0  -9999.0  -9999.0  -9999.0  -9999.0  -9999.0  -9999.0  -9999.0  -9999.0  -9999.0  -9999.0  -9999.0  -9999.0  -9999.0  -9999.0  -9999.0  -9999.0  -9999.0  -9999.0  -9999.0  -9999.0  -9999.0  -9999.0  -9999.0  -9999.0  -9999.0  -9999.0  -9999.0  -9999.0  -9999.0  -9999.0  -9999.0  -9999.0  -9999.0  -9999.0  -9999.0  -9999.0  -9999.0  -9999.0  -9999.0  -9999.0
