ncols                  80
nrows                 72
xllcorner      4374000.0
yllcorner      5656000.0
cellsize            500
NODATA_value       -9999
-9999.0  -9999.0  -9999.0  -9999.0  -9999.0  -9999.0  -9999.0  -9999.0  -9999.0  -9999.0  -9999.0  -9999.0  1.41738267507  1.00601645785  -9999.0  -9999.0  -9999.0  -9999.0  -9999.0  -9999.0  -9999.0  -9999.0  -9999.0  -9999.0  -9999.0  -9999.0  -9999.0  -9999.0  -9999.0  -9999.0  -9999.0  -9999.0  -9999.0  -9999.0  -9999.0  -9999.0  -9999.0  -9999.0  -9999.0  -9999.0  -9999.0  -9999.0  -9999.0  -9999.0  -9999.0  -9999.0  -9999.0  -9999.0  -9999.0  -9999.0  -9999.0  -9999.0  -9999.0  -9999.0  -9999.0  -9999.0  -9999.0  -9999.0  -9999.0  -9999.0  -9999.0  -9999.0  -9999.0  -9999.0  -9999.0  -9999.0  -9999.0  -9999.0  -9999.0  -9999.0  -9999.0  -9999.0  -9999.0  -9999.0  -9999.0  -9999.0  -9999.0  -9999.0  -9999.0  -9999.0
-9999.0  -9999.0  -9999.0  -9999.0  -9999.0  -9999.0  -9999.0  -9999.0  -9999.0  -9999.0  -9999.0  -9999.0  2.86392515187  5.7945881887  0.828808872557  -9999.0  0.6564825403  -9999.0  -9999.0  -9999.0  -9999.0  -9999.0  -9999.0  -9999.0  -9999.0  -9999.0  -9999.0  -9999.0  -9999.0  -9999.0  -9999.0  -9999.0  -9999.0  -9999.0  -9999.0  -9999.0  -9999.0  -9999.0  -9999.0  -9999.0  -9999.0  -9999.0  -9999.0  -9999.0  -9999.0  -9999.0  -9999.0  -9999.0  -9999.0  -9999.0  -9999.0  -9999.0  -9999.0  -9999.0  -9999.0  -9999.0  -9999.0  -9999.0  -9999.0  -9999.0  -9999.0  -9999.0  -9999.0  -9999.0  -9999.0  -9999.0  -9999.0  -9999.0  -9999.0  -9999.0  -9999.0  -9999.0  -9999.0  -9999.0  -9999.0  -9999.0  -9999.0  -9999.0  -9999.0  -9999.0
-9999.0  -9999.0  -9999.0  -9999.0  -9999.0  -9999.0  -9999.0  -9999.0  -9999.0  -9999.0  1.4244332148  1.37203577123  1.42148082306  1.37634515727  8.44985569844  9.36084065873  1.87518042695  0.604037107255  -9999.0  -9999.0  -9999.0  -9999.0  -9999.0  -9999.0  -9999.0  -9999.0  -9999.0  -9999.0  -9999.0  -9999.0  -9999.0  -9999.0  -9999.0  -9999.0  -9999.0  -9999.0  -9999.0  -9999.0  -9999.0  -9999.0  -9999.0  -9999.0  -9999.0  -9999.0  -9999.0  -9999.0  -9999.0  -9999.0  -9999.0  -9999.0  -9999.0  -9999.0  -9999.0  -9999.0  -9999.0  -9999.0  -9999.0  -9999.0  -9999.0  -9999.0  -9999.0  -9999.0  -9999.0  -9999.0  -9999.0  -9999.0  -9999.0  -9999.0  -9999.0  -9999.0  -9999.0  -9999.0  -9999.0  -9999.0  -9999.0  -9999.0  -9999.0  -9999.0  -9999.0  -9999.0
-9999.0  -9999.0  -9999.0  -9999.0  -9999.0  -9999.0  -9999.0  -9999.0  -9999.0  1.37226838097  2.803555466  5.55552906141  2.76455688948  1.35350309887  2.67899273069  10.6762016822  14.009937172  0.687752866781  -9999.0  1.41701248317  -9999.0  -9999.0  -9999.0  -9999.0  1.29726764605  0.653356490239  -9999.0  -9999.0  -9999.0  -9999.0  -9999.0  -9999.0  -9999.0  -9999.0  -9999.0  -9999.0  -9999.0  -9999.0  -9999.0  -9999.0  -9999.0  -9999.0  -9999.0  -9999.0  -9999.0  -9999.0  -9999.0  -9999.0  -9999.0  -9999.0  -9999.0  -9999.0  -9999.0  -9999.0  -9999.0  -9999.0  -9999.0  -9999.0  -9999.0  -9999.0  -9999.0  -9999.0  -9999.0  -9999.0  -9999.0  -9999.0  -9999.0  -9999.0  -9999.0  -9999.0  -9999.0  -9999.0  -9999.0  -9999.0  -9999.0  -9999.0  -9999.0  -9999.0  -9999.0  -9999.0
-9999.0  -9999.0  -9999.0  -9999.0  -9999.0  -9999.0  -9999.0  -9999.0  1.44967343941  4.21840068582  5.5533822664  6.90549969011  9.64361826372  1.30673368664  5.25048330785  6.53380205753  22.429639941  1.06215795264  1.25153525965  2.71757623325  3.97705394806  1.29408568669  -9999.0  3.45232370254  2.82247679533  0.795743323385  -9999.0  -9999.0  -9999.0  -9999.0  -9999.0  -9999.0  -9999.0  -9999.0  -9999.0  -9999.0  -9999.0  -9999.0  -9999.0  -9999.0  -9999.0  -9999.0  -9999.0  -9999.0  -9999.0  -9999.0  -9999.0  -9999.0  -9999.0  -9999.0  -9999.0  -9999.0  -9999.0  -9999.0  -9999.0  -9999.0  -9999.0  -9999.0  -9999.0  -9999.0  -9999.0  -9999.0  -9999.0  -9999.0  -9999.0  -9999.0  -9999.0  -9999.0  -9999.0  -9999.0  -9999.0  -9999.0  -9999.0  -9999.0  -9999.0  -9999.0  -9999.0  -9999.0  -9999.0  -9999.0
-9999.0  -9999.0  -9999.0  -9999.0  -9999.0  -9999.0  1.47083809083  1.38379592872  1.35588668831  1.36510631867  1.37778019513  9.67158577418  20.6656623781  22.010956529  23.2601933215  1.24149307938  24.8379809541  26.0587036648  2.53296097443  1.27451857475  5.21603524488  9.02127947292  1.20636898638  6.99261567841  1.33011700637  1.24512354903  1.37965439199  -9999.0  -9999.0  -9999.0  -9999.0  -9999.0  -9999.0  -9999.0  -9999.0  -9999.0  -9999.0  -9999.0  -9999.0  -9999.0  -9999.0  -9999.0  -9999.0  -9999.0  -9999.0  -9999.0  -9999.0  -9999.0  -9999.0  -9999.0  -9999.0  -9999.0  -9999.0  -9999.0  -9999.0  -9999.0  -9999.0  -9999.0  -9999.0  -9999.0  -9999.0  -9999.0  -9999.0  -9999.0  -9999.0  -9999.0  -9999.0  -9999.0  -9999.0  -9999.0  -9999.0  -9999.0  -9999.0  -9999.0  -9999.0  -9999.0  -9999.0  -9999.0  -9999.0  -9999.0
-9999.0  -9999.0  -9999.0  -9999.0  -9999.0  -9999.0  2.9193095342  4.31961751726  9.84084716699  13.864468792  1.29592193846  1.33433064879  1.28568099684  3.77657077802  28.2325264111  1.17542404853  27.2683600783  32.030027665  3.72474141374  2.45505601192  10.2100962361  1.24841066446  8.24824424013  2.52027353371  1.26529748708  2.48273611461  2.71676986308  1.36776552146  1.40120266106  1.39130268052  1.40661268364  2.82751820835  -9999.0  -9999.0  -9999.0  -9999.0  -9999.0  -9999.0  -9999.0  -9999.0  -9999.0  -9999.0  -9999.0  -9999.0  -9999.0  -9999.0  -9999.0  -9999.0  -9999.0  -9999.0  -9999.0  -9999.0  -9999.0  -9999.0  -9999.0  -9999.0  -9999.0  -9999.0  -9999.0  -9999.0  -9999.0  -9999.0  -9999.0  -9999.0  -9999.0  -9999.0  -9999.0  -9999.0  -9999.0  -9999.0  -9999.0  -9999.0  -9999.0  -9999.0  -9999.0  -9999.0  -9999.0  -9999.0  -9999.0  -9999.0
-9999.0  -9999.0  -9999.0  -9999.0  -9999.0  1.49605189424  2.94774599007  1.43527491464  2.82181448871  15.2536118445  17.9117463725  20.5715654451  64.4059823507  1.24584610671  29.4746838346  103.382878545  104.313593315  137.956431125  1.01728142287  3.64535619481  11.4081130054  1.19347488919  22.2452544891  12.7669786134  7.77128518576  6.49742632972  1.3291716395  4.08964613981  4.12616578974  2.7590236436  1.34828117135  4.20771310528  1.34288386632  1.33930578385  -9999.0  -9999.0  -9999.0  -9999.0  -9999.0  -9999.0  -9999.0  -9999.0  -9999.0  -9999.0  -9999.0  -9999.0  -9999.0  -9999.0  -9999.0  -9999.0  -9999.0  -9999.0  -9999.0  -9999.0  -9999.0  -9999.0  -9999.0  -9999.0  -9999.0  -9999.0  -9999.0  -9999.0  -9999.0  -9999.0  -9999.0  -9999.0  -9999.0  -9999.0  -9999.0  -9999.0  -9999.0  -9999.0  -9999.0  -9999.0  -9999.0  -9999.0  -9999.0  -9999.0  -9999.0  -9999.0
-9999.0  -9999.0  -9999.0  -9999.0  -9999.0  1.50254055407  4.42379780273  8.81858888684  10.2180533036  20.2976601318  21.6625107424  25.8467020706  42.5822594084  67.9601708966  70.4426462147  71.5872785937  2.24162291628  141.941780785  144.018895607  149.990464561  188.449353277  25.8590361593  23.4843969348  9.00894437312  1.23572537211  7.83964388071  5.32602508573  1.21531550901  5.38062361716  1.2291118652  2.5407447172  6.79909845408  8.09189027783  2.63145156269  1.27650580741  1.2904115148  -9999.0  -9999.0  -9999.0  -9999.0  0.675765855882  0.579842529607  -9999.0  -9999.0  -9999.0  -9999.0  -9999.0  -9999.0  -9999.0  -9999.0  -9999.0  -9999.0  -9999.0  -9999.0  -9999.0  -9999.0  -9999.0  -9999.0  -9999.0  -9999.0  -9999.0  -9999.0  -9999.0  -9999.0  -9999.0  -9999.0  -9999.0  -9999.0  -9999.0  -9999.0  -9999.0  -9999.0  -9999.0  -9999.0  -9999.0  -9999.0  -9999.0  -9999.0  -9999.0  -9999.0
-9999.0  -9999.0  -9999.0  -9999.0  -9999.0  1.48202381537  1.44676901296  5.86024108178  7.26454415749  8.69658077526  1.40926003128  2.80723415992  15.7255566398  2.8243054164  1.35610381402  1.2928123407  1.1871986428  1.28625105366  1.26559214817  1.26478403707  189.667541682  193.223075639  1.18833520215  3.64640584247  2.46547615344  9.04959096743  2.4360927702  1.18686893458  6.64761411993  2.4246124666  5.85575733608  14.3721188097  13.2613079467  3.89425340785  3.81163681563  1.29202217454  1.28582593183  -9999.0  -9999.0  1.29625474141  1.55662785473  3.33980680433  0.602967249203  -9999.0  -9999.0  -9999.0  -9999.0  -9999.0  -9999.0  -9999.0  -9999.0  -9999.0  -9999.0  -9999.0  -9999.0  -9999.0  -9999.0  -9999.0  -9999.0  -9999.0  -9999.0  -9999.0  -9999.0  -9999.0  -9999.0  -9999.0  -9999.0  -9999.0  -9999.0  -9999.0  -9999.0  -9999.0  -9999.0  -9999.0  -9999.0  -9999.0  -9999.0  -9999.0  -9999.0  -9999.0
-9999.0  -9999.0  -9999.0  -9999.0  -9999.0  -9999.0  1.50931516181  1.48641111087  2.94690977781  4.40246863429  10.1146635861  12.9688104758  14.3974082834  1.48923603118  1.28441581159  16.349276821  20.1763717428  21.4206012945  26.5071994704  27.7324037786  1.20684750004  194.421363596  200.444872956  4.84261587286  1.13887272948  10.2223774722  22.7325329022  8.96565118336  2.34609200614  1.1813230062  22.5250224163  15.554711161  1.15751875797  1.16751957312  4.99175387994  3.79045524083  1.21486713756  1.18979045243  1.24698062895  2.52568960746  1.21370889449  4.05188227554  5.20202221041  1.09783718818  -9999.0  -9999.0  -9999.0  -9999.0  1.16971031451  1.13041979525  0.381264877586  -9999.0  -9999.0  -9999.0  -9999.0  -9999.0  -9999.0  -9999.0  -9999.0  -9999.0  -9999.0  -9999.0  -9999.0  -9999.0  -9999.0  -9999.0  -9999.0  -9999.0  -9999.0  -9999.0  -9999.0  -9999.0  -9999.0  -9999.0  -9999.0  -9999.0  -9999.0  -9999.0  -9999.0  -9999.0
-9999.0  -9999.0  -9999.0  -9999.0  -9999.0  -9999.0  -9999.0  1.49712327277  1.41165905516  2.86503115088  4.30879291943  1.43959791816  1.37786060584  8.38271148482  11.0721742322  13.79417454  1.29239646432  2.60411955213  1.27116843716  28.9552972523  63.1907737512  63.8695285226  266.390245688  1.19429764432  3.39055641158  1.10142503755  23.8616159852  1.14603330609  3.54064498151  1.16738664223  23.6700445928  24.8103791495  2.31868655163  2.32325729223  12.4454697594  6.23448659991  2.40552961079  1.22376767886  2.49834036134  3.76150277234  6.13937984759  1.15024764336  7.3389664155  8.30033262002  0.877879210745  0.932243480676  0.952508650112  0.888227248355  0.842995853592  3.2931530312  1.38773839752  0.931380788328  -9999.0  -9999.0  -9999.0  -9999.0  -9999.0  -9999.0  -9999.0  -9999.0  -9999.0  -9999.0  -9999.0  -9999.0  -9999.0  -9999.0  -9999.0  -9999.0  -9999.0  -9999.0  -9999.0  -9999.0  -9999.0  -9999.0  -9999.0  -9999.0  -9999.0  -9999.0  -9999.0  -9999.0
-9999.0  -9999.0  -9999.0  -9999.0  -9999.0  -9999.0  -9999.0  -9999.0  2.90180781318  4.29604470194  1.43507847541  2.8818044377  4.27020932977  7.07246163032  1.42378783212  1.39908551005  1.28665850722  1.30444384935  1.23607301822  31.7698412275  1.28846212208  2.55312727878  269.67683113  271.917417059  1.20925962934  5.79519311829  30.7465836192  2.25999786629  4.60593980298  2.19256439121  3.23176039807  29.2267534402  3.38007174122  18.047831717  14.6763743272  1.13110149804  5.95466276079  2.39569623345  3.66375363736  1.16543057169  7.24573322006  9.41234247115  10.2505157383  11.0558827628  11.5985468479  1.66479394782  1.72631704379  1.61717943352  1.52008925557  4.12769112712  0.889384323088  3.23048311474  4.07837390888  -9999.0  -9999.0  -9999.0  -9999.0  -9999.0  -9999.0  -9999.0  -9999.0  -9999.0  -9999.0  -9999.0  -9999.0  -9999.0  -9999.0  -9999.0  -9999.0  -9999.0  -9999.0  -9999.0  -9999.0  -9999.0  -9999.0  -9999.0  -9999.0  -9999.0  -9999.0  -9999.0
-9999.0  -9999.0  -9999.0  -9999.0  -9999.0  -9999.0  -9999.0  -9999.0  1.4746816889  7.21294684424  8.63259194893  1.42438032991  2.82148655554  1.39835513093  1.36359719423  1.34454621508  16.297903963  21.68353714  26.4961534707  31.0503118379  1.12503906991  1.27595441123  1.29187629621  277.15981149  279.368130606  280.445241397  41.0543907741  9.08357087702  7.94998946557  1.02600687618  4.25742652782  34.5171761668  1.03842915038  19.0917666853  1.11894409848  7.728182435  7.1380470205  1.16163353207  4.81937750339  2.31863407294  3.44537891259  1.02949965017  0.802579435392  11.8535284194  12.5819855322  12.3253487349  2.4956306205  2.3577769751  2.24618963323  5.05855100739  6.84482922192  0.89024391777  4.94792476012  0.915433386961  1.76190067571  0.859244412479  -9999.0  -9999.0  -9999.0  -9999.0  -9999.0  -9999.0  -9999.0  -9999.0  -9999.0  -9999.0  -9999.0  -9999.0  -9999.0  -9999.0  -9999.0  -9999.0  -9999.0  -9999.0  -9999.0  -9999.0  -9999.0  -9999.0  -9999.0  -9999.0
-9999.0  -9999.0  -9999.0  -9999.0  -9999.0  -9999.0  -9999.0  -9999.0  -9999.0  1.46313437685  10.0628186955  11.4769232259  4.22642099838  7.01030177349  9.71594808911  11.0579588154  1.35114823488  4.10064919666  2.73405709436  1.36024806565  1.37424227626  1.30508654085  2.58277238875  4.32310005744  1.35315978879  323.899694496  325.089627797  1.12314465861  0.918411782194  2.07037687939  3.08392927573  37.5410477305  2.0237040318  20.0342329118  11.9282207292  9.81040628269  1.11077978789  2.26013276866  5.8975390663  1.07236049686  4.4927876614  2.04774542838  1.50788842947  0.782459272662  14.817677887  27.7478531084  3.04310100981  2.92010924552  2.98306055546  0.766523960193  7.59636069932  0.738895303728  6.60608051065  0.834229185692  2.58766267971  4.01469960439  0.449284918176  0.463039339368  0.57888242225  0.638346208054  0.394184695911  -9999.0  -9999.0  0.303953036816  0.296416959453  -9999.0  -9999.0  -9999.0  -9999.0  -9999.0  -9999.0  -9999.0  -9999.0  -9999.0  -9999.0  -9999.0  -9999.0  -9999.0  -9999.0  -9999.0
-9999.0  -9999.0  -9999.0  -9999.0  -9999.0  -9999.0  -9999.0  -9999.0  -9999.0  -9999.0  1.38886332215  14.274994729  1.40550374831  2.79711592121  4.12101700854  6.78322757269  1.35591754247  2.75709294126  1.38193561685  1.34488798704  1.2970302231  2.57315000402  1.19709610019  1.29124662936  2.58471681658  1.36834230825  326.158737039  328.338701452  331.54360521  4.07438311915  1.03856696666  2.06877536518  38.5808757757  37.0075014794  14.0641385928  1.06591222119  4.45415878079  3.3561554133  6.97819280375  2.15011232914  8.62576591178  3.07789964433  2.41762618344  0.78554010951  0.80583010423  28.5233650291  29.1856203759  35.7416132699  5.36242065773  1.57453699761  8.39335503024  9.9113238558  17.2463230579  1.63437318886  0.780430357093  4.55501992626  5.4480910075  0.444193033682  0.852442817357  1.60757737737  0.778493394709  0.385346883404  0.375607468789  0.63345174449  0.612443964841  0.30347246942  -9999.0  -9999.0  -9999.0  -9999.0  -9999.0  -9999.0  -9999.0  -9999.0  -9999.0  -9999.0  -9999.0  -9999.0  -9999.0  -9999.0
-9999.0  -9999.0  -9999.0  -9999.0  -9999.0  -9999.0  -9999.0  -9999.0  -9999.0  -9999.0  -9999.0  0.781550733123  16.0267349469  1.35804421646  2.66090177277  12.085435163  1.3579765098  1.35626270594  1.27478382322  2.65967641737  1.29860980408  5.16114339804  7.548936427  8.68469839248  3.65455696336  4.67279522171  1.12490761228  1.32556168453  1.16216045926  337.623217371  340.624195433  39.502206568  38.8585331427  37.937664752  1.93422808316  0.952674657622  5.46729585057  14.4807018546  8.00283286965  3.17339170219  12.772619385  5.90158166353  4.95762407262  1.61107332485  0.663186344035  0.598067365613  0.615469330361  38.6111480985  46.145454638  0.76110552621  0.699929677392  0.749154703297  17.9756186181  20.335919578  1.44674325113  0.661795304118  5.89221086175  0.875750489806  2.14659883958  4.17482656702  5.32108367538  6.05028252027  1.63396331421  0.949741259151  0.943843646071  0.630473083132  0.284111059025  -9999.0  -9999.0  -9999.0  -9999.0  -9999.0  -9999.0  -9999.0  -9999.0  -9999.0  -9999.0  -9999.0  -9999.0  -9999.0
-9999.0  -9999.0  -9999.0  -9999.0  -9999.0  -9999.0  -9999.0  -9999.0  -9999.0  -9999.0  -9999.0  0.733881425646  17.8136037244  21.9193169674  1.31034855379  14.7057845368  1.2924344337  1.27294936513  2.55588815234  6.50572472174  1.28417577721  1.31439118972  1.1861910248  11.0414018762  12.1816441886  18.0356550392  20.2580748334  21.4216208279  22.502534472  23.7851357616  365.430005733  406.986086895  447.685766665  448.375863453  0.868409986307  0.959040847632  16.5071474003  15.5022537339  1.00920512949  1.00426838331  13.7305648981  20.5998051175  0.900982112542  10.7712312632  9.85948241462  3.08696990813  1.38276420841  2.21280490439  0.748626985428  47.4018609436  0.627632405625  2.08183891121  2.59640689332  24.9850772692  27.1604265791  28.5193999818  35.0772528562  0.638693677247  0.535566840493  0.465839428892  0.410626342569  6.86360359367  8.82213307573  0.340828196546  2.25370078791  0.96622153872  0.537316805883  0.233579466969  0.216913101457  -9999.0  -9999.0  -9999.0  -9999.0  -9999.0  -9999.0  -9999.0  -9999.0  -9999.0  -9999.0  -9999.0
-9999.0  -9999.0  -9999.0  -9999.0  -9999.0  -9999.0  -9999.0  -9999.0  -9999.0  -9999.0  -9999.0  1.43230425219  2.78003702342  23.2549497292  25.7818116706  1.26521544668  16.8617660489  1.15811914644  3.58813034654  7.69672609464  2.50048972067  1.2144492945  2.44597512151  1.08477391504  2.13375721672  1.08043060233  1.05406872895  1.02430505845  0.98990686035  0.985709214878  0.999655072191  1.15713564555  1.21402320066  1.18297348613  451.244086125  19.713929553  18.0363663692  0.741012799472  2.91709820575  0.807001951156  0.693084009051  21.5127717268  35.0632747718  11.7304277074  8.35985459416  1.76423134785  0.754208008589  0.705337438122  1.35558254633  49.3940001619  50.5642450872  0.605629018172  0.614664250398  0.697430151362  0.741685171598  1.41711444177  37.0982910399  38.3573039451  39.5014849279  1.09182539014  0.604547515995  0.497558744869  9.22005831972  9.88387814557  2.53851627958  0.275444386306  0.772551840876  0.434087923413  0.414936862797  -9999.0  -9999.0  -9999.0  -9999.0  -9999.0  -9999.0  -9999.0  -9999.0  -9999.0  -9999.0  -9999.0
-9999.0  -9999.0  -9999.0  -9999.0  -9999.0  -9999.0  -9999.0  -9999.0  -9999.0  -9999.0  -9999.0  -9999.0  1.34707431665  16.9421416808  44.0230611656  47.8956230993  65.8895413234  66.7427321828  17.0420275964  12.641188407  3.73356055481  1.20682026315  4.82258504176  5.9701776071  9.19166357815  2.18733886793  2.12103900169  2.10067136128  4.13815972156  2.02397598138  2.01921846748  1.01032851513  0.956166017528  0.983837377944  452.188955568  472.559880334  473.308135695  0.731328106982  7.83242683414  3.41596654748  0.971394628536  37.9462045891  1.98645083745  1.01371498239  4.2864844057  1.01764204356  0.829936960355  1.52750766565  2.10540555596  2.7151136333  51.5903277547  0.492594060088  0.441218765047  0.445792316303  0.396847448707  0.612298540215  1.44503959755  1.84214585272  42.2785071018  46.3072587745  2.38562730424  1.15545511492  0.637720790019  0.446677372704  13.2177576912  17.7004734176  3.91796540912  2.10629942944  1.35005654931  -9999.0  -9999.0  -9999.0  -9999.0  -9999.0  -9999.0  -9999.0  -9999.0  -9999.0  -9999.0  -9999.0
-9999.0  -9999.0  -9999.0  -9999.0  -9999.0  -9999.0  -9999.0  -9999.0  -9999.0  -9999.0  -9999.0  1.39024030626  12.8570474274  15.6107793164  2.61641809327  0.836820261051  1.93656742372  69.8824947019  70.8102707916  88.6756386244  1.11720446856  2.31754281739  1.06401574887  1.07846535388  10.2405135155  13.4755034368  16.6056167143  0.998771418657  5.13315325902  8.1363984967  4.91633837343  1.95827509514  1.86318327721  1.87099680352  1.77268489278  0.885367347738  473.931226583  474.470204079  483.451553151  1.66083031968  0.876541118654  38.4886321047  2.13544681787  1.0809779496  1.12537558906  1.11614940882  1.02886908802  1.90513650192  5.31681179129  8.68050386568  60.7726851999  0.388768210231  1.16640685103  0.791876791033  0.71075764424  0.336361451082  0.423633682898  0.528785852582  0.462958587527  47.1675432174  0.299381288042  1.01421090715  0.493252630349  0.392521184926  0.271871614932  17.9861661968  0.735173849574  0.363226226077  0.604145437953  0.276692886178  -9999.0  -9999.0  -9999.0  -9999.0  -9999.0  -9999.0  -9999.0  -9999.0  -9999.0  -9999.0
-9999.0  -9999.0  -9999.0  -9999.0  -9999.0  -9999.0  -9999.0  -9999.0  -9999.0  -9999.0  -9999.0  1.4110047041  8.73089596404  1.39419474768  1.30311897096  6.53162842585  7.72296936174  8.93631579356  10.1105321122  120.112804321  121.143008819  123.301060935  139.008451922  142.249644123  144.234037806  145.298065243  164.578850486  167.383485487  168.374270685  177.564398159  183.490091175  184.441983646  188.194208854  2.77699915484  2.66318379752  0.846049748849  0.682226243415  475.081950813  486.371526493  2.38289618973  43.851775038  43.0952984369  4.11348103144  1.01024972229  1.02986919881  1.01118870441  0.970155305967  1.94323564437  2.76647041715  0.76956339434  61.2481253033  61.7456658804  64.1335054242  64.5488981199  65.6451731931  66.3461197965  0.298049136939  0.363745239237  0.350780119727  47.5660939612  48.1974696368  49.5608892682  51.1115079579  0.716233273401  19.2008914597  18.6319234416  0.323879102815  7.49303774979  7.23196220085  0.702747099006  0.40752111518  -9999.0  -9999.0  -9999.0  -9999.0  -9999.0  -9999.0  -9999.0  -9999.0  -9999.0
-9999.0  -9999.0  -9999.0  -9999.0  -9999.0  -9999.0  -9999.0  -9999.0  -9999.0  -9999.0  -9999.0  4.43573250882  5.88257733267  2.8054479623  4.1604321701  1.34319441403  15.2310811963  16.4860048408  18.961582619  20.1484715783  8.45091837391  133.488062913  134.536215921  1.06971846371  0.921595058564  0.922573573289  1.89262806004  0.979023904297  0.914073642561  0.902559227514  0.894167412201  185.426779591  189.152069443  192.719145963  196.092513157  198.847613878  1.27073869834  0.453445469709  532.076524556  45.188237513  44.6283040581  0.89231157678  0.850923716209  0.807555320903  1.87525412327  1.85551409595  0.872473799033  0.874539640143  0.80315300135  1.56781441317  2.06214195953  0.361005874997  0.665155979016  0.297724810264  0.297933536132  66.6499218587  67.2849427226  68.0211384483  68.7594583915  69.1412899233  69.8274763281  70.1253344511  0.27950651469  51.877121465  0.411427724129  27.4540311214  7.91494559783  0.472603417307  6.26079761914  5.34840502735  0.457866917747  -9999.0  -9999.0  -9999.0  -9999.0  -9999.0  -9999.0  -9999.0  -9999.0  -9999.0
-9999.0  -9999.0  -9999.0  -9999.0  -9999.0  -9999.0  -9999.0  -9999.0  -9999.0  -9999.0  -9999.0  -9999.0  3.00212001555  1.42788855326  1.37666583107  12.7315975514  14.0066635716  1.28056319301  5.08881668025  6.28660713715  7.44292471558  1.2243169321  1.01268720712  21.2072608455  22.1027827429  22.9979845269  58.6166366785  59.4679904488  61.2002657715  67.6833664593  72.6284784445  73.4516309729  0.837117832046  0.859438758663  0.763246606204  199.721643495  0.457120663263  539.9735723  539.2369391  6.64210437347  5.96816313761  3.48945603458  0.890352991148  1.60670413719  2.70062925649  2.68212564551  1.71309930663  0.850830424262  1.64155770867  1.61745227332  2.78178718526  0.548984998307  1.21323811906  1.95455136935  2.587058128  2.93770051283  0.328378833083  0.330334910135  0.318279130768  0.322101920464  0.34873931136  70.5202176694  71.1435387612  123.39229801  123.637820762  29.5492549986  1.71863956827  1.12914163601  0.466724761726  4.49390528964  4.09456230276  -9999.0  -9999.0  -9999.0  -9999.0  -9999.0  -9999.0  -9999.0  -9999.0  -9999.0
-9999.0  -9999.0  -9999.0  -9999.0  -9999.0  -9999.0  -9999.0  -9999.0  -9999.0  -9999.0  -9999.0  -9999.0  1.53097083363  4.38392198347  5.77611867999  10.0222271095  1.31139807781  2.64118961648  3.90100332562  14.8428958005  16.0120043871  17.1081422497  18.2130104982  19.2831043469  29.6411230127  32.8195779684  34.7924106349  0.964086839144  4.75774396252  5.70246853009  70.1323158338  74.3216719878  76.1201694261  77.9262186399  79.5410291962  279.714078327  0.321585432892  542.054558181  1.36364974166  0.695168551111  5.11170140587  4.30228230244  0.766327373964  2.36881119267  3.44024563326  3.39302798737  2.39350044315  3.93326781323  6.20710744149  2.30851938986  5.72768184779  0.607809242323  1.05573644917  0.259406548919  0.205080753509  3.51226316376  3.70331160281  0.55592376575  0.564320737909  0.854725533373  0.283055303661  0.273608342411  0.318882228263  173.41231545  173.207113278  49.0266520753  0.546330295008  2.69145488963  2.0870142576  1.35215108618  3.74373898917  2.65635353643  -9999.0  -9999.0  -9999.0  -9999.0  -9999.0  -9999.0  -9999.0  -9999.0
-9999.0  -9999.0  -9999.0  -9999.0  -9999.0  -9999.0  -9999.0  -9999.0  -9999.0  -9999.0  -9999.0  -9999.0  1.4720229213  2.92928243586  1.41104526542  2.83953721276  1.33015612185  9.76241323179  12.3190597302  13.6141455573  1.21080497022  2.38824834578  22.0599054058  27.6727772793  28.6797350909  2.17343071356  2.02375612995  3.00581801903  0.881486240066  0.840390963678  1.60617364322  0.664369498519  33.2182912855  33.9231117895  34.4688536536  280.2944917  546.808163961  542.747261462  1.14037550409  0.513935577562  0.462603638674  1.92200056386  1.44775241993  3.14236102271  4.19550233345  8.34908358858  0.754804689548  0.754228885681  6.91841281518  7.65377748597  14.6444450438  15.0789604304  16.4009539542  16.8888107895  0.422816308474  0.650579207514  3.84886611663  183.519885555  178.986745204  177.917335641  176.594677328  0.21268225537  175.16822961  0.41739592816  0.305830863368  18.5764141917  4.43777892824  4.05250292911  0.73944942859  0.776013440268  0.657057171339  2.21313520703  -9999.0  -9999.0  -9999.0  -9999.0  -9999.0  -9999.0  -9999.0  -9999.0
-9999.0  -9999.0  -9999.0  -9999.0  -9999.0  -9999.0  -9999.0  -9999.0  -9999.0  -9999.0  -9999.0  -9999.0  -9999.0  1.44991800766  2.89153528097  4.32622705964  7.05235722609  1.39512354648  1.31037573535  8.34227146332  9.56395209176  19.7447169547  20.9635623342  3.49718905994  1.18610457493  1.09987098209  0.995817434449  28.560682528  29.4232163724  30.3180649674  31.1172296234  32.5342930416  6.94543429162  7.49804731649  42.41788097  869.825072207  3.51352906576  2.91702379798  1.62863667569  0.413421820697  0.390095960136  2.83638450472  3.17242959415  3.97170165062  0.423163903957  8.88450637431  1.38356526385  1.37258945055  0.380098659188  0.259043902649  0.224490156252  0.177416645325  0.226026025417  17.2135327396  220.48440798  202.248835283  201.771396343  183.685652902  0.281487189889  0.19182710115  0.329931467801  175.481890436  0.663751518583  0.309848671683  0.291701427554  0.280525649336  13.453271524  12.8388129504  1.42378866141  0.725848135676  0.833371643209  0.827552617235  -9999.0  -9999.0  -9999.0  -9999.0  -9999.0  -9999.0  -9999.0  -9999.0
-9999.0  -9999.0  -9999.0  -9999.0  -9999.0  -9999.0  -9999.0  -9999.0  -9999.0  -9999.0  -9999.0  -9999.0  -9999.0  -9999.0  1.4161574718  2.48825042363  3.44579657038  4.42545493089  5.7301901273  7.06032105333  3.94649607483  6.54160437667  1.22105172478  1.19466930301  23.0802468111  25.418309223  26.5155157583  27.649956635  0.910460018643  1.7439714348  4.51108726679  5.46126398597  6.27884790968  0.637014275104  0.392994874573  871.221553204  0.573263561283  0.726701242791  0.349890980034  1.63533330897  0.801166774739  0.3414133397  7.49603358748  7.73076317521  0.224210697674  9.11298862258  10.7562768033  1.70412565399  230.72342335  230.111499639  229.592078303  228.66553466  228.33456173  222.186600614  221.934400302  0.353266892053  17.9773830183  17.0724034186  16.0845070664  15.8140899542  8.35846293496  8.08640100342  7.506031861  1.95892923954  1.69179814234  1.10958715541  0.298109508737  12.3148837653  11.0078318906  0.682933371964  1.30618796656  0.590661974358  -9999.0  -9999.0  -9999.0  -9999.0  -9999.0  -9999.0  -9999.0  -9999.0
-9999.0  -9999.0  -9999.0  -9999.0  -9999.0  -9999.0  -9999.0  -9999.0  -9999.0  -9999.0  -9999.0  -9999.0  -9999.0  -9999.0  0.237050011227  0.547814563015  0.954381990406  8.43638610758  9.81094043168  1.3771397771  1.33020967864  1.3167125724  18.2433132798  20.7558751401  1.21640021139  1.23993692306  1.09061943581  4.44545572056  5.52750421806  2.83584110714  3.70679229007  25.1316383588  26.0524982825  27.3726070875  43.9582597954  915.510789325  0.525547129505  0.302575535851  2.44997602924  2.04938386878  0.30142070194  0.94619646848  1.20985667255  8.01789613386  8.24626023902  19.7015830192  11.015246375  2.01909145488  235.750671234  1.93066658104  229.134531365  228.909955079  5.80388595818  0.334938185819  1.21719704136  0.636294311086  0.501274015156  0.76508966404  0.37979422554  7.20285268151  6.0613272969  0.376403281123  5.32599614601  0.687080520291  0.364103321576  0.810621363841  0.40938737254  0.99104233769  8.88852617689  7.58040486336  0.561296773244  0.839330781387  0.422320351588  -9999.0  -9999.0  -9999.0  -9999.0  -9999.0  -9999.0  -9999.0
-9999.0  -9999.0  -9999.0  -9999.0  -9999.0  -9999.0  -9999.0  -9999.0  -9999.0  -9999.0  -9999.0  -9999.0  -9999.0  -9999.0  1.19460485392  1.96067327217  4.16502293546  7.24433473657  10.6812828213  13.1094695185  14.4299974729  15.7604010969  17.0394240027  1.24663096149  1.1720863629  2.32206702062  2.21581848719  1.1411701751  21.5928705146  22.6585772822  23.6463017384  24.6014424207  14.656147157  15.541000902  16.1766389264  915.790787706  0.887958185395  0.715025088548  3.45749365952  0.403778177157  0.487813691547  0.240308466783  0.245693528736  1.42897409271  0.190763618997  0.204969890882  256.468374998  236.616058133  236.419049102  0.730262782012  1.69828095823  1.13919780212  0.295566411781  5.29856508836  1.59260348502  1.27184619265  0.940764144695  0.648952210069  0.358216400265  0.820304141471  5.7200819189  4.85122171345  4.01549799811  4.29951568722  3.98398957067  3.71054016134  0.304301779829  0.534104923972  0.649780241539  5.67944433621  4.38787918117  2.50805323891  0.351772329606  -9999.0  -9999.0  -9999.0  -9999.0  -9999.0  -9999.0  -9999.0
-9999.0  -9999.0  -9999.0  -9999.0  -9999.0  -9999.0  -9999.0  -9999.0  -9999.0  -9999.0  -9999.0  -9999.0  -9999.0  -9999.0  0.829119705797  0.771023480353  1.50307898392  2.30226815732  1.25744916288  1.44918357624  2.81499510142  4.17424462217  6.77434906069  8.06003251173  9.23496623253  12.7567245196  13.8588328923  15.0253865007  1.0798214429  10.8596187575  11.8500282951  12.8437433971  0.920412938118  0.626145804795  1.06352004295  933.055368875  933.322964072  934.71174564  4.58180084818  0.819042431326  0.86439896972  0.240045169278  0.435909773907  1.6201464609  1.97948296096  0.37520954242  257.343373936  0.252593406944  0.39402216137  0.439867158149  0.30500669465  0.624214558567  0.263354684148  3.36516899839  2.76347936315  2.10818091674  1.09377150365  0.756941753697  0.40983168083  0.454357469098  0.49718895744  0.501277743271  3.6627441355  2.79438574837  1.94162676649  1.06777714936  3.42420216437  2.5133340398  0.541014727191  0.684490690838  0.664173784464  1.22017939532  0.658310798838  -9999.0  -9999.0  -9999.0  -9999.0  -9999.0  -9999.0  -9999.0
-9999.0  -9999.0  -9999.0  -9999.0  -9999.0  -9999.0  -9999.0  -9999.0  -9999.0  -9999.0  -9999.0  -9999.0  -9999.0  -9999.0  -9999.0  0.732046340759  1.45568716359  0.72943552319  1.51541164224  9.56392866258  10.7325699824  12.0752814673  1.29102236098  1.2928111687  2.47177739585  3.67033345194  5.86288000581  6.97933305598  7.67611631933  8.72058807001  0.939131622801  0.934177888255  14.6143575736  15.1947283267  15.5743434949  15.9109584367  13.1023611642  949.226182329  955.850072758  956.183431281  957.353096342  958.702189422  959.334682254  0.187522369067  2.14561602763  257.518970562  0.423281688534  0.216707198403  0.198929791817  0.185185533493  0.333418648729  0.365135391566  0.209130251096  0.295304468495  0.309192796123  0.707120606189  0.350278860717  0.285245811258  1.01462989888  0.715010221668  0.380193184703  0.374628140512  0.408424248436  0.426964317346  0.467905541646  0.626882216766  0.685387470388  1.23750888801  0.41846226567  1.06480453342  0.415767756451  0.451219469875  -9999.0  -9999.0  -9999.0  -9999.0  -9999.0  -9999.0  -9999.0  -9999.0
-9999.0  -9999.0  -9999.0  -9999.0  -9999.0  -9999.0  -9999.0  -9999.0  -9999.0  -9999.0  -9999.0  -9999.0  -9999.0  -9999.0  -9999.0  -9999.0  2.16760410293  2.96489658636  5.29523988777  7.16569328876  1.03167047496  14.5128162263  15.7852999661  17.0363178851  1.21719237404  2.4078699533  1.09177964704  8.08527405843  8.74407435518  9.71354445889  10.7126240161  13.3141971892  13.774592386  0.290613233576  11.8486046947  12.5075497738  12.791836002  14.2318514022  1.75790048032  1.09596762831  0.689426965425  0.678513294859  960.033296944  960.303880021  963.895962786  257.685052295  1.134762765  0.564528045288  0.363065379628  0.132488726602  1.10174882573  0.601863373423  0.193853441721  1.0678604006  0.901836533766  0.180885907154  2.10576254628  1.88284590243  1.3318454654  0.294220194652  0.882198146872  0.635964942393  0.27912522179  0.772933452354  0.4924898882  0.658646517453  0.643948884181  0.390675085101  0.792405959146  4.59265980615  2.36358551797  1.49194577994  0.56798248887  -9999.0  -9999.0  -9999.0  -9999.0  -9999.0  -9999.0  -9999.0
-9999.0  -9999.0  -9999.0  -9999.0  -9999.0  -9999.0  -9999.0  -9999.0  -9999.0  -9999.0  -9999.0  -9999.0  -9999.0  -9999.0  -9999.0  -9999.0  0.81389509884  3.74081299049  4.55371109662  1.10029923393  1.37010913526  2.74880794498  4.05000886591  22.3421474861  1.21026495391  4.85177254469  5.96221119829  7.05974181865  0.689455054265  1.60942465811  2.25640993395  9.38621607206  10.6527360294  10.9175724922  0.32016494515  0.351777646344  0.456710422854  0.839001396149  0.380922720513  0.409610245795  0.619444554381  0.58542619335  0.604882896663  1.26094306173  964.182019592  1222.59322438  1.39908960189  0.323401830955  0.124125593542  3.53102294324  3.24079041976  1.94719767985  1.75607240643  1.33036865962  0.294899334142  0.241415826639  2.32832345983  1.07366534764  0.835657288945  0.263185291076  1.10953652806  2.0095314043  1.74893009386  1.1065520577  0.478984047384  1.79593808616  1.28919936461  0.707346172837  5.66241512833  5.38339700062  0.431561486207  0.40461345633  0.381965436491  0.358412601484  -9999.0  -9999.0  -9999.0  -9999.0  -9999.0  -9999.0
-9999.0  -9999.0  -9999.0  -9999.0  -9999.0  -9999.0  -9999.0  -9999.0  -9999.0  -9999.0  -9999.0  -9999.0  -9999.0  -9999.0  -9999.0  0.676939662033  2.25101541886  0.752445397257  1.32699507986  1.45704406253  2.82434430683  4.16503941973  5.27678221738  28.422361687  29.6037330735  1.20511796382  2.32532669726  3.44978037286  4.30462811646  5.28901862441  8.45243163159  9.03829965382  0.905304161857  0.630206373765  0.559580872671  0.634249808935  0.669135805427  0.688141886947  0.606485042159  0.791086239423  2.03557640452  0.93762531088  0.253137047021  0.243946413209  0.255793317026  0.489147850561  1234.28059909  9.92023595514  4.12345592842  0.290832014684  0.131355729958  0.110838101137  0.443873859265  0.322665864067  0.174908466283  0.173220361039  2.71437834121  4.04426559897  4.46263713842  0.198592006371  3.59122859952  2.29039948917  0.276439906568  0.236671614282  0.438316475724  3.57172095512  1.5513977893  0.924354883455  5.89495515641  0.24132989251  0.283933361459  1.47828187438  0.757244033077  1.24802602385  0.513474135258  -9999.0  -9999.0  -9999.0  -9999.0  -9999.0
-9999.0  -9999.0  -9999.0  -9999.0  -9999.0  -9999.0  -9999.0  -9999.0  -9999.0  -9999.0  -9999.0  -9999.0  -9999.0  -9999.0  0.71779036111  1.37395736484  5.04738874962  0.730811607944  2.39163708377  3.83735638593  5.22404263865  1.39268942083  2.65236081763  3.62839260077  33.9984162867  1.16668560963  2.24808126722  3.34725778274  1.03394993583  2.06571774461  2.94913971065  3.57529821748  70.1520103222  71.3369106264  72.3788973524  76.5074626696  78.4951577898  81.937843299  0.917753325389  2.1554260091  2.5103824949  91.8833492914  92.3943759821  0.229207304244  0.432748883485  0.626761313459  1234.50489213  9.24325379613  4.74490805082  4.58886823649  3.33351965081  2.80531143615  0.586671957091  0.131016711556  0.285456474904  0.157127052566  0.153860311318  0.389278557469  4.72007186246  8.76549629156  3.84766395995  0.775918606362  0.530832388346  0.247137946468  4.80406616753  4.14495178605  0.31563327814  7.35848013578  6.13952013921  0.467055163595  2.80941590562  1.77009483743  1.93076455111  1.62542347875  0.370980731368  -9999.0  -9999.0  -9999.0  -9999.0  -9999.0
-9999.0  -9999.0  -9999.0  -9999.0  -9999.0  -9999.0  -9999.0  -9999.0  -9999.0  -9999.0  -9999.0  -9999.0  -9999.0  -9999.0  0.714807149086  2.17994961304  7.94047101975  11.6723577641  0.665341862041  15.4390163896  21.4631237835  1.33015241053  2.58509851863  3.64737234031  44.349689832  45.1896316892  0.964560035554  5.29767101589  6.22891015036  7.13740667797  62.3388134648  64.7226386181  65.8501501824  0.518306575254  3.00272896019  3.54365729578  1.50966891844  2.14433065718  85.0339543243  88.1230265463  88.6103124961  89.0736544872  92.9664920176  0.280331466625  0.238781723786  1.05428104478  1234.6988444  0.211788324222  0.382285019243  1.12379387189  0.409238711269  2.57681234396  1.84878646808  1.08741369577  0.799551760122  0.34518147374  0.16657160314  0.587116123752  0.192194048276  8.98343466975  1.17845937135  0.968696810527  0.18118479969  0.431592405612  5.01613889355  0.196440235427  0.335670372004  7.70530064535  0.201508289398  3.24433084764  3.05727644939  2.71702719853  2.4922924904  0.272336609066  1.01965947489  0.330442552439  -9999.0  -9999.0  -9999.0  -9999.0
-9999.0  -9999.0  -9999.0  -9999.0  -9999.0  -9999.0  -9999.0  -9999.0  -9999.0  -9999.0  -9999.0  -9999.0  -9999.0  -9999.0  -9999.0  -9999.0  1.51823761107  3.05236072081  13.8772208417  14.6686724832  22.1622193574  22.9638100993  1.30329008645  2.60228589592  6.04224197089  45.8880840672  47.7857942547  48.609442302  0.68863313533  51.7703819247  54.3191140047  1.52522994229  0.524276009069  1.05587757001  2.03705298721  0.475187722805  0.94729023112  2.15593412812  2.65792495842  0.484014613154  0.342931572672  0.680240649397  95.6211308371  96.5307388178  96.7393934736  98.3364681719  1234.87489762  0.147048781552  0.287983792815  0.325918048606  0.315681616371  0.322615757389  0.283539917708  0.533846381742  0.0992906704567  0.269736300889  0.166622767229  0.191709223996  1.02425184  10.5889099476  12.1017950242  12.3416880459  13.1609070028  0.194307035292  5.21340646469  1.06051822801  0.664817828492  7.92074370556  8.33728841748  3.42761318157  3.65404780284  3.06866963045  1.89709464417  1.6377982496  1.36323099601  -9999.0  -9999.0  -9999.0  -9999.0  -9999.0
-9999.0  -9999.0  -9999.0  -9999.0  -9999.0  -9999.0  -9999.0  -9999.0  -9999.0  -9999.0  -9999.0  -9999.0  -9999.0  -9999.0  -9999.0  -9999.0  0.792627615927  0.778347598367  0.782209001136  1.61884458132  0.719044174412  24.3882226982  25.1270305632  1.15779136788  2.365136599  1.15689888477  0.963940749137  0.941176153341  50.4065564676  0.884112031314  1.78721304344  0.769714447595  0.578101239996  0.507579872327  0.407903178312  0.420955590791  1.26282120985  1.71655711456  0.343251521076  0.312624046687  0.656025803368  1.063857498  1.48358820644  0.466004653317  97.0615539605  98.5544733678  1234.99918046  1.07724426505  0.788840192492  0.211972244676  0.487513980717  0.175566164558  0.135943302603  0.681941212061  0.518996843031  0.345474676574  0.0834848749143  0.0925562437162  0.428977679715  0.303303031341  0.209637229552  0.212906078732  0.223248202031  20.4821395822  6.45969664547  0.179236562797  0.31817381044  0.152620115504  19.3053122368  10.7932896319  10.6072027013  3.35168206821  2.4130416542  0.219054130315  -9999.0  -9999.0  -9999.0  -9999.0  -9999.0  -9999.0
-9999.0  -9999.0  -9999.0  -9999.0  -9999.0  -9999.0  -9999.0  -9999.0  -9999.0  -9999.0  -9999.0  -9999.0  -9999.0  -9999.0  -9999.0  -9999.0  -9999.0  -9999.0  0.770342704789  2.33850837301  2.9916616244  3.68682529727  25.7969745228  26.473372784  27.1751776101  28.0437874709  28.9667367681  30.8644930536  31.695270283  32.5522814139  33.2391516118  0.537182204226  0.504238826372  0.513663267799  1.77935106635  0.457438018468  0.431088463373  0.357187788027  1.02851233064  0.393331250135  0.30999127556  0.29040104359  0.262666793922  0.524292574038  0.732368815554  100.0108314  1336.22882484  0.134551951997  0.281319739391  0.182818545485  0.678593238568  0.385453359427  0.273422169504  1.62309320257  0.867614892683  0.269014570471  0.18506038257  0.622689850099  0.105971503152  0.436229787901  0.329242410382  0.592939438347  0.204941997789  0.249256603773  20.6915733329  21.3718059129  25.3718271642  25.2210742265  25.0148375113  0.232780641286  3.32682381128  3.06280003761  0.254834707923  -9999.0  -9999.0  -9999.0  -9999.0  -9999.0  -9999.0  -9999.0
-9999.0  -9999.0  -9999.0  -9999.0  -9999.0  -9999.0  -9999.0  -9999.0  -9999.0  -9999.0  -9999.0  -9999.0  -9999.0  -9999.0  -9999.0  -9999.0  -9999.0  -9999.0  -9999.0  0.662152691644  5.14353306545  10.2472121134  10.9949918276  1.04599497891  2.21232557599  3.43861190229  4.50624475503  11.358834813  11.9651733757  0.580090769772  0.568796860207  34.3547963841  35.3528922308  35.8224774419  2.14423256942  0.335487791544  0.775356218578  1.14394416793  3.36387509298  4.11416375349  4.71423261698  0.555900758174  0.774672226857  0.256627256007  0.499022613957  0.250703873265  1336.67738267  0.120967228048  0.508166783093  0.318839363534  1.11198704458  2.02104766827  2.35708501484  4.04380841263  1.27768107631  1.20433024574  0.950911284138  0.875830905557  0.173766564684  0.503567067512  0.748492428108  0.688323657013  0.108920293668  48.2871648048  47.9584568619  47.7954010186  25.9692691548  0.31717881193  5.16257428226  3.77680583065  2.55195858564  1.62172359739  0.281210986947  -9999.0  -9999.0  -9999.0  -9999.0  -9999.0  -9999.0  -9999.0
-9999.0  -9999.0  -9999.0  -9999.0  -9999.0  -9999.0  -9999.0  -9999.0  -9999.0  -9999.0  -9999.0  -9999.0  -9999.0  -9999.0  -9999.0  -9999.0  -9999.0  -9999.0  0.721775431476  2.28748914207  4.4941612091  5.88243846477  15.2633880511  16.1567056774  2.52375846804  3.75385427791  4.8496748132  5.91972407097  12.7176036558  13.9499329548  25.6009904424  26.5876511467  27.1405819979  36.283864933  39.5939801416  0.776081487374  0.473719144052  0.455800277609  0.866297097322  0.396104908307  5.47289399451  5.76240084628  1.01827562958  1.40487327843  0.328410126276  284.614967918  285.119100317  1622.05577464  1622.73286986  0.120839218704  1.37780371334  0.15635210703  0.128752099745  4.33523878442  5.71927577005  1.133847646  1.04826303328  0.165432409488  0.0867652279391  0.587319891877  49.6559053507  48.8432180216  48.7504241086  48.4841053288  0.221201804292  0.2672662563  0.317399935116  0.336481508246  1.08700381769  0.736690916458  0.696747941553  1.04477436929  0.328959864051  -9999.0  -9999.0  -9999.0  -9999.0  -9999.0  -9999.0  -9999.0
-9999.0  -9999.0  -9999.0  -9999.0  -9999.0  -9999.0  -9999.0  -9999.0  -9999.0  -9999.0  -9999.0  -9999.0  -9999.0  -9999.0  -9999.0  -9999.0  -9999.0  -9999.0  -9999.0  0.815388107056  0.795482351063  1.51964272419  3.61109778178  16.8477852729  1.28943082145  1.2760603365  2.37338964711  3.48423322941  8.87503389669  9.81247685438  0.688089561749  0.62634871745  27.7905245131  28.2744207744  68.3842717719  68.8589087959  0.306877109712  0.278164891424  0.231203067207  0.233179355552  0.235673337181  278.839354361  280.6063515  282.421976332  283.136121992  284.256980138  0.277864266252  1.03912952194  1.26309864191  1624.38893848  1624.48053933  1624.75088283  1625.14155066  1625.44164406  6.01208982982  0.0854323049046  0.327801359427  0.25786307483  0.0673506633191  0.65432711964  49.9794198553  0.245123113647  0.153915280506  1.25153222389  1.10698561693  0.89622938162  0.686799921578  0.376208474798  0.419317916932  0.402179943383  0.363366898361  0.380796253672  -9999.0  -9999.0  -9999.0  -9999.0  -9999.0  -9999.0  -9999.0  -9999.0
-9999.0  -9999.0  -9999.0  -9999.0  -9999.0  -9999.0  -9999.0  -9999.0  -9999.0  -9999.0  -9999.0  -9999.0  -9999.0  -9999.0  -9999.0  -9999.0  -9999.0  -9999.0  -9999.0  -9999.0  0.742249576628  0.770088534523  1.43229614414  19.668643764  20.449180239  1.26294384499  2.35618124394  3.47889290017  4.48555798518  0.942590961839  1.73097940894  52.4579587472  53.0169183378  53.6172836938  57.7817197612  127.186237132  267.67168298  268.366658837  268.985387977  269.584811133  272.022166345  272.78663511  1.42425585563  0.654795831113  0.363963354082  0.691041375277  0.521641232936  0.817203438702  0.246270327887  6.19166932015  6.58788582938  6.91340577631  7.0184084977  1625.59723638  1631.91895119  1632.55972904  0.436902911959  0.0785730879271  0.861016584082  0.732022421142  50.1389576098  0.083093464258  2.35643032856  0.936986526493  0.767357990901  0.547127546891  0.300373062005  0.620846135076  0.320532064285  -9999.0  -9999.0  -9999.0  -9999.0  -9999.0  -9999.0  -9999.0  -9999.0  -9999.0  -9999.0  -9999.0
-9999.0  -9999.0  -9999.0  -9999.0  -9999.0  -9999.0  -9999.0  -9999.0  -9999.0  -9999.0  -9999.0  -9999.0  -9999.0  -9999.0  -9999.0  -9999.0  -9999.0  -9999.0  -9999.0  -9999.0  -9999.0  0.759731063726  1.45550696367  2.1534358326  21.0466999137  0.896045538564  29.423598274  30.5858744754  31.5768734643  32.431147969  49.1841803713  49.9841888232  0.597612527811  3.0383882786  3.66280111149  0.54156795849  139.789270618  138.802190445  0.327099606678  0.725243563797  1.91087566066  0.413009716074  0.423384770958  0.337251001746  0.284662390524  0.228123480103  0.253017591932  5.39821953589  5.65082880162  5.9502324148  0.227961648958  0.207162743439  7.13395998669  7.26063774635  7.34123958451  1632.6597827  1632.75800332  1.08310707647  0.933865318134  52.7298365055  52.6581822399  2.43971821073  0.262081306862  0.142791130566  1.66041609344  1.46429758662  1.23113684349  0.922508904243  0.53658769389  0.251108693535  -9999.0  -9999.0  -9999.0  -9999.0  -9999.0  -9999.0  -9999.0  -9999.0  -9999.0  -9999.0
-9999.0  -9999.0  -9999.0  -9999.0  -9999.0  -9999.0  -9999.0  -9999.0  -9999.0  -9999.0  -9999.0  -9999.0  -9999.0  -9999.0  -9999.0  -9999.0  -9999.0  -9999.0  -9999.0  -9999.0  -9999.0  0.704200655394  0.658251976393  3.40370147  25.8536523384  27.4481080909  28.319714681  1.15093125748  14.5227106485  15.4674317561  15.9048445185  0.76051986258  1.39764133861  1.94428315566  33.1823333559  33.6241030143  34.0078233699  138.097540201  80.7374679322  0.388161870786  0.400268705866  0.389161137957  0.313638645117  3.33643338617  3.96952013164  4.5326095442  4.83441032135  5.12625817138  38.9121498944  39.1234859715  39.4672232939  40.3436283107  43.4031000365  43.511243684  50.9596952509  0.0838588917443  1632.84565595  1632.95467458  1.16935419056  52.7934871058  0.138155522438  0.0682015141368  0.362411192373  2.45535779717  2.32828703849  0.450620163813  0.234693075392  1.09252689696  0.842431670129  0.248974007107  0.221173647461  0.218152846249  -9999.0  -9999.0  -9999.0  -9999.0  -9999.0  -9999.0  -9999.0  -9999.0
-9999.0  -9999.0  -9999.0  -9999.0  -9999.0  -9999.0  -9999.0  -9999.0  -9999.0  -9999.0  -9999.0  -9999.0  -9999.0  -9999.0  -9999.0  -9999.0  -9999.0  -9999.0  -9999.0  -9999.0  -9999.0  -9999.0  1.37460967292  2.08913480075  0.787315978416  1.30654883155  10.1482662889  11.3545643197  12.3425837469  6.60033302451  7.58809915524  8.55719456971  9.19966844898  32.2042952698  32.7777205423  22.0494251099  56.5299793853  56.9787399655  80.3983335208  0.841878156016  0.422100670562  0.321007838074  2.33113335636  2.71603444018  0.245351082889  0.230639503713  37.9273989269  38.4618002183  38.7138587226  0.415231969338  0.623843384272  42.9131385904  0.294281830555  0.857455335434  0.946270962171  52.0750913122  52.1609972808  53.246715945  1687.46327784  53.0081818001  3.20694274286  3.13072715156  3.03951574204  2.57608795396  0.149712920144  1.47926421039  1.32015359508  0.410186307727  0.213537094666  0.445807197554  0.989667075032  0.54280452467  -9999.0  -9999.0  -9999.0  -9999.0  -9999.0  -9999.0  -9999.0  -9999.0
-9999.0  -9999.0  -9999.0  -9999.0  -9999.0  -9999.0  -9999.0  -9999.0  -9999.0  -9999.0  -9999.0  -9999.0  -9999.0  -9999.0  -9999.0  -9999.0  -9999.0  -9999.0  -9999.0  -9999.0  -9999.0  -9999.0  0.685615136623  1.35914266895  5.81446855538  6.63113592397  7.65714091871  4.58742502107  5.61759369439  0.999090167948  20.6352071241  21.5705060383  22.4289900603  0.658526180913  20.9625208802  21.5500877516  0.46264173259  78.2063431332  0.93303391919  0.464556004972  1.26347574368  1.6867039443  0.32964856081  0.277465878988  35.1421954277  37.4407158957  37.750197885  0.323112571612  0.728916525471  0.931461362737  1.14587562286  2.26636403716  0.317043818797  0.708284161252  0.131629200203  0.258432344154  53.0593328796  53.1584063145  1687.58082925  1744.32978518  3.63109904707  0.288179230779  0.160475637559  0.228561309774  0.134793769502  1.6436186353  0.803048908415  0.607367917158  2.70606710783  2.49686869438  1.74399362836  0.375641618184  0.237181379963  -9999.0  -9999.0  -9999.0  -9999.0  -9999.0  -9999.0  -9999.0
-9999.0  -9999.0  -9999.0  -9999.0  -9999.0  -9999.0  -9999.0  -9999.0  -9999.0  -9999.0  -9999.0  -9999.0  -9999.0  -9999.0  -9999.0  -9999.0  -9999.0  -9999.0  -9999.0  -9999.0  -9999.0  -9999.0  0.684339846038  2.15262562016  3.76920207007  0.960995650436  2.2251003652  3.46763354387  16.6075233842  17.7170389784  18.7116264817  0.948433966226  16.3467772391  19.0769290152  19.7977625527  0.635639934887  76.2389512433  77.3023486253  0.500258674462  0.468977381205  0.915323093841  0.38333144355  33.3333558667  34.002011478  34.3783118649  1.45811795678  1.79385194767  0.297182610653  0.52808225787  0.232698727497  1.64466406099  0.231527314596  0.186799977008  0.198340247857  0.195745961354  0.397964960055  0.534816260582  160.93863677  161.213104609  1905.85078389  1906.13701755  1906.3932764  0.239784687301  3.38698507734  3.0921311327  1.2194439141  1.10340723984  0.140846939225  3.18082855838  0.254437369912  0.239891396253  0.207291625781  0.844067277375  0.347814692719  -9999.0  -9999.0  -9999.0  -9999.0  -9999.0  -9999.0
-9999.0  -9999.0  -9999.0  -9999.0  -9999.0  -9999.0  -9999.0  -9999.0  -9999.0  -9999.0  -9999.0  -9999.0  -9999.0  -9999.0  -9999.0  -9999.0  -9999.0  -9999.0  -9999.0  -9999.0  -9999.0  -9999.0  -9999.0  0.760167820863  0.84333381832  1.12880184561  10.6937133937  11.8933658081  15.4941013192  1.11174364583  12.3884049545  14.5209259043  0.962184374484  1.91409000772  0.745641806825  74.3734545669  0.717218868947  1.82149055283  2.24715460409  2.66240737783  30.7962372364  32.2504657358  32.6625703371  0.414261460425  0.773291187315  1.10302323896  0.212410806563  0.194426947202  75.6258421435  75.8150245471  75.9686630219  77.4999046023  77.6853443999  77.9227612081  78.0799011431  131.955157615  132.107439059  160.831258539  0.15944066536  0.183240772753  0.322363043128  1906.79940702  1907.43650668  1911.02035692  1911.09738736  0.22027001043  0.137836245179  3.57610663914  3.44184423657  0.189731893756  0.455151043941  3.37817794226  2.06982317164  1.77781165776  0.463279367647  -9999.0  -9999.0  -9999.0  -9999.0  -9999.0
-9999.0  -9999.0  -9999.0  -9999.0  -9999.0  -9999.0  -9999.0  -9999.0  -9999.0  -9999.0  -9999.0  -9999.0  -9999.0  -9999.0  -9999.0  -9999.0  -9999.0  -9999.0  -9999.0  -9999.0  -9999.0  -9999.0  -9999.0  0.708503327235  1.92702134733  4.09958691215  9.4583657242  1.32389975699  2.5075676444  9.15688249217  10.2799386273  1.10250991658  18.2683401203  19.2691512784  72.0288406797  72.8425126677  0.676574909327  1.27696042394  5.65932348636  25.9085483655  27.796408783  1.04008636422  0.459481151241  0.380489970649  63.9754579435  64.6449761034  65.1796168241  65.7135639004  75.4501806848  0.552651936708  77.3220313077  0.296853955138  0.199861396462  0.367658423135  53.5372209794  53.7569096099  27.9853101817  28.5509302839  0.371646685459  0.181387845449  0.206425232286  0.209963146012  0.318760475668  0.118469758706  2032.86717796  2033.22024156  4.53583462523  3.84635751274  0.153246609991  5.00412596665  4.66092313704  3.98603139621  0.373399546504  0.440918651801  0.499915885297  -9999.0  -9999.0  -9999.0  -9999.0  -9999.0
-9999.0  -9999.0  -9999.0  -9999.0  -9999.0  -9999.0  -9999.0  -9999.0  -9999.0  -9999.0  -9999.0  -9999.0  -9999.0  -9999.0  -9999.0  -9999.0  -9999.0  -9999.0  -9999.0  -9999.0  -9999.0  -9999.0  -9999.0  -9999.0  1.50263086364  2.90869705139  4.20937464824  6.73973055606  7.93919065898  13.0577542291  15.3709473231  16.2669693475  17.2419634361  50.9740795525  51.9246831283  0.734228816316  4.26601089927  5.01795598332  18.9141848277  19.6929645893  1.22151791527  0.524595182286  61.7078610003  62.8727435262  63.3035460718  0.358621990129  8.82987237324  9.13951831619  9.46396444147  0.285889969531  0.218760047846  0.171994762357  0.189491916577  52.7951029618  53.0170995341  0.165651987156  27.8278626542  26.7626441121  26.6149188372  0.149223475501  0.155287293008  0.260934876107  0.384555755143  120.956198783  121.65625338  2037.94983901  0.377658053557  0.120008643037  5.31777048096  0.179321950269  0.810148254808  0.596506791524  0.352067455928  -9999.0  -9999.0  -9999.0  -9999.0  -9999.0  -9999.0  -9999.0
-9999.0  -9999.0  -9999.0  -9999.0  -9999.0  -9999.0  -9999.0  -9999.0  -9999.0  -9999.0  -9999.0  -9999.0  -9999.0  -9999.0  -9999.0  -9999.0  -9999.0  -9999.0  -9999.0  -9999.0  -9999.0  -9999.0  -9999.0  -9999.0  1.47358414734  4.34078941419  5.43891346145  7.93379189785  10.5001511582  11.8589644164  1.19989718501  12.7602684072  48.8137030907  49.9618380081  1.04580813883  1.99618145387  3.63464321635  17.3816436313  18.1937878319  38.9434533001  40.1651895876  60.8911611857  61.2985575415  0.674282729007  7.16180075426  8.1652076567  8.56664521392  0.326442706484  44.5610480836  44.8542935912  45.8696480353  50.5196119553  52.120493104  52.4180735201  0.318230657031  0.541214455137  0.728178433885  23.1687006255  26.3409823967  2.02699503132  1.85459971018  0.231434149184  0.266569271245  120.439228185  0.584891028535  0.283293898027  2038.31831201  0.0679214220266  0.0754227609553  6.46529185798  1.00653444733  0.183525426004  0.235526116118  -9999.0  -9999.0  -9999.0  -9999.0  -9999.0  -9999.0  -9999.0
-9999.0  -9999.0  -9999.0  -9999.0  -9999.0  -9999.0  -9999.0  -9999.0  -9999.0  -9999.0  -9999.0  -9999.0  -9999.0  -9999.0  -9999.0  -9999.0  -9999.0  -9999.0  -9999.0  -9999.0  -9999.0  -9999.0  -9999.0  -9999.0  1.52409326985  1.46304432608  5.50673127291  6.56367233106  1.25837701714  10.2345203503  11.5117716985  1.23722009151  33.6691094679  1.19159866409  7.2469888183  15.6940326936  16.5749396137  34.8067115135  35.5773864382  38.2179235457  0.697379842286  20.1381498748  0.579326035499  1.10349575261  6.75315281872  0.565521789124  10.626569216  43.9717902371  0.446346086174  0.79426863699  3.79093754278  0.398759966326  0.68044280162  0.395584063933  0.240747195372  20.3179156846  22.2357660045  22.9903121761  0.946286293189  0.516704659633  0.991782000012  0.32573273484  119.59484519  119.794848535  0.3511690214  0.132013448235  0.0658324481893  2038.77017139  2046.49277026  7.56939156575  0.992110704794  0.813980029619  0.461387334174  -9999.0  -9999.0  -9999.0  -9999.0  -9999.0  -9999.0  -9999.0
-9999.0  -9999.0  -9999.0  -9999.0  -9999.0  -9999.0  -9999.0  -9999.0  -9999.0  -9999.0  -9999.0  -9999.0  -9999.0  -9999.0  -9999.0  -9999.0  -9999.0  -9999.0  -9999.0  -9999.0  -9999.0  -9999.0  -9999.0  -9999.0  -9999.0  1.44452832125  1.48626302267  1.46198981479  7.55572532448  8.92875211264  15.1258975731  32.5166471025  1.26745065946  3.79107336117  5.02098809937  7.49245800025  2.11257556634  33.9195744346  0.966505826509  1.8627164403  18.6708308939  0.790523545276  3.34816115167  4.37487363727  0.71997430535  0.588704727348  10.2764974243  32.9115046643  0.588657408662  2.16205274712  3.51036390731  0.496035784175  0.411860268245  17.7826570614  19.0073847612  0.843662686269  1.66387510731  0.438002622417  0.707307765903  0.296355151121  0.240577197728  0.225715010331  119.410023397  0.613085549738  -9999.0  -9999.0  0.143036742198  0.257594216289  2046.56174111  2046.6343132  2047.37181318  0.374906570745  -9999.0  -9999.0  -9999.0  -9999.0  -9999.0  -9999.0  -9999.0  -9999.0
-9999.0  -9999.0  -9999.0  -9999.0  -9999.0  -9999.0  -9999.0  -9999.0  -9999.0  -9999.0  -9999.0  -9999.0  -9999.0  -9999.0  -9999.0  -9999.0  -9999.0  -9999.0  -9999.0  -9999.0  -9999.0  -9999.0  -9999.0  -9999.0  -9999.0  -9999.0  1.2174582073  3.73881938145  4.81100346749  13.9616106151  4.67946477958  16.1915379256  10.5786671075  1.26296361256  3.84648796472  6.29759160836  1.09990651361  30.8464606707  12.736682681  16.0431452433  1.89903968768  1.88687467238  0.740431511993  0.7381444718  8.54322383449  9.13878633803  31.1977908366  31.7560238223  1.09568902305  1.66193526124  0.465473045077  13.1209480308  15.5191002573  17.4819828056  0.906571386375  0.418454760336  1.22763058943  0.422252909715  0.337002578328  0.23207998766  116.936082722  117.864240539  118.378200292  0.40998351522  -9999.0  -9999.0  -9999.0  -9999.0  -9999.0  0.0635511497496  2047.44811064  2047.61979887  -9999.0  -9999.0  -9999.0  -9999.0  -9999.0  -9999.0  -9999.0  -9999.0
-9999.0  -9999.0  -9999.0  -9999.0  -9999.0  -9999.0  -9999.0  -9999.0  -9999.0  -9999.0  -9999.0  -9999.0  -9999.0  -9999.0  -9999.0  -9999.0  -9999.0  -9999.0  -9999.0  -9999.0  -9999.0  -9999.0  -9999.0  -9999.0  -9999.0  -9999.0  1.57026012543  1.49309127052  13.0130551368  1.01110886308  3.71734042142  6.73295504847  9.39524018448  1.34445436578  1.29864875984  1.25068966324  28.5092169628  29.7217259269  11.6901769034  2.30775884786  1.09459821347  1.09441329494  6.98385104079  7.9098250066  27.1762162959  28.6691463835  29.9929209774  0.675450365371  0.569770053939  11.8121068171  12.2448746635  12.732510479  2.06130630616  1.04254599325  0.495504461989  0.480837756228  0.370455019937  3.18372335121  3.47205912468  116.407420905  116.705052054  0.690030486426  0.262651475476  0.204467339655  -9999.0  -9999.0  -9999.0  -9999.0  -9999.0  -9999.0  -9999.0  -9999.0  -9999.0  -9999.0  -9999.0  -9999.0  -9999.0  -9999.0  -9999.0  -9999.0
-9999.0  -9999.0  -9999.0  -9999.0  -9999.0  -9999.0  -9999.0  -9999.0  -9999.0  -9999.0  -9999.0  -9999.0  -9999.0  -9999.0  -9999.0  -9999.0  -9999.0  -9999.0  -9999.0  -9999.0  -9999.0  -9999.0  -9999.0  -9999.0  -9999.0  -9999.0  -9999.0  3.07545212739  10.4574052811  5.93438807093  1.39922109892  5.610650641  1.33746108642  4.19876466507  5.41463580123  25.3144094388  27.5435049017  9.40305328456  10.5555314253  1.15793215953  4.90760835875  5.98035153707  16.5410130877  25.5823995655  26.5083056085  0.857830722789  0.666061309666  8.74259030588  9.98955464981  11.3632871584  0.568494181751  1.07649908223  1.60367112315  0.51798037104  1.30742315521  2.10129292138  2.44945238161  2.90340777451  0.317512371518  112.297132357  0.712618634038  0.431832742528  -9999.0  -9999.0  -9999.0  -9999.0  -9999.0  -9999.0  -9999.0  -9999.0  -9999.0  -9999.0  -9999.0  -9999.0  -9999.0  -9999.0  -9999.0  -9999.0  -9999.0  -9999.0
-9999.0  -9999.0  -9999.0  -9999.0  -9999.0  -9999.0  -9999.0  -9999.0  -9999.0  -9999.0  -9999.0  -9999.0  -9999.0  -9999.0  -9999.0  -9999.0  -9999.0  -9999.0  -9999.0  -9999.0  -9999.0  -9999.0  -9999.0  -9999.0  -9999.0  -9999.0  -9999.0  1.56588444593  1.51862958314  2.9467059975  1.42965515965  2.8323628795  2.85396475367  15.7651489511  16.6720630851  2.33581914496  1.30999499846  8.21890798216  2.555509065  3.82476605286  13.3555225098  14.4764444245  15.569095291  8.07136123302  3.16685452114  5.01082341956  6.57732676841  8.20361726991  0.76666744631  0.745903144582  60.0576980397  60.6603782264  61.1742010572  0.484960833621  0.891905640356  0.459145681379  0.345457987066  104.612252671  106.270375676  4.54250203958  4.11530883557  0.416306810067  -9999.0  -9999.0  -9999.0  -9999.0  -9999.0  -9999.0  -9999.0  -9999.0  -9999.0  -9999.0  -9999.0  -9999.0  -9999.0  -9999.0  -9999.0  -9999.0  -9999.0  -9999.0
-9999.0  -9999.0  -9999.0  -9999.0  -9999.0  -9999.0  -9999.0  -9999.0  -9999.0  -9999.0  -9999.0  -9999.0  -9999.0  -9999.0  -9999.0  -9999.0  -9999.0  -9999.0  -9999.0  -9999.0  -9999.0  -9999.0  -9999.0  -9999.0  -9999.0  -9999.0  -9999.0  -9999.0  -9999.0  1.41698257834  1.39844396845  1.46382263543  5.89026899955  14.4003255716  7.11955444755  1.3666525526  5.59476832501  6.93110967284  1.27374545129  11.0742232161  12.2214250015  3.65119768529  5.88268593637  1.11192228238  2.1172640829  0.991162645832  0.791909395015  0.770952272162  58.310334197  58.9899582767  59.4775369019  2.44797050028  64.1192801694  64.5816051141  64.9958941786  65.394330706  66.1414482335  104.343802042  105.007114507  0.981415622943  3.70005695998  0.992327840818  -9999.0  -9999.0  -9999.0  -9999.0  -9999.0  -9999.0  -9999.0  -9999.0  -9999.0  -9999.0  -9999.0  -9999.0  -9999.0  -9999.0  -9999.0  -9999.0  -9999.0  -9999.0
-9999.0  -9999.0  -9999.0  -9999.0  -9999.0  -9999.0  -9999.0  -9999.0  -9999.0  -9999.0  -9999.0  -9999.0  -9999.0  -9999.0  -9999.0  -9999.0  -9999.0  -9999.0  -9999.0  -9999.0  -9999.0  -9999.0  -9999.0  -9999.0  -9999.0  -9999.0  -9999.0  -9999.0  -9999.0  -9999.0  -9999.0  1.47641600163  3.04709311947  3.01195253865  2.96310201788  2.90580622189  4.3105869198  7.20025216341  8.49691966226  9.84689959215  1.24106606802  2.50081687917  1.14763677513  1.08657913747  34.625029212  42.5862399217  44.4664220871  45.3840257994  57.6816451861  0.725128144589  1.33755457229  2.0392596408  11.2574882461  11.7448734017  12.1604782031  26.659504102  33.9165302289  37.8018752747  0.507025615463  0.542210204257  2.24207879256  0.55442117021  -9999.0  -9999.0  -9999.0  -9999.0  -9999.0  -9999.0  -9999.0  -9999.0  -9999.0  -9999.0  -9999.0  -9999.0  -9999.0  -9999.0  -9999.0  -9999.0  -9999.0  -9999.0
-9999.0  -9999.0  -9999.0  -9999.0  -9999.0  -9999.0  -9999.0  -9999.0  -9999.0  -9999.0  -9999.0  -9999.0  -9999.0  -9999.0  -9999.0  -9999.0  -9999.0  -9999.0  -9999.0  -9999.0  -9999.0  -9999.0  -9999.0  -9999.0  -9999.0  -9999.0  -9999.0  -9999.0  -9999.0  -9999.0  -9999.0  -9999.0  1.55135142341  1.53444833787  1.50264282052  1.45851441676  2.94495030194  5.80931422989  5.58175967062  6.86761999662  8.05415120656  18.5974622282  19.7131724695  32.7642624915  33.7595403475  7.07459728252  0.929763276806  10.6883619431  11.4823936784  4.45349681057  8.60725131231  10.1012745263  10.7462422123  0.583815815171  14.1265210915  27.9056115336  33.5800601108  0.510867339825  2.94635430468  0.544470620022  1.70804710476  -9999.0  -9999.0  -9999.0  -9999.0  -9999.0  -9999.0  -9999.0  -9999.0  -9999.0  -9999.0  -9999.0  -9999.0  -9999.0  -9999.0  -9999.0  -9999.0  -9999.0  -9999.0  -9999.0
-9999.0  -9999.0  -9999.0  -9999.0  -9999.0  -9999.0  -9999.0  -9999.0  -9999.0  -9999.0  -9999.0  -9999.0  -9999.0  -9999.0  -9999.0  -9999.0  -9999.0  -9999.0  -9999.0  -9999.0  -9999.0  -9999.0  -9999.0  -9999.0  -9999.0  -9999.0  -9999.0  -9999.0  -9999.0  -9999.0  -9999.0  -9999.0  -9999.0  -9999.0  -9999.0  1.54036230495  1.47023595543  1.43548247456  4.24614458898  4.09770174987  8.05412659444  9.36312770897  1.21786322947  11.9084188086  4.93018638823  6.08175758469  6.71917994946  9.86187114885  2.77410747969  0.89427946353  3.52661559586  0.843668990333  7.60322237556  9.09217603757  13.0399476965  0.68183203682  3.35459649871  1.29983503062  1.88049230469  0.606532641503  1.1667266485  -9999.0  -9999.0  -9999.0  -9999.0  -9999.0  -9999.0  -9999.0  -9999.0  -9999.0  -9999.0  -9999.0  -9999.0  -9999.0  -9999.0  -9999.0  -9999.0  -9999.0  -9999.0  -9999.0
-9999.0  -9999.0  -9999.0  -9999.0  -9999.0  -9999.0  -9999.0  -9999.0  -9999.0  -9999.0  -9999.0  -9999.0  -9999.0  -9999.0  -9999.0  -9999.0  -9999.0  -9999.0  -9999.0  -9999.0  -9999.0  -9999.0  -9999.0  -9999.0  -9999.0  -9999.0  -9999.0  -9999.0  -9999.0  -9999.0  -9999.0  -9999.0  -9999.0  -9999.0  -9999.0  -9999.0  -9999.0  1.44062525357  1.36930991738  2.74587488635  2.68991840624  6.90291945196  9.44361343515  2.57097229769  3.74529715216  3.49863658359  5.69637449471  2.13996756203  1.9303425615  1.89869390277  0.831663770493  4.44582941807  6.88418766133  0.78282330478  3.24575079811  1.44299867459  1.26568003812  0.650185327688  0.62482709882  0.650305359394  -9999.0  -9999.0  -9999.0  -9999.0  -9999.0  -9999.0  -9999.0  -9999.0  -9999.0  -9999.0  -9999.0  -9999.0  -9999.0  -9999.0  -9999.0  -9999.0  -9999.0  -9999.0  -9999.0  -9999.0
-9999.0  -9999.0  -9999.0  -9999.0  -9999.0  -9999.0  -9999.0  -9999.0  -9999.0  -9999.0  -9999.0  -9999.0  -9999.0  -9999.0  -9999.0  -9999.0  -9999.0  -9999.0  -9999.0  -9999.0  -9999.0  -9999.0  -9999.0  -9999.0  -9999.0  -9999.0  -9999.0  -9999.0  -9999.0  -9999.0  -9999.0  -9999.0  -9999.0  -9999.0  -9999.0  -9999.0  -9999.0  -9999.0  -9999.0  1.39409002493  2.84297480578  5.59983303016  1.30723425039  1.31225191414  1.19216003375  2.39412611964  1.12531690531  1.07926697949  1.00527156204  0.986612991095  1.85099157823  3.66998777519  1.71692075212  1.74507613586  2.53207615327  0.756261265119  0.630422154399  -9999.0  -9999.0  -9999.0  -9999.0  -9999.0  -9999.0  -9999.0  -9999.0  -9999.0  -9999.0  -9999.0  -9999.0  -9999.0  -9999.0  -9999.0  -9999.0  -9999.0  -9999.0  -9999.0  -9999.0  -9999.0  -9999.0  -9999.0
-9999.0  -9999.0  -9999.0  -9999.0  -9999.0  -9999.0  -9999.0  -9999.0  -9999.0  -9999.0  -9999.0  -9999.0  -9999.0  -9999.0  -9999.0  -9999.0  -9999.0  -9999.0  -9999.0  -9999.0  -9999.0  -9999.0  -9999.0  -9999.0  -9999.0  -9999.0  -9999.0  -9999.0  -9999.0  -9999.0  -9999.0  -9999.0  -9999.0  -9999.0  -9999.0  -9999.0  -9999.0  -9999.0  -9999.0  -9999.0  1.41806441566  1.37686809367  -9999.0  -9999.0  -9999.0  -9999.0  -9999.0  -9999.0  -9999.0  -9999.0  0.935340457159  0.901778443937  0.822985870114  0.83451058602  -9999.0  -9999.0  -9999.0  -9999.0  -9999.0  -9999.0  -9999.0  -9999.0  -9999.0  -9999.0  -9999.0  -9999.0  -9999.0  -9999.0  -9999.0  -9999.0  -9999.0  -9999.0  -9999.0  -9999.0  -9999.0  -9999.0  -9999.0  -9999.0  -9999.0  -9999.0
-9999.0  -9999.0  -9999.0  -9999.0  -9999.0  -9999.0  -9999.0  -9999.0  -9999.0  -9999.0  -9999.0  -9999.0  -9999.0  -9999.0  -9999.0  -9999.0  -9999.0  -9999.0  -9999.0  -9999.0  -9999.0  -9999.0  -9999.0  -9999.0  -9999.0  -9999.0  -9999.0  -9999.0  -9999.0  -9999.0  -9999.0  -9999.0  -9999.0  -9999.0  -9999.0  -9999.0  -9999.0  -9999.0  -9999.0  -9999.0  -9999.0  -9999.0  -9999.0  -9999.0  -9999.0  -9999.0  -9999.0  -9999.0  -9999.0  -9999.0  -9999.0  -9999.0  -9999.0  -9999.0  -9999.0  -9999.0  -9999.0  -9999.0  -9999.0  -9999.0  -9999.0  -9999.0  -9999.0  -9999.0  -9999.0  -9999.0  -9999.0  -9999.0  -9999.0  -9999.0  -9999.0  -9999.0  -9999.0  -9999.0  -9999.0  -9999.0  -9999.0  -9999.0  -9999.0  -9999.0
-9999.0  -9999.0  -9999.0  -9999.0  -9999.0  -9999.0  -9999.0  -9999.0  -9999.0  -9999.0  -9999.0  -9999.0  -9999.0  -9999.0  -9999.0  -9999.0  -9999.0  -9999.0  -9999.0  -9999.0  -9999.0  -9999.0  -9999.0  -9999.0  -9999.0  -9999.0  -9999.0  -9999.0  -9999.0  -9999.0  -9999.0  -9999.0  -9999.0  -9999.0  -9999.0  -9999.0  -9999.0  -9999.0  -9999.0  -9999.0  -9999.0  -9999.0  -9999.0  -9999.0  -9999.0  -9999.0  -9999.0  -9999.0  -9999.0  -9999.0  -9999.0  -9999.0  -9999.0  -9999.0  -9999.0  -9999.0  -9999.0  -9999.0  -9999.0  -9999.0  -9999.0  -9999.0  -9999.0  -9999.0  -9999.0  -9999.0  -9999.0  -9999.0  -9999.0  -9999.0  -9999.0  -9999.0  -9999.0  -9999.0  -9999.0  -9999.0  -9999.0  -9999.0  -9999.0  -9999.0
-9999.0  -9999.0  -9999.0  -9999.0  -9999.0  -9999.0  -9999.0  -9999.0  -9999.0  -9999.0  -9999.0  -9999.0  -9999.0  -9999.0  -9999.0  -9999.0  -9999.0  -9999.0  -9999.0  -9999.0  -9999.0  -9999.0  -9999.0  -9999.0  -9999.0  -9999.0  -9999.0  -9999.0  -9999.0  -9999.0  -9999.0  -9999.0  -9999.0  -9999.0  -9999.0  -9999.0  -9999.0  -9999.0  -9999.0  -9999.0  -9999.0  -9999.0  -9999.0  -9999.0  -9999.0  -9999.0  -9999.0  -9999.0  -9999.0  -9999.0  -9999.0  -9999.0  -9999.0  -9999.0  -9999.0  -9999.0  -9999.0  -9999.0  -9999.0  -9999.0  -9999.0  -9999.0  -9999.0  -9999.0  -9999.0  -9999.0  -9999.0  -9999.0  -9999.0  -9999.0  -9999.0  -9999.0  -9999.0  -9999.0  -9999.0  -9999.0  -9999.0  -9999.0  -9999.0  -9999.0
-9999.0  -9999.0  -9999.0  -9999.0  -9999.0  -9999.0  -9999.0  -9999.0  -9999.0  -9999.0  -9999.0  -9999.0  -9999.0  -9999.0  -9999.0  -9999.0  -9999.0  -9999.0  -9999.0  -9999.0  -9999.0  -9999.0  -9999.0  -9999.0  -9999.0  -9999.0  -9999.0  -9999.0  -9999.0  -9999.0  -9999.0  -9999.0  -9999.0  -9999.0  -9999.0  -9999.0  -9999.0  -9999.0  -9999.0  -9999.0  -9999.0  -9999.0  -9999.0  -9999.0  -9999.0  -9999.0  -9999.0  -9999.0  -9999.0  -9999.0  -9999.0  -9999.0  -9999.0  -9999.0  -9999.0  -9999.0  -9999.0  -9999.0  -9999.0  -9999.0  -9999.0  -9999.0  -9999.0  -9999.0  -9999.0  -9999.0  -9999.0  -9999.0  -9999.0  -9999.0  -9999.0  -9999.0  -9999.0  -9999.0  -9999.0  -9999.0  -9999.0  -9999.0  -9999.0  -9999.0
-9999.0  -9999.0  -9999.0  -9999.0  -9999.0  -9999.0  -9999.0  -9999.0  -9999.0  -9999.0  -9999.0  -9999.0  -9999.0  -9999.0  -9999.0  -9999.0  -9999.0  -9999.0  -9999.0  -9999.0  -9999.0  -9999.0  -9999.0  -9999.0  -9999.0  -9999.0  -9999.0  -9999.0  -9999.0  -9999.0  -9999.0  -9999.0  -9999.0  -9999.0  -9999.0  -9999.0  -9999.0  -9999.0  -9999.0  -9999.0  -9999.0  -9999.0  -9999.0  -9999.0  -9999.0  -9999.0  -9999.0  -9999.0  -9999.0  -9999.0  -9999.0  -9999.0  -9999.0  -9999.0  -9999.0  -9999.0  -9999.0  -9999.0  -9999.0  -9999.0  -9999.0  -9999.0  -9999.0  -9999.0  -9999.0  -9999.0  -9999.0  -9999.0  -9999.0  -9999.0  -9999.0  -9999.0  -9999.0  -9999.0  -9999.0  -9999.0  -9999.0  -9999.0  -9999.0  -9999.0
-9999.0  -9999.0  -9999.0  -9999.0  -9999.0  -9999.0  -9999.0  -9999.0  -9999.0  -9999.0  -9999.0  -9999.0  -9999.0  -9999.0  -9999.0  -9999.0  -9999.0  -9999.0  -9999.0  -9999.0  -9999.0  -9999.0  -9999.0  -9999.0  -9999.0  -9999.0  -9999.0  -9999.0  -9999.0  -9999.0  -9999.0  -9999.0  -9999.0  -9999.0  -9999.0  -9999.0  -9999.0  -9999.0  -9999.0  -9999.0  -9999.0  -9999.0  -9999.0  -9999.0  -9999.0  -9999.0  -9999.0  -9999.0  -9999.0  -9999.0  -9999.0  -9999.0  -9999.0  -9999.0  -9999.0  -9999.0  -9999.0  -9999.0  -9999.0  -9999.0  -9999.0  -9999.0  -9999.0  -9999.0  -9999.0  -9999.0  -9999.0  -9999.0  -9999.0  -9999.0  -9999.0  -9999.0  -9999.0  -9999.0  -9999.0  -9999.0  -9999.0  -9999.0  -9999.0  -9999.0
