ncols                  80
nrows                 72
xllcorner      4374000.0
yllcorner      5656000.0
cellsize            500
NODATA_value       -9999
-9999.0  -9999.0  -9999.0  -9999.0  -9999.0  -9999.0  -9999.0  -9999.0  -9999.0  -9999.0  -9999.0  -9999.0  1.70238304816  1.19874533485  -9999.0  -9999.0  -9999.0  -9999.0  -9999.0  -9999.0  -9999.0  -9999.0  -9999.0  -9999.0  -9999.0  -9999.0  -9999.0  -9999.0  -9999.0  -9999.0  -9999.0  -9999.0  -9999.0  -9999.0  -9999.0  -9999.0  -9999.0  -9999.0  -9999.0  -9999.0  -9999.0  -9999.0  -9999.0  -9999.0  -9999.0  -9999.0  -9999.0  -9999.0  -9999.0  -9999.0  -9999.0  -9999.0  -9999.0  -9999.0  -9999.0  -9999.0  -9999.0  -9999.0  -9999.0  -9999.0  -9999.0  -9999.0  -9999.0  -9999.0  -9999.0  -9999.0  -9999.0  -9999.0  -9999.0  -9999.0  -9999.0  -9999.0  -9999.0  -9999.0  -9999.0  -9999.0  -9999.0  -9999.0  -9999.0  -9999.0
-9999.0  -9999.0  -9999.0  -9999.0  -9999.0  -9999.0  -9999.0  -9999.0  -9999.0  -9999.0  -9999.0  -9999.0  3.41214719195  7.03816988323  1.0344740438  -9999.0  0.758568360975  -9999.0  -9999.0  -9999.0  -9999.0  -9999.0  -9999.0  -9999.0  -9999.0  -9999.0  -9999.0  -9999.0  -9999.0  -9999.0  -9999.0  -9999.0  -9999.0  -9999.0  -9999.0  -9999.0  -9999.0  -9999.0  -9999.0  -9999.0  -9999.0  -9999.0  -9999.0  -9999.0  -9999.0  -9999.0  -9999.0  -9999.0  -9999.0  -9999.0  -9999.0  -9999.0  -9999.0  -9999.0  -9999.0  -9999.0  -9999.0  -9999.0  -9999.0  -9999.0  -9999.0  -9999.0  -9999.0  -9999.0  -9999.0  -9999.0  -9999.0  -9999.0  -9999.0  -9999.0  -9999.0  -9999.0  -9999.0  -9999.0  -9999.0  -9999.0  -9999.0  -9999.0  -9999.0  -9999.0
-9999.0  -9999.0  -9999.0  -9999.0  -9999.0  -9999.0  -9999.0  -9999.0  -9999.0  -9999.0  1.72252510004  1.67831339732  1.70633285245  1.64012560569  10.2581444078  11.4792736312  2.18722594331  0.701123959637  -9999.0  -9999.0  -9999.0  -9999.0  -9999.0  -9999.0  -9999.0  -9999.0  -9999.0  -9999.0  -9999.0  -9999.0  -9999.0  -9999.0  -9999.0  -9999.0  -9999.0  -9999.0  -9999.0  -9999.0  -9999.0  -9999.0  -9999.0  -9999.0  -9999.0  -9999.0  -9999.0  -9999.0  -9999.0  -9999.0  -9999.0  -9999.0  -9999.0  -9999.0  -9999.0  -9999.0  -9999.0  -9999.0  -9999.0  -9999.0  -9999.0  -9999.0  -9999.0  -9999.0  -9999.0  -9999.0  -9999.0  -9999.0  -9999.0  -9999.0  -9999.0  -9999.0  -9999.0  -9999.0  -9999.0  -9999.0  -9999.0  -9999.0  -9999.0  -9999.0  -9999.0  -9999.0
-9999.0  -9999.0  -9999.0  -9999.0  -9999.0  -9999.0  -9999.0  -9999.0  -9999.0  1.6985538022  3.39480253653  6.73122893222  3.32019514256  1.62717222359  3.22987700558  13.0943118049  17.1145815319  0.839651912066  -9999.0  1.68669659221  -9999.0  -9999.0  -9999.0  -9999.0  1.51049335064  0.753207199182  -9999.0  -9999.0  -9999.0  -9999.0  -9999.0  -9999.0  -9999.0  -9999.0  -9999.0  -9999.0  -9999.0  -9999.0  -9999.0  -9999.0  -9999.0  -9999.0  -9999.0  -9999.0  -9999.0  -9999.0  -9999.0  -9999.0  -9999.0  -9999.0  -9999.0  -9999.0  -9999.0  -9999.0  -9999.0  -9999.0  -9999.0  -9999.0  -9999.0  -9999.0  -9999.0  -9999.0  -9999.0  -9999.0  -9999.0  -9999.0  -9999.0  -9999.0  -9999.0  -9999.0  -9999.0  -9999.0  -9999.0  -9999.0  -9999.0  -9999.0  -9999.0  -9999.0  -9999.0  -9999.0
-9999.0  -9999.0  -9999.0  -9999.0  -9999.0  -9999.0  -9999.0  -9999.0  1.77568562092  5.20034973363  6.86510117763  8.53316483104  11.6695323524  1.60316867083  6.39012933474  7.9856007872  27.6505780209  1.4296704028  1.58990324834  3.27325347454  4.82028435951  1.58204749558  -9999.0  4.16647819206  3.39264622913  0.990207420685  -9999.0  -9999.0  -9999.0  -9999.0  -9999.0  -9999.0  -9999.0  -9999.0  -9999.0  -9999.0  -9999.0  -9999.0  -9999.0  -9999.0  -9999.0  -9999.0  -9999.0  -9999.0  -9999.0  -9999.0  -9999.0  -9999.0  -9999.0  -9999.0  -9999.0  -9999.0  -9999.0  -9999.0  -9999.0  -9999.0  -9999.0  -9999.0  -9999.0  -9999.0  -9999.0  -9999.0  -9999.0  -9999.0  -9999.0  -9999.0  -9999.0  -9999.0  -9999.0  -9999.0  -9999.0  -9999.0  -9999.0  -9999.0  -9999.0  -9999.0  -9999.0  -9999.0  -9999.0  -9999.0
-9999.0  -9999.0  -9999.0  -9999.0  -9999.0  -9999.0  1.82389052497  1.74325506407  1.69240205596  1.6982989238  1.7059141115  11.9347798998  25.2499880156  26.8938174143  28.4014198602  1.47066391061  30.6281455909  32.1794045359  3.14981700123  1.55501612387  6.34536251692  11.0452016551  1.52429570778  8.63505149727  1.60184604476  1.54612913983  1.64412398916  -9999.0  -9999.0  -9999.0  -9999.0  -9999.0  -9999.0  -9999.0  -9999.0  -9999.0  -9999.0  -9999.0  -9999.0  -9999.0  -9999.0  -9999.0  -9999.0  -9999.0  -9999.0  -9999.0  -9999.0  -9999.0  -9999.0  -9999.0  -9999.0  -9999.0  -9999.0  -9999.0  -9999.0  -9999.0  -9999.0  -9999.0  -9999.0  -9999.0  -9999.0  -9999.0  -9999.0  -9999.0  -9999.0  -9999.0  -9999.0  -9999.0  -9999.0  -9999.0  -9999.0  -9999.0  -9999.0  -9999.0  -9999.0  -9999.0  -9999.0  -9999.0  -9999.0  -9999.0
-9999.0  -9999.0  -9999.0  -9999.0  -9999.0  -9999.0  3.59955420645  5.33273800879  12.2022648849  17.2446351073  1.63360587967  1.64977455822  1.60576328101  4.76692559777  34.7172220859  1.49033427666  33.7164662674  39.6347519524  4.6436921304  3.06376307921  12.5557510705  1.570035317  10.1802344443  3.15294740387  1.58560529395  3.10699266264  3.24391698243  1.60337450759  1.60879028046  1.60235905474  1.61303661123  3.24462985959  -9999.0  -9999.0  -9999.0  -9999.0  -9999.0  -9999.0  -9999.0  -9999.0  -9999.0  -9999.0  -9999.0  -9999.0  -9999.0  -9999.0  -9999.0  -9999.0  -9999.0  -9999.0  -9999.0  -9999.0  -9999.0  -9999.0  -9999.0  -9999.0  -9999.0  -9999.0  -9999.0  -9999.0  -9999.0  -9999.0  -9999.0  -9999.0  -9999.0  -9999.0  -9999.0  -9999.0  -9999.0  -9999.0  -9999.0  -9999.0  -9999.0  -9999.0  -9999.0  -9999.0  -9999.0  -9999.0  -9999.0  -9999.0
-9999.0  -9999.0  -9999.0  -9999.0  -9999.0  1.80752193143  3.57888761146  1.74617619393  3.45898435007  18.9646031991  22.2855190899  25.5820419918  78.6365319243  1.56910723431  36.314189709  126.591224508  127.72364075  169.259475538  1.22315097714  4.57944652786  14.0764955193  1.51617715987  27.4787398595  15.780271245  9.53959968983  7.95685578717  1.59137684691  4.78838170766  4.74637870401  3.17559048853  1.56425886316  4.8425452944  1.56574226564  1.56500988873  -9999.0  -9999.0  -9999.0  -9999.0  -9999.0  -9999.0  -9999.0  -9999.0  -9999.0  -9999.0  -9999.0  -9999.0  -9999.0  -9999.0  -9999.0  -9999.0  -9999.0  -9999.0  -9999.0  -9999.0  -9999.0  -9999.0  -9999.0  -9999.0  -9999.0  -9999.0  -9999.0  -9999.0  -9999.0  -9999.0  -9999.0  -9999.0  -9999.0  -9999.0  -9999.0  -9999.0  -9999.0  -9999.0  -9999.0  -9999.0  -9999.0  -9999.0  -9999.0  -9999.0  -9999.0  -9999.0
-9999.0  -9999.0  -9999.0  -9999.0  -9999.0  1.80084584947  5.32010781333  10.6415930241  12.3506607042  24.5407404518  26.2127676216  31.3174035945  51.4722308342  82.872441141  85.9138895609  87.3281356036  2.88245893892  174.300831306  176.845204444  184.357817891  232.025938971  32.0724905566  29.0400552552  11.1017785916  1.53101754578  9.44351333677  6.34955370079  1.54678994342  6.26321204243  1.46739107552  2.98175155318  7.90577356022  9.43638147573  3.09816170313  1.53160055562  1.53732059863  -9999.0  -9999.0  -9999.0  -9999.0  0.874509083816  0.725903663551  -9999.0  -9999.0  -9999.0  -9999.0  -9999.0  -9999.0  -9999.0  -9999.0  -9999.0  -9999.0  -9999.0  -9999.0  -9999.0  -9999.0  -9999.0  -9999.0  -9999.0  -9999.0  -9999.0  -9999.0  -9999.0  -9999.0  -9999.0  -9999.0  -9999.0  -9999.0  -9999.0  -9999.0  -9999.0  -9999.0  -9999.0  -9999.0  -9999.0  -9999.0  -9999.0  -9999.0  -9999.0  -9999.0
-9999.0  -9999.0  -9999.0  -9999.0  -9999.0  1.7872933288  1.75807537782  7.04917337094  8.75673567232  10.4941009853  1.71609925756  3.42370243778  18.959291135  3.39016375145  1.65635056953  1.6235188527  1.54647026532  1.63091475053  1.59373448092  1.59588522135  233.569795418  238.141675903  1.51362481143  4.56233228338  3.05596245658  10.9749954962  3.09084935223  1.52152359154  7.80346240918  2.89782250894  6.88065520577  16.879379898  15.5759322852  4.62836108554  4.60216770705  1.53194250117  1.53601568631  -9999.0  -9999.0  1.54032192466  2.04661213946  4.28493713726  0.761325183798  -9999.0  -9999.0  -9999.0  -9999.0  -9999.0  -9999.0  -9999.0  -9999.0  -9999.0  -9999.0  -9999.0  -9999.0  -9999.0  -9999.0  -9999.0  -9999.0  -9999.0  -9999.0  -9999.0  -9999.0  -9999.0  -9999.0  -9999.0  -9999.0  -9999.0  -9999.0  -9999.0  -9999.0  -9999.0  -9999.0  -9999.0  -9999.0  -9999.0  -9999.0  -9999.0  -9999.0  -9999.0
-9999.0  -9999.0  -9999.0  -9999.0  -9999.0  -9999.0  1.79537418597  1.7680938598  3.54950972077  5.29808816087  12.1489619201  15.6087831029  17.3215734001  1.76543254862  1.60335765603  20.1160614848  24.9615129153  26.5666126489  32.9908462754  34.5634296236  1.5559629919  239.687587235  247.237136987  6.02626951925  1.32286573193  12.4445598216  27.8867635817  10.8485266832  2.97566506542  1.48074570821  26.6511806917  18.3629456893  1.48336172063  1.48574911208  6.09762370399  4.56382042618  1.5162804294  1.53307625548  1.51458091699  3.0367412461  1.49873585168  5.22864169497  6.72773439598  1.473522834  -9999.0  -9999.0  -9999.0  -9999.0  1.56356966404  1.5315619129  0.42274125408  -9999.0  -9999.0  -9999.0  -9999.0  -9999.0  -9999.0  -9999.0  -9999.0  -9999.0  -9999.0  -9999.0  -9999.0  -9999.0  -9999.0  -9999.0  -9999.0  -9999.0  -9999.0  -9999.0  -9999.0  -9999.0  -9999.0  -9999.0  -9999.0  -9999.0  -9999.0  -9999.0  -9999.0  -9999.0
-9999.0  -9999.0  -9999.0  -9999.0  -9999.0  -9999.0  -9999.0  1.8202691548  1.67859087835  3.40519581568  5.14102159973  1.74808614311  1.69705679513  10.206924336  13.5580550624  16.9147396482  1.62612632786  3.25079838955  1.6003823264  36.1232613782  78.9314317693  79.8520245574  329.853504979  1.53273362631  3.99638056311  1.30670642761  29.3945174849  1.49734544021  4.47172186953  1.47743503481  28.1257787079  29.5886243297  2.9621104679  2.9479323158  15.1936334463  7.59410761895  3.04952874442  1.52731128169  3.03797023856  4.54188699437  7.51664255063  1.50066207618  9.7149589099  11.1944165368  1.43641611052  1.49725525867  1.48152123209  1.44757092012  1.41066913099  4.54009012744  1.80990329746  1.21639762984  -9999.0  -9999.0  -9999.0  -9999.0  -9999.0  -9999.0  -9999.0  -9999.0  -9999.0  -9999.0  -9999.0  -9999.0  -9999.0  -9999.0  -9999.0  -9999.0  -9999.0  -9999.0  -9999.0  -9999.0  -9999.0  -9999.0  -9999.0  -9999.0  -9999.0  -9999.0  -9999.0  -9999.0
-9999.0  -9999.0  -9999.0  -9999.0  -9999.0  -9999.0  -9999.0  -9999.0  3.48429534366  5.15953897506  1.72502535354  3.44967370001  5.1402421373  8.5669785274  1.73197492245  1.70805935318  1.60252308775  1.626029892  1.58998861158  39.6757529006  1.60573558119  3.19714983948  334.179494742  337.950102603  2.26600929429  8.42430326421  39.4049007576  2.96167238192  5.9030271797  2.89405233081  4.30004607847  35.4039365947  4.39475919739  22.4716985401  18.0916764517  1.44658110262  7.5337199534  3.01573232162  4.5229411258  1.49300660323  9.03008227811  12.0352073478  13.4610357426  14.8636690364  16.8576793175  2.85292314567  2.86361368805  2.80295589661  2.72847915675  5.90317858063  1.32906400288  4.3817531484  5.64583111401  -9999.0  -9999.0  -9999.0  -9999.0  -9999.0  -9999.0  -9999.0  -9999.0  -9999.0  -9999.0  -9999.0  -9999.0  -9999.0  -9999.0  -9999.0  -9999.0  -9999.0  -9999.0  -9999.0  -9999.0  -9999.0  -9999.0  -9999.0  -9999.0  -9999.0  -9999.0  -9999.0
-9999.0  -9999.0  -9999.0  -9999.0  -9999.0  -9999.0  -9999.0  -9999.0  1.76511578255  8.65714942515  10.368687376  1.71993579868  3.42616057492  1.70921394222  1.67896894114  1.65358974406  20.1262851412  26.8877654193  33.0116781055  38.7206655078  1.47982184466  1.59914156038  1.94887817195  345.329164882  349.17647457  351.292959998  53.5491332593  11.9762207572  10.3536430445  1.43286200667  5.71099268992  42.538164629  1.42659294816  23.9051344612  1.4424562858  9.69571076234  9.03304800532  1.47860804569  5.99504309047  2.96347781613  4.42176101826  1.51756928848  1.40606661452  16.260813436  17.6201803582  18.2142364254  4.24269832293  4.16396822208  4.07487808984  7.26542308029  9.92325349974  1.32219737609  6.91215622049  1.2820744253  2.50783055109  1.24262938087  -9999.0  -9999.0  -9999.0  -9999.0  -9999.0  -9999.0  -9999.0  -9999.0  -9999.0  -9999.0  -9999.0  -9999.0  -9999.0  -9999.0  -9999.0  -9999.0  -9999.0  -9999.0  -9999.0  -9999.0  -9999.0  -9999.0  -9999.0  -9999.0
-9999.0  -9999.0  -9999.0  -9999.0  -9999.0  -9999.0  -9999.0  -9999.0  -9999.0  1.73843980601  12.0815373585  13.804945069  5.15138003756  8.57760134361  11.9355522148  13.6139792863  1.67086301441  5.15023372657  3.38017733997  1.65196870316  1.67081697394  1.61685206221  3.32490177448  5.85170752975  2.29200411858  409.045288029  411.313550098  2.16563458813  1.56921792812  2.83558451733  4.22599286504  46.7338437408  2.80492263439  25.2673219147  15.252727789  12.4212027082  1.45946976541  2.92560578396  7.42712127694  1.42405885116  5.83138713517  2.93376083953  2.70025500177  1.31086945125  21.6317768531  41.1611001563  5.5042870399  5.43561234166  5.34135643892  1.24694159337  11.1551031969  1.21846790189  9.43437109149  1.22788519146  3.73472393011  6.18358751252  1.0514181568  1.06928484273  1.113771045  1.08545401467  0.950534583275  -9999.0  -9999.0  0.841475496877  0.773076896335  -9999.0  -9999.0  -9999.0  -9999.0  -9999.0  -9999.0  -9999.0  -9999.0  -9999.0  -9999.0  -9999.0  -9999.0  -9999.0  -9999.0  -9999.0
-9999.0  -9999.0  -9999.0  -9999.0  -9999.0  -9999.0  -9999.0  -9999.0  -9999.0  -9999.0  1.68837882091  17.2084824249  1.72833995452  3.45167676572  5.11815561441  8.50524532023  1.730470572  3.50316005329  1.73710360583  1.72201205321  1.653379508  3.29388277991  1.59881206554  1.90826014674  4.23932928246  2.32909297485  413.284796731  417.518196213  423.455918156  5.89492787186  1.39625575191  2.78314443826  48.1386052247  47.5390031656  18.1239612373  1.43121107512  5.81430207033  4.36944479099  8.86237929052  2.8558605999  11.5959752197  4.34677467131  4.07067950938  1.27821486863  1.35663515357  42.5741797892  43.926926482  56.1611792417  9.17704852484  2.5473360284  12.446930489  14.9241576843  25.5540848929  2.44494627928  1.16679975969  7.36343721337  9.45865950191  1.04361797437  2.01840419952  3.14996468109  1.88376865623  0.935263576894  0.914451719762  1.68541530953  1.55788722965  0.783105333459  -9999.0  -9999.0  -9999.0  -9999.0  -9999.0  -9999.0  -9999.0  -9999.0  -9999.0  -9999.0  -9999.0  -9999.0  -9999.0  -9999.0
-9999.0  -9999.0  -9999.0  -9999.0  -9999.0  -9999.0  -9999.0  -9999.0  -9999.0  -9999.0  -9999.0  0.901882439718  19.2717089911  1.70863166894  3.37052735958  15.2834347494  1.75293953254  1.76100689052  1.66361166945  3.39337795725  1.6200802072  6.53888484346  9.74618245856  11.320036959  5.89581428293  7.88887101465  2.20004421743  2.3415602789  2.06901977873  432.557229893  437.01697776  49.5261469533  50.236426757  48.8917902883  2.78423685147  1.37474138225  7.20761556211  18.8748333107  10.2769481327  4.26913549409  17.2642502023  9.18572208339  7.81101469136  2.50489020076  1.23309928276  1.20835811444  1.23887160083  61.3222591852  74.4482350437  1.25360785751  1.19265640642  1.2151242389  26.7227987602  30.3148277185  2.24239884192  1.0741793453  10.4200951702  1.96302010336  4.87846749365  8.96886623917  11.7430291518  13.5474320406  4.20922493468  2.49781504793  2.34958191872  1.54315878065  0.739232160361  -9999.0  -9999.0  -9999.0  -9999.0  -9999.0  -9999.0  -9999.0  -9999.0  -9999.0  -9999.0  -9999.0  -9999.0  -9999.0
-9999.0  -9999.0  -9999.0  -9999.0  -9999.0  -9999.0  -9999.0  -9999.0  -9999.0  -9999.0  -9999.0  0.859987322251  21.4128329971  26.5113352022  1.65709324825  18.6245995259  1.68520635731  1.67053420403  3.26776891638  8.27189421141  1.60726756241  1.63363380874  1.58619979324  14.5142494176  16.0597784858  25.5231966448  29.3738366528  31.2988627621  33.4178704128  35.5098755085  474.45206209  527.762823841  581.614623414  583.134825056  1.60967116475  1.39084476943  21.6622987313  20.2790698687  1.39391316696  1.38880877749  18.5905893702  29.1766423162  1.31286481372  15.913189842  14.6716830656  5.01131416726  2.50338106099  3.82885741368  1.38154765618  77.075616259  1.30659086605  3.71069305717  4.89453302042  38.8860193013  42.1399865631  44.2694614511  55.6524757759  0.959363753972  0.947874538633  0.923385245432  0.866749693586  15.3239353611  20.3600150511  0.857620955236  5.48787712583  2.32703396845  1.4465488467  0.633062039935  0.585199752319  -9999.0  -9999.0  -9999.0  -9999.0  -9999.0  -9999.0  -9999.0  -9999.0  -9999.0  -9999.0  -9999.0
-9999.0  -9999.0  -9999.0  -9999.0  -9999.0  -9999.0  -9999.0  -9999.0  -9999.0  -9999.0  -9999.0  1.75220799901  3.42632442801  28.1787395242  31.4532688103  1.65650345182  21.557559257  1.59691417312  4.83388602806  9.85881672529  3.19013962356  1.58191513748  3.19056311083  1.54701829441  3.00126274542  1.45576863099  1.39817638268  1.307313697  1.25634148939  1.36223613536  1.57647031883  1.9285772314  2.11871889733  2.16792055571  588.627084989  28.6902446569  25.4312788325  1.81473959854  4.14991448748  1.09662334417  0.871354515926  30.529053933  50.5467873994  17.3307428553  12.2270988648  2.53933052433  1.27651387289  1.25445367185  2.55816600091  80.9671407089  83.5508817905  1.30826023071  1.29953428155  1.29353521274  1.07968244523  1.95685849752  58.450595283  60.3363542724  62.1917675242  1.8356263586  0.905226990892  0.888296699909  21.2123708922  22.8431432476  6.19231798538  0.715708981864  2.09761332871  1.2134718086  1.12919483208  -9999.0  -9999.0  -9999.0  -9999.0  -9999.0  -9999.0  -9999.0  -9999.0  -9999.0  -9999.0  -9999.0
-9999.0  -9999.0  -9999.0  -9999.0  -9999.0  -9999.0  -9999.0  -9999.0  -9999.0  -9999.0  -9999.0  -9999.0  1.70145889916  20.955064949  54.0559927691  58.9895757319  82.0915967783  83.3309225891  22.2839233944  16.2417846248  4.79354259569  1.57585792956  6.31185509737  7.85397307487  12.3189664989  2.94093249835  2.83451886126  2.75500993963  5.42698085313  2.76591640747  2.95005207323  1.29783765646  1.215547943  1.54881086396  590.404090848  619.961774169  621.699358711  1.90787060123  12.5550307664  4.70844560947  1.39077140108  54.7650965683  2.87829051887  1.45680966824  5.85341265422  1.37215682185  1.39859820254  2.75456377539  4.01517853237  5.31333346355  85.9963431221  1.20695893784  1.13660030727  1.14092752057  1.01186556556  0.993206922046  2.49760560943  3.00692521589  66.6885338119  73.0778001699  3.65504544189  1.82646825893  0.9376271488  0.882403942057  30.7717718626  42.2487189251  10.0044658372  5.45964992738  3.44968513301  -9999.0  -9999.0  -9999.0  -9999.0  -9999.0  -9999.0  -9999.0  -9999.0  -9999.0  -9999.0  -9999.0
-9999.0  -9999.0  -9999.0  -9999.0  -9999.0  -9999.0  -9999.0  -9999.0  -9999.0  -9999.0  -9999.0  1.75906313001  15.8723448423  19.2978801592  3.3114892622  0.986711443095  2.3940679453  87.3568844319  88.7404726699  112.225742416  1.51964395064  3.08854783601  1.46241742548  1.47929149663  13.7856545065  18.1921508218  22.4288835789  1.39746311379  6.81583127479  10.9521487881  6.92705276801  2.64354548429  2.47481358981  2.69415545912  2.93265533595  1.80367857681  623.33044797  624.983890688  640.867908522  2.64613555168  1.32217458796  55.6974958478  2.9610786736  1.50206522038  1.51015987579  1.4983478497  1.47011263829  2.90799593741  8.50854739914  15.177883817  102.369483484  1.07028016471  3.18297778573  2.13197162152  1.9371343072  0.955070184138  0.982790145465  0.971092301159  0.661248118051  74.3244039054  0.703306363446  1.44453236078  0.749369113229  0.781050175082  0.699502030526  42.999307071  1.6686981332  0.799481345566  1.55876376309  0.753560809157  -9999.0  -9999.0  -9999.0  -9999.0  -9999.0  -9999.0  -9999.0  -9999.0  -9999.0  -9999.0
-9999.0  -9999.0  -9999.0  -9999.0  -9999.0  -9999.0  -9999.0  -9999.0  -9999.0  -9999.0  -9999.0  1.7841696729  10.6670090519  1.72610151427  1.65523097638  8.03022146435  9.60734740796  11.2320672613  12.821008399  151.986689076  153.293581551  156.158125873  176.873852387  181.415315039  184.325285146  185.828878832  212.081166288  215.90216973  217.292890074  229.677453528  238.030442414  239.385102188  244.458718574  3.99894208856  4.11757894768  1.4871992616  1.68842693222  626.579543991  646.80287735  4.19865015799  63.5781097379  62.3730287628  5.83688830972  1.45125473213  1.46327559454  1.44853300442  1.42240364441  2.85913627812  4.24803355631  1.41149522596  103.54903913  104.746826873  111.165123835  112.253197092  115.223459701  117.183793099  0.869211955326  0.907522820809  0.811408099025  75.1569155461  76.6064322133  78.8168703498  81.7935766268  1.50766662939  46.0496029108  44.6276862468  0.813404896921  15.3975961384  14.6671236921  1.64930876304  0.875681619036  -9999.0  -9999.0  -9999.0  -9999.0  -9999.0  -9999.0  -9999.0  -9999.0  -9999.0
-9999.0  -9999.0  -9999.0  -9999.0  -9999.0  -9999.0  -9999.0  -9999.0  -9999.0  -9999.0  -9999.0  5.36049004829  7.11114309559  3.4183600693  5.10004588202  1.67176908898  18.9358319649  20.5856216459  23.8613835282  25.3535602754  11.1538720814  169.496714057  170.836362773  1.56695218977  1.4269852848  1.3768580108  2.82575558383  1.37590574596  1.25404058862  1.19745988946  1.22142156169  240.677690466  245.770787438  250.966820743  256.199214184  262.388735065  3.21563864348  1.477429604  714.796372753  66.3152790683  64.816879988  1.33406943983  1.33311877894  1.30560650192  2.79727958564  2.78897854353  1.32663578728  1.32770039656  1.25588622432  2.65200051416  3.81018897988  1.00726419172  1.88309665885  0.846140408948  0.741380695197  117.980439103  119.698760297  121.502982456  123.22293198  124.10585038  125.618168134  126.315887694  0.652148541013  83.2811604365  0.773976106363  63.1904175793  16.3517385359  1.07564747453  12.2697734584  10.2943369006  0.919422403064  -9999.0  -9999.0  -9999.0  -9999.0  -9999.0  -9999.0  -9999.0  -9999.0  -9999.0
-9999.0  -9999.0  -9999.0  -9999.0  -9999.0  -9999.0  -9999.0  -9999.0  -9999.0  -9999.0  -9999.0  -9999.0  3.60113138153  1.72715894593  1.70095258386  15.6553535719  17.3248947158  1.66367370784  6.70694339316  8.29261500154  9.81629764788  1.57856024359  1.58717469652  28.1051743068  29.5909964011  31.053103058  79.5609508135  80.8904401937  83.3762164611  93.19611495  100.377968279  101.590618065  1.07894501604  1.0944963018  1.04193457862  264.851838232  1.30901341522  729.369777078  726.909080457  10.6077670451  9.05156487548  5.28475833186  1.33665379313  2.60032163316  4.11656902936  4.10984260896  2.62402579904  1.29555206276  2.5457968528  2.48851005332  4.96718628821  0.780559245638  2.74233422093  4.6551465984  6.20382884176  7.00548412592  0.763304422435  0.766415024848  0.739595777317  0.745334622054  0.761222239086  127.12492149  128.427519323  212.183039899  212.479903814  66.738900394  3.04170967187  2.15265037429  1.02917271755  8.50312872953  7.61791889878  -9999.0  -9999.0  -9999.0  -9999.0  -9999.0  -9999.0  -9999.0  -9999.0  -9999.0
-9999.0  -9999.0  -9999.0  -9999.0  -9999.0  -9999.0  -9999.0  -9999.0  -9999.0  -9999.0  -9999.0  -9999.0  1.81897974524  5.30412971201  7.00976224152  12.282063476  1.71180468623  3.42147089096  5.09619068957  18.8304539329  20.3339512698  21.6559775101  23.2650107014  24.9653029252  39.1887991241  44.1390697603  47.1532557748  1.39864495223  7.30429995501  8.61185434009  96.8236265731  102.824012909  105.113097739  107.361331436  109.828971418  375.927843312  0.950300134719  734.327984381  2.87470445671  1.35699970583  7.74309722262  6.50359485721  1.15060174268  3.80572211296  5.31806893902  5.31215278464  3.7909504984  6.26268535867  9.9345707466  3.63622341345  9.69951293834  1.01990305991  1.69393217626  0.779208078387  0.675064240593  8.49646974028  9.10027754195  1.38489830547  1.33568979795  2.00696142016  0.658627198657  0.657883078074  0.594171039442  314.184840777  313.925952498  100.787585277  0.845525283772  4.5362256072  3.53004929975  2.39259837599  6.77600210595  4.58348671416  -9999.0  -9999.0  -9999.0  -9999.0  -9999.0  -9999.0  -9999.0  -9999.0
-9999.0  -9999.0  -9999.0  -9999.0  -9999.0  -9999.0  -9999.0  -9999.0  -9999.0  -9999.0  -9999.0  -9999.0  1.79461358945  3.56075179755  1.71278603202  3.48973186373  1.70596889298  12.1222706402  15.4837667174  17.1930066099  1.62454763145  3.15820670498  28.6968413102  36.1599579542  37.5782019506  3.31073542147  3.24900368317  4.76378203517  1.27307406623  1.24979095314  2.4156488361  1.09298931706  44.7933731286  45.8890991701  47.2922911505  376.836885953  744.145131872  735.882369204  2.47140571874  0.983122014964  0.931373327642  3.29736801379  2.25913128365  4.89385520842  6.47183283621  12.9917285679  1.19255360065  1.19356107479  11.0649017709  12.2158940381  24.0895266645  25.151388954  27.6248782803  29.1348290954  1.37124426803  2.07838146596  9.63190311694  339.235590086  327.709503464  324.986747888  321.653687327  0.651341241969  317.914622418  0.716730841112  0.38669666347  32.7702357244  7.60234025465  6.70953802593  1.14351938512  1.19095705  1.21574058249  3.64245525795  -9999.0  -9999.0  -9999.0  -9999.0  -9999.0  -9999.0  -9999.0  -9999.0
-9999.0  -9999.0  -9999.0  -9999.0  -9999.0  -9999.0  -9999.0  -9999.0  -9999.0  -9999.0  -9999.0  -9999.0  -9999.0  1.7780951769  3.52338130309  5.24865649485  8.69532163957  1.75924973009  1.69621514622  10.8816349911  12.5055629227  25.7301605984  27.3094161242  4.55671572465  1.67130277702  1.68615787019  1.62136444708  37.5393828876  38.916321454  40.2368070152  41.4305321516  43.6938953818  10.3716734728  11.6252651811  60.180781354  1181.57779823  7.29991557302  6.47229997139  3.46233202774  0.859406157407  0.847406993974  5.18857062819  6.06028317515  6.81228762338  0.963615118163  14.0067717909  2.20070538368  2.18354614465  0.883158326508  0.780538008161  0.724160176983  0.630989630989  0.703143360644  29.8855705072  413.521319856  381.061463861  380.078638657  339.795202881  0.731853841416  0.597028708008  0.802139581381  318.768886869  1.70779109948  0.821311872911  0.832751985044  0.743772372869  23.886179576  22.3895071291  2.21575243128  1.12659087502  1.24207161564  1.23410827727  -9999.0  -9999.0  -9999.0  -9999.0  -9999.0  -9999.0  -9999.0  -9999.0
-9999.0  -9999.0  -9999.0  -9999.0  -9999.0  -9999.0  -9999.0  -9999.0  -9999.0  -9999.0  -9999.0  -9999.0  -9999.0  -9999.0  1.75531772586  3.17507773354  4.47139336174  5.81175988928  7.50134721006  9.20965314333  5.11381922018  8.43440094311  1.60211115766  1.60683629412  29.593714788  32.7928333051  34.3300335345  35.9840908358  1.51018999623  2.89166455101  6.99777147942  8.28141188913  9.37205024622  1.25902885577  1.12537838774  1184.19255301  0.869968480744  1.633938441  0.774815955282  3.09634384879  1.52753048351  0.783024009657  13.7249512317  14.4130514745  0.713404393091  14.7147172023  17.7023451193  2.99172191453  439.02655866  437.388541296  435.821176876  432.95173599  431.727836691  415.938154641  415.380223687  0.490185792769  39.8467205791  37.8589985924  35.5493736291  34.8270447918  19.2833246017  18.5577663905  17.0846938407  5.38346501915  4.60578048097  2.8996494346  0.730206654202  21.4368159225  18.5901869734  1.07103571403  2.18869804208  1.03966761861  -9999.0  -9999.0  -9999.0  -9999.0  -9999.0  -9999.0  -9999.0  -9999.0
-9999.0  -9999.0  -9999.0  -9999.0  -9999.0  -9999.0  -9999.0  -9999.0  -9999.0  -9999.0  -9999.0  -9999.0  -9999.0  -9999.0  0.27256608789  0.661224216626  1.26558433644  10.426980094  12.1902429251  1.74963652561  1.70901831435  1.66872882293  23.1459404453  26.4057227618  1.60018496425  1.64286063412  1.53567135261  6.1228277468  7.63229247448  4.46911721341  5.6247061251  33.6899742572  34.9654973307  37.2543192671  60.7238845947  1245.37374479  0.819316701877  0.724580237476  4.41715258902  3.74142105981  0.688566992939  2.17511681658  2.84669321771  15.1561278098  15.8337043729  35.5324482697  18.3120730233  3.41104312602  450.905944652  6.06646150502  434.356253336  433.66546159  14.5999779472  0.626927470455  1.53879360259  0.781421400253  1.24831174439  1.6438356422  0.820551796424  14.8401431319  12.3652095391  0.819964042943  10.9953263263  1.76908962515  0.946730224429  2.01932887766  1.01465845327  2.0824610271  15.3274839265  13.350913362  0.989936530668  1.93538752673  0.986954795747  -9999.0  -9999.0  -9999.0  -9999.0  -9999.0  -9999.0  -9999.0
-9999.0  -9999.0  -9999.0  -9999.0  -9999.0  -9999.0  -9999.0  -9999.0  -9999.0  -9999.0  -9999.0  -9999.0  -9999.0  -9999.0  1.4322535312  2.32621088968  5.09789354019  8.84373649336  13.3400623604  16.4876115752  18.1860730396  19.8802520412  21.5424050215  1.63194548604  1.58836135442  3.16226756793  3.07530359062  1.53905555704  28.7401654356  30.2345849878  31.6610321761  33.0371708511  19.942116582  21.299889611  22.402959427  1245.75845333  1.30959277316  1.7184325411  6.48991743211  0.582874846255  1.2445752486  0.60773198517  0.641497816343  3.44055261706  0.618606581424  0.649963305177  489.473111662  453.366018489  452.719695215  1.93522124312  5.39498031138  3.64620784261  1.00915057603  13.4426246545  4.43894925736  3.35624326613  2.35150236514  1.55904460601  0.807112316444  1.69812687268  11.5711988194  9.83428317824  8.12406830626  8.3908983607  7.60038092441  6.82669925923  0.887401284421  1.09697534412  1.04643427696  10.2049889658  8.22964591071  5.3305163671  0.882760826764  -9999.0  -9999.0  -9999.0  -9999.0  -9999.0  -9999.0  -9999.0
-9999.0  -9999.0  -9999.0  -9999.0  -9999.0  -9999.0  -9999.0  -9999.0  -9999.0  -9999.0  -9999.0  -9999.0  -9999.0  -9999.0  1.00647006696  0.917365898631  1.77847809353  2.7656028337  1.58900711861  1.72949704182  3.43570233841  5.14293251868  8.44589298191  10.1003998507  11.7320582062  16.5337402312  18.0758572454  19.6386932821  1.50295771572  14.8529731697  16.239067389  17.5358351149  1.16645164264  0.763923478125  1.26284440748  1268.83640119  1269.20251823  1271.27890601  7.95648128638  1.09812496683  2.07758499497  0.644824491808  1.17247260581  3.97300175052  5.11672580925  1.2223346908  492.227902557  0.803576498436  1.08583249627  1.16816028829  0.951801630299  1.80237312243  0.816769809028  7.86210509964  6.35866072915  4.82699568303  2.46419791738  1.6667264167  0.861589328645  0.887069904889  0.919052951738  0.921286023271  7.31018419369  5.54085341065  3.77894611234  1.95654715198  6.01492899035  4.11756147405  1.04343169983  1.08667548734  0.958840129262  2.45820982728  1.6009085507  -9999.0  -9999.0  -9999.0  -9999.0  -9999.0  -9999.0  -9999.0
-9999.0  -9999.0  -9999.0  -9999.0  -9999.0  -9999.0  -9999.0  -9999.0  -9999.0  -9999.0  -9999.0  -9999.0  -9999.0  -9999.0  -9999.0  0.862681922231  1.72906980886  0.903295250812  1.88493065522  11.985531518  13.5573131352  15.2864885069  1.64745790339  1.65308795386  3.29422439774  4.91365599987  8.00986761733  9.54504726169  10.3892489798  11.8582516991  1.35276272225  1.29766497613  19.8685659364  20.5569545437  21.0064601923  21.4212089315  17.3359238996  1290.34170472  1301.02161753  1301.44076731  1303.90925155  1306.1440545  1308.12873964  0.694328728737  5.68095714846  492.936847277  1.78364947586  0.903821161188  0.765529868533  0.631135602959  1.15540120984  1.18226042277  0.628606869005  0.718372940351  0.736670461861  1.60057931764  0.80808491015  0.749861839178  2.43064898949  1.6571294458  0.850533608881  0.845925419777  0.869349364387  0.88138078583  0.937422599257  1.01985205563  0.983549338862  2.09958430367  0.868130123098  1.95019677197  0.903287063423  0.910949697373  -9999.0  -9999.0  -9999.0  -9999.0  -9999.0  -9999.0  -9999.0  -9999.0
-9999.0  -9999.0  -9999.0  -9999.0  -9999.0  -9999.0  -9999.0  -9999.0  -9999.0  -9999.0  -9999.0  -9999.0  -9999.0  -9999.0  -9999.0  -9999.0  2.5786005689  3.59590692941  6.51619132129  8.94695992899  1.3804995599  18.4111344709  20.0578177905  21.7368298811  1.67320030325  3.31934108126  1.56542626175  11.1830470154  12.000151676  13.3058428451  14.6993035089  18.2594783589  18.786490944  0.337850109024  15.7802005301  16.590526154  16.9512212147  18.6797245329  2.34233107531  1.55413119919  1.04652599603  1.00986131934  1309.8601052  1310.81677763  1320.18659255  493.690926478  4.44917039964  1.96061585651  1.30973797812  0.481135635456  3.53289049988  1.82865113298  0.594299496637  3.07420822921  2.52401996941  0.578291673799  5.31645905691  4.66077429797  3.20119773678  0.748254837293  2.24591052309  1.55537081988  0.734190942108  1.64470544036  0.908680528179  0.92286859871  0.915108395224  0.783511876657  1.62348960465  9.2074761308  4.82599998358  2.96179539106  1.07048301984  -9999.0  -9999.0  -9999.0  -9999.0  -9999.0  -9999.0  -9999.0
-9999.0  -9999.0  -9999.0  -9999.0  -9999.0  -9999.0  -9999.0  -9999.0  -9999.0  -9999.0  -9999.0  -9999.0  -9999.0  -9999.0  -9999.0  -9999.0  1.00980824345  4.55657751877  5.5785837369  1.47469376134  1.73257552559  3.42859158391  5.0786967478  28.4808059696  1.66079974063  6.65094154172  8.22526198302  9.77551273483  0.865023059908  2.11447339603  2.93869241849  12.7152883837  14.3188186256  14.6514407995  0.394992629714  0.423851128566  0.534881973937  0.975512072111  0.43248982326  0.472235304315  1.014689029  0.762819857554  0.983831560099  2.88595463438  1321.15191208  1817.46357878  5.3183251417  0.557649655594  0.458385373202  10.6923848071  9.67755056148  5.56140973237  4.98154102783  3.75268118502  0.707719432593  0.659671584009  5.97184518111  2.8681549726  2.19226605163  0.713389921011  2.94480652427  4.6913906039  3.91375058808  2.39781270259  0.852865483853  2.7151826821  1.84287674429  1.50796989914  11.6241178881  10.9742567433  0.931538633502  0.894637699769  0.853865493992  0.813696422563  -9999.0  -9999.0  -9999.0  -9999.0  -9999.0  -9999.0
-9999.0  -9999.0  -9999.0  -9999.0  -9999.0  -9999.0  -9999.0  -9999.0  -9999.0  -9999.0  -9999.0  -9999.0  -9999.0  -9999.0  -9999.0  0.813684721848  2.78586890617  0.948600348679  1.73120201886  1.81728616363  3.54730296508  5.22689551438  6.73185914119  36.3509388976  37.9937965228  1.66652826758  3.24996608306  4.83231066564  5.96068166684  7.28667008827  11.3646189828  12.2727693087  1.12935017724  0.873468497225  0.785559313643  1.16668433197  1.0283520886  0.954577876221  0.799323151786  0.912348880242  3.60462336765  1.69648184157  0.82177242807  0.801028805227  0.870955839923  1.71417299391  1848.77324096  25.4834463381  12.4362846972  0.789015420035  0.34360336599  0.38260014051  1.43111152256  1.02934072702  0.54523640789  0.54259353095  7.10833904394  10.6075250146  11.7951873092  0.587198731098  8.94373877038  5.39907997371  0.624070874681  0.570310572727  1.11018452922  5.82609196517  2.50130087601  2.08130373586  12.2292478836  0.630630373987  0.702065425663  3.33088459682  1.6842832056  2.63763559323  0.996081337453  -9999.0  -9999.0  -9999.0  -9999.0  -9999.0
-9999.0  -9999.0  -9999.0  -9999.0  -9999.0  -9999.0  -9999.0  -9999.0  -9999.0  -9999.0  -9999.0  -9999.0  -9999.0  -9999.0  0.861622121469  1.65056149121  6.21134960816  0.94512237317  3.23352381434  5.05648316569  6.85542235024  1.77253695415  3.44199126044  4.8265937072  43.9470936868  1.63634575754  3.19245963587  4.73786227364  1.46133493144  2.90770659739  4.03361432474  4.97574839429  97.1796814866  99.0193298303  100.694630375  108.090229549  111.225398771  117.201061458  1.78022841483  3.75144901431  4.59580824406  136.989764854  138.7023609  0.78103974467  1.57569596402  2.34998566631  1849.4947443  24.4636270021  11.1213018386  10.7586896033  8.60636816209  7.67464813336  1.90529317322  0.437503572118  0.952403414386  0.513405532391  0.469134010797  1.03843861242  12.391057894  22.5342246986  9.60416268148  1.80481564518  1.2183000742  0.613772576383  8.8440541943  7.14579560142  0.680021127172  15.6069067434  12.8662604213  1.23015744896  6.68716112763  4.04566436073  4.21420519714  3.47840978806  0.823893428398  -9999.0  -9999.0  -9999.0  -9999.0  -9999.0
-9999.0  -9999.0  -9999.0  -9999.0  -9999.0  -9999.0  -9999.0  -9999.0  -9999.0  -9999.0  -9999.0  -9999.0  -9999.0  -9999.0  0.855274325453  2.60334932971  9.66819402196  14.1685683287  0.883818352546  19.0266205259  26.9824799948  1.74260304111  3.40881445526  4.88922328586  57.9505232387  59.2529129105  1.58213531692  7.93090159994  9.45920901515  10.7196788027  85.8489277149  89.2886232335  91.1318187849  0.886158036286  5.21138690095  6.15305111616  2.93622850387  4.21111799101  123.43107897  129.208536254  130.327362154  131.428201058  140.494150318  0.886972088208  0.816905954357  3.88608588912  1850.19080973  0.52137806696  0.62046577352  1.82257011104  0.625487460432  6.97858903796  5.61505086933  3.24242912475  2.39392619323  1.01067213334  0.501514681794  1.54853571061  0.468093298314  23.0494613915  2.76839482337  2.27119200489  0.438652900657  1.06276825407  9.34986626829  0.463737983444  0.420249509951  16.1274831506  0.502267998416  7.80115981391  7.30385049874  6.13194989451  5.55920515558  0.658809706537  2.30655433797  0.748988447306  -9999.0  -9999.0  -9999.0  -9999.0
-9999.0  -9999.0  -9999.0  -9999.0  -9999.0  -9999.0  -9999.0  -9999.0  -9999.0  -9999.0  -9999.0  -9999.0  -9999.0  -9999.0  -9999.0  -9999.0  1.80858242204  3.65022499442  16.9254151828  17.9273365215  27.8795512866  28.9820134175  1.69893902206  3.38884371022  8.16984414031  60.3544411244  63.4936772822  64.999572791  1.31467391855  70.3505871391  73.991088998  2.23294796871  0.891643681935  1.81051030939  3.51569404951  0.829178261962  1.71598323507  4.0941097776  5.13134106687  0.917231097933  0.766152217815  1.58003610343  145.513506188  147.080907049  147.849176625  153.289859341  1850.86629922  0.378074561197  0.565002747437  0.578295698643  0.57726665797  0.581497312311  0.551161210318  1.07596497013  0.305701025764  0.815455375946  0.50100928191  0.548764821376  2.70667832132  26.6434559761  30.0296449913  30.5737211797  32.5637135178  0.465078100335  9.81542260189  1.76383880966  0.831209032309  16.6214845981  17.6104834902  8.27616934316  8.85126652481  6.76378856073  4.37316271732  3.73787619584  3.07578292418  -9999.0  -9999.0  -9999.0  -9999.0  -9999.0
-9999.0  -9999.0  -9999.0  -9999.0  -9999.0  -9999.0  -9999.0  -9999.0  -9999.0  -9999.0  -9999.0  -9999.0  -9999.0  -9999.0  -9999.0  -9999.0  0.940068012022  0.92926820835  0.950858507313  2.10467203656  0.953923242889  30.8568801784  31.8891697552  1.60582385626  3.24585894671  1.73591494752  1.58041144315  1.56903635849  67.918786747  1.26945099684  2.48635348361  1.12990070661  0.951259645559  0.87725174042  0.763994076692  0.775527102436  2.28509476935  3.06487807984  0.674659267449  0.648958655353  1.31969588382  2.04961451285  2.5397639932  0.638239899278  148.623580353  154.030597494  1851.36927705  2.40336954746  1.68539220756  0.471581553879  0.997734516654  0.425865998631  0.353515366482  1.4534096475  1.56845733036  1.06799044579  0.291878365084  0.319065476902  0.95526929554  0.54943621078  0.52135488085  0.486621059355  0.493210402838  46.5006561631  12.001935857  0.410131410044  0.723415829237  0.348106096128  41.7273980727  23.7271977158  23.3000795447  7.09065824821  5.49194357351  0.535282725749  -9999.0  -9999.0  -9999.0  -9999.0  -9999.0  -9999.0
-9999.0  -9999.0  -9999.0  -9999.0  -9999.0  -9999.0  -9999.0  -9999.0  -9999.0  -9999.0  -9999.0  -9999.0  -9999.0  -9999.0  -9999.0  -9999.0  -9999.0  -9999.0  0.919893848054  2.98456906134  3.82327577963  4.7356049107  32.7764746889  33.6539151784  34.6308384097  35.9687796395  37.5248306243  40.6830521941  41.9225581158  43.1675547179  44.255537317  0.948802784281  0.891924732901  0.897367801776  3.22231730203  0.804201965329  0.76301287836  0.696372426028  2.02354859195  0.730883413275  0.635433050661  0.612902948763  0.564426536157  1.12755824078  1.61245876675  157.274351029  2011.62029507  0.336726496734  0.831097147214  0.459182303945  1.44901909931  0.904842123728  0.710929108551  4.33298877291  2.63452385898  0.874662515815  0.636211403814  1.61741413301  0.358162273188  1.26404344413  0.903127450923  1.38392719173  0.465582716559  0.527552918162  46.9650285586  48.5203236378  52.8536149907  52.4796510114  52.0271197136  0.487717543345  6.7841694825  6.25118946507  0.279415964658  -9999.0  -9999.0  -9999.0  -9999.0  -9999.0  -9999.0  -9999.0
-9999.0  -9999.0  -9999.0  -9999.0  -9999.0  -9999.0  -9999.0  -9999.0  -9999.0  -9999.0  -9999.0  -9999.0  -9999.0  -9999.0  -9999.0  -9999.0  -9999.0  -9999.0  -9999.0  0.819931539479  6.16003873858  12.6232439371  13.6305729417  1.41477004981  3.0005093725  4.64230639138  6.21953504361  15.8567548543  16.8925398813  1.00372192249  0.956647364609  46.1603276655  47.9057749567  48.7368924609  3.9397542249  0.706819244051  1.47032497566  2.1778582947  6.38067688331  7.77215963368  8.98804916673  1.16364497838  1.64353861185  0.53531423464  1.04605332696  0.521301243446  2012.70602606  0.343586275964  1.45287682427  0.91789836561  2.75213423616  4.95830343986  5.84121457132  10.3367449907  3.59340798527  3.42009359277  2.7021985708  2.45785565125  0.580953058434  1.48509693241  1.86173523383  1.66563487672  0.300665666553  104.947276442  104.09211104  103.660034121  54.0604952456  0.581952066295  9.23364990668  6.80277309868  4.54781417674  2.86422589579  0.536805712959  -9999.0  -9999.0  -9999.0  -9999.0  -9999.0  -9999.0  -9999.0
-9999.0  -9999.0  -9999.0  -9999.0  -9999.0  -9999.0  -9999.0  -9999.0  -9999.0  -9999.0  -9999.0  -9999.0  -9999.0  -9999.0  -9999.0  -9999.0  -9999.0  -9999.0  0.871774308946  2.71973378623  5.35763713103  7.04427843669  18.7296590917  19.9440872916  3.31560349447  4.94538422706  6.45321239525  8.06879533387  18.053280025  20.1276229696  35.8861665879  37.1107326427  37.9676600552  49.5954931826  55.840302352  1.52539787806  0.81719012963  0.806343739  1.55257996936  0.727001736786  10.3741603577  10.954186168  2.16074948614  2.66072651  0.517797297267  383.747478688  384.76561792  2398.19059403  2400.13581282  0.301694811201  3.3933348357  0.344791644778  0.330346328936  11.1083725417  15.0357545978  3.23250388323  3.0167926313  0.545157012559  0.28813337339  1.76398082921  108.577876766  106.500189028  106.202081404  105.471073332  0.567519468874  0.589525042921  0.626874132939  0.603992812244  1.87246437501  1.25833107141  1.20753008274  1.81133452636  0.58677438643  -9999.0  -9999.0  -9999.0  -9999.0  -9999.0  -9999.0  -9999.0
-9999.0  -9999.0  -9999.0  -9999.0  -9999.0  -9999.0  -9999.0  -9999.0  -9999.0  -9999.0  -9999.0  -9999.0  -9999.0  -9999.0  -9999.0  -9999.0  -9999.0  -9999.0  -9999.0  0.949750425142  0.924250281588  1.78766989251  4.28882445924  20.7873781891  1.67183899106  1.65702137549  3.17570284427  4.68837624566  11.9045588271  13.1828538704  0.847644752706  0.79944233881  38.9540270585  39.823911266  96.4224462087  97.1528905101  0.646960297015  0.61211555802  0.530126994924  0.53335856036  0.503744966959  374.311369241  377.304469165  380.448617295  381.396045073  383.248467885  0.528197343791  2.01848137472  2.64849575729  2403.79941493  2404.14335621  2404.58170341  2405.10777529  2405.45766332  15.5666979417  0.287122142421  1.03628452589  0.825052530113  0.204908915035  1.96769731961  109.508231429  0.680199211086  0.402192580949  2.73013685414  2.34671417708  1.83454119477  1.32125165131  0.677705267013  0.678884043483  0.665861902842  0.616237832527  0.631276090797  -9999.0  -9999.0  -9999.0  -9999.0  -9999.0  -9999.0  -9999.0  -9999.0
-9999.0  -9999.0  -9999.0  -9999.0  -9999.0  -9999.0  -9999.0  -9999.0  -9999.0  -9999.0  -9999.0  -9999.0  -9999.0  -9999.0  -9999.0  -9999.0  -9999.0  -9999.0  -9999.0  -9999.0  0.879855429702  0.904060341362  1.70388132723  24.1338775447  25.190888367  1.65013881573  3.16480823101  4.68626409732  5.94156686632  1.17731118556  2.2361965397  66.5011884798  67.4400756463  68.189628827  74.0553361665  171.927334535  353.61279322  354.952771789  356.170242521  357.36235468  361.537367289  362.800617299  2.42577436533  1.16462322847  0.621226872558  1.20725973138  1.00108084653  1.54800428302  0.499134191266  10.7286696477  11.6602141328  12.3777128317  12.7875143283  2405.98029322  2422.11765446  2424.39068651  1.48362073921  0.32016050562  2.67213374806  2.228581177  110.012533672  0.260286974493  5.4241057124  2.2654563116  1.83180206696  1.24241247901  0.637389717896  1.16658355771  0.593859364623  -9999.0  -9999.0  -9999.0  -9999.0  -9999.0  -9999.0  -9999.0  -9999.0  -9999.0  -9999.0  -9999.0
-9999.0  -9999.0  -9999.0  -9999.0  -9999.0  -9999.0  -9999.0  -9999.0  -9999.0  -9999.0  -9999.0  -9999.0  -9999.0  -9999.0  -9999.0  -9999.0  -9999.0  -9999.0  -9999.0  -9999.0  -9999.0  0.888868022385  1.71242495595  2.53810961563  25.9313558802  1.29341545132  36.6468115135  38.2060639889  39.4388390837  40.5517935931  62.1793274692  63.245064981  0.944696134769  4.41990701533  5.27581523386  0.84665889379  180.318713882  178.761480064  0.577656906192  1.22073691596  3.12112911732  0.64827773422  0.654970980672  0.58587703857  0.524533841309  0.448893502464  0.48348478172  9.11240517941  9.59084892359  10.1203338459  0.398641473909  0.312824071793  13.0180002607  13.4463384238  13.7402343835  2424.79248723  2425.19868964  3.53927974488  2.95660581534  116.18676298  115.908950962  5.65984746343  0.663038535489  0.353415174201  3.34327384448  2.86216220913  2.35246025079  1.71750622163  1.00739608628  0.478826378241  -9999.0  -9999.0  -9999.0  -9999.0  -9999.0  -9999.0  -9999.0  -9999.0  -9999.0  -9999.0
-9999.0  -9999.0  -9999.0  -9999.0  -9999.0  -9999.0  -9999.0  -9999.0  -9999.0  -9999.0  -9999.0  -9999.0  -9999.0  -9999.0  -9999.0  -9999.0  -9999.0  -9999.0  -9999.0  -9999.0  -9999.0  0.834569453014  0.788055129892  4.04057479449  31.7172094494  33.8897072068  35.137756296  1.6688787673  18.8845898555  20.0334971627  20.5532997182  1.01077217979  2.00517848645  2.91181669296  44.5174307308  45.2586091041  45.9123643864  177.528840456  100.822976462  0.636795012946  0.637472662099  0.628297341986  0.552159220154  5.39565398823  6.51147620736  7.53837243252  8.07735562952  8.60587513567  53.1227602586  53.5458580462  53.9369570433  54.896229929  60.0529581641  60.4061954579  74.5427037872  0.307737801821  2425.5633921  2426.00647234  3.87927633585  116.431162081  0.414839204131  0.187717064069  0.934990604079  5.14358976169  4.83095662524  0.988860449382  0.511420281368  2.08054497296  1.56199941507  0.475384621354  0.420328666163  0.415107421082  -9999.0  -9999.0  -9999.0  -9999.0  -9999.0  -9999.0  -9999.0  -9999.0
-9999.0  -9999.0  -9999.0  -9999.0  -9999.0  -9999.0  -9999.0  -9999.0  -9999.0  -9999.0  -9999.0  -9999.0  -9999.0  -9999.0  -9999.0  -9999.0  -9999.0  -9999.0  -9999.0  -9999.0  -9999.0  -9999.0  1.62914374916  2.46748604112  0.993953190315  1.64790272585  12.5854170593  14.2972513501  15.7647204514  9.12528909077  10.4053115714  11.6704660907  12.6352328094  42.9425835886  43.7772187729  28.6955000197  75.3363006696  76.0460148066  100.228110288  1.31097090862  0.649496361041  0.550088450001  3.68684143814  4.29356120674  0.451585367008  0.430226516234  51.2903805994  52.2464450011  52.7136677024  0.494562380284  0.696353621015  59.0455153689  0.636198188769  2.44520042625  2.73496253184  77.8612870841  78.151440221  81.4580905828  2511.69705155  117.109157142  7.07263879148  6.83560380667  6.60308326386  5.41360930497  0.315473410909  2.87226001059  2.54448258835  0.801018539849  0.398588377452  0.831284112636  1.77888535558  0.955352214091  -9999.0  -9999.0  -9999.0  -9999.0  -9999.0  -9999.0  -9999.0  -9999.0
-9999.0  -9999.0  -9999.0  -9999.0  -9999.0  -9999.0  -9999.0  -9999.0  -9999.0  -9999.0  -9999.0  -9999.0  -9999.0  -9999.0  -9999.0  -9999.0  -9999.0  -9999.0  -9999.0  -9999.0  -9999.0  -9999.0  0.810280203726  1.60873714326  6.93456374518  7.96219545122  9.37226177802  6.27939262617  7.79611312342  1.32021805536  27.0892168187  28.3063830564  29.4184332686  0.940660946971  27.0722601403  27.9147894948  0.71712646337  96.8608627987  1.39393292753  0.694741498109  1.93946063714  2.59005962265  0.553165187403  0.49118030257  46.6865545628  50.4052901371  50.9363563592  0.541611432885  1.29745965181  1.68686974362  2.05594718757  3.8582874457  0.903118022874  1.98047249891  0.427793560381  0.842887574889  80.8193618817  81.1583861511  2512.1317302  2637.56920613  7.91308431426  0.427713573361  0.274998388992  0.503688854814  0.297756495013  3.179873383  1.58836700579  1.20451632862  4.74054290909  4.32036028539  2.9659793725  0.592484904735  0.422266709673  -9999.0  -9999.0  -9999.0  -9999.0  -9999.0  -9999.0  -9999.0
-9999.0  -9999.0  -9999.0  -9999.0  -9999.0  -9999.0  -9999.0  -9999.0  -9999.0  -9999.0  -9999.0  -9999.0  -9999.0  -9999.0  -9999.0  -9999.0  -9999.0  -9999.0  -9999.0  -9999.0  -9999.0  -9999.0  0.803795934212  2.53352701491  4.48517211856  1.23314383068  2.88958102761  4.61947769522  21.8299458364  23.2817562103  24.5569232242  1.24914032903  20.9575536519  24.3930784285  25.346012514  0.909054736985  93.9180866111  95.4401096582  0.725703114182  0.701654979002  1.35913156398  0.600908190875  43.6332000151  44.7299350823  45.3036742998  2.25803383178  2.79652975704  0.498876674422  0.910930519803  0.414657729562  2.9235751964  0.411388706468  0.487001933177  0.527514362737  0.523500204746  1.05766572704  1.46604193069  204.718868532  205.374545107  2843.72700947  2844.16732935  2844.58040336  0.472184211964  6.67743200622  6.02120736172  2.34874337757  2.12611064963  0.263987069367  5.56318125798  0.415776169259  0.400762012951  0.350029277641  1.39677922651  0.542901237229  -9999.0  -9999.0  -9999.0  -9999.0  -9999.0  -9999.0
-9999.0  -9999.0  -9999.0  -9999.0  -9999.0  -9999.0  -9999.0  -9999.0  -9999.0  -9999.0  -9999.0  -9999.0  -9999.0  -9999.0  -9999.0  -9999.0  -9999.0  -9999.0  -9999.0  -9999.0  -9999.0  -9999.0  -9999.0  0.904168054127  1.02493812787  1.45253409755  13.4742753665  15.1737440007  20.2103921587  1.5096302289  15.893484671  18.5603766128  1.19455922456  2.35820577389  0.983083429366  91.3325388599  0.91143901704  2.52851111144  3.19260251952  3.84640957759  39.818084107  41.9321799974  42.5482997477  0.613847176638  1.17176877065  1.70096777047  0.380046394833  0.350403175846  93.6920790675  94.0380465121  94.3212159898  96.8638933896  97.2156914672  97.7397942009  98.1825142947  164.680975085  165.01894119  204.391818213  0.302031808067  0.36257096783  0.67998176956  2845.54732043  2847.01827913  2854.2846757  2854.52681375  0.439564335298  0.269736938702  6.24801194265  5.99907555448  0.318025785674  0.782676363601  5.18732993793  3.00072445308  2.52309107393  0.657111284868  -9999.0  -9999.0  -9999.0  -9999.0  -9999.0
-9999.0  -9999.0  -9999.0  -9999.0  -9999.0  -9999.0  -9999.0  -9999.0  -9999.0  -9999.0  -9999.0  -9999.0  -9999.0  -9999.0  -9999.0  -9999.0  -9999.0  -9999.0  -9999.0  -9999.0  -9999.0  -9999.0  -9999.0  0.864179203399  2.42284964904  5.1945374919  11.8347794828  1.78086890366  3.43345410129  11.6513036972  13.1086485439  1.37234775428  22.8052043538  24.0537539537  88.3012385988  89.3439160851  0.902456618528  1.74694427782  7.43522305185  32.8798477215  35.4201071418  1.4810870127  0.685832420848  0.605058344716  78.1981896432  79.2354610216  80.1169920625  80.9912632677  93.371350411  0.903983032011  96.5349632358  0.472129755269  0.347855234746  0.633640466815  65.8080247191  66.18378418  38.0351649433  39.0331683715  0.659637490447  0.32324328002  0.355147571222  0.436352335532  0.731053432022  0.321683866515  3008.3524288  3009.10274424  7.52014317252  6.70112481905  0.247455129713  7.89957290191  7.3202956001  6.14940880537  0.555902181751  0.61907285155  0.678162898744  -9999.0  -9999.0  -9999.0  -9999.0  -9999.0
-9999.0  -9999.0  -9999.0  -9999.0  -9999.0  -9999.0  -9999.0  -9999.0  -9999.0  -9999.0  -9999.0  -9999.0  -9999.0  -9999.0  -9999.0  -9999.0  -9999.0  -9999.0  -9999.0  -9999.0  -9999.0  -9999.0  -9999.0  -9999.0  1.81011900791  3.50253206415  5.14290710524  8.31030191384  9.96997157264  16.2860190965  19.3192401027  20.3901670893  21.5366439988  62.0257825683  63.1842871475  1.00333075502  5.67669051989  6.64696841935  23.9772258762  24.8629358016  1.68354191058  0.789043143343  75.0653063581  76.5119283375  77.1226749507  0.543109228273  10.9429124261  11.4303264824  11.9293068844  0.461468075878  0.376382432193  0.295684263196  0.309225085643  64.528872453  64.9069502213  0.290560168038  37.758638232  36.0715632417  35.8107101759  0.267153521276  0.262572021954  0.286887614817  0.543697208662  152.268205788  153.474818357  3017.03736194  0.47757240531  0.244021625797  8.416055105  0.27832799591  1.33384485246  0.956712696457  0.533796138836  -9999.0  -9999.0  -9999.0  -9999.0  -9999.0  -9999.0  -9999.0
-9999.0  -9999.0  -9999.0  -9999.0  -9999.0  -9999.0  -9999.0  -9999.0  -9999.0  -9999.0  -9999.0  -9999.0  -9999.0  -9999.0  -9999.0  -9999.0  -9999.0  -9999.0  -9999.0  -9999.0  -9999.0  -9999.0  -9999.0  -9999.0  1.79661056791  5.24863666598  6.63377171308  9.62307433217  12.8454164127  14.6139892462  1.53449076324  15.7179317355  59.2542974709  60.7683527464  1.3593816122  2.62076992614  4.79451127267  22.0576501462  23.0817971959  47.1676371429  48.9132636989  74.015510849  74.4038163127  0.741176886685  8.62068867648  9.94334694693  10.5105233861  0.496398597496  53.7135817233  54.1719226872  55.649758513  61.8516676976  63.8199470462  64.1058214851  0.419590174879  0.786886164597  1.09524001745  30.8668472684  35.3199685613  2.79404965228  2.51114174606  0.214519855852  0.290820754679  151.366074104  0.893321947331  0.649272362781  3017.90952501  0.128478908955  0.131395277319  10.2671927483  1.64471170838  0.301403321398  0.359492759033  -9999.0  -9999.0  -9999.0  -9999.0  -9999.0  -9999.0  -9999.0
-9999.0  -9999.0  -9999.0  -9999.0  -9999.0  -9999.0  -9999.0  -9999.0  -9999.0  -9999.0  -9999.0  -9999.0  -9999.0  -9999.0  -9999.0  -9999.0  -9999.0  -9999.0  -9999.0  -9999.0  -9999.0  -9999.0  -9999.0  -9999.0  1.81791995694  1.74135060006  6.64182281457  7.9630426839  1.56715122754  12.4294499332  14.0723485282  1.64952578932  40.3379516294  1.60720830579  9.17030070411  19.7265045999  20.9717296163  41.5755315697  42.6264727707  46.190802601  0.951498181963  24.2800589673  0.610008006385  1.31845155607  8.03776354209  0.712441080743  12.920367286  52.7964414505  0.6029075834  1.11618978392  4.96796055333  0.513187025753  0.805609140644  0.520289229307  0.380879934171  27.0045884543  29.558890845  30.5721817939  1.33503605498  0.793486008883  1.50989527204  0.308969851895  150.514532349  150.68936314  0.441679626264  0.332896569142  0.160405094789  3018.9933997  3031.41333501  12.0812435612  1.61855229012  1.33928964253  0.73948941454  -9999.0  -9999.0  -9999.0  -9999.0  -9999.0  -9999.0  -9999.0
-9999.0  -9999.0  -9999.0  -9999.0  -9999.0  -9999.0  -9999.0  -9999.0  -9999.0  -9999.0  -9999.0  -9999.0  -9999.0  -9999.0  -9999.0  -9999.0  -9999.0  -9999.0  -9999.0  -9999.0  -9999.0  -9999.0  -9999.0  -9999.0  -9999.0  1.72641238728  1.76144160432  1.74711861995  9.15240585805  10.7971018025  17.953077846  38.7596243416  1.53668038163  4.58284150753  6.14920258727  9.19557093651  2.77576013796  40.321002032  1.30517016606  2.48656176877  22.3914652491  1.02797508359  4.15479827952  5.25426494148  0.756336547466  0.751915617093  12.4018654477  39.2712981206  0.723357673522  2.77167351119  4.52870669463  0.59365558826  0.554750147592  23.5391811013  25.1634359959  1.10505543843  2.17274182447  0.56187771774  0.962966454936  0.440695619317  0.360995991136  0.197228552238  150.351702764  0.520188094991  -9999.0  -9999.0  0.333739684589  0.60637290309  3031.61068259  3031.80010165  3032.75684  0.421648843394  -9999.0  -9999.0  -9999.0  -9999.0  -9999.0  -9999.0  -9999.0  -9999.0
-9999.0  -9999.0  -9999.0  -9999.0  -9999.0  -9999.0  -9999.0  -9999.0  -9999.0  -9999.0  -9999.0  -9999.0  -9999.0  -9999.0  -9999.0  -9999.0  -9999.0  -9999.0  -9999.0  -9999.0  -9999.0  -9999.0  -9999.0  -9999.0  -9999.0  -9999.0  1.51527887938  4.48559932599  5.83629677642  16.483510293  5.68048842796  19.3088308015  12.427918488  1.526504734  4.62157833281  7.61854732771  1.36470005946  36.1996977354  14.9164243702  18.993939065  2.39047974674  2.37762553458  0.966570868881  0.810642674695  10.1920158237  10.9484927309  37.1263480055  37.8339163343  1.40845367419  2.11672636707  0.6179855211  17.3594963069  20.5805906828  23.1045666256  1.17233697304  0.549745984024  1.61211980931  0.549886707832  0.462673915627  0.339020260101  148.279227272  149.068296784  149.468673725  0.348333049443  -9999.0  -9999.0  -9999.0  -9999.0  -9999.0  0.123821065975  3032.9349309  3033.23770811  -9999.0  -9999.0  -9999.0  -9999.0  -9999.0  -9999.0  -9999.0  -9999.0
-9999.0  -9999.0  -9999.0  -9999.0  -9999.0  -9999.0  -9999.0  -9999.0  -9999.0  -9999.0  -9999.0  -9999.0  -9999.0  -9999.0  -9999.0  -9999.0  -9999.0  -9999.0  -9999.0  -9999.0  -9999.0  -9999.0  -9999.0  -9999.0  -9999.0  -9999.0  1.82433244531  1.75904925832  15.3030124354  1.23517813472  4.44147267182  7.85073304216  10.9713172426  1.58285956574  1.55142775571  1.51755499226  33.3458540184  34.8064686408  13.60665241  2.76986011591  1.31594744496  1.32721394039  8.25056238374  9.43278986594  31.8958044058  33.8643152918  35.6162302687  0.822895098485  0.727751754552  15.5579801261  16.1607823699  16.8105469278  2.73936224295  1.32771828331  0.627585300972  0.61670940774  0.50245004894  4.51304738836  4.89968319115  147.828158029  148.076752209  0.591992024022  0.203253561335  0.174029952886  -9999.0  -9999.0  -9999.0  -9999.0  -9999.0  -9999.0  -9999.0  -9999.0  -9999.0  -9999.0  -9999.0  -9999.0  -9999.0  -9999.0  -9999.0  -9999.0
-9999.0  -9999.0  -9999.0  -9999.0  -9999.0  -9999.0  -9999.0  -9999.0  -9999.0  -9999.0  -9999.0  -9999.0  -9999.0  -9999.0  -9999.0  -9999.0  -9999.0  -9999.0  -9999.0  -9999.0  -9999.0  -9999.0  -9999.0  -9999.0  -9999.0  -9999.0  -9999.0  3.60625561351  12.2295982843  6.90931676728  1.64381922535  6.47250833196  1.56615518969  4.8836907971  6.37223720388  29.4346117383  32.1238748931  10.8482859181  12.2354406279  1.38597248788  5.74361142632  7.0354255474  19.1397540185  29.8409459864  31.0002675104  1.11173920652  0.909022224693  11.3818731245  13.1460060485  14.9237936226  0.741957847438  1.44403362147  2.13855771995  0.675676137307  1.88924095268  3.04235387271  3.54226922932  4.12464898608  0.429203377539  142.221571176  0.917423043652  0.381802155791  -9999.0  -9999.0  -9999.0  -9999.0  -9999.0  -9999.0  -9999.0  -9999.0  -9999.0  -9999.0  -9999.0  -9999.0  -9999.0  -9999.0  -9999.0  -9999.0  -9999.0  -9999.0
-9999.0  -9999.0  -9999.0  -9999.0  -9999.0  -9999.0  -9999.0  -9999.0  -9999.0  -9999.0  -9999.0  -9999.0  -9999.0  -9999.0  -9999.0  -9999.0  -9999.0  -9999.0  -9999.0  -9999.0  -9999.0  -9999.0  -9999.0  -9999.0  -9999.0  -9999.0  -9999.0  1.82373419743  1.77491097539  3.39640141563  1.63235757673  3.25506532361  3.28572319146  18.0537449118  19.1608904326  2.76984998293  1.5288270012  9.40690340652  2.97103769411  4.44660288803  15.3249071397  16.6656321718  17.9618868907  9.52043442648  3.81396404241  6.24039386238  8.41098540608  10.5924100936  1.02916623197  0.931286125782  71.6832699379  72.5030233356  73.2276832365  0.698604253888  1.30744157859  0.654081565417  0.529678825581  132.156304242  134.6902263  5.72727626797  5.09351240265  0.528849785356  -9999.0  -9999.0  -9999.0  -9999.0  -9999.0  -9999.0  -9999.0  -9999.0  -9999.0  -9999.0  -9999.0  -9999.0  -9999.0  -9999.0  -9999.0  -9999.0  -9999.0  -9999.0
-9999.0  -9999.0  -9999.0  -9999.0  -9999.0  -9999.0  -9999.0  -9999.0  -9999.0  -9999.0  -9999.0  -9999.0  -9999.0  -9999.0  -9999.0  -9999.0  -9999.0  -9999.0  -9999.0  -9999.0  -9999.0  -9999.0  -9999.0  -9999.0  -9999.0  -9999.0  -9999.0  -9999.0  -9999.0  1.62657452507  1.62761093485  1.66466814238  6.7203868134  16.4422415745  8.10505156204  1.59179242838  6.35635985526  7.9022797054  1.48570130595  12.6131077326  13.9729380927  4.27400443169  6.92291269665  1.3144619489  2.54448136224  1.26500343235  1.09918789844  1.06452003753  69.2364482426  70.1730186206  70.8884623646  3.46250950265  77.4349167255  78.1890972894  78.8630535117  79.5257091579  80.7100135  131.711544015  132.786673251  1.43148776963  4.55619886134  1.21278079658  -9999.0  -9999.0  -9999.0  -9999.0  -9999.0  -9999.0  -9999.0  -9999.0  -9999.0  -9999.0  -9999.0  -9999.0  -9999.0  -9999.0  -9999.0  -9999.0  -9999.0  -9999.0
-9999.0  -9999.0  -9999.0  -9999.0  -9999.0  -9999.0  -9999.0  -9999.0  -9999.0  -9999.0  -9999.0  -9999.0  -9999.0  -9999.0  -9999.0  -9999.0  -9999.0  -9999.0  -9999.0  -9999.0  -9999.0  -9999.0  -9999.0  -9999.0  -9999.0  -9999.0  -9999.0  -9999.0  -9999.0  -9999.0  -9999.0  1.67076612801  3.45079496128  3.40185478906  3.31924681991  3.2701419605  4.85053123459  8.13187163572  9.6295289409  11.1713425398  1.4423682187  2.90191778708  1.35868162495  1.31364036501  39.4884676774  49.1411627672  51.5017836939  52.7216570679  68.3019051247  1.00306420339  1.87939888138  2.84059746589  14.8640733104  15.6119279786  16.2706825328  35.6098811164  45.1903822092  50.3511691101  0.77023145579  0.771338224352  2.75376508359  0.664626609272  -9999.0  -9999.0  -9999.0  -9999.0  -9999.0  -9999.0  -9999.0  -9999.0  -9999.0  -9999.0  -9999.0  -9999.0  -9999.0  -9999.0  -9999.0  -9999.0  -9999.0  -9999.0
-9999.0  -9999.0  -9999.0  -9999.0  -9999.0  -9999.0  -9999.0  -9999.0  -9999.0  -9999.0  -9999.0  -9999.0  -9999.0  -9999.0  -9999.0  -9999.0  -9999.0  -9999.0  -9999.0  -9999.0  -9999.0  -9999.0  -9999.0  -9999.0  -9999.0  -9999.0  -9999.0  -9999.0  -9999.0  -9999.0  -9999.0  -9999.0  1.75831466278  1.73255573945  1.68620199559  1.63833929633  3.31988298029  6.54477381046  6.2774798709  7.76162273542  9.15141442149  21.0891962704  22.4127905451  37.042747834  38.3128156583  8.46015755564  1.19135518343  13.4448363959  14.4880031397  5.78386806176  11.2265510368  13.2219229405  14.1005491913  0.826086024123  18.7196686644  37.2949413873  44.61871775  0.73716595915  3.70174978818  0.695693949502  2.07948327785  -9999.0  -9999.0  -9999.0  -9999.0  -9999.0  -9999.0  -9999.0  -9999.0  -9999.0  -9999.0  -9999.0  -9999.0  -9999.0  -9999.0  -9999.0  -9999.0  -9999.0  -9999.0  -9999.0
-9999.0  -9999.0  -9999.0  -9999.0  -9999.0  -9999.0  -9999.0  -9999.0  -9999.0  -9999.0  -9999.0  -9999.0  -9999.0  -9999.0  -9999.0  -9999.0  -9999.0  -9999.0  -9999.0  -9999.0  -9999.0  -9999.0  -9999.0  -9999.0  -9999.0  -9999.0  -9999.0  -9999.0  -9999.0  -9999.0  -9999.0  -9999.0  -9999.0  -9999.0  -9999.0  1.73002170717  1.65152911191  1.6027451147  4.74753202316  4.58697179475  9.068925085  10.5532401567  1.39745957894  13.2628541059  5.76937061833  7.19112144383  8.34412328417  12.351134077  3.59109168578  1.15478991195  4.55768275352  1.09029679297  10.0128093553  11.9852214093  17.1687114099  0.901157500949  4.26826871455  1.59536560229  2.24541196375  0.731628651846  1.41918067845  -9999.0  -9999.0  -9999.0  -9999.0  -9999.0  -9999.0  -9999.0  -9999.0  -9999.0  -9999.0  -9999.0  -9999.0  -9999.0  -9999.0  -9999.0  -9999.0  -9999.0  -9999.0  -9999.0
-9999.0  -9999.0  -9999.0  -9999.0  -9999.0  -9999.0  -9999.0  -9999.0  -9999.0  -9999.0  -9999.0  -9999.0  -9999.0  -9999.0  -9999.0  -9999.0  -9999.0  -9999.0  -9999.0  -9999.0  -9999.0  -9999.0  -9999.0  -9999.0  -9999.0  -9999.0  -9999.0  -9999.0  -9999.0  -9999.0  -9999.0  -9999.0  -9999.0  -9999.0  -9999.0  -9999.0  -9999.0  1.61702255748  1.53796995356  3.07221438497  3.0310763041  7.58497802068  10.4514948496  2.90840666665  4.33100681624  4.29158642798  7.03169569497  2.7211110555  2.46931144894  2.41618014375  1.08570862411  5.80683997011  9.04131360861  1.01467142973  4.25051580271  1.85682042885  1.56138462692  0.771368951558  0.743370496603  0.75983491562  -9999.0  -9999.0  -9999.0  -9999.0  -9999.0  -9999.0  -9999.0  -9999.0  -9999.0  -9999.0  -9999.0  -9999.0  -9999.0  -9999.0  -9999.0  -9999.0  -9999.0  -9999.0  -9999.0  -9999.0
-9999.0  -9999.0  -9999.0  -9999.0  -9999.0  -9999.0  -9999.0  -9999.0  -9999.0  -9999.0  -9999.0  -9999.0  -9999.0  -9999.0  -9999.0  -9999.0  -9999.0  -9999.0  -9999.0  -9999.0  -9999.0  -9999.0  -9999.0  -9999.0  -9999.0  -9999.0  -9999.0  -9999.0  -9999.0  -9999.0  -9999.0  -9999.0  -9999.0  -9999.0  -9999.0  -9999.0  -9999.0  -9999.0  -9999.0  1.56089379501  3.08797541382  6.11835106546  1.46540083909  1.47389891849  1.44204336386  2.8998413203  1.39549652646  1.37739067861  1.28263986431  1.24852485569  2.39030166995  4.75807289883  2.25516456899  2.27025026623  3.30916213337  0.968772654595  0.800816419974  -9999.0  -9999.0  -9999.0  -9999.0  -9999.0  -9999.0  -9999.0  -9999.0  -9999.0  -9999.0  -9999.0  -9999.0  -9999.0  -9999.0  -9999.0  -9999.0  -9999.0  -9999.0  -9999.0  -9999.0  -9999.0  -9999.0  -9999.0
-9999.0  -9999.0  -9999.0  -9999.0  -9999.0  -9999.0  -9999.0  -9999.0  -9999.0  -9999.0  -9999.0  -9999.0  -9999.0  -9999.0  -9999.0  -9999.0  -9999.0  -9999.0  -9999.0  -9999.0  -9999.0  -9999.0  -9999.0  -9999.0  -9999.0  -9999.0  -9999.0  -9999.0  -9999.0  -9999.0  -9999.0  -9999.0  -9999.0  -9999.0  -9999.0  -9999.0  -9999.0  -9999.0  -9999.0  -9999.0  1.55521874104  1.52187741433  -9999.0  -9999.0  -9999.0  -9999.0  -9999.0  -9999.0  -9999.0  -9999.0  1.20228030326  1.17996544424  1.10624373715  1.10995036219  -9999.0  -9999.0  -9999.0  -9999.0  -9999.0  -9999.0  -9999.0  -9999.0  -9999.0  -9999.0  -9999.0  -9999.0  -9999.0  -9999.0  -9999.0  -9999.0  -9999.0  -9999.0  -9999.0  -9999.0  -9999.0  -9999.0  -9999.0  -9999.0  -9999.0  -9999.0
-9999.0  -9999.0  -9999.0  -9999.0  -9999.0  -9999.0  -9999.0  -9999.0  -9999.0  -9999.0  -9999.0  -9999.0  -9999.0  -9999.0  -9999.0  -9999.0  -9999.0  -9999.0  -9999.0  -9999.0  -9999.0  -9999.0  -9999.0  -9999.0  -9999.0  -9999.0  -9999.0  -9999.0  -9999.0  -9999.0  -9999.0  -9999.0  -9999.0  -9999.0  -9999.0  -9999.0  -9999.0  -9999.0  -9999.0  -9999.0  -9999.0  -9999.0  -9999.0  -9999.0  -9999.0  -9999.0  -9999.0  -9999.0  -9999.0  -9999.0  -9999.0  -9999.0  -9999.0  -9999.0  -9999.0  -9999.0  -9999.0  -9999.0  -9999.0  -9999.0  -9999.0  -9999.0  -9999.0  -9999.0  -9999.0  -9999.0  -9999.0  -9999.0  -9999.0  -9999.0  -9999.0  -9999.0  -9999.0  -9999.0  -9999.0  -9999.0  -9999.0  -9999.0  -9999.0  -9999.0
-9999.0  -9999.0  -9999.0  -9999.0  -9999.0  -9999.0  -9999.0  -9999.0  -9999.0  -9999.0  -9999.0  -9999.0  -9999.0  -9999.0  -9999.0  -9999.0  -9999.0  -9999.0  -9999.0  -9999.0  -9999.0  -9999.0  -9999.0  -9999.0  -9999.0  -9999.0  -9999.0  -9999.0  -9999.0  -9999.0  -9999.0  -9999.0  -9999.0  -9999.0  -9999.0  -9999.0  -9999.0  -9999.0  -9999.0  -9999.0  -9999.0  -9999.0  -9999.0  -9999.0  -9999.0  -9999.0  -9999.0  -9999.0  -9999.0  -9999.0  -9999.0  -9999.0  -9999.0  -9999.0  -9999.0  -9999.0  -9999.0  -9999.0  -9999.0  -9999.0  -9999.0  -9999.0  -9999.0  -9999.0  -9999.0  -9999.0  -9999.0  -9999.0  -9999.0  -9999.0  -9999.0  -9999.0  -9999.0  -9999.0  -9999.0  -9999.0  -9999.0  -9999.0  -9999.0  -9999.0
-9999.0  -9999.0  -9999.0  -9999.0  -9999.0  -9999.0  -9999.0  -9999.0  -9999.0  -9999.0  -9999.0  -9999.0  -9999.0  -9999.0  -9999.0  -9999.0  -9999.0  -9999.0  -9999.0  -9999.0  -9999.0  -9999.0  -9999.0  -9999.0  -9999.0  -9999.0  -9999.0  -9999.0  -9999.0  -9999.0  -9999.0  -9999.0  -9999.0  -9999.0  -9999.0  -9999.0  -9999.0  -9999.0  -9999.0  -9999.0  -9999.0  -9999.0  -9999.0  -9999.0  -9999.0  -9999.0  -9999.0  -9999.0  -9999.0  -9999.0  -9999.0  -9999.0  -9999.0  -9999.0  -9999.0  -9999.0  -9999.0  -9999.0  -9999.0  -9999.0  -9999.0  -9999.0  -9999.0  -9999.0  -9999.0  -9999.0  -9999.0  -9999.0  -9999.0  -9999.0  -9999.0  -9999.0  -9999.0  -9999.0  -9999.0  -9999.0  -9999.0  -9999.0  -9999.0  -9999.0
-9999.0  -9999.0  -9999.0  -9999.0  -9999.0  -9999.0  -9999.0  -9999.0  -9999.0  -9999.0  -9999.0  -9999.0  -9999.0  -9999.0  -9999.0  -9999.0  -9999.0  -9999.0  -9999.0  -9999.0  -9999.0  -9999.0  -9999.0  -9999.0  -9999.0  -9999.0  -9999.0  -9999.0  -9999.0  -9999.0  -9999.0  -9999.0  -9999.0  -9999.0  -9999.0  -9999.0  -9999.0  -9999.0  -9999.0  -9999.0  -9999.0  -9999.0  -9999.0  -9999.0  -9999.0  -9999.0  -9999.0  -9999.0  -9999.0  -9999.0  -9999.0  -9999.0  -9999.0  -9999.0  -9999.0  -9999.0  -9999.0  -9999.0  -9999.0  -9999.0  -9999.0  -9999.0  -9999.0  -9999.0  -9999.0  -9999.0  -9999.0  -9999.0  -9999.0  -9999.0  -9999.0  -9999.0  -9999.0  -9999.0  -9999.0  -9999.0  -9999.0  -9999.0  -9999.0  -9999.0
-9999.0  -9999.0  -9999.0  -9999.0  -9999.0  -9999.0  -9999.0  -9999.0  -9999.0  -9999.0  -9999.0  -9999.0  -9999.0  -9999.0  -9999.0  -9999.0  -9999.0  -9999.0  -9999.0  -9999.0  -9999.0  -9999.0  -9999.0  -9999.0  -9999.0  -9999.0  -9999.0  -9999.0  -9999.0  -9999.0  -9999.0  -9999.0  -9999.0  -9999.0  -9999.0  -9999.0  -9999.0  -9999.0  -9999.0  -9999.0  -9999.0  -9999.0  -9999.0  -9999.0  -9999.0  -9999.0  -9999.0  -9999.0  -9999.0  -9999.0  -9999.0  -9999.0  -9999.0  -9999.0  -9999.0  -9999.0  -9999.0  -9999.0  -9999.0  -9999.0  -9999.0  -9999.0  -9999.0  -9999.0  -9999.0  -9999.0  -9999.0  -9999.0  -9999.0  -9999.0  -9999.0  -9999.0  -9999.0  -9999.0  -9999.0  -9999.0  -9999.0  -9999.0  -9999.0  -9999.0
-9999.0  -9999.0  -9999.0  -9999.0  -9999.0  -9999.0  -9999.0  -9999.0  -9999.0  -9999.0  -9999.0  -9999.0  -9999.0  -9999.0  -9999.0  -9999.0  -9999.0  -9999.0  -9999.0  -9999.0  -9999.0  -9999.0  -9999.0  -9999.0  -9999.0  -9999.0  -9999.0  -9999.0  -9999.0  -9999.0  -9999.0  -9999.0  -9999.0  -9999.0  -9999.0  -9999.0  -9999.0  -9999.0  -9999.0  -9999.0  -9999.0  -9999.0  -9999.0  -9999.0  -9999.0  -9999.0  -9999.0  -9999.0  -9999.0  -9999.0  -9999.0  -9999.0  -9999.0  -9999.0  -9999.0  -9999.0  -9999.0  -9999.0  -9999.0  -9999.0  -9999.0  -9999.0  -9999.0  -9999.0  -9999.0  -9999.0  -9999.0  -9999.0  -9999.0  -9999.0  -9999.0  -9999.0  -9999.0  -9999.0  -9999.0  -9999.0  -9999.0  -9999.0  -9999.0  -9999.0
