ncols                  80
nrows                 72
xllcorner      4374000.0
yllcorner      5656000.0
cellsize            500
NODATA_value       -9999
-9999.0  -9999.0  -9999.0  -9999.0  -9999.0  -9999.0  -9999.0  -9999.0  -9999.0  -9999.0  -9999.0  -9999.0  0.904880659822  0.909862502248  -9999.0  -9999.0  -9999.0  -9999.0  -9999.0  -9999.0  -9999.0  -9999.0  -9999.0  -9999.0  -9999.0  -9999.0  -9999.0  -9999.0  -9999.0  -9999.0  -9999.0  -9999.0  -9999.0  -9999.0  -9999.0  -9999.0  -9999.0  -9999.0  -9999.0  -9999.0  -9999.0  -9999.0  -9999.0  -9999.0  -9999.0  -9999.0  -9999.0  -9999.0  -9999.0  -9999.0  -9999.0  -9999.0  -9999.0  -9999.0  -9999.0  -9999.0  -9999.0  -9999.0  -9999.0  -9999.0  -9999.0  -9999.0  -9999.0  -9999.0  -9999.0  -9999.0  -9999.0  -9999.0  -9999.0  -9999.0  -9999.0  -9999.0  -9999.0  -9999.0  -9999.0  -9999.0  -9999.0  -9999.0  -9999.0  -9999.0
-9999.0  -9999.0  -9999.0  -9999.0  -9999.0  -9999.0  -9999.0  -9999.0  -9999.0  -9999.0  -9999.0  -9999.0  1.79650207348  4.41117095931  0.804780064039  -9999.0  0.683747025342  -9999.0  -9999.0  -9999.0  -9999.0  -9999.0  -9999.0  -9999.0  -9999.0  -9999.0  -9999.0  -9999.0  -9999.0  -9999.0  -9999.0  -9999.0  -9999.0  -9999.0  -9999.0  -9999.0  -9999.0  -9999.0  -9999.0  -9999.0  -9999.0  -9999.0  -9999.0  -9999.0  -9999.0  -9999.0  -9999.0  -9999.0  -9999.0  -9999.0  -9999.0  -9999.0  -9999.0  -9999.0  -9999.0  -9999.0  -9999.0  -9999.0  -9999.0  -9999.0  -9999.0  -9999.0  -9999.0  -9999.0  -9999.0  -9999.0  -9999.0  -9999.0  -9999.0  -9999.0  -9999.0  -9999.0  -9999.0  -9999.0  -9999.0  -9999.0  -9999.0  -9999.0  -9999.0  -9999.0
-9999.0  -9999.0  -9999.0  -9999.0  -9999.0  -9999.0  -9999.0  -9999.0  -9999.0  -9999.0  0.80835833465  0.791850216309  0.838197007345  0.827732132176  5.96800992105  6.79103713989  1.9015914645  0.60158498361  -9999.0  -9999.0  -9999.0  -9999.0  -9999.0  -9999.0  -9999.0  -9999.0  -9999.0  -9999.0  -9999.0  -9999.0  -9999.0  -9999.0  -9999.0  -9999.0  -9999.0  -9999.0  -9999.0  -9999.0  -9999.0  -9999.0  -9999.0  -9999.0  -9999.0  -9999.0  -9999.0  -9999.0  -9999.0  -9999.0  -9999.0  -9999.0  -9999.0  -9999.0  -9999.0  -9999.0  -9999.0  -9999.0  -9999.0  -9999.0  -9999.0  -9999.0  -9999.0  -9999.0  -9999.0  -9999.0  -9999.0  -9999.0  -9999.0  -9999.0  -9999.0  -9999.0  -9999.0  -9999.0  -9999.0  -9999.0  -9999.0  -9999.0  -9999.0  -9999.0  -9999.0  -9999.0
-9999.0  -9999.0  -9999.0  -9999.0  -9999.0  -9999.0  -9999.0  -9999.0  -9999.0  0.780824699969  1.59274303873  3.1693027429  1.60285487943  0.774653960658  1.52320212501  7.52616496125  10.8981092498  0.701882536219  -9999.0  0.806511545892  -9999.0  -9999.0  -9999.0  -9999.0  1.31324811083  0.662927770382  -9999.0  -9999.0  -9999.0  -9999.0  -9999.0  -9999.0  -9999.0  -9999.0  -9999.0  -9999.0  -9999.0  -9999.0  -9999.0  -9999.0  -9999.0  -9999.0  -9999.0  -9999.0  -9999.0  -9999.0  -9999.0  -9999.0  -9999.0  -9999.0  -9999.0  -9999.0  -9999.0  -9999.0  -9999.0  -9999.0  -9999.0  -9999.0  -9999.0  -9999.0  -9999.0  -9999.0  -9999.0  -9999.0  -9999.0  -9999.0  -9999.0  -9999.0  -9999.0  -9999.0  -9999.0  -9999.0  -9999.0  -9999.0  -9999.0  -9999.0  -9999.0  -9999.0  -9999.0  -9999.0
-9999.0  -9999.0  -9999.0  -9999.0  -9999.0  -9999.0  -9999.0  -9999.0  0.913248641715  2.531699579  3.29135484586  4.04977680338  5.51239279646  0.710646834953  2.90967320989  3.60956477062  16.0812993324  0.779060061201  0.677624018513  1.50491450169  2.18939611701  0.719211761629  -9999.0  3.48990761435  2.85184804577  0.799543461362  -9999.0  -9999.0  -9999.0  -9999.0  -9999.0  -9999.0  -9999.0  -9999.0  -9999.0  -9999.0  -9999.0  -9999.0  -9999.0  -9999.0  -9999.0  -9999.0  -9999.0  -9999.0  -9999.0  -9999.0  -9999.0  -9999.0  -9999.0  -9999.0  -9999.0  -9999.0  -9999.0  -9999.0  -9999.0  -9999.0  -9999.0  -9999.0  -9999.0  -9999.0  -9999.0  -9999.0  -9999.0  -9999.0  -9999.0  -9999.0  -9999.0  -9999.0  -9999.0  -9999.0  -9999.0  -9999.0  -9999.0  -9999.0  -9999.0  -9999.0  -9999.0  -9999.0  -9999.0  -9999.0
-9999.0  -9999.0  -9999.0  -9999.0  -9999.0  -9999.0  0.877402731874  0.78469118149  0.770251636962  0.788644830641  0.819376313879  5.69983645866  11.9928803255  12.7554208062  13.3327662097  0.528035430504  17.34674351  18.0273971691  1.31909249504  0.688309171351  2.85913677371  4.97914726066  0.753171182413  5.80995006287  0.736213631101  0.78274351094  0.751824108544  -9999.0  -9999.0  -9999.0  -9999.0  -9999.0  -9999.0  -9999.0  -9999.0  -9999.0  -9999.0  -9999.0  -9999.0  -9999.0  -9999.0  -9999.0  -9999.0  -9999.0  -9999.0  -9999.0  -9999.0  -9999.0  -9999.0  -9999.0  -9999.0  -9999.0  -9999.0  -9999.0  -9999.0  -9999.0  -9999.0  -9999.0  -9999.0  -9999.0  -9999.0  -9999.0  -9999.0  -9999.0  -9999.0  -9999.0  -9999.0  -9999.0  -9999.0  -9999.0  -9999.0  -9999.0  -9999.0  -9999.0  -9999.0  -9999.0  -9999.0  -9999.0  -9999.0  -9999.0
-9999.0  -9999.0  -9999.0  -9999.0  -9999.0  -9999.0  1.74712098391  2.55813975607  5.76488505056  8.04313554803  0.705758003201  0.722023490911  0.709721510444  2.06825472072  16.0537667366  0.552551955027  18.6684264343  21.0466164544  1.87528395596  1.31403467463  5.61736714706  0.698888301201  6.48404236805  1.37027564703  0.691018927364  1.45988451156  1.49264531915  0.746190918121  0.725663957105  0.703531755489  0.760551796591  1.52152987053  -9999.0  -9999.0  -9999.0  -9999.0  -9999.0  -9999.0  -9999.0  -9999.0  -9999.0  -9999.0  -9999.0  -9999.0  -9999.0  -9999.0  -9999.0  -9999.0  -9999.0  -9999.0  -9999.0  -9999.0  -9999.0  -9999.0  -9999.0  -9999.0  -9999.0  -9999.0  -9999.0  -9999.0  -9999.0  -9999.0  -9999.0  -9999.0  -9999.0  -9999.0  -9999.0  -9999.0  -9999.0  -9999.0  -9999.0  -9999.0  -9999.0  -9999.0  -9999.0  -9999.0  -9999.0  -9999.0  -9999.0  -9999.0
-9999.0  -9999.0  -9999.0  -9999.0  -9999.0  0.944221444941  1.81954466235  0.863722500125  1.69130383433  8.89620919419  10.4230110944  11.9159035648  37.7309288366  0.667557971028  16.7625965391  59.8527255495  60.3105356001  82.1508359913  0.493236558424  1.92275242668  6.2596565483  0.635084484853  14.2049158773  7.06750007447  4.34963373457  3.66137818754  0.724685572168  2.18507420741  2.10397201358  1.4005132534  0.680208166278  2.22604307756  0.676959922057  0.665348041322  -9999.0  -9999.0  -9999.0  -9999.0  -9999.0  -9999.0  -9999.0  -9999.0  -9999.0  -9999.0  -9999.0  -9999.0  -9999.0  -9999.0  -9999.0  -9999.0  -9999.0  -9999.0  -9999.0  -9999.0  -9999.0  -9999.0  -9999.0  -9999.0  -9999.0  -9999.0  -9999.0  -9999.0  -9999.0  -9999.0  -9999.0  -9999.0  -9999.0  -9999.0  -9999.0  -9999.0  -9999.0  -9999.0  -9999.0  -9999.0  -9999.0  -9999.0  -9999.0  -9999.0  -9999.0  -9999.0
-9999.0  -9999.0  -9999.0  -9999.0  -9999.0  0.929781825123  2.68855209884  5.38170886628  6.20226423424  12.2579732105  13.0367499452  15.4990646066  25.1278936442  39.7014330668  41.1818940009  41.8888604985  1.2593092983  84.3395506057  85.3612949891  88.5365653395  111.643046945  16.1922243009  14.9001628378  5.03318447523  0.663836379092  4.22937322723  2.87285797987  0.665716350047  2.76477238126  0.610264954662  1.22043401744  3.48691202548  4.15540084302  1.32288839015  0.667401863157  0.647253034506  -9999.0  -9999.0  -9999.0  -9999.0  0.697144276281  0.609335422055  -9999.0  -9999.0  -9999.0  -9999.0  -9999.0  -9999.0  -9999.0  -9999.0  -9999.0  -9999.0  -9999.0  -9999.0  -9999.0  -9999.0  -9999.0  -9999.0  -9999.0  -9999.0  -9999.0  -9999.0  -9999.0  -9999.0  -9999.0  -9999.0  -9999.0  -9999.0  -9999.0  -9999.0  -9999.0  -9999.0  -9999.0  -9999.0  -9999.0  -9999.0  -9999.0  -9999.0  -9999.0  -9999.0
-9999.0  -9999.0  -9999.0  -9999.0  -9999.0  0.890971095457  0.846125717642  3.55096289398  4.39122760657  5.26486236619  0.84006272703  1.65892676401  9.09807175039  1.61108297538  0.816327709197  0.745694281694  0.689179957413  0.710222292961  0.649385946156  0.751179799045  112.342132962  114.288080649  0.631290146866  1.94092602963  1.32096286344  4.87700092055  1.33326627752  0.645764747301  3.45355802293  1.17640227124  2.78726605723  7.35754652225  6.79711163984  1.9824411573  1.98460364102  0.666462247728  0.670338610382  -9999.0  -9999.0  0.67134386647  1.51731607078  3.39905821098  0.642363412005  -9999.0  -9999.0  -9999.0  -9999.0  -9999.0  -9999.0  -9999.0  -9999.0  -9999.0  -9999.0  -9999.0  -9999.0  -9999.0  -9999.0  -9999.0  -9999.0  -9999.0  -9999.0  -9999.0  -9999.0  -9999.0  -9999.0  -9999.0  -9999.0  -9999.0  -9999.0  -9999.0  -9999.0  -9999.0  -9999.0  -9999.0  -9999.0  -9999.0  -9999.0  -9999.0  -9999.0  -9999.0
-9999.0  -9999.0  -9999.0  -9999.0  -9999.0  -9999.0  0.91679751952  0.941422552684  1.75148472648  2.58708708887  5.85970981353  7.51359552333  8.32518040017  0.794686121632  0.704305638114  9.21685628736  11.4419614477  12.1352325485  15.0248777056  15.6873163799  0.672995728191  114.970441718  118.103932379  2.46762050417  0.329210757792  5.40973999491  12.1008791659  4.74720184703  1.25358948643  0.617189063052  11.3796232171  8.00095876478  0.635321813147  0.631651127154  2.63061915652  1.98948161885  0.661667332667  0.66699228369  0.671014223782  1.32686168721  0.657708495935  4.14429902965  4.81107915776  0.64943204112  -9999.0  -9999.0  -9999.0  -9999.0  0.743498037835  0.708617573963  0.183801240667  -9999.0  -9999.0  -9999.0  -9999.0  -9999.0  -9999.0  -9999.0  -9999.0  -9999.0  -9999.0  -9999.0  -9999.0  -9999.0  -9999.0  -9999.0  -9999.0  -9999.0  -9999.0  -9999.0  -9999.0  -9999.0  -9999.0  -9999.0  -9999.0  -9999.0  -9999.0  -9999.0  -9999.0  -9999.0
-9999.0  -9999.0  -9999.0  -9999.0  -9999.0  -9999.0  -9999.0  0.899882549507  0.747760041641  1.61532412754  2.48640826852  0.833029268136  0.701207311974  4.67627323655  6.23154507604  7.82629494318  0.778297175239  1.46986635238  0.754803962165  16.376696978  36.9755741015  37.6633661806  157.171572496  0.63815163473  0.98019140002  0.296756475861  12.7188572965  0.633325419711  1.88215847379  0.612946420671  12.0100893852  12.6413676824  1.27348499217  1.2499530245  6.59701045023  3.30944375882  1.33412525324  0.678684480013  1.33843810148  1.98414137644  3.28519194323  0.644192808357  6.12764508911  6.7933042136  0.635351460533  0.664917326615  0.679548927025  0.640670814948  0.623563017734  2.09511614981  0.787863930192  0.514394784475  -9999.0  -9999.0  -9999.0  -9999.0  -9999.0  -9999.0  -9999.0  -9999.0  -9999.0  -9999.0  -9999.0  -9999.0  -9999.0  -9999.0  -9999.0  -9999.0  -9999.0  -9999.0  -9999.0  -9999.0  -9999.0  -9999.0  -9999.0  -9999.0  -9999.0  -9999.0  -9999.0  -9999.0
-9999.0  -9999.0  -9999.0  -9999.0  -9999.0  -9999.0  -9999.0  -9999.0  1.55537617096  2.22739128124  0.807765943277  1.65361937213  2.46262498451  4.01548482524  0.826244654489  0.789396323624  0.699405631036  0.707741107461  0.660771012324  19.1842390954  0.765838078385  1.4873290698  159.454639679  161.299838944  0.837670584717  2.6279014534  15.9829820187  1.24253373993  2.46496762598  1.18203734212  1.75975710453  15.1109902924  1.87458891964  9.66216108445  7.82055395129  0.600081787241  3.30459601681  1.33208832155  1.97513858191  0.630523236398  3.9406763884  5.24600805971  5.87406216818  6.48164202266  9.26791543121  1.24465614111  1.28345633969  1.21660742963  1.17589934839  2.68642696603  0.579426072402  1.89300113374  2.43528234079  -9999.0  -9999.0  -9999.0  -9999.0  -9999.0  -9999.0  -9999.0  -9999.0  -9999.0  -9999.0  -9999.0  -9999.0  -9999.0  -9999.0  -9999.0  -9999.0  -9999.0  -9999.0  -9999.0  -9999.0  -9999.0  -9999.0  -9999.0  -9999.0  -9999.0  -9999.0  -9999.0
-9999.0  -9999.0  -9999.0  -9999.0  -9999.0  -9999.0  -9999.0  -9999.0  0.861863810533  3.93262390419  4.71496919029  0.782306840276  1.55414549717  0.770004516919  0.726429228565  0.71301122605  9.03994665945  12.1913768783  15.2808741718  18.4627081834  0.824971895372  0.739976168418  0.837268570794  164.989575227  167.109941122  168.01982012  21.8467137043  5.00461208941  4.32355127106  0.586776161182  2.34074438092  18.0358770402  0.5938413718  10.2525005286  0.615535072616  4.21364632149  3.95972700739  0.642614485292  2.60901917004  1.25972473356  1.88742332046  0.638850323725  0.592219428062  7.08441791463  7.66220875229  9.84454317683  1.88456291763  1.79973877422  1.75138143039  3.28328045116  4.45040167531  0.581681681769  2.98807000644  0.558392917423  1.08153753379  0.53681898309  -9999.0  -9999.0  -9999.0  -9999.0  -9999.0  -9999.0  -9999.0  -9999.0  -9999.0  -9999.0  -9999.0  -9999.0  -9999.0  -9999.0  -9999.0  -9999.0  -9999.0  -9999.0  -9999.0  -9999.0  -9999.0  -9999.0  -9999.0  -9999.0
-9999.0  -9999.0  -9999.0  -9999.0  -9999.0  -9999.0  -9999.0  -9999.0  -9999.0  0.895568005927  5.55186073371  6.31983800734  2.3287070329  3.88196480195  5.36726879045  6.13161532542  0.805926364575  2.43485777978  1.62694288149  0.837116230718  0.81735000273  0.727631933907  1.49190427242  2.62305873557  1.10203636003  191.897052802  192.788579932  0.818279551084  0.615016578925  1.16146916957  1.74264491596  19.7921436878  1.17417956611  10.8169013151  6.54517316469  5.35394987872  0.630918837694  1.25782361883  3.21202019028  0.601474985197  2.48168955938  1.24092999972  0.982930129698  0.362195027759  8.96462348294  19.3304505843  2.37694699123  2.30082945501  2.28932773122  0.529983692167  4.98020940003  0.520049536279  4.08186390299  0.519308472394  1.61147550504  2.61629377563  0.404345318234  0.412036976879  0.453656173447  0.44556939953  0.373756139117  -9999.0  -9999.0  0.25676912629  0.133239685392  -9999.0  -9999.0  -9999.0  -9999.0  -9999.0  -9999.0  -9999.0  -9999.0  -9999.0  -9999.0  -9999.0  -9999.0  -9999.0  -9999.0  -9999.0
-9999.0  -9999.0  -9999.0  -9999.0  -9999.0  -9999.0  -9999.0  -9999.0  -9999.0  -9999.0  0.785215589929  7.90189728634  0.768675875486  1.54599649085  2.27647691568  3.75271436182  0.770421251594  1.61276961411  0.794293345786  0.755785475587  0.724243916321  1.43873523407  0.679693521099  0.790762435803  1.71064600548  0.999468873439  193.760786138  195.492192291  197.884171916  2.40339240728  0.579147645009  1.15444397875  20.3926281176  20.3350837736  7.77630527035  0.606130062981  2.49397678455  1.87240520699  3.81676124353  1.20271754836  4.93400853826  1.84535621026  1.51720347901  0.220097038319  0.388565151024  19.9222776546  20.4921320821  25.6910650133  3.92425228837  1.07899222296  5.54378062289  6.61500897237  11.211030428  1.04431522191  0.489863186056  3.07318547056  3.8770907989  0.39972759482  0.773935937286  1.26203874326  0.737897782944  0.365160250613  0.359371726941  0.481582960824  0.267203815122  0.128235484408  -9999.0  -9999.0  -9999.0  -9999.0  -9999.0  -9999.0  -9999.0  -9999.0  -9999.0  -9999.0  -9999.0  -9999.0  -9999.0  -9999.0
-9999.0  -9999.0  -9999.0  -9999.0  -9999.0  -9999.0  -9999.0  -9999.0  -9999.0  -9999.0  -9999.0  0.379034215503  8.66848015527  0.680967617274  1.40384437305  6.63142426907  0.77275238494  0.76590813608  0.691166100852  1.45942598613  0.710475900985  2.85825290417  4.21000247972  4.85207011328  2.37419355024  3.13412571026  0.882755884677  0.973921547299  0.941880229143  201.770112271  203.549588232  20.9746770329  21.4968710583  20.9182063787  1.17461465305  0.577793620488  3.07923432768  8.07554786982  4.41215808519  1.79253067736  7.32744486132  2.82350626745  2.2445026097  0.416540504431  0.190328352902  0.204460630711  0.285359630787  27.0612565292  32.6266056492  0.526109060029  0.509152539631  0.5176810505  11.7126532947  13.2275042427  0.900515962773  0.368951452194  4.1141474589  0.568374092433  1.52410797017  3.05908903759  4.11110484284  4.81294390868  1.45951098128  0.794858312414  0.471211937395  0.261942327602  0.298513229725  -9999.0  -9999.0  -9999.0  -9999.0  -9999.0  -9999.0  -9999.0  -9999.0  -9999.0  -9999.0  -9999.0  -9999.0  -9999.0
-9999.0  -9999.0  -9999.0  -9999.0  -9999.0  -9999.0  -9999.0  -9999.0  -9999.0  -9999.0  -9999.0  0.346659709247  9.52843225349  11.860962052  0.727977311837  8.07233535531  0.717221498524  0.689017599265  1.3656989047  3.51181685432  0.687565883472  0.724849553683  0.655422340973  6.17666591937  6.83344341332  10.6394241393  12.163662283  12.8704759122  13.7034730318  14.5062895084  218.957971462  241.356887837  264.278682222  265.018662547  0.643444086921  0.576053623172  9.25039581083  8.66750566527  0.584595176415  0.565444209472  7.84212107257  11.2792652527  0.502337600863  5.02941549029  4.68379369055  0.975107122286  0.546034121002  0.891921289896  0.583214511387  33.7088411101  0.54481172931  1.52640917915  1.99557594183  16.4193435842  17.5054799762  18.1719059971  22.4404888622  0.144061683695  0.140397192552  0.140368802556  0.154784837918  5.24833275138  7.0234285039  0.33861806832  1.11187677495  0.42706056345  0.561468814982  0.127666401713  0.102512855196  -9999.0  -9999.0  -9999.0  -9999.0  -9999.0  -9999.0  -9999.0  -9999.0  -9999.0  -9999.0  -9999.0
-9999.0  -9999.0  -9999.0  -9999.0  -9999.0  -9999.0  -9999.0  -9999.0  -9999.0  -9999.0  -9999.0  0.837867680463  1.62353452631  12.6245050343  14.0025640215  0.698527923266  9.60791308605  0.645187267295  1.95916056628  4.1561954717  1.33883329665  0.648200031863  1.3572497659  0.621336390869  1.20949643133  0.581390846727  0.524832996915  0.375068648422  0.332399169485  0.325523230399  0.351385938877  0.531670886044  0.71471259333  0.892899831646  267.293195225  11.8850313753  10.6254278903  0.652396774576  1.71335215009  0.428091594357  0.325505625315  11.8507585661  18.6393818406  5.67654409272  4.29327202997  0.552050543749  0.248288635934  0.224553979056  0.696328542457  34.9589270139  36.0316295876  0.551466786719  0.553915860029  0.424337678674  0.227999689068  0.384186355545  22.9462046298  23.2304548156  23.5115493251  0.292361980924  0.154235272679  0.140334523353  7.22564878033  7.76130337538  1.29430964995  0.251234543637  0.808838210262  0.280808300935  0.196222537682  -9999.0  -9999.0  -9999.0  -9999.0  -9999.0  -9999.0  -9999.0  -9999.0  -9999.0  -9999.0  -9999.0
-9999.0  -9999.0  -9999.0  -9999.0  -9999.0  -9999.0  -9999.0  -9999.0  -9999.0  -9999.0  -9999.0  -9999.0  0.717738302527  10.0112288525  24.7428315823  26.9427091494  37.2625477356  38.0659819988  9.54675447548  6.8080433536  1.99992489953  0.638848607743  2.63690257723  3.26848494657  5.07084108564  1.19022557835  1.11170237024  0.972386715857  1.89686666362  0.907765311125  0.900135726071  0.405225958758  0.205522044139  0.304967965213  267.998827999  280.254265553  281.026363427  0.682039836012  4.99155335209  1.93077857958  0.601121221977  20.5947382038  1.37781773723  0.709953958734  2.80407423574  0.539180006415  0.496643136687  0.957330232515  1.42431566403  1.94198813633  36.9959764444  0.466596717982  0.423796398371  0.424001171971  0.323166218619  0.19701176797  0.543584873013  0.589150280989  24.3633512054  25.3725014846  0.596389351511  0.301541924109  0.185308357821  0.193936249696  9.59584415351  13.0758728092  2.93184836098  1.27339307293  0.694429273855  -9999.0  -9999.0  -9999.0  -9999.0  -9999.0  -9999.0  -9999.0  -9999.0  -9999.0  -9999.0  -9999.0
-9999.0  -9999.0  -9999.0  -9999.0  -9999.0  -9999.0  -9999.0  -9999.0  -9999.0  -9999.0  -9999.0  0.793462675676  7.62619663706  9.2694233726  1.5414591012  0.42089420087  0.942348544839  39.6824846381  40.4255586192  50.7420566142  0.600322084069  1.23293824498  0.577734422296  0.587387575476  5.67183037351  7.46155372674  9.13759094834  0.568809222108  2.47938906905  3.95859983386  2.41859456108  0.967084811114  0.63149001535  0.539295858592  0.63544968514  0.417331965852  281.721128795  282.351216084  288.55882773  1.12626511501  0.570757826057  21.2131615793  1.3855417935  0.719574039208  0.7730304573  0.768460131177  0.696543161818  1.21708394594  3.66490618625  6.16462161054  43.6321457103  0.389612355531  1.16118095255  0.780291778123  0.652577524214  0.334442874226  0.288321004653  0.209406734806  0.0823006268312  25.5224840922  0.0981132082716  0.233757310672  0.0853739247555  0.125445701285  0.237754858042  13.3705350513  0.531123208099  0.18388138172  0.313589130391  0.140920683549  -9999.0  -9999.0  -9999.0  -9999.0  -9999.0  -9999.0  -9999.0  -9999.0  -9999.0  -9999.0
-9999.0  -9999.0  -9999.0  -9999.0  -9999.0  -9999.0  -9999.0  -9999.0  -9999.0  -9999.0  -9999.0  0.815721237233  5.33442310156  0.845868453042  0.743729770712  3.85249075699  4.5434908459  5.24521511589  5.89228863615  68.9152644436  69.4168315032  70.5172275307  79.0197759854  80.7339565296  81.7192984012  82.3464853651  92.5700550889  93.8464409455  94.4187857544  98.9922567401  102.049663818  102.618141354  104.198822887  1.07515601988  0.931665039435  0.211441167424  0.315591684177  282.965933852  290.928070298  1.74433936034  25.0429446529  24.4709392093  2.66852928076  0.640879467503  0.64881227596  0.632825480641  0.63673848751  1.28569536238  1.89229713191  0.606344602867  44.0936596933  44.5737564339  46.9453706795  47.3634187485  48.4117303791  49.1234056525  0.311112410816  0.292490251614  0.196775801044  25.7002550483  25.9460335859  26.338822778  26.7562386314  0.214299937714  14.4760586131  14.0366570538  0.332469512721  5.27841806168  5.09299896211  0.379322829395  0.226921157464  -9999.0  -9999.0  -9999.0  -9999.0  -9999.0  -9999.0  -9999.0  -9999.0  -9999.0
-9999.0  -9999.0  -9999.0  -9999.0  -9999.0  -9999.0  -9999.0  -9999.0  -9999.0  -9999.0  -9999.0  2.76146164313  3.64574396083  1.67967078063  2.49315490211  0.80195626483  8.92347297823  9.66365030458  11.1322184793  11.6354489617  4.72861870156  76.1363712585  76.6502756006  0.517700341315  0.36676940703  0.288945499558  0.702954666394  0.307160451647  0.227081409601  0.197741524292  0.257583569783  103.031145508  104.674264499  106.356157439  107.835458886  108.982934738  0.522471609692  0.238877640544  317.724251768  26.1900920083  25.6471815959  0.590572038363  0.574315523273  0.554885721092  1.20872692494  1.19495752448  0.554819393508  0.550564601998  0.520643999789  1.11398432273  1.55289376666  0.36100245348  0.656596668441  0.259981236017  0.114732866445  49.2919175764  49.8340771622  50.4078212606  50.9113281419  51.178167619  51.4782042014  51.599452463  0.122334326177  27.0849941557  0.209571734754  20.4238278349  5.69409355365  0.466521251129  4.57138024443  3.89194662042  0.252143273447  -9999.0  -9999.0  -9999.0  -9999.0  -9999.0  -9999.0  -9999.0  -9999.0  -9999.0
-9999.0  -9999.0  -9999.0  -9999.0  -9999.0  -9999.0  -9999.0  -9999.0  -9999.0  -9999.0  -9999.0  -9999.0  1.86377740209  0.866260891648  0.795842615062  7.45633096881  8.22465291645  0.763613060897  2.96185979439  3.64208080929  4.21541798101  0.649808684406  0.553390283309  11.7020949794  12.1956248012  12.6412090623  33.8351733488  34.1460741444  34.605782305  37.3283185478  38.7201382229  38.9141999373  0.174260203472  0.187814867641  0.234099332343  109.862132167  0.363258994386  323.11584635  322.442650843  4.20615188121  3.61376694489  2.26649485727  0.561766560448  1.10009451467  1.76929951283  1.75657676234  1.09477966648  0.530431129028  1.04538461998  1.02063122531  2.01286633416  0.241357638452  0.889028284417  1.54129444933  1.78872453944  1.92055191993  0.120519507794  0.121667930189  0.119211688801  0.121603024032  0.152755019674  51.7997636564  52.0820993357  79.2278177803  79.2947710083  21.8885639031  1.30479266905  0.970184648399  0.364322225837  3.43005573912  3.20191548311  -9999.0  -9999.0  -9999.0  -9999.0  -9999.0  -9999.0  -9999.0  -9999.0  -9999.0
-9999.0  -9999.0  -9999.0  -9999.0  -9999.0  -9999.0  -9999.0  -9999.0  -9999.0  -9999.0  -9999.0  -9999.0  0.95866771653  2.63010244859  3.4403252955  5.88339417205  0.752423687466  1.52539596028  2.26675153991  8.45186532888  8.99630853273  9.29629502726  9.87723020435  10.6041597893  17.7328570234  19.7910640285  20.8214782984  0.337415415093  2.20269803822  2.51058792866  38.074872199  39.1989087662  39.672276399  40.1466754041  40.6432425123  150.968274992  0.529070652491  324.822977536  0.665007909041  0.2659497901  3.0481611633  2.69429429626  0.348674164827  1.57578072472  2.25463665124  2.2441858266  1.55986514573  2.5570385255  4.03682326586  1.46866200296  3.91011985363  0.296054321411  0.375179994214  0.109028956605  0.0921732541081  2.15560677566  2.2382638934  0.213236610025  0.212462418761  0.331645001945  0.114459214198  0.127110131674  0.124901162438  114.921750911  114.854278871  35.3699478015  0.299211417765  2.11313986567  1.66901378328  1.12820742525  3.01792246789  2.09557951711  -9999.0  -9999.0  -9999.0  -9999.0  -9999.0  -9999.0  -9999.0  -9999.0
-9999.0  -9999.0  -9999.0  -9999.0  -9999.0  -9999.0  -9999.0  -9999.0  -9999.0  -9999.0  -9999.0  -9999.0  0.899088673129  1.76937338635  0.807671489162  1.62635784589  0.737304982357  5.53479484635  6.99380334773  7.75331705691  0.71960697387  1.31604852904  13.3957710151  16.560675511  17.0761826149  1.40105814809  1.2466527314  1.67056932497  0.269866166332  0.244922534901  0.474559156877  0.273314054884  22.1759617516  22.4761353397  22.8141970222  151.42887974  327.612983987  325.126265536  0.428308870538  0.192864821264  0.170993094368  0.664210819569  0.512638279471  1.79576664132  2.62001529339  5.35129782584  0.48194121332  0.479591073224  4.40494801793  4.77976404291  9.43470910281  9.71538840792  10.2094836533  10.4184439843  0.185528301949  0.290253670443  2.38214294863  120.7999811  118.096571959  117.62636292  116.907577573  0.146529017011  115.92629513  0.226297081089  0.122751341423  13.1187183452  3.34777193372  3.12792171725  0.548409011858  0.595744426992  0.580353136964  1.83661024104  -9999.0  -9999.0  -9999.0  -9999.0  -9999.0  -9999.0  -9999.0  -9999.0
-9999.0  -9999.0  -9999.0  -9999.0  -9999.0  -9999.0  -9999.0  -9999.0  -9999.0  -9999.0  -9999.0  -9999.0  -9999.0  0.805970073751  1.62919628871  2.46404142195  4.00084180849  0.80642142135  0.750594957741  5.74037130287  6.44393573181  12.2608936434  12.9891166459  2.02815189221  0.734986939347  0.696973977877  0.638524170149  20.4309206222  20.8279795595  21.1253380485  21.3724406019  21.9016142886  3.46662165571  3.88147749367  27.0780998505  506.342328914  1.93626114563  1.60361763681  0.701756453875  0.202140036661  0.159658678187  1.01552616388  1.1527940052  2.09451392252  0.14206721832  5.52587514583  0.735593883386  0.714172707374  0.129680979406  0.103250774051  0.0992003117827  0.141940661879  0.105193504124  10.5244355938  142.629923731  131.743109845  131.376624694  120.982108757  0.136761120675  0.180618413812  0.19188183274  116.183334855  0.4960318817  0.215886032547  0.274773762403  0.253715516755  9.41416326213  8.91533467195  1.02310762418  0.526110433701  0.643739260956  0.642370721285  -9999.0  -9999.0  -9999.0  -9999.0  -9999.0  -9999.0  -9999.0  -9999.0
-9999.0  -9999.0  -9999.0  -9999.0  -9999.0  -9999.0  -9999.0  -9999.0  -9999.0  -9999.0  -9999.0  -9999.0  -9999.0  -9999.0  0.804145898744  1.72067245207  2.5915798774  3.48812647457  4.2437779646  5.02236705324  2.26489716853  3.77645397004  0.716857180836  0.694111804118  17.0221101408  18.4215252082  19.1010672173  19.8398814605  0.571735249711  0.994514946431  2.56780844874  2.83635900652  3.1294452089  0.454200415425  0.475836728851  507.537608786  0.371590523658  0.570119144332  0.261393011241  0.754106943109  0.350716196055  0.222240638005  3.47594379988  3.73542068983  0.168603320729  5.7265871168  6.56437503188  0.803236663099  148.082620446  147.848800411  147.619802941  147.059713363  146.777409728  143.127240462  142.958751997  0.210667741427  10.2538868994  9.79907140445  9.30338783707  9.17265446878  5.58335467556  5.45512799315  5.17116819184  1.83263505829  1.66399352625  1.10250646432  0.276639505545  8.52678087668  7.41381274495  0.481996209687  1.00856141451  0.47003808525  -9999.0  -9999.0  -9999.0  -9999.0  -9999.0  -9999.0  -9999.0  -9999.0
-9999.0  -9999.0  -9999.0  -9999.0  -9999.0  -9999.0  -9999.0  -9999.0  -9999.0  -9999.0  -9999.0  -9999.0  -9999.0  -9999.0  0.225501522091  0.503763649815  0.851775203808  7.83149414879  8.58810584931  0.76777606667  0.767754590173  0.748065185536  14.1530643637  15.6271746689  0.738287184243  0.752005421957  0.627311094593  2.55514301201  3.19765098916  1.67459846964  2.05039539171  14.3515419861  14.802085477  15.8629547721  25.2663616795  533.071010954  0.399507583835  0.240379455617  1.13699424205  0.938318399931  0.215246790332  0.67162261053  0.899457973802  3.98944690117  4.21444081295  11.2333474022  6.66430331564  0.868932356483  151.628086727  1.85741459385  147.393468909  147.235302993  3.39958728139  0.172140644041  0.172725492654  0.0768671649655  0.273096246411  0.386700610118  0.189784196921  3.46886285795  2.90786278633  0.182462128609  3.2088869084  0.528358532448  0.338438516107  0.811219451285  0.401011633484  0.880515079513  6.0077836193  5.214852908  0.438187810812  0.800318507875  0.40336801977  -9999.0  -9999.0  -9999.0  -9999.0  -9999.0  -9999.0  -9999.0
-9999.0  -9999.0  -9999.0  -9999.0  -9999.0  -9999.0  -9999.0  -9999.0  -9999.0  -9999.0  -9999.0  -9999.0  -9999.0  -9999.0  1.16598436227  1.90091640704  3.94172392931  6.95220560305  9.42674791016  11.1742599433  11.9314300298  12.703429189  13.4680382148  0.718325186636  0.687730153028  1.33838620624  1.28798110753  0.654109481102  12.3698687989  12.9948805375  13.5992481988  14.1618474416  7.83404412187  8.19580520537  8.82548766264  533.299516236  0.690182100553  0.672218153101  1.92479174439  0.162763772257  0.50774203691  0.275379557806  0.211649829277  1.13726874595  0.185509338888  0.195350394568  163.917047702  152.522595307  152.320449267  0.738530920044  1.73778208827  1.09568040565  0.236905590396  3.00250386175  0.798757706801  0.628954278707  0.456178872926  0.315973807336  0.176518679653  0.406657731622  2.74651337086  2.32393223091  1.92150210687  2.47847213361  2.31456975472  2.17359313426  0.265469738135  0.469243537908  0.421050472193  3.88390433108  3.13207235066  2.02811262058  0.346487931576  -9999.0  -9999.0  -9999.0  -9999.0  -9999.0  -9999.0  -9999.0
-9999.0  -9999.0  -9999.0  -9999.0  -9999.0  -9999.0  -9999.0  -9999.0  -9999.0  -9999.0  -9999.0  -9999.0  -9999.0  -9999.0  0.811654007231  0.756280816738  1.48189236877  2.26301894219  0.858457913121  0.810360450745  1.57234379328  2.32352032552  3.7605631767  4.47922882822  5.17547489093  7.23116583812  7.89305070693  8.57767797978  0.631720149794  6.23026605786  6.75824639661  7.16733898427  0.285011353883  0.105951522295  0.206110957376  541.917336482  542.138108257  543.273239064  2.39220141286  0.33531201454  0.761488494436  0.209158806902  0.3888272817  1.32892115119  1.67874690236  0.362639560541  164.833991862  0.3085523984  0.418336203511  0.45101740601  0.378158678595  0.644120933073  0.274092354443  2.01433347739  1.50047563073  1.07511734901  0.532268341054  0.368415277945  0.198310002947  0.225346054686  0.242866122398  0.245227972272  1.74742780941  1.33195442303  0.925998191256  0.487125946618  1.9933254526  1.46558911644  0.458089841134  0.456073784733  0.36165200508  0.941548243746  0.549398047054  -9999.0  -9999.0  -9999.0  -9999.0  -9999.0  -9999.0  -9999.0
-9999.0  -9999.0  -9999.0  -9999.0  -9999.0  -9999.0  -9999.0  -9999.0  -9999.0  -9999.0  -9999.0  -9999.0  -9999.0  -9999.0  -9999.0  0.717357177664  1.42208596382  0.70411495425  1.44997344621  9.11817101639  9.89643198074  10.6321375202  0.722582411223  0.724826580578  1.41461143108  2.10559086245  3.39068631049  4.03860862766  4.39176805053  4.97949545448  0.5122795264  0.408884764663  7.69290111499  7.82313372245  7.98295927236  8.17779595172  7.01657718021  551.129840415  554.780013169  554.932273642  555.828316032  556.610907416  557.250940364  0.203236118125  1.85220055762  165.03658118  0.487185699575  0.249161959148  0.275886572933  0.245010205366  0.417607497647  0.350383873269  0.199503406497  0.281399952905  0.247919194022  0.389234512417  0.172006579058  0.133010746678  0.459406762863  0.326520895459  0.173167695842  0.169905053399  0.192002592661  0.203291778456  0.231356655589  0.25269252564  0.269123039999  0.748038498575  0.246163031233  0.772042427737  0.378996154764  0.34672488106  -9999.0  -9999.0  -9999.0  -9999.0  -9999.0  -9999.0  -9999.0  -9999.0
-9999.0  -9999.0  -9999.0  -9999.0  -9999.0  -9999.0  -9999.0  -9999.0  -9999.0  -9999.0  -9999.0  -9999.0  -9999.0  -9999.0  -9999.0  -9999.0  2.11464196131  2.87853032157  5.16185289869  6.87150089814  0.934991746096  12.3742370291  13.0880691017  13.7857942936  0.712730412463  1.39933239846  0.650666595311  4.72984214435  5.05225063361  5.57191785155  6.10946364189  7.3312024426  7.50309761385  0.11126372084  6.20353501211  6.60657238395  6.82598964706  7.63083368492  1.04684278822  0.670608952106  0.399344151174  0.378652215119  557.848878165  558.187942144  561.38563057  165.263471148  1.33237760881  0.645683143748  0.439209366248  0.133721981313  1.15990906321  0.579213628438  0.184381260563  0.975261860345  0.81619748689  0.151496035553  0.976537937411  0.873105926845  0.611556825119  0.138188125885  0.394907980356  0.286694516626  0.124940187352  0.291626600208  0.165922047717  0.182974900685  0.18286947669  0.157669587111  0.419267865254  3.67102334807  2.20606325534  1.37938285297  0.567767438372  -9999.0  -9999.0  -9999.0  -9999.0  -9999.0  -9999.0  -9999.0
-9999.0  -9999.0  -9999.0  -9999.0  -9999.0  -9999.0  -9999.0  -9999.0  -9999.0  -9999.0  -9999.0  -9999.0  -9999.0  -9999.0  -9999.0  -9999.0  0.775867621975  3.6340907657  4.43719799531  0.954630009024  0.752223748043  1.51103172906  2.22679194243  16.7242544568  0.702495521898  2.82919853532  3.49958646799  4.15545264575  0.34617652692  0.825094341826  1.04869274102  4.97181679755  5.49938964113  5.68917031093  0.206435593188  0.183881548089  0.208280056522  0.387910016327  0.155873021468  0.161760036662  0.310321211142  0.228175925564  0.315124233428  1.09029364051  561.742289036  727.910913601  1.63224468436  0.210539166982  0.142515095152  3.51222837272  3.22082432086  1.86164593966  1.65737329231  1.22454407627  0.279076464618  0.211932755453  1.07976334855  0.499015091734  0.386848281478  0.119923629094  0.539345146092  0.960318084915  0.747219939557  0.447585961178  0.151206379924  0.543311857838  0.38848173617  0.3345858976  4.5827889634  4.43808165238  0.423523560477  0.393698832267  0.374680280352  0.348521432806  -9999.0  -9999.0  -9999.0  -9999.0  -9999.0  -9999.0
-9999.0  -9999.0  -9999.0  -9999.0  -9999.0  -9999.0  -9999.0  -9999.0  -9999.0  -9999.0  -9999.0  -9999.0  -9999.0  -9999.0  -9999.0  0.646014044713  2.14387924127  0.715913606578  0.915499498978  0.806654198136  1.57887983427  2.3229927147  3.11287099793  20.6181898422  21.2976499449  0.697525602302  1.36642818719  2.04050121735  2.49581423308  2.96475495499  4.26113020386  4.76784230388  0.271535623258  0.264022370632  0.231106011022  0.337606747264  0.31727026471  0.342404973748  0.27173429936  0.306447457593  1.27317737852  0.598751934539  0.34857672938  0.339877846721  0.311479118081  0.588197736483  738.498013827  8.78273441271  4.2567418535  0.378606781757  0.164977821464  0.153376358345  0.503148244242  0.340030891907  0.167936232399  0.166375839542  1.410706687  2.03953683349  2.24672869574  0.0976416514982  1.81613808693  1.15428520501  0.133821469725  0.112251104672  0.273343920163  1.4126444745  0.645503506059  0.526672728229  4.8057220142  0.248370107717  0.290849590796  1.46710295098  0.749744146259  1.24535198203  0.523644577735  -9999.0  -9999.0  -9999.0  -9999.0  -9999.0
-9999.0  -9999.0  -9999.0  -9999.0  -9999.0  -9999.0  -9999.0  -9999.0  -9999.0  -9999.0  -9999.0  -9999.0  -9999.0  -9999.0  0.667080021488  1.31117424289  4.81654648499  0.700198851557  1.85957694506  2.6430719038  3.40075002553  0.782946541732  1.50188503451  2.34471444987  24.3967841516  0.663233687229  1.2960639611  1.93476620454  0.594880659117  1.16117606427  1.37999081779  1.82060498306  45.7045165016  46.3176076003  46.8797895318  49.867602309  50.811261209  53.1410251484  0.632668688969  1.28945534863  1.58647831289  60.584755696  61.2299369101  0.320433452125  0.559981476495  0.7937165985  738.761480543  8.43445619843  3.70196833918  3.51578303572  3.05637475628  2.79758961189  0.670708365813  0.168286770915  0.307919658176  0.151352690494  0.145268699372  0.265557827177  2.37394658024  4.43501784811  1.96816376525  0.370306366685  0.252966958399  0.157214086302  2.29917296733  1.83244394675  0.210757928577  5.82929339202  5.05784745941  0.479523605806  2.83247749363  1.76644176836  1.94428003812  1.6328080267  0.377489962897  -9999.0  -9999.0  -9999.0  -9999.0  -9999.0
-9999.0  -9999.0  -9999.0  -9999.0  -9999.0  -9999.0  -9999.0  -9999.0  -9999.0  -9999.0  -9999.0  -9999.0  -9999.0  -9999.0  0.67504357852  2.05833479376  7.5595859328  11.1502900796  0.639145496005  14.7974037353  18.9664627586  0.74301006237  1.45185930404  2.27240206457  31.0402884468  31.7880903108  0.623849101131  3.19158000377  3.78602906635  4.22605452025  41.8767528458  42.8801120474  43.6264169187  0.370395151831  2.11897229361  2.51849063562  1.21881582888  1.75445810313  55.6761023167  57.7893174962  58.2544801412  58.6987788053  61.8323626793  0.294870661641  0.267769851198  1.29687982127  739.07732934  0.282345188737  0.100886558751  0.296998892561  0.111123720922  2.49500341827  2.18295350082  1.28118196399  0.909296002439  0.384694409037  0.165368970011  0.390759739559  0.0931095284474  4.52985213855  0.569234857169  0.466185478464  0.0887829104183  0.252564914561  2.43355781224  0.10325057892  0.0558112848024  5.92013099269  0.171655233657  3.30054391512  3.10004053977  2.77848698368  2.53739452925  0.287298593745  1.04797372315  0.340036803729  -9999.0  -9999.0  -9999.0  -9999.0
-9999.0  -9999.0  -9999.0  -9999.0  -9999.0  -9999.0  -9999.0  -9999.0  -9999.0  -9999.0  -9999.0  -9999.0  -9999.0  -9999.0  -9999.0  -9999.0  1.45938126437  2.94128767774  13.2758610814  14.0476819457  19.6473561557  20.4249261702  0.754471679237  1.50825422786  3.70387874892  32.5108536943  33.8326490229  34.4026060664  0.500847820482  36.3697580623  37.3621690864  0.675464875828  0.376682156196  0.732524676506  1.44417711937  0.358728164421  0.739360546835  1.68788709181  2.1306622306  0.409382799953  0.295953513084  0.595321244866  63.8387525426  64.4092177967  64.64859817  66.5424661116  739.368329375  0.192417082574  0.0680782929794  0.081761375971  0.07747692501  0.0798739349938  0.0685774498675  0.126257689419  0.135927506664  0.325922593419  0.185661964124  0.181770683065  0.717076627791  5.42051914455  6.11491983696  6.2462120363  6.6959818869  0.0987802411442  2.53755357995  0.317285285134  0.1085715658  6.03535691307  6.33144912336  3.47277590785  3.71659946847  3.01458318655  1.96845662629  1.69550144404  1.40573113095  -9999.0  -9999.0  -9999.0  -9999.0  -9999.0
-9999.0  -9999.0  -9999.0  -9999.0  -9999.0  -9999.0  -9999.0  -9999.0  -9999.0  -9999.0  -9999.0  -9999.0  -9999.0  -9999.0  -9999.0  -9999.0  0.763344770481  0.747719083992  0.749727634499  1.56394731047  0.700151098014  21.8094895415  22.5306328444  0.750129582836  1.46819695374  0.73194142432  0.658975566476  0.644431884857  35.4753969531  0.298138608235  0.633350323007  0.381687273243  0.391308660621  0.354160680624  0.299220814455  0.309862719415  0.963208419116  1.31757656193  0.275784023089  0.24516914869  0.530849843009  0.8746154074  1.07016028393  0.247191750344  64.9746743438  66.7980958901  739.597111416  0.614533399953  0.245330030932  0.0506553529616  0.115155887396  0.0389343944528  0.0287895058479  0.159172027171  0.673859038752  0.438887062012  0.107915614012  0.10582882416  0.22613549144  0.102682257298  0.10919643395  0.119168415442  0.133442336151  10.1562572532  2.96312165756  0.102566759901  0.174421224638  0.0817318454311  16.4902365021  10.0570924496  9.92479057101  3.13298910789  2.44925990755  0.241804864018  -9999.0  -9999.0  -9999.0  -9999.0  -9999.0  -9999.0
-9999.0  -9999.0  -9999.0  -9999.0  -9999.0  -9999.0  -9999.0  -9999.0  -9999.0  -9999.0  -9999.0  -9999.0  -9999.0  -9999.0  -9999.0  -9999.0  -9999.0  -9999.0  0.741219207054  2.25027278564  2.87307031442  3.54740769419  23.1897338207  23.8499891441  24.5456072318  25.351027583  25.9831667427  27.2842735727  27.5874477892  27.8588836875  28.1433766286  0.335354961486  0.328226016499  0.346463298819  1.27845080704  0.339657183275  0.335249419929  0.272788699323  0.812524340075  0.315262216657  0.256097183143  0.239098435217  0.204928343123  0.409037114688  0.598376683772  68.0667702599  808.52424173  0.175083229814  0.400327108577  0.0403635937346  0.158625400706  0.087547249283  0.0580759344949  1.37634744046  1.10721953144  0.332860732172  0.216675595876  0.440263640107  0.111411769733  0.306397749075  0.193892721829  0.330554614507  0.11882076473  0.15373149743  10.284710649  10.6721181237  20.5225853584  20.3985056417  20.2697831138  0.150880611851  2.86375814388  2.69000946401  0.130675511513  -9999.0  -9999.0  -9999.0  -9999.0  -9999.0  -9999.0  -9999.0
-9999.0  -9999.0  -9999.0  -9999.0  -9999.0  -9999.0  -9999.0  -9999.0  -9999.0  -9999.0  -9999.0  -9999.0  -9999.0  -9999.0  -9999.0  -9999.0  -9999.0  -9999.0  -9999.0  0.6210495322  4.90014733498  9.79955913837  10.5219892196  0.915900917909  1.68913757853  2.39964515546  3.04572402776  7.12187954926  7.45572539203  0.327023183882  0.335555232268  28.8033939472  29.4352420102  29.7418243425  1.54344094698  0.247123300005  0.615047242075  0.90401176487  2.7038685466  3.31283378816  3.8137714048  0.462242065781  0.652872553785  0.225361761473  0.450417517008  0.232516983438  808.989794334  0.180797161067  0.732965061432  0.260846232886  0.555514703695  1.44834524426  1.59985457188  3.06692116276  1.22606112849  1.12968257043  0.802569195541  0.717762550763  0.187190961276  0.381595057736  0.458731742725  0.393338621831  0.0623072714758  32.4644704435  32.1962356591  32.0533749334  20.973371956  0.21123115249  3.41895686384  2.48787975805  1.68046023703  1.05352456393  0.191845072318  -9999.0  -9999.0  -9999.0  -9999.0  -9999.0  -9999.0  -9999.0
-9999.0  -9999.0  -9999.0  -9999.0  -9999.0  -9999.0  -9999.0  -9999.0  -9999.0  -9999.0  -9999.0  -9999.0  -9999.0  -9999.0  -9999.0  -9999.0  -9999.0  -9999.0  0.689851819784  2.18771765943  4.28912604634  5.6108586286  14.5708728708  15.4035045171  1.47978714014  2.19380750801  2.83852106063  3.48162900786  7.76028193901  8.40764745677  14.5111654255  14.9787438133  15.254148928  30.0613425145  32.4800029919  0.582186590246  0.381993875527  0.366628532722  0.718020852603  0.335346825279  4.46050412111  4.70488292609  0.865494069441  1.04543274855  0.21298212071  193.165417362  193.664428347  1002.98852276  1003.98717261  0.164966765241  0.891090814476  0.342874998195  0.297105707664  3.59220960607  4.97732373442  1.03004869172  0.915009192159  0.189278519905  0.0998991823868  0.477805049256  33.4285669164  32.8961667926  32.8115404879  32.6432111875  0.207590417926  0.202998005044  0.217589191432  0.227823801669  0.731136178759  0.492337320634  0.478549922052  0.726693881803  0.232412111295  -9999.0  -9999.0  -9999.0  -9999.0  -9999.0  -9999.0  -9999.0
-9999.0  -9999.0  -9999.0  -9999.0  -9999.0  -9999.0  -9999.0  -9999.0  -9999.0  -9999.0  -9999.0  -9999.0  -9999.0  -9999.0  -9999.0  -9999.0  -9999.0  -9999.0  -9999.0  0.777603895269  0.759099078895  1.43953337307  3.42207895305  16.059731585  0.757796550465  0.748484564551  1.40571813252  2.06699163275  4.88049759842  5.26453357623  0.279208714359  0.330365513444  15.6697528732  16.0089391618  48.7814908668  49.051794963  0.237205494715  0.213261675345  0.192201594574  0.193885036857  0.208654554403  188.866571586  190.373800848  191.614265873  192.016244261  192.979667868  0.270319728459  1.01132480124  1.27904248287  1005.78421205  1005.96272125  1006.11051529  1006.30286225  1006.47636815  5.21558972028  0.107301148665  0.379141445718  0.298427184046  0.0777776250982  0.55515277359  33.7231105408  0.199196575087  0.101279565719  0.809039210725  0.715291219511  0.579432905707  0.440000371815  0.244381242526  0.276613150986  0.262943447899  0.246454985751  0.260840673251  -9999.0  -9999.0  -9999.0  -9999.0  -9999.0  -9999.0  -9999.0  -9999.0
-9999.0  -9999.0  -9999.0  -9999.0  -9999.0  -9999.0  -9999.0  -9999.0  -9999.0  -9999.0  -9999.0  -9999.0  -9999.0  -9999.0  -9999.0  -9999.0  -9999.0  -9999.0  -9999.0  -9999.0  0.699545479561  0.730562470707  1.35855256826  18.7122163751  19.4554253639  0.733866329475  1.39088774001  2.0660402473  2.4877253376  0.344161660467  0.726222381586  42.0236237735  42.3709075837  42.6462717794  45.0283668011  94.3543860121  179.515748264  180.063265679  180.588792723  181.095232252  183.228781735  183.907624116  1.28943527057  0.588192172102  0.340586702513  0.645694185262  0.505445961238  0.792949860067  0.250785143063  5.62459933266  6.31080940908  6.81537308446  6.96304000237  1006.63622519  1012.07534744  1012.9205755  0.538009660656  0.110775942729  0.812168265704  0.651376638117  33.9140605678  0.0981942984603  1.80467984722  0.879626883194  0.761797934052  0.52105034583  0.256781602777  0.370701565961  0.194418021806  -9999.0  -9999.0  -9999.0  -9999.0  -9999.0  -9999.0  -9999.0  -9999.0  -9999.0  -9999.0  -9999.0
-9999.0  -9999.0  -9999.0  -9999.0  -9999.0  -9999.0  -9999.0  -9999.0  -9999.0  -9999.0  -9999.0  -9999.0  -9999.0  -9999.0  -9999.0  -9999.0  -9999.0  -9999.0  -9999.0  -9999.0  -9999.0  0.709060561301  1.36152377885  2.01758204659  20.0224031189  0.750744668273  27.3634995534  28.0593230033  28.3939741955  28.7686185216  40.4527017159  40.8996647203  0.373295689009  1.77365632349  2.15808561216  0.399039552799  84.6134158673  83.863958522  0.277912249584  0.621982048558  1.6669960918  0.364338915178  0.386168560323  0.301212661765  0.263853018247  0.209883890123  0.244109759301  4.79516368005  5.04963490408  5.3505150344  0.43981658093  0.306193658642  7.12781996755  7.32795259246  7.44418149779  1013.09090616  1013.26099127  1.13312644296  0.919875036758  36.02267895  35.9163612419  1.90404766198  0.207824021734  0.103927045177  1.32343601067  1.11227938403  0.868823356575  0.557015711166  0.306851210148  0.140425314609  -9999.0  -9999.0  -9999.0  -9999.0  -9999.0  -9999.0  -9999.0  -9999.0  -9999.0  -9999.0
-9999.0  -9999.0  -9999.0  -9999.0  -9999.0  -9999.0  -9999.0  -9999.0  -9999.0  -9999.0  -9999.0  -9999.0  -9999.0  -9999.0  -9999.0  -9999.0  -9999.0  -9999.0  -9999.0  -9999.0  -9999.0  0.648082050264  0.609813234738  3.15400995421  24.5080458742  25.930028318  26.7224106346  0.720568307967  10.8310088156  11.1479593751  11.3161610407  0.401003265393  0.823587559134  1.19478421739  19.260894574  19.5741748023  19.8684089574  83.2863915738  51.0207594237  0.342565440337  0.354527510138  0.341897811152  0.282637534644  2.85104421217  3.43922110269  3.96056116602  4.25146269778  4.53282987465  25.6263177134  25.8401029594  26.038616684  26.4878104702  29.1201862212  29.2636967475  36.8646876653  0.121034757499  1013.41483739  1013.60092938  1.26205987836  36.1171240593  0.168043090735  0.0784832935375  0.309606966912  2.07793814749  1.99480227128  0.457034580641  0.232795336005  0.699565583354  0.488685694681  0.138803425912  0.123885145911  0.121422109811  -9999.0  -9999.0  -9999.0  -9999.0  -9999.0  -9999.0  -9999.0  -9999.0
-9999.0  -9999.0  -9999.0  -9999.0  -9999.0  -9999.0  -9999.0  -9999.0  -9999.0  -9999.0  -9999.0  -9999.0  -9999.0  -9999.0  -9999.0  -9999.0  -9999.0  -9999.0  -9999.0  -9999.0  -9999.0  -9999.0  1.26656654729  1.93520455644  0.741637057872  0.747967610968  8.39791962029  9.13105732549  9.66882714351  3.97608582285  4.30183505382  4.66531700758  5.04884566741  18.5708639291  18.9770426499  11.3766286905  31.6111552895  31.9580038294  50.7237263947  0.709994788022  0.360633677289  0.267860162355  1.94832342134  2.29291611389  0.230251401518  0.214895816551  24.6062953939  25.1463157406  25.4203335356  0.228176515375  0.32716744557  28.6749227729  0.275050454205  1.16450788834  1.2918804898  38.4002515035  38.5259437224  40.0657905154  1055.09036203  36.3977720337  2.80282032326  2.70049876772  2.59172611403  2.1655145513  0.109727294404  1.09441573283  0.932589503992  0.344680432595  0.14749221483  0.245278026808  0.579355493987  0.327783399729  -9999.0  -9999.0  -9999.0  -9999.0  -9999.0  -9999.0  -9999.0  -9999.0
-9999.0  -9999.0  -9999.0  -9999.0  -9999.0  -9999.0  -9999.0  -9999.0  -9999.0  -9999.0  -9999.0  -9999.0  -9999.0  -9999.0  -9999.0  -9999.0  -9999.0  -9999.0  -9999.0  -9999.0  -9999.0  -9999.0  0.634154799619  1.25598918577  5.38667895263  6.15026053921  6.95343645918  3.0560155563  3.66747373014  0.338211826243  12.4507869346  12.7848604667  13.1484472427  0.368624580695  10.6152826856  11.0335760197  0.347676606441  48.8912665622  0.770214072359  0.379160493118  1.03163636796  1.39334129247  0.292840569829  0.244208032839  21.936413764  24.1060567276  24.4228853754  0.315167661272  0.72817398914  0.914674403847  1.07901689341  2.05564826459  0.428802840333  0.95527923757  0.190240631824  0.373804411747  39.7900641128  39.93620715  1055.2894018  1095.03975512  3.16281939805  0.195169347303  0.139911383046  0.189035722934  0.0879934931892  1.19365260281  0.707741098605  0.542521400246  1.7237549351  1.52626220293  1.07593775306  0.246990896855  0.136035195222  -9999.0  -9999.0  -9999.0  -9999.0  -9999.0  -9999.0  -9999.0
-9999.0  -9999.0  -9999.0  -9999.0  -9999.0  -9999.0  -9999.0  -9999.0  -9999.0  -9999.0  -9999.0  -9999.0  -9999.0  -9999.0  -9999.0  -9999.0  -9999.0  -9999.0  -9999.0  -9999.0  -9999.0  -9999.0  0.624355643643  1.97919075171  3.48782616022  0.852939014952  1.60655820392  2.36791488559  11.0169167049  11.4439677442  11.7869690768  0.306320501327  8.43100346213  9.50853344522  9.89772572834  0.285113051189  47.4012342423  48.205438994  0.390130865383  0.362470337534  0.739117570626  0.319361720361  20.2848639842  20.8822583329  21.2360983997  1.35627249825  1.68485732131  0.291811533161  0.52809359832  0.238208879066  1.59683518649  0.243922428004  0.245004123998  0.264278389338  0.266253064672  0.540327325729  0.735129650688  115.811415384  116.151782562  1211.61034155  1211.72993412  1211.90002572  0.210894002709  2.64461567894  2.37993737748  1.01456902997  0.937379180121  0.129483300244  2.08516143594  0.158738260597  0.140062221746  0.113233208291  0.51416507845  0.224427088652  -9999.0  -9999.0  -9999.0  -9999.0  -9999.0  -9999.0
-9999.0  -9999.0  -9999.0  -9999.0  -9999.0  -9999.0  -9999.0  -9999.0  -9999.0  -9999.0  -9999.0  -9999.0  -9999.0  -9999.0  -9999.0  -9999.0  -9999.0  -9999.0  -9999.0  -9999.0  -9999.0  -9999.0  -9999.0  0.701149170574  0.788541436665  0.888866833201  7.37749607324  8.1177375777  10.3318143093  0.503563519782  7.05411858456  7.82238128644  0.366524522213  0.76100336983  0.3240942964  46.3897321654  0.39685167311  1.06902919115  1.37337206567  1.65970730934  18.2267233311  19.335390597  19.7091704249  0.37459634443  0.711964393251  1.02168493644  0.205674913698  0.186823156065  52.5681146048  52.7594899075  52.9159719226  54.499116375  54.6996199522  54.98927363  55.2063140826  93.3592732527  93.5414145336  115.656576464  0.175779387995  0.21184261622  0.386326346028  1212.43440365  1213.1865668  1216.1340224  1216.26169911  0.160367759081  0.0888216645178  2.35858941761  2.26743474397  0.104627049581  0.297690160335  2.16549656019  1.36231632312  1.18216454898  0.314892690911  -9999.0  -9999.0  -9999.0  -9999.0  -9999.0
-9999.0  -9999.0  -9999.0  -9999.0  -9999.0  -9999.0  -9999.0  -9999.0  -9999.0  -9999.0  -9999.0  -9999.0  -9999.0  -9999.0  -9999.0  -9999.0  -9999.0  -9999.0  -9999.0  -9999.0  -9999.0  -9999.0  -9999.0  0.631144726754  1.54445460833  3.33065915868  6.65121724239  0.811501790064  1.5385183575  5.7154568009  6.20477356204  0.395568946362  10.6741968097  11.0311985204  45.366102082  45.7121726  0.34908132695  0.671562344829  2.73514313018  15.2592589095  16.328944734  0.817221141098  0.412027230114  0.339302965664  44.0076087923  44.6345961738  45.1577345333  45.6809838513  52.3919985915  0.566433695599  54.3141616164  0.307714488243  0.209461267321  0.405529549522  37.7620518046  37.9975450093  21.2946162023  21.9194453216  0.414149617746  0.202515993194  0.228514893797  0.250862809071  0.40166456626  0.163313987373  1307.51062904  1307.80166616  2.93675624645  2.5251418046  0.0898833566238  3.36529047222  3.13222431142  2.61854369206  0.23485678419  0.28932274977  0.332658235692  -9999.0  -9999.0  -9999.0  -9999.0  -9999.0
-9999.0  -9999.0  -9999.0  -9999.0  -9999.0  -9999.0  -9999.0  -9999.0  -9999.0  -9999.0  -9999.0  -9999.0  -9999.0  -9999.0  -9999.0  -9999.0  -9999.0  -9999.0  -9999.0  -9999.0  -9999.0  -9999.0  -9999.0  -9999.0  0.87773091319  1.7087497509  2.49109594597  4.23629459613  4.97053634252  8.38197730967  9.70298803367  9.99953141206  10.3126379596  33.5908551066  33.9823148396  0.281634363538  2.14719719597  2.50261721767  12.0447516152  12.3654847812  0.686680007011  0.286452305142  42.5083172656  43.0492077794  43.3955099647  0.335446222814  5.79584818135  6.10070627529  6.43015650431  0.292354567143  0.227068570398  0.171592957806  0.192587691391  36.9320606465  37.1990023221  0.172535063716  21.1299318299  20.139642734  19.9830263398  0.163757778085  0.253020045834  0.141365806182  0.28912051429  90.3485063208  91.058118348  1310.89748983  0.241847640726  0.132037888938  3.57056142737  0.115992897014  0.655888233838  0.447141593535  0.218193110151  -9999.0  -9999.0  -9999.0  -9999.0  -9999.0  -9999.0  -9999.0
-9999.0  -9999.0  -9999.0  -9999.0  -9999.0  -9999.0  -9999.0  -9999.0  -9999.0  -9999.0  -9999.0  -9999.0  -9999.0  -9999.0  -9999.0  -9999.0  -9999.0  -9999.0  -9999.0  -9999.0  -9999.0  -9999.0  -9999.0  -9999.0  0.81719790749  2.56830328794  3.46822850405  5.17623771364  6.80408184037  7.64865672059  0.701356081445  8.500443599  32.5563703924  33.2269416022  0.606556549205  1.08556684807  1.87669986852  11.2915962951  11.7120994004  26.9646861103  27.8058250924  42.0912390655  42.2650629868  0.281845216831  4.49866549383  5.16320159572  5.53683657437  0.312859069472  31.0164803577  31.3068294831  32.1778896438  35.5072509903  36.553246323  36.6957733946  0.211985760456  0.442332788533  0.636457666885  16.9410198338  19.6891734037  1.78514213481  1.60583232843  0.103444792004  0.163568396063  89.8736331145  0.547651866806  0.306534248899  1311.31584896  0.0702140663893  0.0642900971321  4.47902364893  0.822843901375  0.170667108337  0.148072995936  -9999.0  -9999.0  -9999.0  -9999.0  -9999.0  -9999.0  -9999.0
-9999.0  -9999.0  -9999.0  -9999.0  -9999.0  -9999.0  -9999.0  -9999.0  -9999.0  -9999.0  -9999.0  -9999.0  -9999.0  -9999.0  -9999.0  -9999.0  -9999.0  -9999.0  -9999.0  -9999.0  -9999.0  -9999.0  -9999.0  -9999.0  0.889312854713  0.851833009189  3.45740132216  4.37125872927  0.842168079235  6.91568628355  7.72579805516  0.770941545002  22.5530434029  0.785736488393  4.73618698256  10.2568064193  10.9114885438  24.1173874084  24.6013775374  26.6109680677  0.571144986613  13.9845991093  0.220676451806  0.503547679108  4.23516714511  0.371827413569  7.17769030193  30.4438945055  0.316291891591  0.646621039058  2.62173424623  0.316716300786  0.395575537852  0.288256655779  0.215481630354  14.8833882559  16.2007623825  16.7563515959  0.754462154431  0.527393249132  0.99493945332  0.157543551674  89.3869849393  89.4919471033  0.252375941171  0.184732673095  0.0896275897604  1311.94296861  1317.49084005  5.36318768709  0.795962162247  0.691174586137  0.355623099233  -9999.0  -9999.0  -9999.0  -9999.0  -9999.0  -9999.0  -9999.0
-9999.0  -9999.0  -9999.0  -9999.0  -9999.0  -9999.0  -9999.0  -9999.0  -9999.0  -9999.0  -9999.0  -9999.0  -9999.0  -9999.0  -9999.0  -9999.0  -9999.0  -9999.0  -9999.0  -9999.0  -9999.0  -9999.0  -9999.0  -9999.0  -9999.0  0.838514367922  0.900044811378  0.867271477725  5.30372233221  6.13440447167  9.63291011323  21.8109188824  0.811872950475  2.4051088662  3.22936748478  4.85192428861  1.47863173645  23.4505089389  0.742163383055  1.45611450095  12.9170563257  0.640785122062  2.57105203751  3.09546798643  0.293948120328  0.354320230548  6.93058378034  22.9734822772  0.381390593429  1.38840095471  2.33463031502  0.322673641192  0.268953424432  13.0923007769  13.8988486983  0.580467809556  1.11675725476  0.300542135341  0.518840051715  0.29569221352  0.266339659998  0.113291092375  89.2966297201  0.319855669457  -9999.0  -9999.0  0.196512662798  0.354906256316  1317.61118264  1317.72279883  1318.06753259  0.160303479481  -9999.0  -9999.0  -9999.0  -9999.0  -9999.0  -9999.0  -9999.0  -9999.0
-9999.0  -9999.0  -9999.0  -9999.0  -9999.0  -9999.0  -9999.0  -9999.0  -9999.0  -9999.0  -9999.0  -9999.0  -9999.0  -9999.0  -9999.0  -9999.0  -9999.0  -9999.0  -9999.0  -9999.0  -9999.0  -9999.0  -9999.0  -9999.0  -9999.0  -9999.0  0.891298853262  2.71601218763  3.59231978617  8.86294533473  3.49821695167  11.3710126471  7.04951215679  0.795219151125  2.46881105654  4.03869942128  0.745433219189  21.2755253808  8.46759337289  10.8094902378  1.48078596183  1.48584306091  0.690803971109  0.42011752743  5.86907518903  6.22873699802  21.8757687854  22.2306810928  0.678212487254  1.04245149595  0.301167102354  10.0798358959  11.6235807439  12.9095475924  0.60028802595  0.287541653632  0.817582384922  0.287959030463  0.221434972081  0.169818946213  88.2853624632  88.5763394658  88.7683776763  0.217350885097  -9999.0  -9999.0  -9999.0  -9999.0  -9999.0  0.0672962720518  1318.15323998  1318.24174738  -9999.0  -9999.0  -9999.0  -9999.0  -9999.0  -9999.0  -9999.0  -9999.0
-9999.0  -9999.0  -9999.0  -9999.0  -9999.0  -9999.0  -9999.0  -9999.0  -9999.0  -9999.0  -9999.0  -9999.0  -9999.0  -9999.0  -9999.0  -9999.0  -9999.0  -9999.0  -9999.0  -9999.0  -9999.0  -9999.0  -9999.0  -9999.0  -9999.0  -9999.0  0.969298941256  0.886255859682  8.02026283888  0.899583555246  2.66959347547  4.49340990162  6.22600479612  0.860485404073  0.845828601721  0.793574148232  19.7000667576  20.5139990529  7.72993289919  1.61445894598  0.791793423908  0.799651840211  4.83450325571  5.54403435477  18.8453250069  20.0461985942  21.1239624877  0.418775519559  0.344869714233  9.26900116009  9.53284030948  9.83780223455  1.330112924  0.683513160871  0.318390360153  0.306937707423  0.231530106128  1.99454363388  2.14839964281  88.1412818093  88.2179445253  0.207700724086  0.0953315372897  0.107936818323  -9999.0  -9999.0  -9999.0  -9999.0  -9999.0  -9999.0  -9999.0  -9999.0  -9999.0  -9999.0  -9999.0  -9999.0  -9999.0  -9999.0  -9999.0  -9999.0
-9999.0  -9999.0  -9999.0  -9999.0  -9999.0  -9999.0  -9999.0  -9999.0  -9999.0  -9999.0  -9999.0  -9999.0  -9999.0  -9999.0  -9999.0  -9999.0  -9999.0  -9999.0  -9999.0  -9999.0  -9999.0  -9999.0  -9999.0  -9999.0  -9999.0  -9999.0  -9999.0  1.86934507564  6.23592894613  3.48072236784  0.87762154318  3.57548324974  0.871130612278  2.6718168886  3.43044750443  17.1879681942  18.9013104057  6.15118356669  6.95157457955  0.813337209328  3.32810562848  4.09639004977  11.1489488846  17.5605144137  18.3064836349  0.746889066887  0.597949503948  6.99374540884  8.05400008913  9.01280867094  0.367385313152  0.690929969361  1.0398780759  0.341340436312  0.817655487725  1.31925694418  1.53935345948  1.83762615121  0.198666322552  85.6984967991  0.423950501594  0.132398622459  -9999.0  -9999.0  -9999.0  -9999.0  -9999.0  -9999.0  -9999.0  -9999.0  -9999.0  -9999.0  -9999.0  -9999.0  -9999.0  -9999.0  -9999.0  -9999.0  -9999.0  -9999.0
-9999.0  -9999.0  -9999.0  -9999.0  -9999.0  -9999.0  -9999.0  -9999.0  -9999.0  -9999.0  -9999.0  -9999.0  -9999.0  -9999.0  -9999.0  -9999.0  -9999.0  -9999.0  -9999.0  -9999.0  -9999.0  -9999.0  -9999.0  -9999.0  -9999.0  -9999.0  -9999.0  0.976425398682  0.923228784421  1.65642688274  0.918552740989  1.78880600984  1.82774606401  10.3166468741  11.1580844435  1.78575113699  0.858163882986  5.37150752455  1.72363968484  2.56946266795  8.84862300831  9.63262082318  10.426210698  5.70202198814  2.3198547859  3.81905441287  5.19439723558  6.60716924331  0.692820203038  0.482064116332  42.9920360254  43.3909940714  43.7151429733  0.296662274806  0.556254152758  0.300591941243  0.233432389161  80.3320676344  81.9194884397  2.96211810845  2.52843850446  0.256238244081  -9999.0  -9999.0  -9999.0  -9999.0  -9999.0  -9999.0  -9999.0  -9999.0  -9999.0  -9999.0  -9999.0  -9999.0  -9999.0  -9999.0  -9999.0  -9999.0  -9999.0  -9999.0
-9999.0  -9999.0  -9999.0  -9999.0  -9999.0  -9999.0  -9999.0  -9999.0  -9999.0  -9999.0  -9999.0  -9999.0  -9999.0  -9999.0  -9999.0  -9999.0  -9999.0  -9999.0  -9999.0  -9999.0  -9999.0  -9999.0  -9999.0  -9999.0  -9999.0  -9999.0  -9999.0  -9999.0  -9999.0  0.701279214112  0.857587856533  0.934822473284  3.79719248379  9.47747759852  4.7940027009  0.892385941615  3.63750025149  4.52885678689  0.853281381378  7.26057482414  8.06658241924  2.51450206818  4.10311765862  0.810500988213  1.52284178848  0.786826777608  0.700476315317  0.672410527351  41.6063310774  42.1744389648  42.6348330729  2.19575262197  46.4450875266  46.906748077  47.3028048841  47.6961651205  48.345969052  80.1287760015  80.7416032779  0.899438856156  2.25357581129  0.612642148404  -9999.0  -9999.0  -9999.0  -9999.0  -9999.0  -9999.0  -9999.0  -9999.0  -9999.0  -9999.0  -9999.0  -9999.0  -9999.0  -9999.0  -9999.0  -9999.0  -9999.0  -9999.0
-9999.0  -9999.0  -9999.0  -9999.0  -9999.0  -9999.0  -9999.0  -9999.0  -9999.0  -9999.0  -9999.0  -9999.0  -9999.0  -9999.0  -9999.0  -9999.0  -9999.0  -9999.0  -9999.0  -9999.0  -9999.0  -9999.0  -9999.0  -9999.0  -9999.0  -9999.0  -9999.0  -9999.0  -9999.0  -9999.0  -9999.0  0.986344781706  1.95435943146  1.93926492639  1.93434325327  1.87464013945  2.80404056906  4.69074693084  5.53794913768  6.45185367185  0.839796439176  1.69744638423  0.798616037518  0.747777846416  23.2447541388  29.1115973585  30.5960924297  31.3469010515  41.0223728398  0.632742057669  1.18639637153  1.81038261647  9.60710951088  10.0878497845  10.4760002012  22.8279482184  28.4581212096  31.3749805361  0.49214097084  0.472582615116  1.34233422421  0.339729074895  -9999.0  -9999.0  -9999.0  -9999.0  -9999.0  -9999.0  -9999.0  -9999.0  -9999.0  -9999.0  -9999.0  -9999.0  -9999.0  -9999.0  -9999.0  -9999.0  -9999.0  -9999.0
-9999.0  -9999.0  -9999.0  -9999.0  -9999.0  -9999.0  -9999.0  -9999.0  -9999.0  -9999.0  -9999.0  -9999.0  -9999.0  -9999.0  -9999.0  -9999.0  -9999.0  -9999.0  -9999.0  -9999.0  -9999.0  -9999.0  -9999.0  -9999.0  -9999.0  -9999.0  -9999.0  -9999.0  -9999.0  -9999.0  -9999.0  -9999.0  0.996342474746  0.991435952478  0.979555584863  0.94488484588  1.91381764751  3.79647312327  3.7019605794  4.54212192859  5.32197325382  12.3451438239  13.1270689736  21.7763931121  22.5826490566  5.18633469454  0.783022375534  8.26284114966  8.95936583093  3.68468837362  7.18284504321  8.49466304361  9.10194227947  0.538379173077  12.0029003348  23.9289476034  28.1340566571  0.492196395456  2.00429017249  0.367118059543  1.01505497376  -9999.0  -9999.0  -9999.0  -9999.0  -9999.0  -9999.0  -9999.0  -9999.0  -9999.0  -9999.0  -9999.0  -9999.0  -9999.0  -9999.0  -9999.0  -9999.0  -9999.0  -9999.0  -9999.0
-9999.0  -9999.0  -9999.0  -9999.0  -9999.0  -9999.0  -9999.0  -9999.0  -9999.0  -9999.0  -9999.0  -9999.0  -9999.0  -9999.0  -9999.0  -9999.0  -9999.0  -9999.0  -9999.0  -9999.0  -9999.0  -9999.0  -9999.0  -9999.0  -9999.0  -9999.0  -9999.0  -9999.0  -9999.0  -9999.0  -9999.0  -9999.0  -9999.0  -9999.0  -9999.0  0.995092343776  0.962987341126  0.959181204664  2.80447237671  2.71387822209  5.34674008595  6.24160870686  0.827641752723  7.833215406  3.49546397916  4.38298849878  5.1089071136  7.55973490583  2.2533691712  0.74614606132  2.93353203225  0.721272539619  6.33799219623  7.62145117088  10.9974000258  0.572416116872  2.34348560345  0.88173024378  1.14134231483  0.356914930837  0.684612283334  -9999.0  -9999.0  -9999.0  -9999.0  -9999.0  -9999.0  -9999.0  -9999.0  -9999.0  -9999.0  -9999.0  -9999.0  -9999.0  -9999.0  -9999.0  -9999.0  -9999.0  -9999.0  -9999.0
-9999.0  -9999.0  -9999.0  -9999.0  -9999.0  -9999.0  -9999.0  -9999.0  -9999.0  -9999.0  -9999.0  -9999.0  -9999.0  -9999.0  -9999.0  -9999.0  -9999.0  -9999.0  -9999.0  -9999.0  -9999.0  -9999.0  -9999.0  -9999.0  -9999.0  -9999.0  -9999.0  -9999.0  -9999.0  -9999.0  -9999.0  -9999.0  -9999.0  -9999.0  -9999.0  -9999.0  -9999.0  0.92853608078  0.89974300974  1.82069838916  1.7780651907  4.44247559956  6.15862463449  1.74657592472  2.61065522894  2.58286280012  4.30532305586  1.64967234297  1.55105429277  1.54477826956  0.702601861423  3.66557637324  5.71404907676  0.677375669671  2.75348123602  1.0786370825  0.714723698963  0.3857685228  0.370848277048  0.390123634176  -9999.0  -9999.0  -9999.0  -9999.0  -9999.0  -9999.0  -9999.0  -9999.0  -9999.0  -9999.0  -9999.0  -9999.0  -9999.0  -9999.0  -9999.0  -9999.0  -9999.0  -9999.0  -9999.0  -9999.0
-9999.0  -9999.0  -9999.0  -9999.0  -9999.0  -9999.0  -9999.0  -9999.0  -9999.0  -9999.0  -9999.0  -9999.0  -9999.0  -9999.0  -9999.0  -9999.0  -9999.0  -9999.0  -9999.0  -9999.0  -9999.0  -9999.0  -9999.0  -9999.0  -9999.0  -9999.0  -9999.0  -9999.0  -9999.0  -9999.0  -9999.0  -9999.0  -9999.0  -9999.0  -9999.0  -9999.0  -9999.0  -9999.0  -9999.0  0.907548384125  1.81227642398  3.60065191373  0.884618429016  0.879467571182  0.853409718758  1.74087984216  0.87793307945  0.830837091728  0.794532076608  0.790805099074  1.51508332342  3.00582144998  1.41884429123  1.4557068344  2.12020437752  0.5347894653  0.34053786304  -9999.0  -9999.0  -9999.0  -9999.0  -9999.0  -9999.0  -9999.0  -9999.0  -9999.0  -9999.0  -9999.0  -9999.0  -9999.0  -9999.0  -9999.0  -9999.0  -9999.0  -9999.0  -9999.0  -9999.0  -9999.0  -9999.0  -9999.0
-9999.0  -9999.0  -9999.0  -9999.0  -9999.0  -9999.0  -9999.0  -9999.0  -9999.0  -9999.0  -9999.0  -9999.0  -9999.0  -9999.0  -9999.0  -9999.0  -9999.0  -9999.0  -9999.0  -9999.0  -9999.0  -9999.0  -9999.0  -9999.0  -9999.0  -9999.0  -9999.0  -9999.0  -9999.0  -9999.0  -9999.0  -9999.0  -9999.0  -9999.0  -9999.0  -9999.0  -9999.0  -9999.0  -9999.0  -9999.0  0.951921398258  0.896466385673  -9999.0  -9999.0  -9999.0  -9999.0  -9999.0  -9999.0  -9999.0  -9999.0  0.765462781342  0.739906322945  0.682407152932  0.707208392481  -9999.0  -9999.0  -9999.0  -9999.0  -9999.0  -9999.0  -9999.0  -9999.0  -9999.0  -9999.0  -9999.0  -9999.0  -9999.0  -9999.0  -9999.0  -9999.0  -9999.0  -9999.0  -9999.0  -9999.0  -9999.0  -9999.0  -9999.0  -9999.0  -9999.0  -9999.0
-9999.0  -9999.0  -9999.0  -9999.0  -9999.0  -9999.0  -9999.0  -9999.0  -9999.0  -9999.0  -9999.0  -9999.0  -9999.0  -9999.0  -9999.0  -9999.0  -9999.0  -9999.0  -9999.0  -9999.0  -9999.0  -9999.0  -9999.0  -9999.0  -9999.0  -9999.0  -9999.0  -9999.0  -9999.0  -9999.0  -9999.0  -9999.0  -9999.0  -9999.0  -9999.0  -9999.0  -9999.0  -9999.0  -9999.0  -9999.0  -9999.0  -9999.0  -9999.0  -9999.0  -9999.0  -9999.0  -9999.0  -9999.0  -9999.0  -9999.0  -9999.0  -9999.0  -9999.0  -9999.0  -9999.0  -9999.0  -9999.0  -9999.0  -9999.0  -9999.0  -9999.0  -9999.0  -9999.0  -9999.0  -9999.0  -9999.0  -9999.0  -9999.0  -9999.0  -9999.0  -9999.0  -9999.0  -9999.0  -9999.0  -9999.0  -9999.0  -9999.0  -9999.0  -9999.0  -9999.0
-9999.0  -9999.0  -9999.0  -9999.0  -9999.0  -9999.0  -9999.0  -9999.0  -9999.0  -9999.0  -9999.0  -9999.0  -9999.0  -9999.0  -9999.0  -9999.0  -9999.0  -9999.0  -9999.0  -9999.0  -9999.0  -9999.0  -9999.0  -9999.0  -9999.0  -9999.0  -9999.0  -9999.0  -9999.0  -9999.0  -9999.0  -9999.0  -9999.0  -9999.0  -9999.0  -9999.0  -9999.0  -9999.0  -9999.0  -9999.0  -9999.0  -9999.0  -9999.0  -9999.0  -9999.0  -9999.0  -9999.0  -9999.0  -9999.0  -9999.0  -9999.0  -9999.0  -9999.0  -9999.0  -9999.0  -9999.0  -9999.0  -9999.0  -9999.0  -9999.0  -9999.0  -9999.0  -9999.0  -9999.0  -9999.0  -9999.0  -9999.0  -9999.0  -9999.0  -9999.0  -9999.0  -9999.0  -9999.0  -9999.0  -9999.0  -9999.0  -9999.0  -9999.0  -9999.0  -9999.0
-9999.0  -9999.0  -9999.0  -9999.0  -9999.0  -9999.0  -9999.0  -9999.0  -9999.0  -9999.0  -9999.0  -9999.0  -9999.0  -9999.0  -9999.0  -9999.0  -9999.0  -9999.0  -9999.0  -9999.0  -9999.0  -9999.0  -9999.0  -9999.0  -9999.0  -9999.0  -9999.0  -9999.0  -9999.0  -9999.0  -9999.0  -9999.0  -9999.0  -9999.0  -9999.0  -9999.0  -9999.0  -9999.0  -9999.0  -9999.0  -9999.0  -9999.0  -9999.0  -9999.0  -9999.0  -9999.0  -9999.0  -9999.0  -9999.0  -9999.0  -9999.0  -9999.0  -9999.0  -9999.0  -9999.0  -9999.0  -9999.0  -9999.0  -9999.0  -9999.0  -9999.0  -9999.0  -9999.0  -9999.0  -9999.0  -9999.0  -9999.0  -9999.0  -9999.0  -9999.0  -9999.0  -9999.0  -9999.0  -9999.0  -9999.0  -9999.0  -9999.0  -9999.0  -9999.0  -9999.0
-9999.0  -9999.0  -9999.0  -9999.0  -9999.0  -9999.0  -9999.0  -9999.0  -9999.0  -9999.0  -9999.0  -9999.0  -9999.0  -9999.0  -9999.0  -9999.0  -9999.0  -9999.0  -9999.0  -9999.0  -9999.0  -9999.0  -9999.0  -9999.0  -9999.0  -9999.0  -9999.0  -9999.0  -9999.0  -9999.0  -9999.0  -9999.0  -9999.0  -9999.0  -9999.0  -9999.0  -9999.0  -9999.0  -9999.0  -9999.0  -9999.0  -9999.0  -9999.0  -9999.0  -9999.0  -9999.0  -9999.0  -9999.0  -9999.0  -9999.0  -9999.0  -9999.0  -9999.0  -9999.0  -9999.0  -9999.0  -9999.0  -9999.0  -9999.0  -9999.0  -9999.0  -9999.0  -9999.0  -9999.0  -9999.0  -9999.0  -9999.0  -9999.0  -9999.0  -9999.0  -9999.0  -9999.0  -9999.0  -9999.0  -9999.0  -9999.0  -9999.0  -9999.0  -9999.0  -9999.0
-9999.0  -9999.0  -9999.0  -9999.0  -9999.0  -9999.0  -9999.0  -9999.0  -9999.0  -9999.0  -9999.0  -9999.0  -9999.0  -9999.0  -9999.0  -9999.0  -9999.0  -9999.0  -9999.0  -9999.0  -9999.0  -9999.0  -9999.0  -9999.0  -9999.0  -9999.0  -9999.0  -9999.0  -9999.0  -9999.0  -9999.0  -9999.0  -9999.0  -9999.0  -9999.0  -9999.0  -9999.0  -9999.0  -9999.0  -9999.0  -9999.0  -9999.0  -9999.0  -9999.0  -9999.0  -9999.0  -9999.0  -9999.0  -9999.0  -9999.0  -9999.0  -9999.0  -9999.0  -9999.0  -9999.0  -9999.0  -9999.0  -9999.0  -9999.0  -9999.0  -9999.0  -9999.0  -9999.0  -9999.0  -9999.0  -9999.0  -9999.0  -9999.0  -9999.0  -9999.0  -9999.0  -9999.0  -9999.0  -9999.0  -9999.0  -9999.0  -9999.0  -9999.0  -9999.0  -9999.0
-9999.0  -9999.0  -9999.0  -9999.0  -9999.0  -9999.0  -9999.0  -9999.0  -9999.0  -9999.0  -9999.0  -9999.0  -9999.0  -9999.0  -9999.0  -9999.0  -9999.0  -9999.0  -9999.0  -9999.0  -9999.0  -9999.0  -9999.0  -9999.0  -9999.0  -9999.0  -9999.0  -9999.0  -9999.0  -9999.0  -9999.0  -9999.0  -9999.0  -9999.0  -9999.0  -9999.0  -9999.0  -9999.0  -9999.0  -9999.0  -9999.0  -9999.0  -9999.0  -9999.0  -9999.0  -9999.0  -9999.0  -9999.0  -9999.0  -9999.0  -9999.0  -9999.0  -9999.0  -9999.0  -9999.0  -9999.0  -9999.0  -9999.0  -9999.0  -9999.0  -9999.0  -9999.0  -9999.0  -9999.0  -9999.0  -9999.0  -9999.0  -9999.0  -9999.0  -9999.0  -9999.0  -9999.0  -9999.0  -9999.0  -9999.0  -9999.0  -9999.0  -9999.0  -9999.0  -9999.0
