ncols                  80
nrows                 72
xllcorner      4374000.0
yllcorner      5656000.0
cellsize            500
NODATA_value       -9999
-9999.0  -9999.0  -9999.0  -9999.0  -9999.0  -9999.0  -9999.0  -9999.0  -9999.0  -9999.0  -9999.0  -9999.0  1.53695223347  1.17914348194  -9999.0  -9999.0  -9999.0  -9999.0  -9999.0  -9999.0  -9999.0  -9999.0  -9999.0  -9999.0  -9999.0  -9999.0  -9999.0  -9999.0  -9999.0  -9999.0  -9999.0  -9999.0  -9999.0  -9999.0  -9999.0  -9999.0  -9999.0  -9999.0  -9999.0  -9999.0  -9999.0  -9999.0  -9999.0  -9999.0  -9999.0  -9999.0  -9999.0  -9999.0  -9999.0  -9999.0  -9999.0  -9999.0  -9999.0  -9999.0  -9999.0  -9999.0  -9999.0  -9999.0  -9999.0  -9999.0  -9999.0  -9999.0  -9999.0  -9999.0  -9999.0  -9999.0  -9999.0  -9999.0  -9999.0  -9999.0  -9999.0  -9999.0  -9999.0  -9999.0  -9999.0  -9999.0  -9999.0  -9999.0  -9999.0  -9999.0
-9999.0  -9999.0  -9999.0  -9999.0  -9999.0  -9999.0  -9999.0  -9999.0  -9999.0  -9999.0  -9999.0  -9999.0  3.03033350289  6.58122206772  1.04171432484  -9999.0  0.793295930923  -9999.0  -9999.0  -9999.0  -9999.0  -9999.0  -9999.0  -9999.0  -9999.0  -9999.0  -9999.0  -9999.0  -9999.0  -9999.0  -9999.0  -9999.0  -9999.0  -9999.0  -9999.0  -9999.0  -9999.0  -9999.0  -9999.0  -9999.0  -9999.0  -9999.0  -9999.0  -9999.0  -9999.0  -9999.0  -9999.0  -9999.0  -9999.0  -9999.0  -9999.0  -9999.0  -9999.0  -9999.0  -9999.0  -9999.0  -9999.0  -9999.0  -9999.0  -9999.0  -9999.0  -9999.0  -9999.0  -9999.0  -9999.0  -9999.0  -9999.0  -9999.0  -9999.0  -9999.0  -9999.0  -9999.0  -9999.0  -9999.0  -9999.0  -9999.0  -9999.0  -9999.0  -9999.0  -9999.0
-9999.0  -9999.0  -9999.0  -9999.0  -9999.0  -9999.0  -9999.0  -9999.0  -9999.0  -9999.0  1.49806186738  1.45877761764  1.48489417697  1.43120506386  9.33787236077  10.4740911376  2.21369925597  0.699044690552  -9999.0  -9999.0  -9999.0  -9999.0  -9999.0  -9999.0  -9999.0  -9999.0  -9999.0  -9999.0  -9999.0  -9999.0  -9999.0  -9999.0  -9999.0  -9999.0  -9999.0  -9999.0  -9999.0  -9999.0  -9999.0  -9999.0  -9999.0  -9999.0  -9999.0  -9999.0  -9999.0  -9999.0  -9999.0  -9999.0  -9999.0  -9999.0  -9999.0  -9999.0  -9999.0  -9999.0  -9999.0  -9999.0  -9999.0  -9999.0  -9999.0  -9999.0  -9999.0  -9999.0  -9999.0  -9999.0  -9999.0  -9999.0  -9999.0  -9999.0  -9999.0  -9999.0  -9999.0  -9999.0  -9999.0  -9999.0  -9999.0  -9999.0  -9999.0  -9999.0  -9999.0  -9999.0
-9999.0  -9999.0  -9999.0  -9999.0  -9999.0  -9999.0  -9999.0  -9999.0  -9999.0  1.47400923807  2.95319327753  5.85754808814  2.88968041771  1.41629804884  2.76500151667  11.8222714877  15.8353782945  0.842118511054  -9999.0  1.43145317987  -9999.0  -9999.0  -9999.0  -9999.0  1.52370181212  0.763565045705  -9999.0  -9999.0  -9999.0  -9999.0  -9999.0  -9999.0  -9999.0  -9999.0  -9999.0  -9999.0  -9999.0  -9999.0  -9999.0  -9999.0  -9999.0  -9999.0  -9999.0  -9999.0  -9999.0  -9999.0  -9999.0  -9999.0  -9999.0  -9999.0  -9999.0  -9999.0  -9999.0  -9999.0  -9999.0  -9999.0  -9999.0  -9999.0  -9999.0  -9999.0  -9999.0  -9999.0  -9999.0  -9999.0  -9999.0  -9999.0  -9999.0  -9999.0  -9999.0  -9999.0  -9999.0  -9999.0  -9999.0  -9999.0  -9999.0  -9999.0  -9999.0  -9999.0  -9999.0  -9999.0
-9999.0  -9999.0  -9999.0  -9999.0  -9999.0  -9999.0  -9999.0  -9999.0  1.55369703899  4.53479570305  5.9520719894  7.37437755539  10.1093519533  1.3447737072  5.38727868774  6.70829052823  24.8326925839  1.24751441882  1.31137515155  2.74202517972  4.01467719742  1.30805828314  -9999.0  4.14188488343  3.380454814  0.976499649447  -9999.0  -9999.0  -9999.0  -9999.0  -9999.0  -9999.0  -9999.0  -9999.0  -9999.0  -9999.0  -9999.0  -9999.0  -9999.0  -9999.0  -9999.0  -9999.0  -9999.0  -9999.0  -9999.0  -9999.0  -9999.0  -9999.0  -9999.0  -9999.0  -9999.0  -9999.0  -9999.0  -9999.0  -9999.0  -9999.0  -9999.0  -9999.0  -9999.0  -9999.0  -9999.0  -9999.0  -9999.0  -9999.0  -9999.0  -9999.0  -9999.0  -9999.0  -9999.0  -9999.0  -9999.0  -9999.0  -9999.0  -9999.0  -9999.0  -9999.0  -9999.0  -9999.0  -9999.0  -9999.0
-9999.0  -9999.0  -9999.0  -9999.0  -9999.0  -9999.0  1.54786112292  1.49158750402  1.47383059352  1.48038119414  1.45767254169  10.2846944862  21.784358186  23.1713351906  24.3728236231  1.14685517541  27.2569705848  28.5223227544  2.60647007912  1.28021804103  5.26570110182  9.11359472946  1.28095650762  8.02334994558  1.38204078423  1.36625932806  1.42335575213  -9999.0  -9999.0  -9999.0  -9999.0  -9999.0  -9999.0  -9999.0  -9999.0  -9999.0  -9999.0  -9999.0  -9999.0  -9999.0  -9999.0  -9999.0  -9999.0  -9999.0  -9999.0  -9999.0  -9999.0  -9999.0  -9999.0  -9999.0  -9999.0  -9999.0  -9999.0  -9999.0  -9999.0  -9999.0  -9999.0  -9999.0  -9999.0  -9999.0  -9999.0  -9999.0  -9999.0  -9999.0  -9999.0  -9999.0  -9999.0  -9999.0  -9999.0  -9999.0  -9999.0  -9999.0  -9999.0  -9999.0  -9999.0  -9999.0  -9999.0  -9999.0  -9999.0  -9999.0
-9999.0  -9999.0  -9999.0  -9999.0  -9999.0  -9999.0  3.09139476076  4.61142284397  10.5731503612  14.9565985396  1.38191814007  1.40186813352  1.33754535761  3.96315384682  29.5776609461  1.16941116056  29.7750691692  34.5665706013  3.79048270997  2.48130285397  10.3194318968  1.26597682671  9.2914225139  2.60065585131  1.32384483988  2.66773808327  2.80258357914  1.38928362642  1.39773687635  1.38863329634  1.40649941976  2.82802066675  -9999.0  -9999.0  -9999.0  -9999.0  -9999.0  -9999.0  -9999.0  -9999.0  -9999.0  -9999.0  -9999.0  -9999.0  -9999.0  -9999.0  -9999.0  -9999.0  -9999.0  -9999.0  -9999.0  -9999.0  -9999.0  -9999.0  -9999.0  -9999.0  -9999.0  -9999.0  -9999.0  -9999.0  -9999.0  -9999.0  -9999.0  -9999.0  -9999.0  -9999.0  -9999.0  -9999.0  -9999.0  -9999.0  -9999.0  -9999.0  -9999.0  -9999.0  -9999.0  -9999.0  -9999.0  -9999.0  -9999.0  -9999.0
-9999.0  -9999.0  -9999.0  -9999.0  -9999.0  1.59847331476  3.14468439255  1.53716460537  3.02710943182  16.4532066319  19.2760582563  22.0797388779  68.426993623  1.30491192012  30.8727389118  108.919638129  109.817248107  145.876540292  0.953217929851  3.70377345757  11.5359539862  1.21287806721  23.7428770396  13.2102400856  8.10394787568  6.79569004661  1.36989510797  4.14990591224  4.11647546098  2.75296104636  1.35399830005  4.21340280198  1.35743522727  1.35529590429  -9999.0  -9999.0  -9999.0  -9999.0  -9999.0  -9999.0  -9999.0  -9999.0  -9999.0  -9999.0  -9999.0  -9999.0  -9999.0  -9999.0  -9999.0  -9999.0  -9999.0  -9999.0  -9999.0  -9999.0  -9999.0  -9999.0  -9999.0  -9999.0  -9999.0  -9999.0  -9999.0  -9999.0  -9999.0  -9999.0  -9999.0  -9999.0  -9999.0  -9999.0  -9999.0  -9999.0  -9999.0  -9999.0  -9999.0  -9999.0  -9999.0  -9999.0  -9999.0  -9999.0  -9999.0  -9999.0
-9999.0  -9999.0  -9999.0  -9999.0  -9999.0  1.60614918136  4.73251634766  9.42014041118  10.915229998  21.6738054267  23.1062476737  27.4910845877  45.0259928327  71.9689150259  74.5069253453  75.6870034539  2.29889764694  149.927160821  151.977180743  158.024197999  198.240091607  27.4403123446  24.9991331383  9.36122659865  1.24866036603  8.05141886271  5.45001841183  1.28336214425  5.37620803848  1.21865755942  2.52595712405  6.82974526196  8.12944455281  2.65662658469  1.32184062482  1.32203432675  -9999.0  -9999.0  -9999.0  -9999.0  0.842774757842  0.716591490103  -9999.0  -9999.0  -9999.0  -9999.0  -9999.0  -9999.0  -9999.0  -9999.0  -9999.0  -9999.0  -9999.0  -9999.0  -9999.0  -9999.0  -9999.0  -9999.0  -9999.0  -9999.0  -9999.0  -9999.0  -9999.0  -9999.0  -9999.0  -9999.0  -9999.0  -9999.0  -9999.0  -9999.0  -9999.0  -9999.0  -9999.0  -9999.0  -9999.0  -9999.0  -9999.0  -9999.0  -9999.0  -9999.0
-9999.0  -9999.0  -9999.0  -9999.0  -9999.0  1.59241970492  1.55334992485  6.25984106845  7.75490053098  9.27677937894  1.47573017369  2.94236827275  16.5297590008  2.82662555949  1.38449454627  1.34682228278  1.23231475284  1.32803181715  1.29617739834  1.28322660252  199.487936908  203.135578636  1.20992735063  3.69842380037  2.49372668888  9.29666340201  2.56056863802  1.2615261012  6.66049745456  2.40593390917  5.76860051211  14.4542214035  13.3813720583  3.97076553096  3.97150015308  1.31889273536  1.32660879931  -9999.0  -9999.0  1.32778318573  1.95451453228  4.16922325549  0.756431964344  -9999.0  -9999.0  -9999.0  -9999.0  -9999.0  -9999.0  -9999.0  -9999.0  -9999.0  -9999.0  -9999.0  -9999.0  -9999.0  -9999.0  -9999.0  -9999.0  -9999.0  -9999.0  -9999.0  -9999.0  -9999.0  -9999.0  -9999.0  -9999.0  -9999.0  -9999.0  -9999.0  -9999.0  -9999.0  -9999.0  -9999.0  -9999.0  -9999.0  -9999.0  -9999.0  -9999.0  -9999.0
-9999.0  -9999.0  -9999.0  -9999.0  -9999.0  -9999.0  1.60108222888  1.57842601617  3.15079123972  4.69941663033  10.6933641328  13.6977452491  15.1534854783  1.45741121445  1.34047942043  17.1020004859  21.0610525648  22.3533253232  27.5577113244  28.8135521898  1.24490469066  204.365575609  210.386979028  4.81091765172  0.918590679152  10.4389183959  23.3729345647  9.15620587949  2.43338363106  1.2090139691  22.5700417267  15.6678609454  1.22533719654  1.21410462843  5.19808663468  3.88595480401  1.29413289911  1.29933193594  1.2992986795  2.60969909056  1.27692499917  5.07619204066  6.36056940792  1.26534801369  -9999.0  -9999.0  -9999.0  -9999.0  1.35876445099  1.32741816091  0.354236669664  -9999.0  -9999.0  -9999.0  -9999.0  -9999.0  -9999.0  -9999.0  -9999.0  -9999.0  -9999.0  -9999.0  -9999.0  -9999.0  -9999.0  -9999.0  -9999.0  -9999.0  -9999.0  -9999.0  -9999.0  -9999.0  -9999.0  -9999.0  -9999.0  -9999.0  -9999.0  -9999.0  -9999.0  -9999.0
-9999.0  -9999.0  -9999.0  -9999.0  -9999.0  -9999.0  -9999.0  1.61669439712  1.46840573569  3.00133391552  4.51240923156  1.51757746411  1.43821097279  8.80989497748  11.6152239043  14.4411042676  1.3277710658  2.65977700964  1.28828133911  30.0560944417  66.1993751129  67.044895215  279.729352841  1.22379124127  2.81324571136  0.915118606907  24.5799953711  1.19982390461  3.65262456509  1.20670206811  23.7869574453  24.9868617216  2.44274288055  2.41925454767  12.8831961237  6.43885523254  2.56140336056  1.27981891123  2.6061917526  3.8996119928  6.44812533763  1.28359341615  8.92776373376  10.1972377928  1.21578732914  1.25504994036  1.2740663234  1.23570889057  1.19681686604  3.92610125814  1.52262160816  1.00981075496  -9999.0  -9999.0  -9999.0  -9999.0  -9999.0  -9999.0  -9999.0  -9999.0  -9999.0  -9999.0  -9999.0  -9999.0  -9999.0  -9999.0  -9999.0  -9999.0  -9999.0  -9999.0  -9999.0  -9999.0  -9999.0  -9999.0  -9999.0  -9999.0  -9999.0  -9999.0  -9999.0  -9999.0
-9999.0  -9999.0  -9999.0  -9999.0  -9999.0  -9999.0  -9999.0  -9999.0  3.08496028395  4.54176481976  1.52046664094  3.04362194845  4.49765708751  7.42581928421  1.44479954638  1.43734110353  1.31748780507  1.33947161952  1.27247498506  33.6316592214  1.29732086306  2.57507182942  283.337695774  286.515400554  1.79811108088  6.32787695401  32.1718160323  2.37222340736  4.80678006464  2.35657244553  3.49061415521  29.7273372442  3.59672222638  18.86011833  15.2821072166  1.20727812075  6.27770757041  2.50507575083  3.83708257188  1.23343407931  7.70785098839  10.2610589752  11.451902147  12.6170855439  14.9223343402  2.37186012529  2.41766687111  2.35002973882  2.2707077019  5.07329497378  1.13706339459  3.68024022374  4.75569161055  -9999.0  -9999.0  -9999.0  -9999.0  -9999.0  -9999.0  -9999.0  -9999.0  -9999.0  -9999.0  -9999.0  -9999.0  -9999.0  -9999.0  -9999.0  -9999.0  -9999.0  -9999.0  -9999.0  -9999.0  -9999.0  -9999.0  -9999.0  -9999.0  -9999.0  -9999.0  -9999.0
-9999.0  -9999.0  -9999.0  -9999.0  -9999.0  -9999.0  -9999.0  -9999.0  1.56746695411  7.64269300703  9.14977715803  1.51378642176  2.97654765455  1.46488028609  1.4108943718  1.38746197402  17.0333978139  22.7002280387  27.8591756794  32.744491756  1.25403545396  1.28754493983  1.57131953467  292.66686663  296.005407301  297.744409386  43.5820818065  9.67902815123  8.38715966232  1.17083722898  4.64988526119  35.5315461711  1.16595944793  20.0279879526  1.18483150787  8.05026935639  7.51300560713  1.21662966969  5.05440744769  2.45036069235  3.66249078228  1.26568912723  1.16451749257  13.7761935288  14.8979254586  16.040794697  3.55794511375  3.47043506581  3.37753150556  6.23255359886  8.49980284688  1.12665472552  5.82341650937  1.07527754814  2.10749642548  1.0421607546  -9999.0  -9999.0  -9999.0  -9999.0  -9999.0  -9999.0  -9999.0  -9999.0  -9999.0  -9999.0  -9999.0  -9999.0  -9999.0  -9999.0  -9999.0  -9999.0  -9999.0  -9999.0  -9999.0  -9999.0  -9999.0  -9999.0  -9999.0  -9999.0
-9999.0  -9999.0  -9999.0  -9999.0  -9999.0  -9999.0  -9999.0  -9999.0  -9999.0  1.54226163314  10.6598060524  12.1710072877  4.45581615215  7.39238340988  10.2162517047  11.6295279231  1.39939606979  4.33948912386  2.841407318  1.39002402581  1.38905153806  1.34418218935  2.7032902962  4.72745262153  1.92219238106  344.886708663  346.699969102  1.73466207521  1.27126437762  2.31823968849  3.46289389986  38.9585003697  2.2821630927  21.1467921446  12.5254899839  10.2299894476  1.19309117012  2.40196171791  6.23540453667  1.17178045142  4.82875272357  2.43071387494  2.12944709316  0.92228761613  17.8490525483  34.9347647325  4.55103355751  4.46973971214  4.43730868178  1.05663115178  9.53952206949  1.03218079078  7.94833910059  1.02226733705  3.12393632194  5.09249325527  0.830579190927  0.841757701245  0.877880791602  0.886577839531  0.756012391138  -9999.0  -9999.0  0.614164670685  0.442804464133  -9999.0  -9999.0  -9999.0  -9999.0  -9999.0  -9999.0  -9999.0  -9999.0  -9999.0  -9999.0  -9999.0  -9999.0  -9999.0  -9999.0  -9999.0
-9999.0  -9999.0  -9999.0  -9999.0  -9999.0  -9999.0  -9999.0  -9999.0  -9999.0  -9999.0  1.48481729917  15.165586614  1.48402728529  2.96324172973  4.3608503622  7.21225953226  1.46799792367  2.95860099334  1.46467352194  1.43708308434  1.3707522999  2.71786444367  1.29215850286  1.52026625202  3.38750060345  1.91579035102  348.400626829  351.844626629  356.652937098  4.85807573729  1.15335920356  2.29644058125  40.0899201482  39.3560882499  14.8358754162  1.15624134942  4.76315838551  3.58367052203  7.41933602058  2.3536584367  9.58961675014  3.5929217122  3.24231621989  0.731668025157  0.940202300554  36.0716055452  37.1632235534  47.2208181237  7.67232305982  2.15378679045  10.630482031  12.7183208876  21.6644571749  2.02681540928  0.968860586492  6.00526350991  7.6610934938  0.823492610435  1.60023849624  2.52415073735  1.49617386159  0.74248118404  0.723331099632  1.2126490084  0.895631247895  0.441389912003  -9999.0  -9999.0  -9999.0  -9999.0  -9999.0  -9999.0  -9999.0  -9999.0  -9999.0  -9999.0  -9999.0  -9999.0  -9999.0  -9999.0
-9999.0  -9999.0  -9999.0  -9999.0  -9999.0  -9999.0  -9999.0  -9999.0  -9999.0  -9999.0  -9999.0  0.775514448473  16.8840659005  1.45480611678  2.84161721361  12.9064386706  1.46060297576  1.46467150291  1.33903481003  2.78217557484  1.30962465386  5.33162868322  7.89051368797  9.1410894413  4.70957238883  6.31844879823  1.80837442379  1.89277967475  1.72321964472  364.217522966  367.881309061  41.200620613  41.5490797759  40.4574358854  2.2648723728  1.12171809966  5.88794481755  15.5744462376  8.56503965096  3.50297461341  14.2258825493  6.71154970685  5.59543239474  1.46550451791  0.684163485278  0.707695837682  0.792476073069  50.556422917  61.3903432603  1.04281979274  1.00043368838  1.00685851521  22.6310096754  25.597523038  1.83535992687  0.838382828905  8.33328891061  1.36816490491  3.51435554488  6.71134038139  8.89843032216  10.3402209485  3.23419701302  1.86673644167  1.44505015996  0.882224395202  0.598322981796  -9999.0  -9999.0  -9999.0  -9999.0  -9999.0  -9999.0  -9999.0  -9999.0  -9999.0  -9999.0  -9999.0  -9999.0  -9999.0
-9999.0  -9999.0  -9999.0  -9999.0  -9999.0  -9999.0  -9999.0  -9999.0  -9999.0  -9999.0  -9999.0  0.757982547988  18.7330307562  23.1229318084  1.38545868503  15.6934392523  1.39285677366  1.37051599365  2.64751224862  6.7462805828  1.30465571393  1.33472384489  1.26415380082  11.6879716486  12.9366939119  20.5079438303  23.6083181352  25.0946083534  26.7761795229  28.3766570248  397.866345611  441.948301557  486.317712006  487.590541702  1.27091933434  1.11442646608  17.8210513312  16.7084578907  1.12693831002  1.12618083374  15.291132866  23.1257873586  1.05098292508  10.9880547051  10.0672756631  2.91899520422  1.50714714741  2.33215159937  1.08709733754  63.4537899211  1.03223308849  2.98977410269  3.89805898346  32.0756973763  34.5213458614  36.1352025692  45.0383985609  0.56059953397  0.53140189856  0.520737471036  0.49678346647  11.4973871558  15.3928757553  0.683830271046  3.38542089538  1.38018474558  1.11101442975  0.367200175194  0.300221493511  -9999.0  -9999.0  -9999.0  -9999.0  -9999.0  -9999.0  -9999.0  -9999.0  -9999.0  -9999.0  -9999.0
-9999.0  -9999.0  -9999.0  -9999.0  -9999.0  -9999.0  -9999.0  -9999.0  -9999.0  -9999.0  -9999.0  1.52858815716  2.97553138974  24.5603819088  27.2814253919  1.36886773427  18.2209856054  1.3186187908  3.96867525002  8.03041516372  2.57759474498  1.27186366023  2.56397147335  1.24059753849  2.39882315344  1.1633187517  1.09992382074  0.965403986918  0.888902198617  0.918591931182  1.01350977762  1.3062759931  1.56641313221  1.72848031407  492.022704858  23.6210267306  20.8098576008  1.4071320666  3.36860975688  0.858460968167  0.688068477382  24.2123449089  38.4805559815  12.1219486604  8.64662721986  1.49917686917  0.71298501008  0.696595268694  1.67933263864  66.1750031354  68.2015085155  1.03166144019  1.01376766415  0.890180830374  0.622584132793  1.13321925745  46.6436405662  47.7406540459  48.813712656  1.06724541061  0.530049645916  0.506666310517  15.936289382  17.1591405192  3.88010992904  0.557407675872  1.60614036431  0.738130515006  0.574304671753  -9999.0  -9999.0  -9999.0  -9999.0  -9999.0  -9999.0  -9999.0  -9999.0  -9999.0  -9999.0  -9999.0
-9999.0  -9999.0  -9999.0  -9999.0  -9999.0  -9999.0  -9999.0  -9999.0  -9999.0  -9999.0  -9999.0  -9999.0  1.4530772501  18.1302390963  46.800479422  50.9770372551  70.4897335973  71.6077402889  18.2286860493  13.1832997802  3.86972703506  1.26585529556  5.06067156647  6.27966476784  9.84541865251  2.34946542919  2.25586825419  2.12825433076  4.15972408187  2.05370183871  2.11562033266  0.970120228922  0.747768785986  0.978628617002  493.399501806  517.75506696  519.299435279  1.53271966048  10.0653306166  3.77542834548  1.12244723044  41.852787151  2.30332058055  1.16959834112  4.6832066001  1.04635442398  1.03896389712  2.03498652104  3.00088027476  4.01231318156  70.0944495744  0.928576670176  0.861712158028  0.861243903821  0.738765413837  0.537330493242  1.50612734234  1.78367536077  51.4191332074  55.1160091679  2.12737456534  1.05863034355  0.550795259336  0.518859775935  22.2285459189  29.7564915652  6.36918530446  3.06326374771  1.74611893441  -9999.0  -9999.0  -9999.0  -9999.0  -9999.0  -9999.0  -9999.0  -9999.0  -9999.0  -9999.0  -9999.0
-9999.0  -9999.0  -9999.0  -9999.0  -9999.0  -9999.0  -9999.0  -9999.0  -9999.0  -9999.0  -9999.0  1.51991865514  13.740237679  16.703992618  2.80943037902  0.827387316225  1.97759949074  74.8988069155  76.0642135123  95.3492809889  1.20763325653  2.46739820141  1.15731122754  1.17358205174  10.9943293229  14.4920718856  17.8786198797  1.10922579234  5.26617794606  8.40994617799  5.22373468886  2.04258177815  1.70800589815  1.73112088199  1.90903275114  1.18963486877  520.657536631  522.001836575  534.725260577  2.11752478969  1.07629275566  42.674742741  2.3570839287  1.19805984333  1.22969230832  1.21803747314  1.16950012297  2.21802248983  6.62508560167  11.681096845  82.697461053  0.817827491501  2.43916278514  1.63127188421  1.4589731582  0.734118455202  0.687804818686  0.542226754252  0.347387065342  55.7454800286  0.404859773724  0.808092071831  0.401657554818  0.517813673273  0.556489432653  30.3430156332  1.09101424951  0.437981669831  0.766666991044  0.357039683152  -9999.0  -9999.0  -9999.0  -9999.0  -9999.0  -9999.0  -9999.0  -9999.0  -9999.0  -9999.0
-9999.0  -9999.0  -9999.0  -9999.0  -9999.0  -9999.0  -9999.0  -9999.0  -9999.0  -9999.0  -9999.0  1.54219991312  9.26914206199  1.49618949718  1.40015745818  6.90625983401  8.19205007037  9.52527503687  10.7998853082  128.90072025  129.933335484  132.194585029  148.783081183  152.241059604  154.301109233  155.47233223  175.842756177  178.599436197  179.677277269  189.185701877  195.529069154  196.606498219  200.260901534  2.77432117794  2.73763509063  0.809937154463  1.0882855247  523.300399761  539.430247255  3.30601907579  49.0694503416  48.0610736865  4.64332968182  1.15881545635  1.19074369372  1.17541975042  1.13217262902  2.27284572092  3.36230903198  1.1003137911  83.6085341659  84.5386199764  89.4759812687  90.3253364132  92.5890231397  94.104235818  0.68110248044  0.700135864665  0.550965730524  56.2324959522  57.075451738  58.3328593969  60.06235373  0.961549381473  32.8733562218  31.6042268342  0.622654550535  9.57825255869  9.13230774056  0.847096662285  0.470853062234  -9999.0  -9999.0  -9999.0  -9999.0  -9999.0  -9999.0  -9999.0  -9999.0  -9999.0
-9999.0  -9999.0  -9999.0  -9999.0  -9999.0  -9999.0  -9999.0  -9999.0  -9999.0  -9999.0  -9999.0  4.67481350238  6.1919038622  2.95889870063  4.40353280172  1.43462267201  16.254173695  17.629239402  20.3258862835  21.4628734269  9.00568355562  142.930477786  143.962100486  1.10136087847  0.900745895698  0.788731529327  1.71657923449  0.834702448552  0.698184278459  0.689163730368  0.763849068109  197.509136844  201.208022573  204.942933171  208.587511631  212.401084919  1.97651887893  0.950786958018  591.998575858  51.1918360971  50.0803827618  1.06566664906  1.07691496088  1.05189419248  2.25052295916  2.24325161862  1.05247640694  1.05202010565  1.0214770909  2.11381606162  3.01431077133  0.917061548547  1.68785921554  0.668483000081  0.448205259452  94.6320176111  95.9157078063  97.2907288389  98.5264889336  99.1668383265  100.038423594  100.441030777  0.374852350856  61.2412342955  0.650869398459  43.7718270484  10.3525729338  0.780577288117  7.92476147933  6.61897220617  0.500204586081  -9999.0  -9999.0  -9999.0  -9999.0  -9999.0  -9999.0  -9999.0  -9999.0  -9999.0
-9999.0  -9999.0  -9999.0  -9999.0  -9999.0  -9999.0  -9999.0  -9999.0  -9999.0  -9999.0  -9999.0  -9999.0  3.12863330166  1.49737083072  1.45758476017  13.5094653021  14.9096427102  1.38324839176  5.49644932811  6.77657780896  7.95780962426  1.23322915622  1.1623941649  22.5943957665  23.6467546211  24.6497815811  63.1974913282  64.0096969028  65.3768981266  71.6704820625  75.7324975957  76.3911226455  0.640535299825  0.65077700157  0.681199602072  214.344586719  0.994833025625  603.201170146  601.438146869  8.23708058752  7.05382857903  4.25161093625  1.07974310272  2.11157637514  3.3068085739  3.29412702171  2.08054662558  1.02598086702  2.04450996616  2.03016412462  3.96009507082  0.597308936066  2.33020739431  3.8304891238  4.74615908811  5.21858813265  0.447187775592  0.448954905743  0.428315217228  0.431467623031  0.438672238654  100.931877018  101.800109757  163.325640645  163.539554768  46.4564781356  2.27085510026  1.60875840853  0.681002640932  5.65249281016  5.15052004514  -9999.0  -9999.0  -9999.0  -9999.0  -9999.0  -9999.0  -9999.0  -9999.0  -9999.0
-9999.0  -9999.0  -9999.0  -9999.0  -9999.0  -9999.0  -9999.0  -9999.0  -9999.0  -9999.0  -9999.0  -9999.0  1.58534359014  4.60630691833  6.09807256434  10.6003444511  1.42573562546  2.85767830402  4.20560310015  15.7504624684  16.8988444403  17.8093831238  19.001635379  20.2975484452  31.8229897737  35.5749898183  37.6490623998  0.820999320254  4.92390868382  5.63755171092  73.6589605099  77.0707640732  78.4021890864  79.7389269047  81.190393723  296.564017467  0.992598585997  606.995106399  1.84081137885  0.773449725465  6.0070634659  5.18290644814  0.852341968079  3.06913101658  4.2740848172  4.25930134992  3.02764185772  5.00061973614  7.94962652097  2.9573716861  7.80601228968  0.743388597558  1.1195030387  0.424926414987  0.347626364907  6.05684275845  6.37554247906  0.799419473043  0.781286117106  1.16500688038  0.377152157616  0.409023900262  0.426371834594  234.884147524  234.676393212  70.6414269005  0.590126625534  3.34792239854  2.57662743009  1.73003255897  4.73140969424  3.2340466709  -9999.0  -9999.0  -9999.0  -9999.0  -9999.0  -9999.0  -9999.0  -9999.0
-9999.0  -9999.0  -9999.0  -9999.0  -9999.0  -9999.0  -9999.0  -9999.0  -9999.0  -9999.0  -9999.0  -9999.0  1.55618145708  3.08910484418  1.47903099909  2.98053305264  1.40168897544  10.2815547585  13.0443817455  14.4179391952  1.30118000583  2.49608993954  23.6862705045  29.5049451536  30.5775443025  2.48600839378  2.46652195742  3.54199836746  0.691993517871  0.678527293168  1.31843830179  0.692934167992  35.9904793263  36.7390409005  37.8360148819  297.379871071  613.968233587  607.967647533  1.41974841959  0.559586317131  0.528360444551  2.03779853036  1.47353219176  3.77901245816  5.15278345958  10.3801145983  0.963538883567  0.967982823101  8.81675045168  9.69117097646  19.1507986097  19.8815099716  21.4281483579  22.2391210735  0.804256485038  1.17633135605  6.73010309712  251.276515649  243.434251853  241.896424749  239.790467578  0.410573292853  237.323967164  0.502393504185  0.302414490673  23.3105510658  5.50662154826  4.97924657433  0.849027379089  0.88452277589  0.841030687274  2.69308948333  -9999.0  -9999.0  -9999.0  -9999.0  -9999.0  -9999.0  -9999.0  -9999.0
-9999.0  -9999.0  -9999.0  -9999.0  -9999.0  -9999.0  -9999.0  -9999.0  -9999.0  -9999.0  -9999.0  -9999.0  -9999.0  1.52560537712  3.04028234846  4.54314330268  7.40458570871  1.48394648625  1.40615641236  9.43294772876  10.7476868826  21.4309333439  22.6833716978  3.59846553473  1.28830997174  1.26945597263  1.19802000127  31.6172011785  32.5127742654  33.2622437722  33.9127671242  35.2803141358  7.2120767875  8.09052364883  46.9731258348  958.680426941  5.08860513696  4.37229382053  2.0898686047  0.550050759635  0.497179316068  3.11662260504  3.60093606358  4.8437309026  0.531269528591  10.9906098944  1.68791294024  1.66786564439  0.512645624294  0.438485925204  0.385779111952  0.41974169545  0.373109775874  22.6009940338  300.441317149  276.332362681  275.464168407  251.680235911  0.391315182655  0.415729009759  0.48490321756  237.907867273  1.12991721604  0.520271547451  0.561356442076  0.518553096087  16.9318456513  15.9242482024  1.6411882285  0.837864644698  0.92509789281  0.915125919893  -9999.0  -9999.0  -9999.0  -9999.0  -9999.0  -9999.0  -9999.0  -9999.0
-9999.0  -9999.0  -9999.0  -9999.0  -9999.0  -9999.0  -9999.0  -9999.0  -9999.0  -9999.0  -9999.0  -9999.0  -9999.0  -9999.0  1.51181236604  2.82777244516  4.01502949807  5.22931113594  6.62607153781  8.04359433881  4.16956271942  6.87721993737  1.26553154998  1.26390386344  25.5899897785  28.0668695822  29.2500106203  30.5016680362  1.07134634837  2.000101968  4.97910910393  5.7692351941  6.49204659552  0.893191478809  0.91674182464  960.909081452  0.756175120436  1.33127117384  0.683272529429  2.13740846369  1.01723106152  0.636455652129  9.05082817125  9.59609088895  0.486379081451  11.5079713148  13.7252943224  2.19923056379  316.297012429  315.268427916  314.351015676  312.59494814  311.778327333  302.119217284  301.630579937  0.458526421094  23.4899041032  22.1183752893  20.8269213545  20.4456114835  11.8433023009  11.4728253565  10.7043420881  3.6367365602  3.20019002046  2.06886401812  0.527540677291  15.220613094  12.9400189344  0.789805924819  1.62611657424  0.780514819231  -9999.0  -9999.0  -9999.0  -9999.0  -9999.0  -9999.0  -9999.0  -9999.0
-9999.0  -9999.0  -9999.0  -9999.0  -9999.0  -9999.0  -9999.0  -9999.0  -9999.0  -9999.0  -9999.0  -9999.0  -9999.0  -9999.0  0.269368522163  0.635100106229  1.1722978156  9.91617303202  11.3650157459  1.44489590839  1.39798481844  1.36390341469  20.4788557665  23.0999016636  1.26654221215  1.27408969054  1.1716217984  4.67295644387  5.80486912259  3.16271656118  3.96891760575  26.1302045359  27.0384474981  28.7358997732  46.1616504406  1007.47565336  0.751686812666  0.640535181412  3.17998146331  2.63251815688  0.473018825001  1.61318091401  2.11556620164  10.1656124073  10.6857120426  25.6859542993  14.0342135744  2.48771979236  325.44244608  4.70377297192  313.533309608  313.079366497  8.94770603118  0.393236624821  0.885061409086  0.463781213639  0.773048960787  0.947593980258  0.466914095803  8.23930368981  6.84510610599  0.453674349372  6.70550588364  1.14556444551  0.673640054738  1.48673101034  0.732190590614  1.61744674771  10.5370208912  9.13599203817  0.734244906764  1.32153872339  0.652041951621  -9999.0  -9999.0  -9999.0  -9999.0  -9999.0  -9999.0  -9999.0
-9999.0  -9999.0  -9999.0  -9999.0  -9999.0  -9999.0  -9999.0  -9999.0  -9999.0  -9999.0  -9999.0  -9999.0  -9999.0  -9999.0  1.40620627783  2.29519917064  4.91588488795  8.5272052415  12.4133017494  15.1387648812  16.5091374486  17.8835711839  19.2059119355  1.31301046838  1.24349085058  2.46193504845  2.34848915161  1.17645204089  22.4873956578  23.6063716399  24.6693288094  25.6722707811  14.7047073438  15.5751022093  16.5684390191  1007.81365077  1.20716751602  1.61332272369  5.07467743747  0.456487524464  0.960715896245  0.480959757548  0.476669419822  2.57755478538  0.445935366269  0.47557371623  353.528890405  327.437480054  326.94987096  1.61562219967  4.2677802235  2.81092137512  0.726815144926  8.12663384515  2.48306467419  1.86361152923  1.28825024361  0.860458748554  0.452190260836  0.971856347559  6.41836725658  5.43890136406  4.48691650533  5.06516740833  4.64403389453  4.26476956228  0.559380606155  0.780470391465  0.734070489962  6.86303089922  5.52870558462  3.55924950881  0.592473355982  -9999.0  -9999.0  -9999.0  -9999.0  -9999.0  -9999.0  -9999.0
-9999.0  -9999.0  -9999.0  -9999.0  -9999.0  -9999.0  -9999.0  -9999.0  -9999.0  -9999.0  -9999.0  -9999.0  -9999.0  -9999.0  0.977719139529  0.896568958615  1.74128136563  2.68962613666  1.38720918416  1.46906395053  2.88474348845  4.29052033739  6.94740473506  8.26858930717  9.51448020681  13.2338327202  14.3942518507  15.5824603992  1.13325402993  11.2735478554  12.2703296237  13.1422595329  0.70653416924  0.400408382962  0.730220708323  1024.4669986  1024.79208949  1026.70777158  6.2614696156  0.878525731373  1.70203538044  0.607412387658  0.871239948242  2.98013806026  3.80694258173  0.874826141957  355.631734695  0.665059585501  0.907392836196  0.976606897251  0.814955229228  1.46779366423  0.647323477385  4.95948799765  3.80252181796  2.78876321196  1.38597098482  0.941606460516  0.489399090051  0.514633809836  0.528704112531  0.530663428649  4.04970372071  3.07006530046  2.09792299258  1.08942851627  3.8126068129  2.69223527676  0.768773403384  0.797220935002  0.634702481976  1.64329543332  1.02731526462  -9999.0  -9999.0  -9999.0  -9999.0  -9999.0  -9999.0  -9999.0
-9999.0  -9999.0  -9999.0  -9999.0  -9999.0  -9999.0  -9999.0  -9999.0  -9999.0  -9999.0  -9999.0  -9999.0  -9999.0  -9999.0  -9999.0  0.84174804601  1.67637168331  0.869397964369  1.79280535618  11.279928375  12.583843996  13.9879061249  1.33710523479  1.32576068169  2.57873483102  3.82474553851  6.1495912936  7.31419362508  7.94703395192  9.0367656146  0.987137379441  0.913959132803  14.52142765  14.8839485473  15.2361760269  15.5831856405  12.6192038734  1040.76638261  1049.37722321  1049.722233  1051.74859824  1053.69473985  1055.14184305  0.490518043858  4.21695638414  356.13003076  1.31355494336  0.67104312129  0.597315983822  0.491585732074  0.868808661702  0.845241178883  0.466465070935  0.584938731773  0.555070115269  0.975550648528  0.454878569758  0.398550872472  1.29565096492  0.893776938293  0.459933898625  0.455498858555  0.474134415426  0.486463731301  0.521974623922  0.566197266524  0.565778630721  1.33387301838  0.553315241098  1.41501544294  0.670172241865  0.651069764829  -9999.0  -9999.0  -9999.0  -9999.0  -9999.0  -9999.0  -9999.0  -9999.0
-9999.0  -9999.0  -9999.0  -9999.0  -9999.0  -9999.0  -9999.0  -9999.0  -9999.0  -9999.0  -9999.0  -9999.0  -9999.0  -9999.0  -9999.0  -9999.0  2.49060245221  3.43519514595  6.19665992894  8.41865557767  1.23194023668  16.6337958307  17.9518802692  19.2714254604  1.27787774287  2.53230332621  1.16482459578  8.4753206916  9.07849366038  10.0421530998  11.0770191037  13.6020107829  13.901929804  0.206526591925  11.2887830024  11.9630817959  12.2841777172  13.7211882709  2.01098749735  1.34440289715  0.893020956416  0.850013698763  1056.58091242  1057.32225483  1064.34582574  356.666270154  3.27494400066  1.46208954257  0.980771097106  0.328462175579  2.60003395824  1.34638239468  0.426401033975  2.21607239507  1.8378316505  0.381976626765  2.8182429062  2.48636013832  1.71251519095  0.395389435511  1.14688869284  0.808664538218  0.363902632222  0.851151445295  0.485839546221  0.51818927569  0.513136116428  0.437644987429  0.97402721933  6.58834447155  3.63307949746  2.23220685818  0.832657271963  -9999.0  -9999.0  -9999.0  -9999.0  -9999.0  -9999.0  -9999.0
-9999.0  -9999.0  -9999.0  -9999.0  -9999.0  -9999.0  -9999.0  -9999.0  -9999.0  -9999.0  -9999.0  -9999.0  -9999.0  -9999.0  -9999.0  -9999.0  0.938601545948  4.34798401426  5.32374214641  1.31340384027  1.40640956209  2.79786615764  4.09561254339  24.6748810134  1.27141615502  5.0900150734  6.26698566708  7.42139720599  0.639703915965  1.55100186149  2.09354002974  9.14981757165  10.1630947386  10.4277657102  0.320401704501  0.340599672108  0.424674020281  0.774364259223  0.344799789125  0.378512596603  0.789298555217  0.615581683592  0.698927970939  2.22853070133  1065.13386591  1423.82813236  4.17737636883  0.52035961038  0.390653381906  7.86326979469  7.16158875699  4.12288906917  3.68181319626  2.74857017569  0.567641773042  0.484818105366  3.14984798152  1.48564546783  1.1385737567  0.363979470774  1.54666692718  2.53667191721  2.03576726616  1.24845289909  0.466452726994  1.55195532701  1.07045053527  0.863312349652  8.25737855429  7.90218293299  0.704389927534  0.674820921001  0.640601969263  0.608898035698  -9999.0  -9999.0  -9999.0  -9999.0  -9999.0  -9999.0
-9999.0  -9999.0  -9999.0  -9999.0  -9999.0  -9999.0  -9999.0  -9999.0  -9999.0  -9999.0  -9999.0  -9999.0  -9999.0  -9999.0  -9999.0  0.757570191268  2.56921910889  0.866764751404  1.45688337091  1.49256447991  2.91100864016  4.30681042956  5.54409220424  31.1851442249  32.4309138515  1.26831364153  2.45046100948  3.63306773611  4.44510417147  5.36982069247  8.12243022895  8.81649068058  0.643129569911  0.572248443283  0.500634826445  0.737971928316  0.811134745819  0.739826135818  0.672716591652  0.736358465598  2.92495721335  1.306588305  0.645083540851  0.622854050046  0.687450574748  1.32275551365  1446.76825355  18.3271225252  9.30163450168  0.623647802618  0.262476014145  0.281317648505  1.02818250397  0.733513639136  0.381051411016  0.378254709859  3.92465272792  5.75597180419  6.36736999975  0.297639801926  4.87949569287  2.9906252595  0.339440599147  0.315835255959  0.685024277926  3.57533794929  1.57761183886  1.26182409695  8.68344997092  0.451995776296  0.505949498475  2.51313859939  1.2772788969  2.02502381364  0.777486138469  -9999.0  -9999.0  -9999.0  -9999.0  -9999.0
-9999.0  -9999.0  -9999.0  -9999.0  -9999.0  -9999.0  -9999.0  -9999.0  -9999.0  -9999.0  -9999.0  -9999.0  -9999.0  -9999.0  0.790766634353  1.53841807902  5.73671728238  0.858344056471  2.73697708078  4.22359047502  5.6599789663  1.43176492397  2.74561349362  3.8942084705  37.2513132342  1.23664010744  2.39118496336  3.54355630826  1.06319789517  2.10943449666  2.75715386033  3.46081163606  75.025278006  76.3233226342  77.5780843498  83.1695922379  85.3291637181  89.8837117169  1.69407106844  3.39742840198  3.75787654239  105.703259741  106.998998813  0.592399078466  1.15993893512  1.70990444453  1447.24423763  17.4400304735  7.18277798084  6.87394728852  5.89490290677  5.40983985866  1.37152470372  0.320694322679  0.661984075951  0.350475258554  0.328890535559  0.662009024223  6.69943930073  12.2510741264  5.26526452918  0.979334530741  0.660714171856  0.389259242892  5.67421382865  4.57899372394  0.565624284269  11.03589166  9.14047758885  0.880555548749  4.92207609177  3.0267428536  3.17843374473  2.65454452281  0.621764555745  -9999.0  -9999.0  -9999.0  -9999.0  -9999.0
-9999.0  -9999.0  -9999.0  -9999.0  -9999.0  -9999.0  -9999.0  -9999.0  -9999.0  -9999.0  -9999.0  -9999.0  -9999.0  -9999.0  0.800562307382  2.42844026213  8.96124032243  13.1787454502  0.781721099629  17.5657818246  24.1686264696  1.38681004075  2.69262605255  3.89698866717  48.3018371905  49.3264314229  1.11094838346  5.77669303261  6.81864940577  7.69741728087  67.5682904822  69.6069095991  70.908128378  0.639614639883  3.82676195464  4.54699186851  2.20114264705  3.1879350429  94.507199306  99.4720912205  100.371754519  101.252033449  108.335826107  0.657243132801  0.608647657482  2.83667249692  1447.80266925  0.615845719117  0.251294185445  0.725276624052  0.254765744637  4.89342899524  4.20043737012  2.43998735163  1.78640079576  0.769779184969  0.358993897543  0.989566091875  0.272219209634  12.6037885556  1.53591650264  1.24892740539  0.254359550524  0.656131173636  5.99255920631  0.266420714929  0.266237683971  11.3418845308  0.356147503237  5.76401446867  5.38509965522  4.60477482121  4.17618362655  0.487287553549  1.73269782517  0.569651834566  -9999.0  -9999.0  -9999.0  -9999.0
-9999.0  -9999.0  -9999.0  -9999.0  -9999.0  -9999.0  -9999.0  -9999.0  -9999.0  -9999.0  -9999.0  -9999.0  -9999.0  -9999.0  -9999.0  -9999.0  1.70169531445  3.43943328417  15.708301615  16.6272001505  24.9788201174  25.9263319872  1.34356302534  2.68123227304  6.36356678561  50.222094251  52.4567272176  53.4798666705  0.89126493858  57.0904566962  59.1696067648  1.34224753077  0.644985907993  1.27960032785  2.50643716194  0.609877833173  1.27096244771  2.97882098214  3.7834463447  0.714913722907  0.568315300715  1.16683626023  112.224310161  113.53537183  114.085393296  118.132231221  1448.32613355  0.481022770817  0.230917911594  0.222964025829  0.22428736489  0.226923152334  0.214139022102  0.412924007795  0.225867031813  0.608860010627  0.375876914049  0.398380044392  1.7368951362  14.8704805489  16.7953228276  17.1085392249  18.2991356516  0.267563568223  6.25997742248  1.01345882784  0.477947363346  11.624449153  12.2579878429  6.1157831819  6.56670090273  5.20266519304  3.26655360137  2.79813218463  2.30806870882  -9999.0  -9999.0  -9999.0  -9999.0  -9999.0
-9999.0  -9999.0  -9999.0  -9999.0  -9999.0  -9999.0  -9999.0  -9999.0  -9999.0  -9999.0  -9999.0  -9999.0  -9999.0  -9999.0  -9999.0  -9999.0  0.891394861565  0.876595911973  0.884459878927  1.89424031315  0.846751907739  27.5948319462  28.4652409196  1.25612256106  2.50462593925  1.26089173029  1.11744887013  1.10548483218  55.4519600468  0.694014063249  1.35507314649  0.729830119757  0.670518922816  0.618356404495  0.537143233076  0.549313738028  1.65385944305  2.23286472895  0.486727120894  0.451892287796  0.951483812107  1.52159140049  1.91138904841  0.519770125328  114.709365181  118.677324229  1448.70495143  1.44460760593  0.695842698496  0.170852197762  0.378023313193  0.155862316881  0.132944125858  0.553912912903  1.18448413632  0.806189687903  0.220828070891  0.235515429581  0.545021856739  0.260289790107  0.27745548921  0.292034361928  0.297228858321  26.9868517809  7.5318920188  0.252040664487  0.454613608616  0.220183422039  30.412795803  17.9135927936  17.6208414869  5.49285789724  4.26442902675  0.421220998489  -9999.0  -9999.0  -9999.0  -9999.0  -9999.0  -9999.0
-9999.0  -9999.0  -9999.0  -9999.0  -9999.0  -9999.0  -9999.0  -9999.0  -9999.0  -9999.0  -9999.0  -9999.0  -9999.0  -9999.0  -9999.0  -9999.0  -9999.0  -9999.0  0.865469328384  2.70695172852  3.45846107118  4.27212027017  29.2473098399  30.0198880803  30.8441464962  31.9014447053  32.9898466822  35.2041485225  35.9083069636  36.5696203084  37.22275547  0.640906090873  0.614074122838  0.620300002228  2.26755549666  0.580314774932  0.561104276603  0.491630784677  1.4473128477  0.543552960857  0.460473436955  0.43803814611  0.386349245251  0.771573552212  1.13363376104  121.056138333  1571.63905144  0.263218609901  0.653080678666  0.1601858502  0.574859975484  0.370683226875  0.267050319501  2.73812354126  1.99123849201  0.65607548224  0.470466823607  1.02929770474  0.255340979827  0.7748427997  0.517584872107  0.831018358042  0.281276774192  0.318827459363  27.2684174624  28.2406026848  37.4886904029  37.1979828164  36.9231023693  0.29446272094  5.16786759097  4.8489825581  0.249871913689  -9999.0  -9999.0  -9999.0  -9999.0  -9999.0  -9999.0  -9999.0
-9999.0  -9999.0  -9999.0  -9999.0  -9999.0  -9999.0  -9999.0  -9999.0  -9999.0  -9999.0  -9999.0  -9999.0  -9999.0  -9999.0  -9999.0  -9999.0  -9999.0  -9999.0  -9999.0  0.745054745719  5.7520823063  11.6200395  12.4995330932  1.19857735355  2.43247496849  3.68495968319  4.80893448109  11.9177577235  12.5969946987  0.661203942678  0.644039688493  38.6247010203  39.9095709492  40.484657938  2.76093085888  0.470431040781  1.06111362887  1.56655428626  4.6619623207  5.69266634632  6.57599703035  0.833435345072  1.18471175804  0.39775103054  0.813058174463  0.404787184165  1572.47479941  0.273997657757  1.15503120984  0.535513984027  1.43824096019  3.12620363418  3.53867281038  6.41375450211  2.59759089814  2.45322031754  1.87435745406  1.6760980733  0.43892071444  0.957251869162  1.1863561024  1.02010390995  0.189857556909  68.2999491655  67.6879983917  67.3654151104  38.3230685487  0.370134672394  5.84764856923  4.28169630813  2.85190656963  1.77282131755  0.334760782397  -9999.0  -9999.0  -9999.0  -9999.0  -9999.0  -9999.0  -9999.0
-9999.0  -9999.0  -9999.0  -9999.0  -9999.0  -9999.0  -9999.0  -9999.0  -9999.0  -9999.0  -9999.0  -9999.0  -9999.0  -9999.0  -9999.0  -9999.0  -9999.0  -9999.0  0.811202383642  2.55746898555  5.02168913492  6.58116181176  17.259356598  18.2932675222  2.55046669823  3.80426138655  4.92717521491  6.0544705167  13.2925114875  14.6384279349  25.7190449505  26.5725322774  27.2281167223  41.0792371576  45.4596735166  1.07102976738  0.626565300262  0.613627268776  1.19353026518  0.557044958079  7.64057166096  8.06294931129  1.60950150377  2.05232681293  0.52967256969  292.425786987  293.32248919  1866.39513902  1867.95874601  0.249210287461  1.9529382834  0.542036062226  0.463359186608  7.42053738675  10.3641753576  2.29782425154  2.11991294565  0.431733128168  0.225396223505  1.17640045028  70.7039436683  69.3384428565  69.120991205  68.677822249  0.424215135467  0.400803209279  0.398284764278  0.38777393141  1.21370288383  0.817350697082  0.781757485756  1.16862600963  0.372143161603  -9999.0  -9999.0  -9999.0  -9999.0  -9999.0  -9999.0  -9999.0
-9999.0  -9999.0  -9999.0  -9999.0  -9999.0  -9999.0  -9999.0  -9999.0  -9999.0  -9999.0  -9999.0  -9999.0  -9999.0  -9999.0  -9999.0  -9999.0  -9999.0  -9999.0  -9999.0  0.904060583501  0.879204085802  1.68214921192  4.01663096122  19.0561190265  1.29246765737  1.27971191992  2.40227966753  3.52399788053  8.59852781515  9.36617967072  0.532807845454  0.549284840016  27.9012820905  28.5495129982  74.641994798  75.2317131978  0.432281513537  0.395852947217  0.347422982532  0.350047689596  0.35926520214  284.867384242  287.195770851  289.596673456  290.477885502  291.971654844  0.441468731281  1.67762302654  2.20675528864  1871.02266979  1871.29355394  1871.52770952  1872.02061183  1872.35715442  11.0068075742  0.245107348857  0.855960942724  0.666792017409  0.183630605448  1.35930674949  71.394777728  0.477330024395  0.250073529678  1.73078764947  1.49124556098  1.17304496909  0.846241338132  0.441852491334  0.448500088937  0.437451885485  0.404736134282  0.417929373065  -9999.0  -9999.0  -9999.0  -9999.0  -9999.0  -9999.0  -9999.0  -9999.0
-9999.0  -9999.0  -9999.0  -9999.0  -9999.0  -9999.0  -9999.0  -9999.0  -9999.0  -9999.0  -9999.0  -9999.0  -9999.0  -9999.0  -9999.0  -9999.0  -9999.0  -9999.0  -9999.0  -9999.0  0.82233348803  0.852472238371  1.59521138428  22.1770890695  23.0706870841  1.27015271136  2.38663513925  3.51800063861  4.33727943299  0.74589618672  1.47035516893  55.5474691059  56.202277284  56.7928444556  60.9744923437  136.719521168  269.528220986  270.463773093  271.335198298  272.178733621  275.391935595  276.391416214  1.96364355146  0.926034104369  0.523485881119  1.0067712619  0.833774764631  1.29639640842  0.424876136829  8.82266560316  9.90674411153  10.7070128262  11.0481961733  1872.72428128  1884.29766468  1886.19499209  1.23072590473  0.276273984019  1.98602917895  1.58390676755  71.8238326705  0.219814749934  3.75767378922  1.75488247026  1.47828506501  1.00242876917  0.500526733668  0.727296705318  0.371422581033  -9999.0  -9999.0  -9999.0  -9999.0  -9999.0  -9999.0  -9999.0  -9999.0  -9999.0  -9999.0  -9999.0
-9999.0  -9999.0  -9999.0  -9999.0  -9999.0  -9999.0  -9999.0  -9999.0  -9999.0  -9999.0  -9999.0  -9999.0  -9999.0  -9999.0  -9999.0  -9999.0  -9999.0  -9999.0  -9999.0  -9999.0  -9999.0  0.836317598145  1.60676177693  2.37925134857  23.7324749428  1.02716148515  32.9852943723  34.1443403419  34.9292757109  35.700581121  52.6011521402  53.3591526789  0.652065798295  3.11593585846  3.74679146695  0.634350405335  131.853897423  130.688153937  0.424287282977  0.9233142595  2.44131131542  0.521151109679  0.548292234215  0.468484586357  0.425685520197  0.358459242376  0.403700421438  7.38897391421  7.80603929482  8.30461305423  0.577832031803  0.401139805394  11.2967436154  11.6871811201  11.968769217  1886.55155458  1886.91404354  2.80061293005  2.26305478212  76.2930273222  76.0223829684  3.97660260031  0.50366166258  0.253972178298  2.54714143802  2.12563381864  1.66241803508  1.09873646003  0.657005593635  0.313634070115  -9999.0  -9999.0  -9999.0  -9999.0  -9999.0  -9999.0  -9999.0  -9999.0  -9999.0  -9999.0
-9999.0  -9999.0  -9999.0  -9999.0  -9999.0  -9999.0  -9999.0  -9999.0  -9999.0  -9999.0  -9999.0  -9999.0  -9999.0  -9999.0  -9999.0  -9999.0  -9999.0  -9999.0  -9999.0  -9999.0  -9999.0  0.773785191512  0.728366052609  3.76118890202  29.0574971483  30.8686337913  31.869875905  1.17364881697  15.1400350725  15.845004008  16.1799495172  0.695659578018  1.39662679039  2.0539832269  31.0960790645  31.6228666029  32.0962066843  129.79165609  77.0175561602  0.491693861921  0.511408164702  0.499924131175  0.437375491582  4.28909108542  5.21191187986  6.05275858001  6.51343811825  6.96267008451  39.4576014143  39.9016984192  40.3039398434  41.2011988232  45.9564909741  46.2742366595  58.6007909392  0.291018424398  1887.24559384  1887.63764024  3.11824729988  76.5426934636  0.406697653998  0.184614308674  0.740498758355  4.08665994317  3.86858541023  0.890766478576  0.454520361372  1.45193237181  1.01726523135  0.311626333494  0.28235346242  0.2795132663  -9999.0  -9999.0  -9999.0  -9999.0  -9999.0  -9999.0  -9999.0  -9999.0
-9999.0  -9999.0  -9999.0  -9999.0  -9999.0  -9999.0  -9999.0  -9999.0  -9999.0  -9999.0  -9999.0  -9999.0  -9999.0  -9999.0  -9999.0  -9999.0  -9999.0  -9999.0  -9999.0  -9999.0  -9999.0  -9999.0  1.51535017184  2.30660592702  0.87891215227  1.28743768556  10.8916245677  12.1022219198  13.0733748591  6.41934287853  7.09056267942  7.80503833884  8.46540075117  29.9664614751  30.584271343  19.1266645756  51.7688841335  52.2959901682  76.5761789074  1.03237565036  0.521624531194  0.421910927836  2.91651590142  3.41872412664  0.374842919419  0.357153756175  37.8384989457  38.6804677515  39.1075286254  0.440485339381  0.635501214905  44.9847416027  0.529394930653  2.3774357498  2.67632895368  61.8573820174  62.1603221375  65.5219084525  1956.62616484  77.2327817797  5.78409655141  5.52929260861  5.29594456701  4.30604053273  0.269219070502  2.24399652654  1.90201611987  0.736299822351  0.336625981128  0.573370972199  1.22496176617  0.653913169726  -9999.0  -9999.0  -9999.0  -9999.0  -9999.0  -9999.0  -9999.0  -9999.0
-9999.0  -9999.0  -9999.0  -9999.0  -9999.0  -9999.0  -9999.0  -9999.0  -9999.0  -9999.0  -9999.0  -9999.0  -9999.0  -9999.0  -9999.0  -9999.0  -9999.0  -9999.0  -9999.0  -9999.0  -9999.0  -9999.0  0.758552198951  1.50379104807  6.41483020772  7.32127952337  8.42988689693  4.68648350874  5.72702781033  0.70153508848  19.5774754639  20.227845079  20.8679635996  0.634230312386  17.9395078266  18.5652667554  0.536076221129  73.9420974411  1.09162037814  0.544364311498  1.53235966249  2.05511661883  0.445751006404  0.390432730389  33.8285535088  37.0553750762  37.5294244971  0.480739271501  1.17932904776  1.50460015228  1.88999112982  3.49963677601  0.879981311629  1.93986286783  0.413470368981  0.815015580908  64.8703251594  65.2115736917  1957.04345005  2041.56334057  6.88765786685  0.558168657156  0.399043266087  0.464787296394  0.229658460461  2.48197823307  1.49882283798  1.13673883219  3.42106159483  3.0168404193  2.05699638716  0.415070590884  0.29717070664  -9999.0  -9999.0  -9999.0  -9999.0  -9999.0  -9999.0  -9999.0
-9999.0  -9999.0  -9999.0  -9999.0  -9999.0  -9999.0  -9999.0  -9999.0  -9999.0  -9999.0  -9999.0  -9999.0  -9999.0  -9999.0  -9999.0  -9999.0  -9999.0  -9999.0  -9999.0  -9999.0  -9999.0  -9999.0  0.75412009975  2.37920665333  4.15550096381  1.05853361414  2.29471303523  3.52903873345  16.7165450669  17.5512239987  18.2293525181  0.657904035136  14.2415536939  16.1106551642  16.7388617656  0.543527625203  71.7105731286  72.8855779307  0.567980256622  0.544003322812  1.08257172733  0.480539178045  31.2932582366  32.1918671897  32.6969065085  1.95965197089  2.4511171873  0.449571169405  0.834094145736  0.386939279677  2.71716919822  0.397226038273  0.487124839016  0.529827003668  0.546837601261  1.10688189843  1.53714417301  172.364965157  173.070868959  2215.45231534  2215.7480939  2216.11401594  0.599349872588  5.81201410948  5.15760073011  2.23535209053  2.03598617659  0.297876126621  4.15317176182  0.317727799368  0.303063110033  0.271222353502  1.00938757262  0.393095382521  -9999.0  -9999.0  -9999.0  -9999.0  -9999.0  -9999.0
-9999.0  -9999.0  -9999.0  -9999.0  -9999.0  -9999.0  -9999.0  -9999.0  -9999.0  -9999.0  -9999.0  -9999.0  -9999.0  -9999.0  -9999.0  -9999.0  -9999.0  -9999.0  -9999.0  -9999.0  -9999.0  -9999.0  -9999.0  0.844074348852  0.929205617705  1.20695795672  10.8642672827  12.07265466  15.6044105055  0.949295397293  11.535190322  12.9728604402  0.645158824344  1.28405582173  0.546350881207  70.0410649636  0.581375602989  1.73149814959  2.22437162216  2.78633570404  28.2110836941  29.8848755639  30.4136871033  0.526652366526  1.01447392967  1.4722476965  0.342712941392  0.319756477293  75.7291598358  76.0567829425  76.34133079  78.8444459487  79.1959549765  79.7297534354  80.1847395506  136.09120132  136.448325549  172.009493321  0.323769173692  0.386234708312  0.815443589316  2217.25419732  2219.20247019  2225.72059141  2225.99692819  0.443983415479  0.254132755302  4.75594303491  4.51920288943  0.255082867481  0.659032959676  3.86454037778  2.21458414039  1.86721663739  0.478201818045  -9999.0  -9999.0  -9999.0  -9999.0  -9999.0
-9999.0  -9999.0  -9999.0  -9999.0  -9999.0  -9999.0  -9999.0  -9999.0  -9999.0  -9999.0  -9999.0  -9999.0  -9999.0  -9999.0  -9999.0  -9999.0  -9999.0  -9999.0  -9999.0  -9999.0  -9999.0  -9999.0  -9999.0  0.783855579222  2.06262803195  4.40740893961  9.65189954981  1.28185073165  2.43686496032  9.007614018  9.90828947181  0.7440448662  16.9389605468  17.6070150837  68.3515753337  68.9317186798  0.576674940864  1.13843436822  4.6522958802  23.434415745  25.0174407551  1.20637830276  0.597844956052  0.513374446133  63.1169601705  64.0360080635  64.8418155897  65.6515018239  75.4217585311  0.870750608015  78.5218429865  0.473710201816  0.360331302127  0.878945456685  55.1747731149  55.5721681356  34.0818606942  35.2048250519  0.753430924745  0.379133010975  0.455254172184  0.664486904571  1.03744039501  0.394880615293  2365.91367507  2366.68393923  6.15595239667  5.19080586098  0.226194724616  6.37360986568  5.81408736541  4.72057941626  0.416711351671  0.46819582586  0.507384520593  -9999.0  -9999.0  -9999.0  -9999.0  -9999.0
-9999.0  -9999.0  -9999.0  -9999.0  -9999.0  -9999.0  -9999.0  -9999.0  -9999.0  -9999.0  -9999.0  -9999.0  -9999.0  -9999.0  -9999.0  -9999.0  -9999.0  -9999.0  -9999.0  -9999.0  -9999.0  -9999.0  -9999.0  -9999.0  1.44740145725  2.80839126571  4.06278432545  6.652337779  7.8238053485  12.7840522845  14.9147358874  15.6090135154  16.2337597168  49.5144663164  50.1536885287  0.54755478808  3.62537066758  4.18320335094  17.9499735543  18.4423001979  1.04944675788  0.488710009933  60.7275238095  61.6819763139  62.1888463943  0.48344823635  8.40386527909  8.85346314077  9.3340058013  0.442338973971  0.374599923841  0.375431422684  0.498197507097  53.4722398515  53.9992641639  0.317013702966  33.7711191021  31.9949619061  31.6971727524  0.330826681572  0.606644271759  0.355906967815  0.683807238589  137.79897053  139.503563887  2373.32321184  0.540708757025  0.281943986366  6.87656310339  0.269936368048  1.27727922241  0.853062665244  0.399878051549  -9999.0  -9999.0  -9999.0  -9999.0  -9999.0  -9999.0  -9999.0
-9999.0  -9999.0  -9999.0  -9999.0  -9999.0  -9999.0  -9999.0  -9999.0  -9999.0  -9999.0  -9999.0  -9999.0  -9999.0  -9999.0  -9999.0  -9999.0  -9999.0  -9999.0  -9999.0  -9999.0  -9999.0  -9999.0  -9999.0  -9999.0  1.42189313783  4.22822540666  5.39339590303  7.84981026398  10.329354341  11.6163578884  1.06078610777  12.496581491  47.7971764799  48.8415921293  0.947107118371  1.77146813825  3.13017925218  16.8007351097  17.4374704653  38.4463645809  39.7212340846  59.9191048992  60.1592719894  0.449067488379  6.53262220181  7.47541176644  8.00490264591  0.463318699218  43.8163270033  44.2590238124  45.5820985279  50.7402607669  52.7118295278  52.9897933938  0.37561337488  0.772082212614  1.12616720688  25.7507672985  31.1029129254  3.68366827449  3.34586797678  0.255759686291  0.412482593931  136.65159833  1.31368414205  0.750051962437  2374.32443246  0.19601336392  0.181919236365  8.7407044542  1.64687343915  0.374546730978  0.342169611722  -9999.0  -9999.0  -9999.0  -9999.0  -9999.0  -9999.0  -9999.0
-9999.0  -9999.0  -9999.0  -9999.0  -9999.0  -9999.0  -9999.0  -9999.0  -9999.0  -9999.0  -9999.0  -9999.0  -9999.0  -9999.0  -9999.0  -9999.0  -9999.0  -9999.0  -9999.0  -9999.0  -9999.0  -9999.0  -9999.0  -9999.0  1.46886413268  1.41225577832  5.39989034755  6.53892099838  1.23321174631  10.127897798  11.3318707477  1.17666264505  33.0224456314  1.13635871082  6.96465112755  15.1651846139  16.1390061062  34.2655233587  35.0355377346  37.8604261033  0.792377996487  19.6899357522  0.360868824967  0.909764416214  6.11256961351  0.494441113032  10.1210314044  42.9447595265  0.462032462064  0.952129838407  3.89466025686  0.533828309997  0.671295521927  0.473291986579  0.38405785609  22.4288157727  24.544729197  25.4091293731  1.2913559484  0.897822806992  1.83571796367  0.349394988793  135.537063927  135.733951807  0.60045788994  0.438675017563  0.257401248042  2375.92158676  2387.18873312  10.8091499034  1.81213937655  1.5393766758  0.780742083676  -9999.0  -9999.0  -9999.0  -9999.0  -9999.0  -9999.0  -9999.0
-9999.0  -9999.0  -9999.0  -9999.0  -9999.0  -9999.0  -9999.0  -9999.0  -9999.0  -9999.0  -9999.0  -9999.0  -9999.0  -9999.0  -9999.0  -9999.0  -9999.0  -9999.0  -9999.0  -9999.0  -9999.0  -9999.0  -9999.0  -9999.0  -9999.0  1.39836166378  1.42128224455  1.39987087023  7.57979920337  8.88398147243  14.6556536276  31.9221112862  1.18911162182  3.5820940667  4.76346316376  7.17294940225  2.12953026723  33.2812327358  1.0283358863  1.98591296683  18.2608492151  0.852206956262  3.43987095073  4.20222813631  0.486283080557  0.503824453034  9.7080818305  32.3770338075  0.509417425404  2.0073378065  3.45250050995  0.485736751442  0.431111343794  19.5357118768  20.8173405625  0.871905379859  1.75375393089  0.450966758655  0.878846604415  0.491171994539  0.571800040517  0.218337474809  135.349472271  0.579974963772  -9999.0  -9999.0  0.478197453219  0.880836626141  2387.47982197  2387.76565022  2389.14013679  0.661583431068  -9999.0  -9999.0  -9999.0  -9999.0  -9999.0  -9999.0  -9999.0  -9999.0
-9999.0  -9999.0  -9999.0  -9999.0  -9999.0  -9999.0  -9999.0  -9999.0  -9999.0  -9999.0  -9999.0  -9999.0  -9999.0  -9999.0  -9999.0  -9999.0  -9999.0  -9999.0  -9999.0  -9999.0  -9999.0  -9999.0  -9999.0  -9999.0  -9999.0  -9999.0  1.25621963053  3.78705158767  4.92059752292  13.5043618251  4.7173693599  16.0818372332  10.3533265485  1.19833914225  3.6637112246  5.99758767588  1.06337158843  30.1104658073  12.1978169124  15.4364141275  1.97108404729  1.97073353259  0.870010605204  0.569804109538  8.21037802476  8.71701507953  30.8812052105  31.3721907171  0.991250878774  1.4909642081  0.452854385825  14.8436767155  17.2661659676  19.1891314167  0.915079559981  0.433853430478  1.30364368875  0.442297206474  0.389774313192  0.366771100886  133.434241624  134.031070499  134.358650079  0.383883666181  -9999.0  -9999.0  -9999.0  -9999.0  -9999.0  0.232287457855  2389.36597948  2389.62091574  -9999.0  -9999.0  -9999.0  -9999.0  -9999.0  -9999.0  -9999.0  -9999.0
-9999.0  -9999.0  -9999.0  -9999.0  -9999.0  -9999.0  -9999.0  -9999.0  -9999.0  -9999.0  -9999.0  -9999.0  -9999.0  -9999.0  -9999.0  -9999.0  -9999.0  -9999.0  -9999.0  -9999.0  -9999.0  -9999.0  -9999.0  -9999.0  -9999.0  -9999.0  1.50069058096  1.43335071507  12.4802234466  1.09544065409  3.68352858187  6.63250007558  9.19666417361  1.28891936421  1.22863753628  1.19276148892  27.8695231109  29.0277161943  11.1662353063  2.22939728073  1.06802989198  1.074505644  6.79520112471  7.74446090503  26.6762119269  28.3306913943  29.8527210659  0.55110041838  0.509268885023  13.5175832355  13.9610735183  14.4388130028  2.04787726232  1.00535133432  0.483802921844  0.476831691545  0.411763625438  3.58588403952  3.90477103405  133.049336954  133.238074585  0.433264511049  0.158455938635  0.189358922822  -9999.0  -9999.0  -9999.0  -9999.0  -9999.0  -9999.0  -9999.0  -9999.0  -9999.0  -9999.0  -9999.0  -9999.0  -9999.0  -9999.0  -9999.0  -9999.0
-9999.0  -9999.0  -9999.0  -9999.0  -9999.0  -9999.0  -9999.0  -9999.0  -9999.0  -9999.0  -9999.0  -9999.0  -9999.0  -9999.0  -9999.0  -9999.0  -9999.0  -9999.0  -9999.0  -9999.0  -9999.0  -9999.0  -9999.0  -9999.0  -9999.0  -9999.0  -9999.0  2.95323115931  9.91298351544  5.57812520059  1.30943006226  5.44859808791  1.30280375498  4.023759856  5.18948302747  24.5937306875  26.8473034361  8.95500711346  10.0679564175  1.10973450567  4.72449823991  5.78225224441  15.9552505129  24.930721814  25.9069898671  0.965153251876  0.837275154368  9.96732231599  11.6052819597  13.071372033  0.545691823034  1.06284247724  1.59101410081  0.513595994854  1.45648645447  2.36422305644  2.77538948463  3.2449401137  0.381367349894  128.489362705  0.813891552525  0.276389110903  -9999.0  -9999.0  -9999.0  -9999.0  -9999.0  -9999.0  -9999.0  -9999.0  -9999.0  -9999.0  -9999.0  -9999.0  -9999.0  -9999.0  -9999.0  -9999.0  -9999.0  -9999.0
-9999.0  -9999.0  -9999.0  -9999.0  -9999.0  -9999.0  -9999.0  -9999.0  -9999.0  -9999.0  -9999.0  -9999.0  -9999.0  -9999.0  -9999.0  -9999.0  -9999.0  -9999.0  -9999.0  -9999.0  -9999.0  -9999.0  -9999.0  -9999.0  -9999.0  -9999.0  -9999.0  1.50465879284  1.45276035697  2.72400483106  1.37829274131  2.75608602412  2.73918454127  15.0821724562  16.0746276787  2.35424465348  1.24784269721  7.81585533651  2.43901701819  3.65778133344  12.7673649323  13.8713437284  14.9631420913  7.98931372424  3.24548485009  5.32730855578  7.30495062634  9.32561260955  0.992330618481  0.726543704089  61.3689534776  62.0366952077  62.6095617255  0.521859975069  1.00242663652  0.511947068457  0.468534111465  119.058071254  121.958477788  4.9284999428  4.1856675671  0.454163999647  -9999.0  -9999.0  -9999.0  -9999.0  -9999.0  -9999.0  -9999.0  -9999.0  -9999.0  -9999.0  -9999.0  -9999.0  -9999.0  -9999.0  -9999.0  -9999.0  -9999.0  -9999.0
-9999.0  -9999.0  -9999.0  -9999.0  -9999.0  -9999.0  -9999.0  -9999.0  -9999.0  -9999.0  -9999.0  -9999.0  -9999.0  -9999.0  -9999.0  -9999.0  -9999.0  -9999.0  -9999.0  -9999.0  -9999.0  -9999.0  -9999.0  -9999.0  -9999.0  -9999.0  -9999.0  -9999.0  -9999.0  1.26116603601  1.3619340437  1.38870937373  5.61421201804  13.7809931624  6.84609839034  1.29845807819  5.31986571827  6.58856162328  1.21962710885  10.5330035843  11.6536971312  3.56585902199  5.80270897203  1.10804597602  2.16831375166  1.06645805065  1.00015578142  0.985961676025  59.1737837942  60.0461327589  60.7644115163  3.33607144782  66.8797220435  67.6660515269  68.3808191172  69.0937283299  70.3076184934  118.596826324  119.80816768  1.58349397692  3.68650644629  1.00048000209  -9999.0  -9999.0  -9999.0  -9999.0  -9999.0  -9999.0  -9999.0  -9999.0  -9999.0  -9999.0  -9999.0  -9999.0  -9999.0  -9999.0  -9999.0  -9999.0  -9999.0  -9999.0
-9999.0  -9999.0  -9999.0  -9999.0  -9999.0  -9999.0  -9999.0  -9999.0  -9999.0  -9999.0  -9999.0  -9999.0  -9999.0  -9999.0  -9999.0  -9999.0  -9999.0  -9999.0  -9999.0  -9999.0  -9999.0  -9999.0  -9999.0  -9999.0  -9999.0  -9999.0  -9999.0  -9999.0  -9999.0  -9999.0  -9999.0  1.41556202723  2.8973517812  2.85700302698  2.80699759696  2.7568923648  4.09368253357  6.82446325344  8.07093155912  9.35044114298  1.21097693909  2.43696579215  1.14990893659  1.10862420616  33.6201292678  41.7671879961  43.8291223009  44.8648827112  58.2735437517  0.927930754302  1.77820491307  2.71083515672  13.7521856068  14.6339319012  15.3467452527  33.6298899818  42.6760974512  47.5455923844  0.869494485973  0.824827253967  2.18404715998  0.532545378286  -9999.0  -9999.0  -9999.0  -9999.0  -9999.0  -9999.0  -9999.0  -9999.0  -9999.0  -9999.0  -9999.0  -9999.0  -9999.0  -9999.0  -9999.0  -9999.0  -9999.0  -9999.0
-9999.0  -9999.0  -9999.0  -9999.0  -9999.0  -9999.0  -9999.0  -9999.0  -9999.0  -9999.0  -9999.0  -9999.0  -9999.0  -9999.0  -9999.0  -9999.0  -9999.0  -9999.0  -9999.0  -9999.0  -9999.0  -9999.0  -9999.0  -9999.0  -9999.0  -9999.0  -9999.0  -9999.0  -9999.0  -9999.0  -9999.0  -9999.0  1.46952006988  1.45373241218  1.42263416119  1.3833074661  2.78574903617  5.49623845744  5.31210486545  6.54108606415  7.70937429817  17.8837932946  19.0020890258  31.5732655903  32.6557319439  7.16859805611  1.05110432385  11.4503413656  12.403616926  5.13063825536  10.0734270187  11.9428582139  12.8200599014  0.828355223901  17.6082158265  35.3361250204  42.0191498246  0.818700849875  3.21970286313  0.616665846078  1.63486631683  -9999.0  -9999.0  -9999.0  -9999.0  -9999.0  -9999.0  -9999.0  -9999.0  -9999.0  -9999.0  -9999.0  -9999.0  -9999.0  -9999.0  -9999.0  -9999.0  -9999.0  -9999.0  -9999.0
-9999.0  -9999.0  -9999.0  -9999.0  -9999.0  -9999.0  -9999.0  -9999.0  -9999.0  -9999.0  -9999.0  -9999.0  -9999.0  -9999.0  -9999.0  -9999.0  -9999.0  -9999.0  -9999.0  -9999.0  -9999.0  -9999.0  -9999.0  -9999.0  -9999.0  -9999.0  -9999.0  -9999.0  -9999.0  -9999.0  -9999.0  -9999.0  -9999.0  -9999.0  -9999.0  1.44756652444  1.38790535789  1.37337208408  4.05169170863  3.92401496679  7.75581439463  9.00931000764  1.19167394639  11.4280929989  4.90074213883  6.08973850996  7.0784104182  10.4840466463  3.15705070154  1.02492119457  4.09134322628  0.999781204938  9.15949905295  11.0533074076  16.0075209673  0.879399104957  3.69335687934  1.37263706882  1.75691352272  0.559824919087  1.10228813838  -9999.0  -9999.0  -9999.0  -9999.0  -9999.0  -9999.0  -9999.0  -9999.0  -9999.0  -9999.0  -9999.0  -9999.0  -9999.0  -9999.0  -9999.0  -9999.0  -9999.0  -9999.0  -9999.0
-9999.0  -9999.0  -9999.0  -9999.0  -9999.0  -9999.0  -9999.0  -9999.0  -9999.0  -9999.0  -9999.0  -9999.0  -9999.0  -9999.0  -9999.0  -9999.0  -9999.0  -9999.0  -9999.0  -9999.0  -9999.0  -9999.0  -9999.0  -9999.0  -9999.0  -9999.0  -9999.0  -9999.0  -9999.0  -9999.0  -9999.0  -9999.0  -9999.0  -9999.0  -9999.0  -9999.0  -9999.0  1.36726490654  1.31187174491  2.62844975529  2.60633804439  6.56732748481  9.02856660454  2.49465431496  3.69156134628  3.611122746  5.96526108456  2.30837145388  2.16067094721  2.12908362347  0.992105221763  5.23098874993  8.2272836902  0.971461636678  4.02389084082  1.69038409168  1.14735564232  0.591456390054  0.566085556793  0.575965998135  -9999.0  -9999.0  -9999.0  -9999.0  -9999.0  -9999.0  -9999.0  -9999.0  -9999.0  -9999.0  -9999.0  -9999.0  -9999.0  -9999.0  -9999.0  -9999.0  -9999.0  -9999.0  -9999.0  -9999.0
-9999.0  -9999.0  -9999.0  -9999.0  -9999.0  -9999.0  -9999.0  -9999.0  -9999.0  -9999.0  -9999.0  -9999.0  -9999.0  -9999.0  -9999.0  -9999.0  -9999.0  -9999.0  -9999.0  -9999.0  -9999.0  -9999.0  -9999.0  -9999.0  -9999.0  -9999.0  -9999.0  -9999.0  -9999.0  -9999.0  -9999.0  -9999.0  -9999.0  -9999.0  -9999.0  -9999.0  -9999.0  -9999.0  -9999.0  1.35138427105  2.67106968018  5.31393651396  1.26436332411  1.27016142267  1.22027707575  2.45249672086  1.20022003071  1.17231681142  1.11637422673  1.09572991313  2.14633333728  4.26895413013  2.06132534412  2.09158420639  3.08694317417  0.85031923702  0.581839002039  -9999.0  -9999.0  -9999.0  -9999.0  -9999.0  -9999.0  -9999.0  -9999.0  -9999.0  -9999.0  -9999.0  -9999.0  -9999.0  -9999.0  -9999.0  -9999.0  -9999.0  -9999.0  -9999.0  -9999.0  -9999.0  -9999.0  -9999.0
-9999.0  -9999.0  -9999.0  -9999.0  -9999.0  -9999.0  -9999.0  -9999.0  -9999.0  -9999.0  -9999.0  -9999.0  -9999.0  -9999.0  -9999.0  -9999.0  -9999.0  -9999.0  -9999.0  -9999.0  -9999.0  -9999.0  -9999.0  -9999.0  -9999.0  -9999.0  -9999.0  -9999.0  -9999.0  -9999.0  -9999.0  -9999.0  -9999.0  -9999.0  -9999.0  -9999.0  -9999.0  -9999.0  -9999.0  -9999.0  1.35361878401  1.31733827868  -9999.0  -9999.0  -9999.0  -9999.0  -9999.0  -9999.0  -9999.0  -9999.0  1.08143497771  1.06024050004  1.01393272189  1.03440734523  -9999.0  -9999.0  -9999.0  -9999.0  -9999.0  -9999.0  -9999.0  -9999.0  -9999.0  -9999.0  -9999.0  -9999.0  -9999.0  -9999.0  -9999.0  -9999.0  -9999.0  -9999.0  -9999.0  -9999.0  -9999.0  -9999.0  -9999.0  -9999.0  -9999.0  -9999.0
-9999.0  -9999.0  -9999.0  -9999.0  -9999.0  -9999.0  -9999.0  -9999.0  -9999.0  -9999.0  -9999.0  -9999.0  -9999.0  -9999.0  -9999.0  -9999.0  -9999.0  -9999.0  -9999.0  -9999.0  -9999.0  -9999.0  -9999.0  -9999.0  -9999.0  -9999.0  -9999.0  -9999.0  -9999.0  -9999.0  -9999.0  -9999.0  -9999.0  -9999.0  -9999.0  -9999.0  -9999.0  -9999.0  -9999.0  -9999.0  -9999.0  -9999.0  -9999.0  -9999.0  -9999.0  -9999.0  -9999.0  -9999.0  -9999.0  -9999.0  -9999.0  -9999.0  -9999.0  -9999.0  -9999.0  -9999.0  -9999.0  -9999.0  -9999.0  -9999.0  -9999.0  -9999.0  -9999.0  -9999.0  -9999.0  -9999.0  -9999.0  -9999.0  -9999.0  -9999.0  -9999.0  -9999.0  -9999.0  -9999.0  -9999.0  -9999.0  -9999.0  -9999.0  -9999.0  -9999.0
-9999.0  -9999.0  -9999.0  -9999.0  -9999.0  -9999.0  -9999.0  -9999.0  -9999.0  -9999.0  -9999.0  -9999.0  -9999.0  -9999.0  -9999.0  -9999.0  -9999.0  -9999.0  -9999.0  -9999.0  -9999.0  -9999.0  -9999.0  -9999.0  -9999.0  -9999.0  -9999.0  -9999.0  -9999.0  -9999.0  -9999.0  -9999.0  -9999.0  -9999.0  -9999.0  -9999.0  -9999.0  -9999.0  -9999.0  -9999.0  -9999.0  -9999.0  -9999.0  -9999.0  -9999.0  -9999.0  -9999.0  -9999.0  -9999.0  -9999.0  -9999.0  -9999.0  -9999.0  -9999.0  -9999.0  -9999.0  -9999.0  -9999.0  -9999.0  -9999.0  -9999.0  -9999.0  -9999.0  -9999.0  -9999.0  -9999.0  -9999.0  -9999.0  -9999.0  -9999.0  -9999.0  -9999.0  -9999.0  -9999.0  -9999.0  -9999.0  -9999.0  -9999.0  -9999.0  -9999.0
-9999.0  -9999.0  -9999.0  -9999.0  -9999.0  -9999.0  -9999.0  -9999.0  -9999.0  -9999.0  -9999.0  -9999.0  -9999.0  -9999.0  -9999.0  -9999.0  -9999.0  -9999.0  -9999.0  -9999.0  -9999.0  -9999.0  -9999.0  -9999.0  -9999.0  -9999.0  -9999.0  -9999.0  -9999.0  -9999.0  -9999.0  -9999.0  -9999.0  -9999.0  -9999.0  -9999.0  -9999.0  -9999.0  -9999.0  -9999.0  -9999.0  -9999.0  -9999.0  -9999.0  -9999.0  -9999.0  -9999.0  -9999.0  -9999.0  -9999.0  -9999.0  -9999.0  -9999.0  -9999.0  -9999.0  -9999.0  -9999.0  -9999.0  -9999.0  -9999.0  -9999.0  -9999.0  -9999.0  -9999.0  -9999.0  -9999.0  -9999.0  -9999.0  -9999.0  -9999.0  -9999.0  -9999.0  -9999.0  -9999.0  -9999.0  -9999.0  -9999.0  -9999.0  -9999.0  -9999.0
-9999.0  -9999.0  -9999.0  -9999.0  -9999.0  -9999.0  -9999.0  -9999.0  -9999.0  -9999.0  -9999.0  -9999.0  -9999.0  -9999.0  -9999.0  -9999.0  -9999.0  -9999.0  -9999.0  -9999.0  -9999.0  -9999.0  -9999.0  -9999.0  -9999.0  -9999.0  -9999.0  -9999.0  -9999.0  -9999.0  -9999.0  -9999.0  -9999.0  -9999.0  -9999.0  -9999.0  -9999.0  -9999.0  -9999.0  -9999.0  -9999.0  -9999.0  -9999.0  -9999.0  -9999.0  -9999.0  -9999.0  -9999.0  -9999.0  -9999.0  -9999.0  -9999.0  -9999.0  -9999.0  -9999.0  -9999.0  -9999.0  -9999.0  -9999.0  -9999.0  -9999.0  -9999.0  -9999.0  -9999.0  -9999.0  -9999.0  -9999.0  -9999.0  -9999.0  -9999.0  -9999.0  -9999.0  -9999.0  -9999.0  -9999.0  -9999.0  -9999.0  -9999.0  -9999.0  -9999.0
-9999.0  -9999.0  -9999.0  -9999.0  -9999.0  -9999.0  -9999.0  -9999.0  -9999.0  -9999.0  -9999.0  -9999.0  -9999.0  -9999.0  -9999.0  -9999.0  -9999.0  -9999.0  -9999.0  -9999.0  -9999.0  -9999.0  -9999.0  -9999.0  -9999.0  -9999.0  -9999.0  -9999.0  -9999.0  -9999.0  -9999.0  -9999.0  -9999.0  -9999.0  -9999.0  -9999.0  -9999.0  -9999.0  -9999.0  -9999.0  -9999.0  -9999.0  -9999.0  -9999.0  -9999.0  -9999.0  -9999.0  -9999.0  -9999.0  -9999.0  -9999.0  -9999.0  -9999.0  -9999.0  -9999.0  -9999.0  -9999.0  -9999.0  -9999.0  -9999.0  -9999.0  -9999.0  -9999.0  -9999.0  -9999.0  -9999.0  -9999.0  -9999.0  -9999.0  -9999.0  -9999.0  -9999.0  -9999.0  -9999.0  -9999.0  -9999.0  -9999.0  -9999.0  -9999.0  -9999.0
-9999.0  -9999.0  -9999.0  -9999.0  -9999.0  -9999.0  -9999.0  -9999.0  -9999.0  -9999.0  -9999.0  -9999.0  -9999.0  -9999.0  -9999.0  -9999.0  -9999.0  -9999.0  -9999.0  -9999.0  -9999.0  -9999.0  -9999.0  -9999.0  -9999.0  -9999.0  -9999.0  -9999.0  -9999.0  -9999.0  -9999.0  -9999.0  -9999.0  -9999.0  -9999.0  -9999.0  -9999.0  -9999.0  -9999.0  -9999.0  -9999.0  -9999.0  -9999.0  -9999.0  -9999.0  -9999.0  -9999.0  -9999.0  -9999.0  -9999.0  -9999.0  -9999.0  -9999.0  -9999.0  -9999.0  -9999.0  -9999.0  -9999.0  -9999.0  -9999.0  -9999.0  -9999.0  -9999.0  -9999.0  -9999.0  -9999.0  -9999.0  -9999.0  -9999.0  -9999.0  -9999.0  -9999.0  -9999.0  -9999.0  -9999.0  -9999.0  -9999.0  -9999.0  -9999.0  -9999.0
