ncols                  80
nrows                 72
xllcorner      4374000.0
yllcorner      5656000.0
cellsize            500
NODATA_value       -9999
-9999.0  -9999.0  -9999.0  -9999.0  -9999.0  -9999.0  -9999.0  -9999.0  -9999.0  -9999.0  -9999.0  -9999.0  1.29258099401  0.939466479729  -9999.0  -9999.0  -9999.0  -9999.0  -9999.0  -9999.0  -9999.0  -9999.0  -9999.0  -9999.0  -9999.0  -9999.0  -9999.0  -9999.0  -9999.0  -9999.0  -9999.0  -9999.0  -9999.0  -9999.0  -9999.0  -9999.0  -9999.0  -9999.0  -9999.0  -9999.0  -9999.0  -9999.0  -9999.0  -9999.0  -9999.0  -9999.0  -9999.0  -9999.0  -9999.0  -9999.0  -9999.0  -9999.0  -9999.0  -9999.0  -9999.0  -9999.0  -9999.0  -9999.0  -9999.0  -9999.0  -9999.0  -9999.0  -9999.0  -9999.0  -9999.0  -9999.0  -9999.0  -9999.0  -9999.0  -9999.0  -9999.0  -9999.0  -9999.0  -9999.0  -9999.0  -9999.0  -9999.0  -9999.0  -9999.0  -9999.0
-9999.0  -9999.0  -9999.0  -9999.0  -9999.0  -9999.0  -9999.0  -9999.0  -9999.0  -9999.0  -9999.0  -9999.0  2.60443796367  5.41051656153  0.795145195825  -9999.0  0.644945805913  -9999.0  -9999.0  -9999.0  -9999.0  -9999.0  -9999.0  -9999.0  -9999.0  -9999.0  -9999.0  -9999.0  -9999.0  -9999.0  -9999.0  -9999.0  -9999.0  -9999.0  -9999.0  -9999.0  -9999.0  -9999.0  -9999.0  -9999.0  -9999.0  -9999.0  -9999.0  -9999.0  -9999.0  -9999.0  -9999.0  -9999.0  -9999.0  -9999.0  -9999.0  -9999.0  -9999.0  -9999.0  -9999.0  -9999.0  -9999.0  -9999.0  -9999.0  -9999.0  -9999.0  -9999.0  -9999.0  -9999.0  -9999.0  -9999.0  -9999.0  -9999.0  -9999.0  -9999.0  -9999.0  -9999.0  -9999.0  -9999.0  -9999.0  -9999.0  -9999.0  -9999.0  -9999.0  -9999.0
-9999.0  -9999.0  -9999.0  -9999.0  -9999.0  -9999.0  -9999.0  -9999.0  -9999.0  -9999.0  1.26223464807  1.22363107301  1.28015362642  1.25453925858  7.80421761829  8.67701724385  1.7813527691  0.564194626954  -9999.0  -9999.0  -9999.0  -9999.0  -9999.0  -9999.0  -9999.0  -9999.0  -9999.0  -9999.0  -9999.0  -9999.0  -9999.0  -9999.0  -9999.0  -9999.0  -9999.0  -9999.0  -9999.0  -9999.0  -9999.0  -9999.0  -9999.0  -9999.0  -9999.0  -9999.0  -9999.0  -9999.0  -9999.0  -9999.0  -9999.0  -9999.0  -9999.0  -9999.0  -9999.0  -9999.0  -9999.0  -9999.0  -9999.0  -9999.0  -9999.0  -9999.0  -9999.0  -9999.0  -9999.0  -9999.0  -9999.0  -9999.0  -9999.0  -9999.0  -9999.0  -9999.0  -9999.0  -9999.0  -9999.0  -9999.0  -9999.0  -9999.0  -9999.0  -9999.0  -9999.0  -9999.0
-9999.0  -9999.0  -9999.0  -9999.0  -9999.0  -9999.0  -9999.0  -9999.0  -9999.0  1.23069111269  2.4939616117  4.94851707368  2.49227823719  1.22088674027  2.39838004645  9.84188052358  12.9986393149  0.653289775705  -9999.0  1.2486036092  -9999.0  -9999.0  -9999.0  -9999.0  1.24726622735  0.633065325091  -9999.0  -9999.0  -9999.0  -9999.0  -9999.0  -9999.0  -9999.0  -9999.0  -9999.0  -9999.0  -9999.0  -9999.0  -9999.0  -9999.0  -9999.0  -9999.0  -9999.0  -9999.0  -9999.0  -9999.0  -9999.0  -9999.0  -9999.0  -9999.0  -9999.0  -9999.0  -9999.0  -9999.0  -9999.0  -9999.0  -9999.0  -9999.0  -9999.0  -9999.0  -9999.0  -9999.0  -9999.0  -9999.0  -9999.0  -9999.0  -9999.0  -9999.0  -9999.0  -9999.0  -9999.0  -9999.0  -9999.0  -9999.0  -9999.0  -9999.0  -9999.0  -9999.0  -9999.0  -9999.0
-9999.0  -9999.0  -9999.0  -9999.0  -9999.0  -9999.0  -9999.0  -9999.0  1.31890811004  3.81608967967  5.01244885167  6.22468662398  8.61943347282  1.15620006678  4.67035047843  5.80462130583  20.6080926496  1.01567494268  1.11475872052  2.39362231248  3.5119428507  1.15138279791  -9999.0  3.31082513763  2.71915448755  0.767072448133  -9999.0  -9999.0  -9999.0  -9999.0  -9999.0  -9999.0  -9999.0  -9999.0  -9999.0  -9999.0  -9999.0  -9999.0  -9999.0  -9999.0  -9999.0  -9999.0  -9999.0  -9999.0  -9999.0  -9999.0  -9999.0  -9999.0  -9999.0  -9999.0  -9999.0  -9999.0  -9999.0  -9999.0  -9999.0  -9999.0  -9999.0  -9999.0  -9999.0  -9999.0  -9999.0  -9999.0  -9999.0  -9999.0  -9999.0  -9999.0  -9999.0  -9999.0  -9999.0  -9999.0  -9999.0  -9999.0  -9999.0  -9999.0  -9999.0  -9999.0  -9999.0  -9999.0  -9999.0  -9999.0
-9999.0  -9999.0  -9999.0  -9999.0  -9999.0  -9999.0  1.33096638545  1.24046878086  1.21756426103  1.23074130891  1.24342395728  8.72936461041  18.5589241032  19.7583305418  20.818270841  1.02680202247  22.7003072628  23.7932385316  2.22844018445  1.12748456145  4.61340063623  8.00872316228  1.09920275254  6.6029838455  1.2149079676  1.16909668355  1.25206673748  -9999.0  -9999.0  -9999.0  -9999.0  -9999.0  -9999.0  -9999.0  -9999.0  -9999.0  -9999.0  -9999.0  -9999.0  -9999.0  -9999.0  -9999.0  -9999.0  -9999.0  -9999.0  -9999.0  -9999.0  -9999.0  -9999.0  -9999.0  -9999.0  -9999.0  -9999.0  -9999.0  -9999.0  -9999.0  -9999.0  -9999.0  -9999.0  -9999.0  -9999.0  -9999.0  -9999.0  -9999.0  -9999.0  -9999.0  -9999.0  -9999.0  -9999.0  -9999.0  -9999.0  -9999.0  -9999.0  -9999.0  -9999.0  -9999.0  -9999.0  -9999.0  -9999.0  -9999.0
-9999.0  -9999.0  -9999.0  -9999.0  -9999.0  -9999.0  2.6728368252  3.96361379044  8.99527778903  12.6209453561  1.16055754462  1.19083959901  1.14953140289  3.37158493137  25.2583940468  1.01149939705  24.8639201934  28.979173591  3.24205567858  2.16970027947  9.06443932333  1.11504643166  7.71556970879  2.25085782167  1.13812556923  2.28763724815  2.47977324994  1.23910519472  1.24592477632  1.23099983445  1.26570229781  2.53807891294  -9999.0  -9999.0  -9999.0  -9999.0  -9999.0  -9999.0  -9999.0  -9999.0  -9999.0  -9999.0  -9999.0  -9999.0  -9999.0  -9999.0  -9999.0  -9999.0  -9999.0  -9999.0  -9999.0  -9999.0  -9999.0  -9999.0  -9999.0  -9999.0  -9999.0  -9999.0  -9999.0  -9999.0  -9999.0  -9999.0  -9999.0  -9999.0  -9999.0  -9999.0  -9999.0  -9999.0  -9999.0  -9999.0  -9999.0  -9999.0  -9999.0  -9999.0  -9999.0  -9999.0  -9999.0  -9999.0  -9999.0  -9999.0
-9999.0  -9999.0  -9999.0  -9999.0  -9999.0  1.39610093219  2.73403896034  1.32573316335  2.60146723621  13.901680255  16.3071959288  18.7056054348  59.2220322097  1.10589622123  26.3779823248  94.0414681674  94.823895037  125.104829124  0.83310672508  3.20970157803  10.1263583092  1.0558544481  20.3242164636  11.518711088  7.06593167351  5.92644225195  1.21343043384  3.69123202362  3.67020119974  2.44912143826  1.20476426179  3.76825171675  1.20407773108  1.19562921804  -9999.0  -9999.0  -9999.0  -9999.0  -9999.0  -9999.0  -9999.0  -9999.0  -9999.0  -9999.0  -9999.0  -9999.0  -9999.0  -9999.0  -9999.0  -9999.0  -9999.0  -9999.0  -9999.0  -9999.0  -9999.0  -9999.0  -9999.0  -9999.0  -9999.0  -9999.0  -9999.0  -9999.0  -9999.0  -9999.0  -9999.0  -9999.0  -9999.0  -9999.0  -9999.0  -9999.0  -9999.0  -9999.0  -9999.0  -9999.0  -9999.0  -9999.0  -9999.0  -9999.0  -9999.0  -9999.0
-9999.0  -9999.0  -9999.0  -9999.0  -9999.0  1.41036559184  4.15340304496  8.24583553204  9.54047634962  18.9554434722  20.2004639339  24.0332374762  39.3950872948  62.3320674742  64.5806861676  65.6271048165  1.98962140405  128.610299988  130.379404732  135.624157988  170.356788113  23.5437075816  21.4332137288  8.16841156226  1.09645665598  7.08914974946  4.81482208401  1.10077038498  4.79285207651  1.07940500929  2.23990656715  6.07277638396  7.23575743379  2.3516450294  1.15865753153  1.15014045946  -9999.0  -9999.0  -9999.0  -9999.0  0.667888443315  0.578401993582  -9999.0  -9999.0  -9999.0  -9999.0  -9999.0  -9999.0  -9999.0  -9999.0  -9999.0  -9999.0  -9999.0  -9999.0  -9999.0  -9999.0  -9999.0  -9999.0  -9999.0  -9999.0  -9999.0  -9999.0  -9999.0  -9999.0  -9999.0  -9999.0  -9999.0  -9999.0  -9999.0  -9999.0  -9999.0  -9999.0  -9999.0  -9999.0  -9999.0  -9999.0  -9999.0  -9999.0  -9999.0  -9999.0
-9999.0  -9999.0  -9999.0  -9999.0  -9999.0  1.39050343717  1.35169475598  5.50795713918  6.81150645049  8.13987400145  1.29244724029  2.57123571716  14.4890114441  2.50499372423  1.22955148453  1.16636902914  1.07262071796  1.15389515544  1.11676371499  1.14265761887  171.455656202  174.620000097  1.05199524455  3.22934032885  2.18731860334  8.16640853197  2.2073235158  1.07879667343  5.9379104596  2.11265413609  5.08772566902  12.8512306407  11.8848459332  3.49838530562  3.45539481584  1.1636215959  1.15781840495  -9999.0  -9999.0  1.15978458483  1.55903544761  3.34503926901  0.608240306037  -9999.0  -9999.0  -9999.0  -9999.0  -9999.0  -9999.0  -9999.0  -9999.0  -9999.0  -9999.0  -9999.0  -9999.0  -9999.0  -9999.0  -9999.0  -9999.0  -9999.0  -9999.0  -9999.0  -9999.0  -9999.0  -9999.0  -9999.0  -9999.0  -9999.0  -9999.0  -9999.0  -9999.0  -9999.0  -9999.0  -9999.0  -9999.0  -9999.0  -9999.0  -9999.0  -9999.0  -9999.0
-9999.0  -9999.0  -9999.0  -9999.0  -9999.0  -9999.0  1.41615590385  1.40371320592  2.7539237392  4.10302888554  9.36519721885  11.989891048  13.2825672316  1.28629989063  1.15414664379  14.7978449147  18.259019564  19.3705707219  23.925434922  25.0068898381  1.07469341643  175.694088391  180.979123251  4.2259339572  0.84644247881  9.16025681574  20.4311639549  8.05490532285  2.09863191458  1.04677358475  19.9972151037  13.9169159146  1.05561421414  1.05881285203  4.53115098824  3.41442201581  1.11347939325  1.10339473274  1.12494910002  2.26865622834  1.09342410055  4.05935830525  5.12651936638  1.03275612138  -9999.0  -9999.0  -9999.0  -9999.0  1.09258291828  1.05580607022  0.295100097151  -9999.0  -9999.0  -9999.0  -9999.0  -9999.0  -9999.0  -9999.0  -9999.0  -9999.0  -9999.0  -9999.0  -9999.0  -9999.0  -9999.0  -9999.0  -9999.0  -9999.0  -9999.0  -9999.0  -9999.0  -9999.0  -9999.0  -9999.0  -9999.0  -9999.0  -9999.0  -9999.0  -9999.0  -9999.0
-9999.0  -9999.0  -9999.0  -9999.0  -9999.0  -9999.0  -9999.0  1.40479680473  1.28933730438  2.64357871462  3.97744135968  1.32128219141  1.2182764225  7.61321335254  10.0442880268  12.5074437718  1.17945199055  2.32788680462  1.15008893047  26.1026392105  56.9238246955  57.568831075  240.453212196  1.05266260056  2.53956209293  0.817582433918  21.4529944121  1.03665308945  3.15693587347  1.03847358628  21.0429397761  22.0861568297  2.11545940757  2.10594927081  11.2587069853  5.63010143645  2.21852457102  1.12618951139  2.24888376706  3.38074063871  5.54320315922  1.0647843595  7.14213889216  8.05168106141  0.827155169811  0.872532534999  0.891337548621  0.829471540281  0.786650473734  3.07892360448  1.20825178841  0.782925693955  -9999.0  -9999.0  -9999.0  -9999.0  -9999.0  -9999.0  -9999.0  -9999.0  -9999.0  -9999.0  -9999.0  -9999.0  -9999.0  -9999.0  -9999.0  -9999.0  -9999.0  -9999.0  -9999.0  -9999.0  -9999.0  -9999.0  -9999.0  -9999.0  -9999.0  -9999.0  -9999.0  -9999.0
-9999.0  -9999.0  -9999.0  -9999.0  -9999.0  -9999.0  -9999.0  -9999.0  2.65516446348  3.91311619476  1.31813374994  2.65365086248  3.92666951123  6.45066915289  1.27426455306  1.25072000472  1.14120625612  1.15347486694  1.08410745061  28.6132581289  1.16004229568  2.29005594193  243.452357152  245.653798805  1.13969080187  4.81917233524  27.2699967422  2.02890214236  4.11419955072  1.96191342889  2.9075511388  26.1272605138  3.08783326599  16.3497320979  13.283333069  1.01573419999  5.44411207762  2.18428524939  3.29145539341  1.03784233443  6.56698623183  8.59471319832  9.39070230902  10.1548835861  11.1773047561  1.57477398329  1.62896333337  1.52506449744  1.43360307281  3.88003668414  0.835664976858  2.84115843285  3.60649969806  -9999.0  -9999.0  -9999.0  -9999.0  -9999.0  -9999.0  -9999.0  -9999.0  -9999.0  -9999.0  -9999.0  -9999.0  -9999.0  -9999.0  -9999.0  -9999.0  -9999.0  -9999.0  -9999.0  -9999.0  -9999.0  -9999.0  -9999.0  -9999.0  -9999.0  -9999.0  -9999.0
-9999.0  -9999.0  -9999.0  -9999.0  -9999.0  -9999.0  -9999.0  -9999.0  1.37120061425  6.62453457414  7.92495718563  1.30283913539  2.5639622101  1.26076599714  1.20480652749  1.1888964153  14.6045665235  19.4340244477  23.7670320722  27.9342813858  1.06496730522  1.14305526643  1.23724387598  250.516878017  252.733356934  253.781043356  36.6567736088  8.17945648325  7.128250814  0.934882033395  3.83495192108  30.9051417064  0.947027256592  17.3052713883  1.01199113796  6.97243811287  6.51154587234  1.04753999031  4.32877380966  2.07122579348  3.08563464445  0.960050949963  0.756468257408  10.9116635067  11.6101549208  11.8742600105  2.36238107925  2.23158980837  2.12722195985  4.75830528369  6.44131748781  0.839736785634  4.39856994762  0.826272105227  1.58138692781  0.769953132006  -9999.0  -9999.0  -9999.0  -9999.0  -9999.0  -9999.0  -9999.0  -9999.0  -9999.0  -9999.0  -9999.0  -9999.0  -9999.0  -9999.0  -9999.0  -9999.0  -9999.0  -9999.0  -9999.0  -9999.0  -9999.0  -9999.0  -9999.0  -9999.0
-9999.0  -9999.0  -9999.0  -9999.0  -9999.0  -9999.0  -9999.0  -9999.0  -9999.0  1.36508682283  9.24447149427  10.5296366214  3.82692146425  6.34105835409  8.74369087023  9.94267376267  1.20984278403  3.68084742427  2.44396681642  1.22220766369  1.22079380536  1.15384557213  2.3160747545  3.96236931672  1.36711348542  292.858853846  293.996454849  1.04308142373  0.874250717805  1.85727279404  2.76979480858  33.6641278419  1.85117392683  18.1728433752  10.7188208455  8.80312146598  1.00061112284  2.03268638157  5.29487376829  0.963407347878  4.0280191284  1.89296799186  1.37325579643  0.631086378561  13.5352447065  26.0049314706  2.90595213145  2.7908579938  2.84616438169  0.736465873621  7.16288501284  0.708740929715  5.94125634177  0.746195794628  2.32036560431  3.61921538881  0.422242717617  0.435164765786  0.52760495535  0.567570857462  0.370071495347  -9999.0  -9999.0  0.269129528318  0.188276175164  -9999.0  -9999.0  -9999.0  -9999.0  -9999.0  -9999.0  -9999.0  -9999.0  -9999.0  -9999.0  -9999.0  -9999.0  -9999.0  -9999.0  -9999.0
-9999.0  -9999.0  -9999.0  -9999.0  -9999.0  -9999.0  -9999.0  -9999.0  -9999.0  -9999.0  1.28098924171  13.1056592564  1.25949040989  2.51388647809  3.68862399821  6.0538081667  1.21306445256  2.46767190612  1.22806353828  1.19160095467  1.14790126358  2.280410307  1.06640700443  1.1872325289  2.42211869008  1.34833504273  295.096763861  297.175501205  300.217238199  3.70990617411  0.922508496525  1.83973271572  34.6053978254  33.4781534407  12.6567551921  0.961791914087  4.00658125456  3.01664797195  6.26305551227  1.92795763597  7.81352033049  2.83068744988  2.19105817752  0.511135960961  0.653303234256  26.7473687331  27.4046914561  33.6984538559  5.11784738869  1.50610948747  7.92486234647  9.38225972345  16.0045490863  1.47574473469  0.69532621808  4.12438106035  4.96370081582  0.41734961966  0.801640682497  1.4625817591  0.730695477522  0.361620156517  0.350797785929  0.542567036234  0.390455610405  0.1893078825  -9999.0  -9999.0  -9999.0  -9999.0  -9999.0  -9999.0  -9999.0  -9999.0  -9999.0  -9999.0  -9999.0  -9999.0  -9999.0  -9999.0
-9999.0  -9999.0  -9999.0  -9999.0  -9999.0  -9999.0  -9999.0  -9999.0  -9999.0  -9999.0  -9999.0  0.659840742619  14.5272762643  1.19339615432  2.34833405351  10.7436877153  1.20315491795  1.19854375762  1.11252688165  2.3283845218  1.12624227039  4.52722804768  6.64255999668  7.64302266232  3.39314001938  4.33988453324  1.06052626053  1.26019133243  1.07381656053  305.725948307  308.529373932  35.442405974  35.1579781698  34.3242398094  1.7608232246  0.86508641157  4.9154621663  13.0057510051  7.18308823839  2.843135779  11.5473797672  4.78994339263  3.93341577396  1.04872697404  0.441995056123  0.43005884941  0.475957370146  35.9001683283  43.0715567593  0.723390954237  0.665747062524  0.714668450386  16.6866514591  18.8209932619  1.28169146642  0.561360937966  5.31388591848  0.698205140081  1.77689361224  3.57828567318  4.63643689356  5.31949914891  1.47110215636  0.835167492216  0.639484675914  0.389245689486  0.26642778725  -9999.0  -9999.0  -9999.0  -9999.0  -9999.0  -9999.0  -9999.0  -9999.0  -9999.0  -9999.0  -9999.0  -9999.0  -9999.0
-9999.0  -9999.0  -9999.0  -9999.0  -9999.0  -9999.0  -9999.0  -9999.0  -9999.0  -9999.0  -9999.0  0.61673745116  16.0418024546  19.7398316187  1.16587082359  13.0668469657  1.14512491804  1.1179961343  2.22237191082  5.67142752494  1.10891489365  1.14305689874  1.03780963957  9.71373522608  10.7166723849  16.0904404618  18.131584303  19.196938539  20.1994850036  21.1539544761  330.627259823  367.890614224  404.739904567  405.424080905  0.857490527839  0.872485965553  14.8267164252  13.9221061643  0.907200870471  0.891340064797  12.3967549644  18.0741766463  0.792108286652  8.47754258877  7.76536330056  2.0803137433  0.990211760973  1.5930891871  0.697671093767  44.2861395983  0.60545468966  1.96467361051  2.45836264211  22.9036149637  24.6156644417  25.7120220421  31.4064948729  0.362592815658  0.306972451368  0.278154585156  0.250965062566  5.8982069817  7.66810057683  0.316150709167  1.51327516779  0.615161699148  0.487533920163  0.151993538161  0.125067365755  -9999.0  -9999.0  -9999.0  -9999.0  -9999.0  -9999.0  -9999.0  -9999.0  -9999.0  -9999.0  -9999.0
-9999.0  -9999.0  -9999.0  -9999.0  -9999.0  -9999.0  -9999.0  -9999.0  -9999.0  -9999.0  -9999.0  1.29922397381  2.51831372951  20.9426046309  23.1621668127  1.11158800042  15.0304021974  1.02028416827  3.14435448373  6.70508098751  2.153805338  1.04208893222  2.12651540818  0.948427850364  1.85293529822  0.917414220091  0.876650345024  0.786505994589  0.736996852792  0.724133528393  0.736128550614  0.920993272244  1.06520654827  1.11843034261  408.087068386  18.0864788752  16.3114226427  0.705448102737  2.62284004272  0.64592837712  0.541099152555  18.9045018615  29.9042385565  9.36274701531  6.77978278608  1.16178661512  0.496347962652  0.464445288581  1.0510471407  45.9535474099  47.0909388914  0.587308063222  0.583631518861  0.560230366467  0.449299281518  0.809191936838  32.5258672496  33.2147925614  33.8386146128  0.619844539094  0.321962487801  0.274183241067  7.93321178941  8.48612932707  1.72303655118  0.236649115799  0.693413715886  0.300320362834  0.233756582837  -9999.0  -9999.0  -9999.0  -9999.0  -9999.0  -9999.0  -9999.0  -9999.0  -9999.0  -9999.0  -9999.0
-9999.0  -9999.0  -9999.0  -9999.0  -9999.0  -9999.0  -9999.0  -9999.0  -9999.0  -9999.0  -9999.0  -9999.0  1.18204204792  15.0689162893  39.381736156  42.797833837  58.8474677742  59.651805787  14.8731639287  10.9639385629  3.21088933701  1.03273879297  4.166459865  5.15734998568  7.93877361161  1.86378259424  1.78401646025  1.70460355468  3.34185994393  1.614142857  1.60696737635  0.797603805508  0.612898603668  0.705615394089  408.879711189  427.492701315  428.423571577  0.714295526656  7.01023906663  2.9254251467  0.88310625632  32.5719314435  1.85011493842  0.94623215961  3.86269056345  0.860069483427  0.723696844523  1.33976126537  1.87868855656  2.45984723696  48.0948108955  0.47869902281  0.420540185209  0.420827902365  0.347221131126  0.312914120086  0.808871750419  0.96683648922  35.2825564513  37.4900942079  1.27072922677  0.622664522067  0.341189983744  0.263409192688  10.7828553215  14.0368231087  2.75705404585  1.28882949531  0.72432381659  -9999.0  -9999.0  -9999.0  -9999.0  -9999.0  -9999.0  -9999.0  -9999.0  -9999.0  -9999.0  -9999.0
-9999.0  -9999.0  -9999.0  -9999.0  -9999.0  -9999.0  -9999.0  -9999.0  -9999.0  -9999.0  -9999.0  1.2390645449  11.4116804708  13.878852474  2.31631215949  0.681616867051  1.58328662806  62.2790869524  63.1429086724  78.7890156793  0.949186373684  1.97530045159  0.900328065577  0.911806505618  8.83673261228  11.5969863147  14.2281770826  0.846646263366  4.1901764374  6.63997037663  4.03525865201  1.61839894305  1.35516734868  1.30951827407  1.27209394846  0.686155763877  429.058236673  429.596155058  437.750384791  1.54402181352  0.802034531436  33.1117756651  1.94110705695  0.98751551742  1.02729350729  1.01951779687  0.941248183548  1.67885303259  4.79501824587  7.865119026  56.4436605548  0.379248721335  1.12622922502  0.756476015731  0.64791644153  0.316746386746  0.330643110829  0.304142966253  0.173648554401  37.7791273573  0.16237105426  0.459500771426  0.229701412074  0.217319759045  0.22148295475  14.2865944846  0.502896494631  0.198427039302  0.306328441743  0.137647667902  -9999.0  -9999.0  -9999.0  -9999.0  -9999.0  -9999.0  -9999.0  -9999.0  -9999.0  -9999.0
-9999.0  -9999.0  -9999.0  -9999.0  -9999.0  -9999.0  -9999.0  -9999.0  -9999.0  -9999.0  -9999.0  1.25868744144  7.76854007817  1.25241762418  1.14865683811  5.73787153973  6.78204910114  7.85033838666  8.85986845967  106.073854774  106.921145212  108.722794967  121.889924749  124.582367415  126.145389688  127.061484791  143.18072685  145.348384959  146.183339649  153.725423775  158.652376615  159.47651121  162.373711184  2.10020932334  1.93022482452  0.522857318714  0.525022610372  430.212977522  440.566238539  2.25343117305  38.0505280753  37.3348906464  3.73204832922  0.910474427967  0.916087682332  0.894987797185  0.870608383251  1.74781936132  2.50821563255  0.718730141432  56.9100460574  57.3947429705  59.694610372  60.0967045269  61.1133099914  61.7791177324  0.275444792915  0.313232493139  0.249258501347  38.0190196503  38.3772476578  39.0430296497  39.8286774561  0.399866808559  15.4512082678  14.8454054049  0.276178399958  4.79076779151  4.61538790984  0.363889638754  0.215139326899  -9999.0  -9999.0  -9999.0  -9999.0  -9999.0  -9999.0  -9999.0  -9999.0  -9999.0
-9999.0  -9999.0  -9999.0  -9999.0  -9999.0  -9999.0  -9999.0  -9999.0  -9999.0  -9999.0  -9999.0  3.93865381458  5.22570896709  2.49667051694  3.68867728541  1.17967830096  13.2264096781  14.3199298447  16.4774320191  17.414057094  7.14748982563  117.279068405  118.105000173  0.850302827915  0.650386281138  0.58779677041  1.30275482318  0.667767164158  0.565982518484  0.549370599664  0.605322698677  160.23121097  163.153602396  165.985893824  168.579278793  170.538027356  0.909881600859  0.336776839877  480.428516534  39.3310163737  38.785305404  0.815214968355  0.787703809464  0.746740321456  1.67586691458  1.65708826684  0.763617840846  0.765346417351  0.714941463824  1.42670680375  1.90754053509  0.375358569445  0.693578767284  0.279345532082  0.189076524996  62.0026516172  62.5417044069  63.1615029437  63.726142871  64.0194170506  64.4046701489  64.5703201213  0.152872997729  40.4670846708  0.38196090708  20.8974123133  5.13578139726  0.378933284038  4.11397930951  3.50686364245  0.234168112952  -9999.0  -9999.0  -9999.0  -9999.0  -9999.0  -9999.0  -9999.0  -9999.0  -9999.0
-9999.0  -9999.0  -9999.0  -9999.0  -9999.0  -9999.0  -9999.0  -9999.0  -9999.0  -9999.0  -9999.0  -9999.0  2.65166697669  1.27182702461  1.20230315911  11.0537012145  12.1686279675  1.1178969573  4.35287758503  5.38734926087  6.33903504602  1.02060296303  0.83785206931  17.6717428905  18.3775622313  19.0601465772  48.9135563535  49.4808295045  50.5281897661  55.3495630663  58.3679144952  58.8739787356  0.509484467506  0.527134092662  0.534365308069  171.334583003  0.40376156326  487.426081817  486.820213073  5.88470198573  5.23686652117  3.16593837335  0.79703690192  1.49232062848  2.43616021879  2.41937072216  1.50277921469  0.742623700577  1.44613844562  1.42742729769  2.53940519116  0.372834178717  1.08857500329  1.77883247587  2.1713102039  2.38451031988  0.191932967329  0.193190610058  0.180071146754  0.182479899661  0.195630406998  64.8060581327  65.1727787618  105.79505062  105.922246404  22.4900164688  1.33805933882  0.896815203135  0.320582986079  3.07190326199  2.85609343844  -9999.0  -9999.0  -9999.0  -9999.0  -9999.0  -9999.0  -9999.0  -9999.0  -9999.0
-9999.0  -9999.0  -9999.0  -9999.0  -9999.0  -9999.0  -9999.0  -9999.0  -9999.0  -9999.0  -9999.0  -9999.0  1.34581963382  3.83889778956  5.04492635395  8.6823246398  1.1120887135  2.24436088885  3.32059577637  12.5864764403  13.5260024476  14.2701937522  15.1699668416  16.0886757778  24.9774202138  27.7305314077  29.2583007004  0.63053473607  3.78924711901  4.36957564337  56.8051093928  59.401508812  60.5243774828  61.6642454397  62.7284811701  234.47629871  0.413207568326  489.249485246  1.02014136493  0.459811220342  4.45878205377  3.8450513592  0.614383896619  2.17045244163  3.11450706369  3.08571373552  2.12429492193  3.48420670116  5.4984455886  2.04078272986  5.14463715132  0.470325083448  0.655923361072  0.155261538934  0.118185411237  2.71994264024  2.82828891065  0.322539889213  0.315089932094  0.470290473575  0.15058426763  0.160950035591  0.145730406136  142.196218234  142.079950949  35.8896555778  0.379300246473  2.04213536767  1.59269540839  1.0369583435  2.68824979222  1.92562424167  -9999.0  -9999.0  -9999.0  -9999.0  -9999.0  -9999.0  -9999.0  -9999.0
-9999.0  -9999.0  -9999.0  -9999.0  -9999.0  -9999.0  -9999.0  -9999.0  -9999.0  -9999.0  -9999.0  -9999.0  1.2844617991  2.56174280344  1.21556325534  2.43058788741  1.1165273047  8.27038574131  10.4325117412  11.5381701735  1.04320885513  2.01339181185  18.6869694888  23.3298578535  24.151538938  1.82822269182  1.89536794401  2.73825584012  0.530521915696  0.497115052769  0.949022650962  0.453785315087  27.8336317262  28.3813930774  28.8767766044  234.94862991  493.188730717  489.768466249  0.732150780153  0.32120100841  0.290966770334  1.32024209277  1.02627159519  2.68636738094  3.73171901732  7.49749210085  0.670952550178  0.668619090786  6.08407145877  6.6838648334  12.8809072858  13.2344783539  14.0499878042  14.3413951665  0.263447263606  0.395278020443  2.94851852358  148.937747927  145.566286963  144.971286085  144.138250889  0.14544717691  143.175605917  0.255506342639  0.157252302607  12.8660249933  3.28825092118  3.07470046429  0.562718779179  0.603805046737  0.484997534525  1.69409194162  -9999.0  -9999.0  -9999.0  -9999.0  -9999.0  -9999.0  -9999.0  -9999.0
-9999.0  -9999.0  -9999.0  -9999.0  -9999.0  -9999.0  -9999.0  -9999.0  -9999.0  -9999.0  -9999.0  -9999.0  -9999.0  1.23824427809  2.46702695018  3.69785132602  5.98194149633  1.17717238309  1.10224308176  7.23765362967  8.27171494198  16.8324879767  17.8699997307  2.9262680612  1.00274964764  0.926560219758  0.885736649125  24.7416765254  25.3636209583  25.9252112681  26.3974984626  27.3224332119  5.31888548939  5.77871879344  35.2457436867  763.611695792  2.77357563245  2.25643530781  1.09349415451  0.288268526038  0.251424333731  1.88991039677  2.09649265659  3.20562333888  0.265884975879  7.85164771309  1.14313268826  1.12323936549  0.244646600793  0.165223949929  0.137346209698  0.14518296753  0.133620712316  14.47437869  174.578112636  159.534032866  159.092559815  149.082815256  0.146384819886  0.149449336077  0.190355617398  143.402056753  0.433528007749  0.193780526445  0.206972514844  0.199717308082  9.18505559379  8.78563977607  1.03066829857  0.52786900114  0.635581631254  0.635075155341  -9999.0  -9999.0  -9999.0  -9999.0  -9999.0  -9999.0  -9999.0  -9999.0
-9999.0  -9999.0  -9999.0  -9999.0  -9999.0  -9999.0  -9999.0  -9999.0  -9999.0  -9999.0  -9999.0  -9999.0  -9999.0  -9999.0  1.19083011469  2.18390660144  3.05415901317  3.93839174046  5.04011101509  6.16382354113  3.29710250816  5.48791879852  1.0380150666  1.00750556101  20.1281939695  22.0891982464  23.0238098535  23.9962501212  0.749571131486  1.36996347334  3.57609530583  4.20606273434  4.7794258584  0.545039667496  0.367569772553  764.815483542  0.501573716206  0.726943653876  0.409151280682  1.18609862515  0.538288391596  0.333394873802  5.57650517203  5.79236247153  0.182044666756  8.04863242585  9.40638105737  1.37642716748  180.825283824  180.409381419  180.075251263  179.419991495  179.140582813  175.389606036  175.174057996  0.277204508808  9.91126641425  9.26547287598  8.73224197621  8.59194649485  4.93038090325  4.79710758726  4.50796158337  1.39264770969  1.24033323305  0.825147574809  0.213484265707  8.41803072706  7.25061638807  0.489323820968  0.946492249823  0.4259419907  -9999.0  -9999.0  -9999.0  -9999.0  -9999.0  -9999.0  -9999.0  -9999.0
-9999.0  -9999.0  -9999.0  -9999.0  -9999.0  -9999.0  -9999.0  -9999.0  -9999.0  -9999.0  -9999.0  -9999.0  -9999.0  -9999.0  0.218032964625  0.492417393224  0.87026187196  7.74631016002  8.87127601939  1.13357307179  1.11119127158  1.0985047356  16.0615779947  18.1679115832  1.02685025567  1.03887133398  0.900882289418  3.70423027551  4.61275757142  2.29495838895  2.92530071551  20.8051668084  21.5437412502  22.7384792295  36.1865164015  801.264208171  0.505552890536  0.334052862089  1.82620939337  1.50639335137  0.219302160686  0.79140291322  1.01972431547  6.03928751803  6.2445219165  16.1206668837  9.51113161482  1.5173362865  185.02510301  1.77995049501  179.77924366  179.608297583  3.50514876744  0.137613502111  0.412425510858  0.249094088488  0.336060725575  0.411629606665  0.198732664736  3.53151067609  2.93912095615  0.185730835951  2.99677193825  0.441494569099  0.266527585479  0.610980430183  0.297068314162  0.828331387858  5.72039416302  4.84555475026  0.397714184412  0.579860259584  0.282105112537  -9999.0  -9999.0  -9999.0  -9999.0  -9999.0  -9999.0  -9999.0
-9999.0  -9999.0  -9999.0  -9999.0  -9999.0  -9999.0  -9999.0  -9999.0  -9999.0  -9999.0  -9999.0  -9999.0  -9999.0  -9999.0  1.11138437874  1.82458294732  3.84361120948  6.70458520815  9.64480632856  11.768912796  12.8693935885  13.9796528953  15.0581332113  1.03731884337  0.97887739589  1.92564757308  1.84652373394  0.955406460704  17.9352511389  18.8264353484  19.6643194854  20.4564228832  11.7418164081  12.4249629005  13.0586798744  801.491997814  0.823360023337  1.04665645117  3.07664061428  0.298958455616  0.439934623228  0.221468037243  0.213843863981  1.22332457675  0.169648269523  0.180346038524  202.124518626  185.860366992  185.675798709  0.714293001792  1.57458194579  1.02397742255  0.243066540918  3.20450251341  0.890129068703  0.693129372483  0.495340510079  0.339812415635  0.185558519314  0.428948127783  2.77396040087  2.33907084174  1.92367951673  2.3669255345  2.21226605015  2.08512050252  0.198439311719  0.385593592121  0.419167961654  3.54224930829  2.75365522596  1.62326579439  0.235051158985  -9999.0  -9999.0  -9999.0  -9999.0  -9999.0  -9999.0  -9999.0
-9999.0  -9999.0  -9999.0  -9999.0  -9999.0  -9999.0  -9999.0  -9999.0  -9999.0  -9999.0  -9999.0  -9999.0  -9999.0  -9999.0  0.774562171592  0.729516494795  1.43195830869  2.16809229287  1.09329198151  1.1984795643  2.32533297628  3.4447315882  5.58667316045  6.64450417425  7.62416388987  10.5542960619  11.4791354862  12.4603123195  0.899495752473  8.95506830652  9.75345945518  10.4806147003  0.587681723606  0.300381529513  0.546137213558  814.520338967  814.739424742  816.052655  3.89024577324  0.598188502316  0.871141239616  0.265361549157  0.383699656221  1.39811598277  1.719635743  0.328936297667  202.924464509  0.247514878564  0.391465081051  0.441052282818  0.311946233395  0.582302959999  0.238443427544  2.08764190564  1.59366995919  1.15981174117  0.573720474582  0.395546608985  0.211050484937  0.238650791363  0.251842571456  0.254249794379  1.75422099639  1.33960634543  0.934423303662  0.515684556913  1.92841707394  1.44664367755  0.381662634065  0.451450302948  0.382522063814  0.772576955012  0.397318752746  -9999.0  -9999.0  -9999.0  -9999.0  -9999.0  -9999.0  -9999.0
-9999.0  -9999.0  -9999.0  -9999.0  -9999.0  -9999.0  -9999.0  -9999.0  -9999.0  -9999.0  -9999.0  -9999.0  -9999.0  -9999.0  -9999.0  0.69492344686  1.37054709984  0.675540754711  1.4056000553  8.79289645259  9.7905340145  10.8869317137  1.06747568556  1.06833296517  2.04779483363  3.04435040799  4.86399017334  5.79717093424  6.32073260305  7.17491626467  0.764337836926  0.706625474104  11.4316884409  11.7117794612  11.9811149733  12.2444039929  9.8504350967  826.959515189  832.480600057  832.712081706  833.788195036  834.897276601  835.464139714  0.17217721174  1.87368910789  203.090194499  0.40614340547  0.208326580642  0.191892417412  0.173458849613  0.307437472841  0.309344609887  0.177006383225  0.258925898426  0.239562262224  0.416094538091  0.18643667661  0.146996172511  0.491822896873  0.346861193481  0.181291184208  0.178009158821  0.191970122014  0.202900291965  0.223140029385  0.296565122033  0.319810802546  0.693761023781  0.230298663622  0.704931400821  0.285042311023  0.288208319878  -9999.0  -9999.0  -9999.0  -9999.0  -9999.0  -9999.0  -9999.0  -9999.0
-9999.0  -9999.0  -9999.0  -9999.0  -9999.0  -9999.0  -9999.0  -9999.0  -9999.0  -9999.0  -9999.0  -9999.0  -9999.0  -9999.0  -9999.0  -9999.0  2.03429865503  2.74483816664  4.87822138582  6.58048739021  0.94405441878  12.9965543105  14.0426533208  15.0586719151  1.00428208264  1.98516396082  0.907399806798  6.68043242039  7.15731478149  7.92514846998  8.74121917341  10.7099459535  10.9525115899  0.163589075443  8.85763541912  9.37014288019  9.6047271687  10.6750055498  1.40225789815  0.91196698853  0.580420592225  0.52157055082  836.155520554  836.451559564  839.589008999  203.25712562  1.06737201316  0.51337385329  0.334232769247  0.115688505997  0.963121281113  0.514345049982  0.160151460859  0.861471284904  0.725353254202  0.136150779016  1.04560979834  0.933057208681  0.649448341227  0.14414247507  0.408207872826  0.297047511339  0.122649213986  0.329849898315  0.206490453811  0.270304251726  0.260908100954  0.16988668962  0.393304164984  2.96222485597  1.6353128723  1.02792078304  0.404041158883  -9999.0  -9999.0  -9999.0  -9999.0  -9999.0  -9999.0  -9999.0
-9999.0  -9999.0  -9999.0  -9999.0  -9999.0  -9999.0  -9999.0  -9999.0  -9999.0  -9999.0  -9999.0  -9999.0  -9999.0  -9999.0  -9999.0  -9999.0  0.721989986843  3.4514975602  4.20355085205  0.991617426672  1.12144485535  2.25892735642  3.32508501517  19.4159012878  1.00365778898  4.01798473786  4.95040169846  5.86250420886  0.506496274416  1.21593659195  1.62286151071  7.16531659113  7.97955462617  8.19145010852  0.253428130889  0.263225216384  0.32106238466  0.582910228234  0.256224926479  0.274814146548  0.481253290629  0.3607810172  0.437994211492  1.08526131367  839.868624251  1043.81981927  1.39113973654  0.288891852268  0.129901556947  3.00926201586  2.75655243821  1.6244253232  1.45383788504  1.08550243233  0.250008719334  0.191392966438  1.15797205576  0.526536947773  0.405697989584  0.126520845474  0.539956809093  0.950788826587  0.774960556577  0.482836229325  0.200250401786  0.771735461717  0.549399043825  0.331083898324  3.64196081101  3.51518226485  0.303176135126  0.282262502402  0.258328745046  0.239947151424  -9999.0  -9999.0  -9999.0  -9999.0  -9999.0  -9999.0
-9999.0  -9999.0  -9999.0  -9999.0  -9999.0  -9999.0  -9999.0  -9999.0  -9999.0  -9999.0  -9999.0  -9999.0  -9999.0  -9999.0  -9999.0  0.608444668412  1.98627304199  0.654476576875  1.15042478738  1.20581390389  2.33909046207  3.4522490428  4.41888652349  24.5410782002  25.5099383485  0.989710945396  1.9165672239  2.84980407088  3.48527023493  4.22894258066  6.38486522044  6.90824412365  0.52831344338  0.425252893352  0.345563853963  0.313120647689  0.482553545605  0.468647687554  0.464118366766  0.521707428752  1.62248090861  0.666700118476  0.230686210498  0.220661882186  0.243270062235  0.460559017042  1053.13897913  7.72545521068  3.6360600814  0.271520518917  0.120087772068  0.104309933356  0.382652348365  0.272421533481  0.141004965879  0.139556228135  1.44841898437  2.10878920955  2.31598656819  0.097748651411  1.77721399534  1.12582422507  0.129268462077  0.113570899324  0.247146094015  1.67820092498  0.738658683645  0.477295287523  3.79949223478  0.170140390668  0.193543581974  1.01596966414  0.514065790639  0.851061282047  0.354687012629  -9999.0  -9999.0  -9999.0  -9999.0  -9999.0
-9999.0  -9999.0  -9999.0  -9999.0  -9999.0  -9999.0  -9999.0  -9999.0  -9999.0  -9999.0  -9999.0  -9999.0  -9999.0  -9999.0  0.637072438217  1.23591588002  4.46076824053  0.616294284046  2.07422801215  3.26046467612  4.38852344238  1.14780505718  2.18690590149  3.05597530188  29.2393588433  0.951819488453  1.83862513247  2.7384537269  0.837980045005  1.66260714445  2.16896361036  2.70072418078  57.0474778627  57.9265685851  58.8223295267  62.4152405325  63.5655552318  66.1276504905  1.0726820589  2.21665180508  2.14739634007  74.7219279928  75.1805665759  0.206364202615  0.393756217111  0.573500811626  1053.29187922  7.23034962883  3.24805043159  3.10203126215  2.49287888522  2.21070547686  0.509726865891  0.119228991058  0.238056240951  0.1259259152  0.122777545554  0.253270821336  2.44650892871  4.46456084992  1.91949194962  0.3659502554  0.247458031556  0.146404902086  2.45757776354  2.05665622879  0.208270269511  4.76248069673  3.97223778992  0.328472000476  1.93318766846  1.21484119078  1.30721611808  1.10692249357  0.245314241284  -9999.0  -9999.0  -9999.0  -9999.0  -9999.0
-9999.0  -9999.0  -9999.0  -9999.0  -9999.0  -9999.0  -9999.0  -9999.0  -9999.0  -9999.0  -9999.0  -9999.0  -9999.0  -9999.0  0.646028256152  1.96336593251  7.07047542704  10.3941303741  0.543802951892  13.6112902205  18.6845472858  1.09146729752  2.11967927784  3.05008169238  37.8978466094  38.6329749826  0.782066205751  4.31027494529  5.06500541002  5.75155284726  51.5488553314  53.0385094729  53.8683739927  0.411000562888  2.41389666736  2.92360500139  1.19686939187  1.73005770924  68.5241728366  71.4940286586  71.9199839122  72.3224416223  75.6753084503  0.241969500996  0.214957924916  0.963455446175  1053.48360764  0.196353314352  0.16550580445  0.486334626098  0.171946347754  1.99807302883  1.64500682348  0.967774681958  0.70216001735  0.304757704305  0.13658264403  0.37879632156  0.0984911696476  4.59251680412  0.567827768251  0.462092040159  0.0867533310093  0.238686242298  2.57325264818  0.0917766320744  0.103230104977  4.89032170473  0.127079650254  2.24568609541  2.10846722258  1.84318809525  1.68530391391  0.182876980235  0.66944293062  0.21749245112  -9999.0  -9999.0  -9999.0  -9999.0
-9999.0  -9999.0  -9999.0  -9999.0  -9999.0  -9999.0  -9999.0  -9999.0  -9999.0  -9999.0  -9999.0  -9999.0  -9999.0  -9999.0  -9999.0  -9999.0  1.36574323054  2.73712872139  12.2927339796  12.9805066409  19.2858673316  19.9730224673  1.07415704389  2.14657784469  5.03315126759  39.2202606162  40.7395614278  41.3776610965  0.529640367977  43.7201302159  45.2443456914  0.946298732138  0.399575248807  0.789501125231  1.525196752  0.364925042434  0.7338627374  1.62305809568  2.0340494422  0.379435872556  0.264840281066  0.527904003614  77.6449207245  78.394139431  78.5819461008  80.0229956323  1053.65837649  0.132726267273  0.114883629244  0.134908600616  0.121569162362  0.12517040835  0.0993432521044  0.183620651711  0.0904416177001  0.240167108146  0.146218544944  0.154398451804  0.666331929731  5.49462724613  6.24501796414  6.36650846043  6.79240518017  0.0937416311031  2.66557886635  0.369442556784  0.184441265415  4.98885363018  5.21062584624  2.36995409718  2.52894115299  2.10740054447  1.25302797653  1.07956475733  0.895006419012  -9999.0  -9999.0  -9999.0  -9999.0  -9999.0
-9999.0  -9999.0  -9999.0  -9999.0  -9999.0  -9999.0  -9999.0  -9999.0  -9999.0  -9999.0  -9999.0  -9999.0  -9999.0  -9999.0  -9999.0  -9999.0  0.708680803551  0.691008709976  0.680623457119  1.37816927689  0.600415881407  21.1688551634  21.7988891424  0.974352484611  1.96769572425  0.927865671438  0.754226976199  0.73242278875  42.690232707  0.497115134364  0.99852767545  0.511892076194  0.430757010329  0.372153279034  0.297006320826  0.307830134999  0.938525348531  1.28202680674  0.254368158598  0.223714837  0.480186774154  0.790220605135  1.03011790751  0.342430240077  78.8547923502  80.2173657759  1053.78267085  0.574494753716  0.305689105542  0.0772471775327  0.177099401579  0.0572165255734  0.039092166618  0.227598011561  0.483381780166  0.316426557363  0.0783908921484  0.0823378509409  0.194071711132  0.0924842401567  0.0972035005754  0.110115791082  0.11283356369  10.3489421101  3.12526289273  0.0866374621454  0.145208986018  0.0691669001597  12.3710133307  7.08260144412  6.98252128668  2.25698263104  1.66073359501  0.15267744954  -9999.0  -9999.0  -9999.0  -9999.0  -9999.0  -9999.0
-9999.0  -9999.0  -9999.0  -9999.0  -9999.0  -9999.0  -9999.0  -9999.0  -9999.0  -9999.0  -9999.0  -9999.0  -9999.0  -9999.0  -9999.0  -9999.0  -9999.0  -9999.0  0.683493958178  1.99835066779  2.54139480972  3.12267543621  22.3764145527  22.9681836816  23.5765308554  24.3369446851  25.053307359  26.5234540754  27.0127677216  27.4802288449  27.9043505431  0.391582465958  0.370312831027  0.377500890347  1.30421826875  0.338895714737  0.323971868264  0.262571415641  0.762966044156  0.288436051047  0.229897265055  0.21479333029  0.182780152526  0.364876950238  0.532149603539  81.320202671  1135.82044896  0.130693610579  0.270758801856  0.0616705444592  0.241344220825  0.135124986399  0.0787006567915  1.1191369415  0.818771281205  0.250290249051  0.165809470509  0.363462945723  0.0887729461165  0.263042423775  0.173388344411  0.303120169364  0.103295899867  0.126317400235  10.451809345  10.7766123172  15.1479078044  15.0484785725  14.9509299046  0.105625591061  2.05736617864  1.94179381154  0.144657210224  -9999.0  -9999.0  -9999.0  -9999.0  -9999.0  -9999.0  -9999.0
-9999.0  -9999.0  -9999.0  -9999.0  -9999.0  -9999.0  -9999.0  -9999.0  -9999.0  -9999.0  -9999.0  -9999.0  -9999.0  -9999.0  -9999.0  -9999.0  -9999.0  -9999.0  -9999.0  0.55626611222  4.48762763175  8.83337768682  9.44366906146  0.928945766086  1.90805591339  2.90275139893  3.7456512997  9.19879294533  9.61782322877  0.403788408859  0.397616622016  28.8106256434  29.5707990993  29.9075984844  1.56174692789  0.227131909205  0.561811846598  0.825249474224  2.47922939178  3.02789997925  3.47055512157  0.409455935085  0.576008163834  0.194571724079  0.386397196483  0.198354064053  1136.19098372  0.115174837004  0.497202586949  0.197228954547  0.543636930604  1.32550563826  1.46895225004  2.65551589737  0.993092925976  0.911480400463  0.655124588592  0.586556987849  0.150360247224  0.32417848801  0.414552881189  0.361146169834  0.0558024850814  26.8938059011  26.6783563637  26.5651551132  15.4800413567  0.152300507205  2.32279743643  1.66895004691  1.1017035135  0.683776516839  0.120952317397  -9999.0  -9999.0  -9999.0  -9999.0  -9999.0  -9999.0  -9999.0
-9999.0  -9999.0  -9999.0  -9999.0  -9999.0  -9999.0  -9999.0  -9999.0  -9999.0  -9999.0  -9999.0  -9999.0  -9999.0  -9999.0  -9999.0  -9999.0  -9999.0  -9999.0  0.629379946068  2.01410180811  3.93959297258  5.14053699663  13.1411228314  13.9103969007  2.04787314594  3.04785145373  3.92655723511  4.75944517697  10.0767523881  10.9134234351  19.4712104494  20.1273284198  20.5924236977  30.2313024929  32.6059060486  0.542682857503  0.354624821747  0.338353682086  0.650128294668  0.295841457963  4.03643853136  4.24878025928  0.769839270411  1.01688960716  0.317426608153  213.320485026  213.78378746  1350.21450935  1350.87484045  0.125947909762  0.80706406727  0.28756412228  0.248492128552  3.14747711489  4.27444391011  0.836752025841  0.744937341583  0.152118172794  0.0800838174739  0.401397717092  27.7249849429  27.2509907469  27.1783971671  27.0378954546  0.159673844022  0.154206290987  0.155601349178  0.162949051922  0.516103960929  0.345535408841  0.3159104618  0.470164297366  0.144238431139  -9999.0  -9999.0  -9999.0  -9999.0  -9999.0  -9999.0  -9999.0
-9999.0  -9999.0  -9999.0  -9999.0  -9999.0  -9999.0  -9999.0  -9999.0  -9999.0  -9999.0  -9999.0  -9999.0  -9999.0  -9999.0  -9999.0  -9999.0  -9999.0  -9999.0  -9999.0  0.72294518153  0.70519926107  1.32435852162  3.13550290258  14.5084343071  1.04333846894  1.03362738114  1.90396828257  2.78348925964  6.78173961547  7.37835968491  0.415481660172  0.427058083108  21.0499978169  21.3798923994  54.3519701782  54.7050063937  0.203464470459  0.181697153166  0.157628796696  0.159021814955  0.173643896414  209.234324131  210.505300602  211.731839489  212.267426844  213.070948164  0.224334676939  0.836631226981  1.04182304578  1352.27337341  1352.36345952  1352.44864703  1352.64574274  1352.83096383  4.597943589  0.0821848239204  0.303192770473  0.238526510101  0.0629526772225  0.464023575188  27.9623524363  0.16126717831  0.0810212911877  0.624010791806  0.548269652179  0.441700851301  0.331767263992  0.183706708606  0.198728887141  0.189409520662  0.165256083142  0.174447965745  -9999.0  -9999.0  -9999.0  -9999.0  -9999.0  -9999.0  -9999.0  -9999.0
-9999.0  -9999.0  -9999.0  -9999.0  -9999.0  -9999.0  -9999.0  -9999.0  -9999.0  -9999.0  -9999.0  -9999.0  -9999.0  -9999.0  -9999.0  -9999.0  -9999.0  -9999.0  -9999.0  -9999.0  0.639681146512  0.673279374581  1.24440004713  16.9378965802  17.5942758458  1.0202359341  1.88658622924  2.78003356431  3.45710695094  0.601627656252  1.16002491419  42.4557235617  42.817107833  43.2061105691  45.9563563515  100.996549451  201.04776382  201.525740271  201.966725001  202.391377106  204.198314827  204.77443179  1.08182644318  0.490130985612  0.285449622016  0.540718799852  0.417348191759  0.655955256376  0.206561231049  4.72411594958  5.27486066031  5.66522873763  5.77176316331  1352.93738148  1357.79826007  1358.44733218  0.419620952461  0.0812018639254  0.665642712222  0.539722433144  28.1150644941  0.0785835957238  1.38789369652  0.671485545113  0.577487950604  0.399089584437  0.198650057812  0.276264066236  0.141088174979  -9999.0  -9999.0  -9999.0  -9999.0  -9999.0  -9999.0  -9999.0  -9999.0  -9999.0  -9999.0  -9999.0
-9999.0  -9999.0  -9999.0  -9999.0  -9999.0  -9999.0  -9999.0  -9999.0  -9999.0  -9999.0  -9999.0  -9999.0  -9999.0  -9999.0  -9999.0  -9999.0  -9999.0  -9999.0  -9999.0  -9999.0  -9999.0  0.651751867994  1.24799516627  1.84889722755  18.1068405275  0.75358662038  25.1485893364  26.0660781257  26.684978499  27.2818142968  40.1634736683  40.7497494413  0.378239643712  2.00118410023  2.44793748688  0.380712352971  99.5762398388  98.8823719977  0.233713520237  0.524858411346  1.41523290155  0.311111672244  0.327586411894  0.249973709579  0.217752911767  0.174588051164  0.200445427424  4.05678116251  4.26404148963  4.5085715216  0.376648511288  0.264479532651  5.92013276956  6.05512390591  6.13755749778  1358.55119453  1358.65539968  0.897009675857  0.742640589689  29.7318798117  29.655332368  1.46473055346  0.163398249654  0.0812913078694  0.995866230353  0.839103131172  0.651779099496  0.417974017582  0.229908443046  0.106865503689  -9999.0  -9999.0  -9999.0  -9999.0  -9999.0  -9999.0  -9999.0  -9999.0  -9999.0  -9999.0
-9999.0  -9999.0  -9999.0  -9999.0  -9999.0  -9999.0  -9999.0  -9999.0  -9999.0  -9999.0  -9999.0  -9999.0  -9999.0  -9999.0  -9999.0  -9999.0  -9999.0  -9999.0  -9999.0  -9999.0  -9999.0  0.588709655428  0.551688967057  2.86807388697  22.1750854837  23.5358572427  24.2890361322  0.877979510778  11.5130632284  12.0868418508  12.3395655131  0.538285649588  0.977259284333  1.34662249644  23.0517567567  23.3491171992  23.6132325274  98.3899044047  59.6603445535  0.285440874028  0.301856060018  0.29135464538  0.239190295209  2.45365068511  2.93973079288  3.3717926401  3.61063460956  3.84154733293  26.415831302  26.5984277038  26.8395180522  27.3423691602  29.7136267776  29.8180558976  36.0663845132  0.0858012975826  1358.74795643  1358.86417659  0.989182318812  29.7998569781  0.12893896507  0.0616509457596  0.242186184747  1.57342313951  1.5076076717  0.347183712961  0.174207735113  0.527485544959  0.362836981564  0.105862768404  0.0908789261434  0.0894784906522  -9999.0  -9999.0  -9999.0  -9999.0  -9999.0  -9999.0  -9999.0  -9999.0
-9999.0  -9999.0  -9999.0  -9999.0  -9999.0  -9999.0  -9999.0  -9999.0  -9999.0  -9999.0  -9999.0  -9999.0  -9999.0  -9999.0  -9999.0  -9999.0  -9999.0  -9999.0  -9999.0  -9999.0  -9999.0  -9999.0  1.15150398296  1.76500295449  0.657339643748  1.0373045556  8.41844716035  9.32022189891  9.97520557439  4.7263698841  5.2409663936  5.78751009519  6.20425026044  22.3951178003  22.7903869957  14.2272209627  38.1666338787  38.4718433286  59.4237160095  0.610836119475  0.311221946473  0.230441978076  1.691901183  1.98442265486  0.18815499827  0.175865195753  25.6118936135  26.039408331  26.250494485  0.222347814398  0.345404899227  29.2568055032  0.23016355345  0.824370483956  0.912771310934  37.149719508  37.2365326778  38.3169336214  1398.26568101  30.0073283928  2.12289279218  2.05010245803  1.96840059906  1.64020663344  0.0856879148349  0.82736173824  0.700816131992  0.263122216423  0.114869692389  0.188568266413  0.413016329291  0.229019818943  -9999.0  -9999.0  -9999.0  -9999.0  -9999.0  -9999.0  -9999.0  -9999.0
-9999.0  -9999.0  -9999.0  -9999.0  -9999.0  -9999.0  -9999.0  -9999.0  -9999.0  -9999.0  -9999.0  -9999.0  -9999.0  -9999.0  -9999.0  -9999.0  -9999.0  -9999.0  -9999.0  -9999.0  -9999.0  -9999.0  0.578624472128  1.14414931494  4.8898147348  5.58189324493  6.4487846401  3.51108643868  4.218967163  0.524097175846  14.8701751136  15.348925156  15.8099177193  0.410543360968  13.488060643  13.8958850163  0.317596455419  57.8503126923  0.67232651662  0.334061884257  0.906491892706  1.21864140549  0.247713969534  0.207496689193  23.4359435195  25.2183871906  25.4681563251  0.25500414541  0.581732536918  0.733462933649  0.914579749326  1.73620879846  0.301483854263  0.677385346576  0.133617786293  0.262106215137  38.1264145374  38.2274539347  1398.38858541  1431.00114423  2.48934357418  0.223829868565  0.170611263887  0.146927065241  0.0664794592026  0.904606781449  0.541740875474  0.411823884072  1.2247130794  1.07869334353  0.743845392554  0.164606911838  0.0952233860173  -9999.0  -9999.0  -9999.0  -9999.0  -9999.0  -9999.0  -9999.0
-9999.0  -9999.0  -9999.0  -9999.0  -9999.0  -9999.0  -9999.0  -9999.0  -9999.0  -9999.0  -9999.0  -9999.0  -9999.0  -9999.0  -9999.0  -9999.0  -9999.0  -9999.0  -9999.0  -9999.0  -9999.0  -9999.0  0.568980494119  1.79756454232  3.1691964047  0.813744653674  1.80187349966  2.70400742645  12.7353002288  13.3689271316  13.8752811104  0.471027448246  10.9218322063  12.312848247  12.7402181218  0.331653508988  56.4871897489  57.2317191543  0.354234491059  0.327408622876  0.655101440972  0.275925996584  22.0561508905  22.5587201174  22.8525557215  1.12756340322  1.39089973366  0.232976782739  0.419476904358  0.188007728209  1.32172917349  0.191329955429  0.173894525516  0.186370158913  0.189664725237  0.385726145068  0.52020111795  115.523747005  115.772076263  1547.05991592  1547.13268394  1547.29478823  0.225001157992  2.00913911528  1.80704808502  0.773388091739  0.717472861711  0.100910346934  1.48608999659  0.111020915615  0.0998022190892  0.0843635208437  0.347233918301  0.146650250442  -9999.0  -9999.0  -9999.0  -9999.0  -9999.0  -9999.0
-9999.0  -9999.0  -9999.0  -9999.0  -9999.0  -9999.0  -9999.0  -9999.0  -9999.0  -9999.0  -9999.0  -9999.0  -9999.0  -9999.0  -9999.0  -9999.0  -9999.0  -9999.0  -9999.0  -9999.0  -9999.0  -9999.0  -9999.0  0.629156236357  0.717484645689  0.959256298208  8.55982618516  9.42172332334  11.9615563482  0.691626456634  8.90672601556  10.0226552888  0.487553089255  0.983007339876  0.373404002568  55.4275038756  0.405947957391  1.09298351261  1.37389174469  1.66274103995  20.2508803871  21.2506241865  21.5654943517  0.316648891815  0.59646614449  0.852634839467  0.166601239695  0.151316874036  56.0818323479  56.2339841438  56.3596106628  57.5919766203  57.7479966721  57.9627759799  58.1138459381  96.9033092642  97.0403812488  115.419802047  0.137577814827  0.162946836621  0.283117220059  1547.66072916  1548.28192583  1550.4741638  1550.54311565  0.119393507825  0.0647198065419  1.68797109542  1.61796379598  0.0796718803503  0.219347984135  1.44816763445  0.888493404598  0.768085171984  0.199957245222  -9999.0  -9999.0  -9999.0  -9999.0  -9999.0
-9999.0  -9999.0  -9999.0  -9999.0  -9999.0  -9999.0  -9999.0  -9999.0  -9999.0  -9999.0  -9999.0  -9999.0  -9999.0  -9999.0  -9999.0  -9999.0  -9999.0  -9999.0  -9999.0  -9999.0  -9999.0  -9999.0  -9999.0  0.539854633033  1.53485593901  3.37033648722  7.60500321963  0.970832342915  1.78919206766  7.03723838781  7.70619901558  0.58125450676  13.2669867341  13.7686690532  54.2428776798  54.6536406916  0.375063417809  0.718034676304  3.09353445397  17.374828503  18.3690891744  0.733255250523  0.354155155009  0.282776277486  48.4092385632  48.9267277035  49.3485481843  49.7668283204  55.9409205425  0.442383125536  57.4456934996  0.238372434287  0.162070317546  0.366249156482  38.4995974964  38.6800601121  17.7508288278  18.2288111568  0.316357845054  0.15451682022  0.172361768064  0.216661412338  0.320038235504  0.106981313193  1633.69819636  1633.88909463  2.25057943147  1.811667593  0.0650683266105  2.31649818535  2.13769648871  1.76310121997  0.157191284174  0.191338620692  0.217523582486  -9999.0  -9999.0  -9999.0  -9999.0  -9999.0
-9999.0  -9999.0  -9999.0  -9999.0  -9999.0  -9999.0  -9999.0  -9999.0  -9999.0  -9999.0  -9999.0  -9999.0  -9999.0  -9999.0  -9999.0  -9999.0  -9999.0  -9999.0  -9999.0  -9999.0  -9999.0  -9999.0  -9999.0  -9999.0  1.17955250229  2.29407928078  3.30353412862  5.33587359354  6.18375683479  10.1969928795  11.7221095526  12.2464477603  12.7399126359  39.5721360922  40.0529305002  0.35132985572  2.43678490001  2.81851073956  13.7200244034  14.0589592942  0.640541657134  0.267290037552  47.0033246842  47.6038315086  47.9024611359  0.277876474067  5.45042307567  5.69582340222  5.95645120058  0.229297724222  0.176220131395  0.145246507646  0.225269763261  37.7466132978  38.00954027  0.134763442932  17.6222731966  16.8207289399  16.6983329642  0.125787881776  0.267091534184  0.174525802597  0.295911994175  82.3775585918  83.048822084  1636.24095424  0.229250924224  0.0972598862189  2.46634793309  0.0862595377633  0.462189274316  0.311758796133  0.146939679981  -9999.0  -9999.0  -9999.0  -9999.0  -9999.0  -9999.0  -9999.0
-9999.0  -9999.0  -9999.0  -9999.0  -9999.0  -9999.0  -9999.0  -9999.0  -9999.0  -9999.0  -9999.0  -9999.0  -9999.0  -9999.0  -9999.0  -9999.0  -9999.0  -9999.0  -9999.0  -9999.0  -9999.0  -9999.0  -9999.0  -9999.0  1.12937813203  3.41049101108  4.33105413904  6.35904457421  8.37708073844  9.36662202479  0.776263213578  9.97899731987  38.3037707366  39.0626403995  0.672779551293  1.2331697386  2.13403203085  12.9597876986  13.3945847069  30.0933343236  30.854731146  46.5811719769  46.7535268059  0.314553561121  4.36177731811  4.9350228934  5.24233633567  0.25253639161  32.6272781976  32.8558568781  33.5468150214  36.2534552507  37.2859756201  37.4568061984  0.203483927705  0.378555908696  0.526361816266  14.1520518846  16.4699729643  1.5986107373  1.46193187593  0.132903447629  0.192789151575  81.9594941295  0.567292578783  0.19134980069  1636.48601789  0.0490154292115  0.047150450415  3.11480753388  0.586467212463  0.126119110937  0.109827482747  -9999.0  -9999.0  -9999.0  -9999.0  -9999.0  -9999.0  -9999.0
-9999.0  -9999.0  -9999.0  -9999.0  -9999.0  -9999.0  -9999.0  -9999.0  -9999.0  -9999.0  -9999.0  -9999.0  -9999.0  -9999.0  -9999.0  -9999.0  -9999.0  -9999.0  -9999.0  -9999.0  -9999.0  -9999.0  -9999.0  -9999.0  1.19794936619  1.16003318643  4.38622387822  5.28426979544  1.01170704567  8.1593220299  9.12183328771  0.886533839283  26.6533825506  0.846508164791  5.49456866324  11.9108748867  12.5367297606  27.3688672805  27.8511298814  29.7266392411  0.505348113377  15.4517243342  0.233658857974  0.55305860292  4.12866013129  0.316665834841  7.51998902757  32.1705490448  0.25320138892  0.51712310749  2.10395832049  0.288403296275  0.353887901309  0.277130783489  0.168442642587  12.6521013729  13.6109902808  14.0111392175  0.5617257373  0.397746475587  0.794264949632  0.174402102718  81.4169100875  81.5285064112  0.267895808217  0.115838880113  0.0521691312755  1636.85345109  1640.71922138  3.75628216408  0.57690004997  0.503298761402  0.259787786889  -9999.0  -9999.0  -9999.0  -9999.0  -9999.0  -9999.0  -9999.0
-9999.0  -9999.0  -9999.0  -9999.0  -9999.0  -9999.0  -9999.0  -9999.0  -9999.0  -9999.0  -9999.0  -9999.0  -9999.0  -9999.0  -9999.0  -9999.0  -9999.0  -9999.0  -9999.0  -9999.0  -9999.0  -9999.0  -9999.0  -9999.0  -9999.0  1.13120474783  1.17717785294  1.14772490056  6.07356514108  7.14954192371  11.8211841402  25.8513546031  0.995135194965  2.97974091451  3.91727151554  5.750135125  1.57758834473  26.7373898757  0.698345199524  1.35008808732  14.5036343367  0.568532036213  2.41094239231  2.9205517047  0.323056083188  0.312094307453  7.30610272052  24.4037721984  0.30592457907  1.12927554333  1.88228582057  0.260325328202  0.205988404267  11.3193919109  11.914728685  0.418546259147  0.807759391837  0.215659108356  0.384879925591  0.223130592431  0.245106048253  0.120449793547  81.3152600097  0.337071801257  -9999.0  -9999.0  0.119632644607  0.213321914106  1640.77653074  1640.83375916  1641.15726894  0.190036698723  -9999.0  -9999.0  -9999.0  -9999.0  -9999.0  -9999.0  -9999.0  -9999.0
-9999.0  -9999.0  -9999.0  -9999.0  -9999.0  -9999.0  -9999.0  -9999.0  -9999.0  -9999.0  -9999.0  -9999.0  -9999.0  -9999.0  -9999.0  -9999.0  -9999.0  -9999.0  -9999.0  -9999.0  -9999.0  -9999.0  -9999.0  -9999.0  -9999.0  -9999.0  0.992214636385  3.01937543264  3.90266671713  10.9073938469  3.80031186421  13.0744222176  8.49851949237  0.9898786041  2.99507487811  4.88040006522  0.850361913089  24.4758607734  9.939396443  12.5084278268  1.45929809068  1.45212973772  0.58052643479  0.384935473233  6.39088505749  6.70735257153  23.5078682356  23.8003048804  0.549961650666  0.84276443786  0.23352601827  9.03629883  10.2146512018  11.1741710999  0.440659427561  0.207462360538  0.593052486962  0.20705986971  0.161203669038  0.135971412323  80.2874828331  80.5757631378  80.7527029949  0.226619742852  -9999.0  -9999.0  -9999.0  -9999.0  -9999.0  0.0443920098878  1641.19618743  1641.24292998  -9999.0  -9999.0  -9999.0  -9999.0  -9999.0  -9999.0  -9999.0  -9999.0
-9999.0  -9999.0  -9999.0  -9999.0  -9999.0  -9999.0  -9999.0  -9999.0  -9999.0  -9999.0  -9999.0  -9999.0  -9999.0  -9999.0  -9999.0  -9999.0  -9999.0  -9999.0  -9999.0  -9999.0  -9999.0  -9999.0  -9999.0  -9999.0  -9999.0  -9999.0  1.23334119411  1.16078454537  10.1186193298  0.853259709551  3.00445983858  5.41304093098  7.54695028205  1.06297728615  1.01006494776  0.958267620513  22.6557482065  23.6039748412  9.12846267591  1.82003939977  0.861840910334  0.858426471608  5.42345796989  6.09559454582  20.9339239708  21.9888889037  22.8862701009  0.346467059683  0.281136782501  8.40359807681  8.608922299  8.84427610602  1.01363680693  0.510486544755  0.23751537722  0.229284478464  0.172031848504  1.46274922242  1.57852954527  80.1074011957  80.199679339  0.201955628388  0.0858927676248  0.113016955772  -9999.0  -9999.0  -9999.0  -9999.0  -9999.0  -9999.0  -9999.0  -9999.0  -9999.0  -9999.0  -9999.0  -9999.0  -9999.0  -9999.0  -9999.0  -9999.0
-9999.0  -9999.0  -9999.0  -9999.0  -9999.0  -9999.0  -9999.0  -9999.0  -9999.0  -9999.0  -9999.0  -9999.0  -9999.0  -9999.0  -9999.0  -9999.0  -9999.0  -9999.0  -9999.0  -9999.0  -9999.0  -9999.0  -9999.0  -9999.0  -9999.0  -9999.0  -9999.0  2.39386563063  8.06590191976  4.53643749069  1.09445775021  4.4628526621  1.07821970449  3.29463694935  4.21778055481  20.0523376176  21.8606237482  7.33789623847  8.24462015471  0.910881017476  3.80968658838  4.64199907935  12.7991318599  19.7470083516  20.4704301767  0.650369925919  0.486613731135  6.48884692535  7.36581047129  8.19079226072  0.284807149905  0.533462707112  0.795055484106  0.254778104897  0.59872879478  0.960740327348  1.12137599761  1.33734014433  0.147168479163  78.2569650912  0.317221419384  0.119828573471  -9999.0  -9999.0  -9999.0  -9999.0  -9999.0  -9999.0  -9999.0  -9999.0  -9999.0  -9999.0  -9999.0  -9999.0  -9999.0  -9999.0  -9999.0  -9999.0  -9999.0  -9999.0
-9999.0  -9999.0  -9999.0  -9999.0  -9999.0  -9999.0  -9999.0  -9999.0  -9999.0  -9999.0  -9999.0  -9999.0  -9999.0  -9999.0  -9999.0  -9999.0  -9999.0  -9999.0  -9999.0  -9999.0  -9999.0  -9999.0  -9999.0  -9999.0  -9999.0  -9999.0  -9999.0  1.22589059131  1.17236228872  2.21375122236  1.1353994087  2.23706244988  2.24978364479  12.4273529322  13.1920472432  1.89799251129  1.01338542757  6.42488873166  1.98129205782  2.96655518101  10.3295718129  11.1840558417  12.0398531766  6.19689477143  2.42189910471  3.79380170155  4.95698702023  6.16843401304  0.578255600472  0.419678826468  44.0135742094  44.3451851704  44.5987213428  0.222092475206  0.404108062585  0.209401270275  0.16525129122  74.2459049264  75.433188725  2.19215875284  1.87122223708  0.186113375104  -9999.0  -9999.0  -9999.0  -9999.0  -9999.0  -9999.0  -9999.0  -9999.0  -9999.0  -9999.0  -9999.0  -9999.0  -9999.0  -9999.0  -9999.0  -9999.0  -9999.0  -9999.0
-9999.0  -9999.0  -9999.0  -9999.0  -9999.0  -9999.0  -9999.0  -9999.0  -9999.0  -9999.0  -9999.0  -9999.0  -9999.0  -9999.0  -9999.0  -9999.0  -9999.0  -9999.0  -9999.0  -9999.0  -9999.0  -9999.0  -9999.0  -9999.0  -9999.0  -9999.0  -9999.0  -9999.0  -9999.0  1.01503252183  1.08369353393  1.14892918074  4.61729066904  11.3780592996  5.66558143009  1.06657417225  4.38006823322  5.4254343381  0.983935379179  8.56499819604  9.45663429886  2.78673747816  4.49069197174  0.871726421103  1.60526478684  0.747721668813  0.592001234394  0.571848532822  42.8764151068  43.3563184905  43.7220851577  1.76155584472  46.9019826837  47.2349551161  47.5211214705  47.8008754048  48.2659981025  74.0969197094  74.5453165523  0.690962215955  1.66591386196  0.448184276762  -9999.0  -9999.0  -9999.0  -9999.0  -9999.0  -9999.0  -9999.0  -9999.0  -9999.0  -9999.0  -9999.0  -9999.0  -9999.0  -9999.0  -9999.0  -9999.0  -9999.0  -9999.0
-9999.0  -9999.0  -9999.0  -9999.0  -9999.0  -9999.0  -9999.0  -9999.0  -9999.0  -9999.0  -9999.0  -9999.0  -9999.0  -9999.0  -9999.0  -9999.0  -9999.0  -9999.0  -9999.0  -9999.0  -9999.0  -9999.0  -9999.0  -9999.0  -9999.0  -9999.0  -9999.0  -9999.0  -9999.0  -9999.0  -9999.0  1.17969367565  2.37562073135  2.37072367042  2.33968156868  2.28604514137  3.3901789745  5.58654900157  6.57756947479  7.62427173505  0.945962901229  1.90864214594  0.866118986984  0.801999694967  26.1994546367  31.9635832367  33.3204269422  33.9570423778  42.4165793255  0.515903423269  0.951873143899  1.46170257794  7.95492426353  8.440952763  8.72249996681  18.8860183958  23.3169682792  25.5335184163  0.375290278294  0.370268958473  1.00370580639  0.251056375116  -9999.0  -9999.0  -9999.0  -9999.0  -9999.0  -9999.0  -9999.0  -9999.0  -9999.0  -9999.0  -9999.0  -9999.0  -9999.0  -9999.0  -9999.0  -9999.0  -9999.0  -9999.0
-9999.0  -9999.0  -9999.0  -9999.0  -9999.0  -9999.0  -9999.0  -9999.0  -9999.0  -9999.0  -9999.0  -9999.0  -9999.0  -9999.0  -9999.0  -9999.0  -9999.0  -9999.0  -9999.0  -9999.0  -9999.0  -9999.0  -9999.0  -9999.0  -9999.0  -9999.0  -9999.0  -9999.0  -9999.0  -9999.0  -9999.0  -9999.0  1.20819511043  1.20421984793  1.18008101317  1.15009921782  2.29416321058  4.51734454837  4.30939101925  5.28679701395  6.17394913265  14.2112428735  15.0572022871  24.9064992731  25.617166564  5.16264374758  0.663237340423  7.3131426502  7.87743508135  3.0861568298  5.97389811156  7.01734247532  7.47952568336  0.410825133939  9.91699256267  19.7563496756  23.091198851  0.371323088221  1.53355216457  0.280907450578  0.761149923836  -9999.0  -9999.0  -9999.0  -9999.0  -9999.0  -9999.0  -9999.0  -9999.0  -9999.0  -9999.0  -9999.0  -9999.0  -9999.0  -9999.0  -9999.0  -9999.0  -9999.0  -9999.0  -9999.0
-9999.0  -9999.0  -9999.0  -9999.0  -9999.0  -9999.0  -9999.0  -9999.0  -9999.0  -9999.0  -9999.0  -9999.0  -9999.0  -9999.0  -9999.0  -9999.0  -9999.0  -9999.0  -9999.0  -9999.0  -9999.0  -9999.0  -9999.0  -9999.0  -9999.0  -9999.0  -9999.0  -9999.0  -9999.0  -9999.0  -9999.0  -9999.0  -9999.0  -9999.0  -9999.0  1.20120444078  1.13649959253  1.12398970076  3.28279935207  3.14564872979  6.1482079093  7.1540245315  0.921494120498  8.97953969707  3.66582345381  4.46135478739  4.58072929153  6.73234896899  1.90924509196  0.618624347941  2.45223068123  0.588873415135  5.31727349263  6.36596273184  9.153042274  0.464067760678  1.90060682347  0.694779725489  0.872787470395  0.270607989595  0.516839552615  -9999.0  -9999.0  -9999.0  -9999.0  -9999.0  -9999.0  -9999.0  -9999.0  -9999.0  -9999.0  -9999.0  -9999.0  -9999.0  -9999.0  -9999.0  -9999.0  -9999.0  -9999.0  -9999.0
-9999.0  -9999.0  -9999.0  -9999.0  -9999.0  -9999.0  -9999.0  -9999.0  -9999.0  -9999.0  -9999.0  -9999.0  -9999.0  -9999.0  -9999.0  -9999.0  -9999.0  -9999.0  -9999.0  -9999.0  -9999.0  -9999.0  -9999.0  -9999.0  -9999.0  -9999.0  -9999.0  -9999.0  -9999.0  -9999.0  -9999.0  -9999.0  -9999.0  -9999.0  -9999.0  -9999.0  -9999.0  1.09900221035  1.04282732252  2.10701705138  2.03740360561  5.17866492033  7.10615532779  1.94247927623  2.80571498239  2.37770326919  3.89207876757  1.46631976713  1.33271731327  1.31650804281  0.585350005634  3.12044671224  4.81475621879  0.558453049967  2.28608289285  0.903866481798  0.557129721168  0.29437935383  0.280941589482  0.295417047348  -9999.0  -9999.0  -9999.0  -9999.0  -9999.0  -9999.0  -9999.0  -9999.0  -9999.0  -9999.0  -9999.0  -9999.0  -9999.0  -9999.0  -9999.0  -9999.0  -9999.0  -9999.0  -9999.0  -9999.0
-9999.0  -9999.0  -9999.0  -9999.0  -9999.0  -9999.0  -9999.0  -9999.0  -9999.0  -9999.0  -9999.0  -9999.0  -9999.0  -9999.0  -9999.0  -9999.0  -9999.0  -9999.0  -9999.0  -9999.0  -9999.0  -9999.0  -9999.0  -9999.0  -9999.0  -9999.0  -9999.0  -9999.0  -9999.0  -9999.0  -9999.0  -9999.0  -9999.0  -9999.0  -9999.0  -9999.0  -9999.0  -9999.0  -9999.0  1.04467633264  2.10616740072  4.19288996003  0.988973329261  0.98321757589  0.81285618501  1.62756065432  0.765225635856  0.737908295911  0.692874472175  0.683345154294  1.29905291173  2.57295583047  1.18876456575  1.22431226371  1.77496553628  0.457706550877  0.271436886069  -9999.0  -9999.0  -9999.0  -9999.0  -9999.0  -9999.0  -9999.0  -9999.0  -9999.0  -9999.0  -9999.0  -9999.0  -9999.0  -9999.0  -9999.0  -9999.0  -9999.0  -9999.0  -9999.0  -9999.0  -9999.0  -9999.0  -9999.0
-9999.0  -9999.0  -9999.0  -9999.0  -9999.0  -9999.0  -9999.0  -9999.0  -9999.0  -9999.0  -9999.0  -9999.0  -9999.0  -9999.0  -9999.0  -9999.0  -9999.0  -9999.0  -9999.0  -9999.0  -9999.0  -9999.0  -9999.0  -9999.0  -9999.0  -9999.0  -9999.0  -9999.0  -9999.0  -9999.0  -9999.0  -9999.0  -9999.0  -9999.0  -9999.0  -9999.0  -9999.0  -9999.0  -9999.0  -9999.0  1.07886159518  1.03271386879  -9999.0  -9999.0  -9999.0  -9999.0  -9999.0  -9999.0  -9999.0  -9999.0  0.656857393762  0.630366244054  0.566975460699  0.589333435365  -9999.0  -9999.0  -9999.0  -9999.0  -9999.0  -9999.0  -9999.0  -9999.0  -9999.0  -9999.0  -9999.0  -9999.0  -9999.0  -9999.0  -9999.0  -9999.0  -9999.0  -9999.0  -9999.0  -9999.0  -9999.0  -9999.0  -9999.0  -9999.0  -9999.0  -9999.0
-9999.0  -9999.0  -9999.0  -9999.0  -9999.0  -9999.0  -9999.0  -9999.0  -9999.0  -9999.0  -9999.0  -9999.0  -9999.0  -9999.0  -9999.0  -9999.0  -9999.0  -9999.0  -9999.0  -9999.0  -9999.0  -9999.0  -9999.0  -9999.0  -9999.0  -9999.0  -9999.0  -9999.0  -9999.0  -9999.0  -9999.0  -9999.0  -9999.0  -9999.0  -9999.0  -9999.0  -9999.0  -9999.0  -9999.0  -9999.0  -9999.0  -9999.0  -9999.0  -9999.0  -9999.0  -9999.0  -9999.0  -9999.0  -9999.0  -9999.0  -9999.0  -9999.0  -9999.0  -9999.0  -9999.0  -9999.0  -9999.0  -9999.0  -9999.0  -9999.0  -9999.0  -9999.0  -9999.0  -9999.0  -9999.0  -9999.0  -9999.0  -9999.0  -9999.0  -9999.0  -9999.0  -9999.0  -9999.0  -9999.0  -9999.0  -9999.0  -9999.0  -9999.0  -9999.0  -9999.0
-9999.0  -9999.0  -9999.0  -9999.0  -9999.0  -9999.0  -9999.0  -9999.0  -9999.0  -9999.0  -9999.0  -9999.0  -9999.0  -9999.0  -9999.0  -9999.0  -9999.0  -9999.0  -9999.0  -9999.0  -9999.0  -9999.0  -9999.0  -9999.0  -9999.0  -9999.0  -9999.0  -9999.0  -9999.0  -9999.0  -9999.0  -9999.0  -9999.0  -9999.0  -9999.0  -9999.0  -9999.0  -9999.0  -9999.0  -9999.0  -9999.0  -9999.0  -9999.0  -9999.0  -9999.0  -9999.0  -9999.0  -9999.0  -9999.0  -9999.0  -9999.0  -9999.0  -9999.0  -9999.0  -9999.0  -9999.0  -9999.0  -9999.0  -9999.0  -9999.0  -9999.0  -9999.0  -9999.0  -9999.0  -9999.0  -9999.0  -9999.0  -9999.0  -9999.0  -9999.0  -9999.0  -9999.0  -9999.0  -9999.0  -9999.0  -9999.0  -9999.0  -9999.0  -9999.0  -9999.0
-9999.0  -9999.0  -9999.0  -9999.0  -9999.0  -9999.0  -9999.0  -9999.0  -9999.0  -9999.0  -9999.0  -9999.0  -9999.0  -9999.0  -9999.0  -9999.0  -9999.0  -9999.0  -9999.0  -9999.0  -9999.0  -9999.0  -9999.0  -9999.0  -9999.0  -9999.0  -9999.0  -9999.0  -9999.0  -9999.0  -9999.0  -9999.0  -9999.0  -9999.0  -9999.0  -9999.0  -9999.0  -9999.0  -9999.0  -9999.0  -9999.0  -9999.0  -9999.0  -9999.0  -9999.0  -9999.0  -9999.0  -9999.0  -9999.0  -9999.0  -9999.0  -9999.0  -9999.0  -9999.0  -9999.0  -9999.0  -9999.0  -9999.0  -9999.0  -9999.0  -9999.0  -9999.0  -9999.0  -9999.0  -9999.0  -9999.0  -9999.0  -9999.0  -9999.0  -9999.0  -9999.0  -9999.0  -9999.0  -9999.0  -9999.0  -9999.0  -9999.0  -9999.0  -9999.0  -9999.0
-9999.0  -9999.0  -9999.0  -9999.0  -9999.0  -9999.0  -9999.0  -9999.0  -9999.0  -9999.0  -9999.0  -9999.0  -9999.0  -9999.0  -9999.0  -9999.0  -9999.0  -9999.0  -9999.0  -9999.0  -9999.0  -9999.0  -9999.0  -9999.0  -9999.0  -9999.0  -9999.0  -9999.0  -9999.0  -9999.0  -9999.0  -9999.0  -9999.0  -9999.0  -9999.0  -9999.0  -9999.0  -9999.0  -9999.0  -9999.0  -9999.0  -9999.0  -9999.0  -9999.0  -9999.0  -9999.0  -9999.0  -9999.0  -9999.0  -9999.0  -9999.0  -9999.0  -9999.0  -9999.0  -9999.0  -9999.0  -9999.0  -9999.0  -9999.0  -9999.0  -9999.0  -9999.0  -9999.0  -9999.0  -9999.0  -9999.0  -9999.0  -9999.0  -9999.0  -9999.0  -9999.0  -9999.0  -9999.0  -9999.0  -9999.0  -9999.0  -9999.0  -9999.0  -9999.0  -9999.0
-9999.0  -9999.0  -9999.0  -9999.0  -9999.0  -9999.0  -9999.0  -9999.0  -9999.0  -9999.0  -9999.0  -9999.0  -9999.0  -9999.0  -9999.0  -9999.0  -9999.0  -9999.0  -9999.0  -9999.0  -9999.0  -9999.0  -9999.0  -9999.0  -9999.0  -9999.0  -9999.0  -9999.0  -9999.0  -9999.0  -9999.0  -9999.0  -9999.0  -9999.0  -9999.0  -9999.0  -9999.0  -9999.0  -9999.0  -9999.0  -9999.0  -9999.0  -9999.0  -9999.0  -9999.0  -9999.0  -9999.0  -9999.0  -9999.0  -9999.0  -9999.0  -9999.0  -9999.0  -9999.0  -9999.0  -9999.0  -9999.0  -9999.0  -9999.0  -9999.0  -9999.0  -9999.0  -9999.0  -9999.0  -9999.0  -9999.0  -9999.0  -9999.0  -9999.0  -9999.0  -9999.0  -9999.0  -9999.0  -9999.0  -9999.0  -9999.0  -9999.0  -9999.0  -9999.0  -9999.0
-9999.0  -9999.0  -9999.0  -9999.0  -9999.0  -9999.0  -9999.0  -9999.0  -9999.0  -9999.0  -9999.0  -9999.0  -9999.0  -9999.0  -9999.0  -9999.0  -9999.0  -9999.0  -9999.0  -9999.0  -9999.0  -9999.0  -9999.0  -9999.0  -9999.0  -9999.0  -9999.0  -9999.0  -9999.0  -9999.0  -9999.0  -9999.0  -9999.0  -9999.0  -9999.0  -9999.0  -9999.0  -9999.0  -9999.0  -9999.0  -9999.0  -9999.0  -9999.0  -9999.0  -9999.0  -9999.0  -9999.0  -9999.0  -9999.0  -9999.0  -9999.0  -9999.0  -9999.0  -9999.0  -9999.0  -9999.0  -9999.0  -9999.0  -9999.0  -9999.0  -9999.0  -9999.0  -9999.0  -9999.0  -9999.0  -9999.0  -9999.0  -9999.0  -9999.0  -9999.0  -9999.0  -9999.0  -9999.0  -9999.0  -9999.0  -9999.0  -9999.0  -9999.0  -9999.0  -9999.0
