ncols                  80
nrows                 72
xllcorner      4374000.0
yllcorner      5656000.0
cellsize            500
NODATA_value       -9999
-9999.0  -9999.0  -9999.0  -9999.0  -9999.0  -9999.0  -9999.0  -9999.0  -9999.0  -9999.0  -9999.0  -9999.0  0.825658228838  0.742539125814  -9999.0  -9999.0  -9999.0  -9999.0  -9999.0  -9999.0  -9999.0  -9999.0  -9999.0  -9999.0  -9999.0  -9999.0  -9999.0  -9999.0  -9999.0  -9999.0  -9999.0  -9999.0  -9999.0  -9999.0  -9999.0  -9999.0  -9999.0  -9999.0  -9999.0  -9999.0  -9999.0  -9999.0  -9999.0  -9999.0  -9999.0  -9999.0  -9999.0  -9999.0  -9999.0  -9999.0  -9999.0  -9999.0  -9999.0  -9999.0  -9999.0  -9999.0  -9999.0  -9999.0  -9999.0  -9999.0  -9999.0  -9999.0  -9999.0  -9999.0  -9999.0  -9999.0  -9999.0  -9999.0  -9999.0  -9999.0  -9999.0  -9999.0  -9999.0  -9999.0  -9999.0  -9999.0  -9999.0  -9999.0  -9999.0  -9999.0
-9999.0  -9999.0  -9999.0  -9999.0  -9999.0  -9999.0  -9999.0  -9999.0  -9999.0  -9999.0  -9999.0  -9999.0  1.59679304692  3.65213023669  0.61697648901  -9999.0  0.532566042099  -9999.0  -9999.0  -9999.0  -9999.0  -9999.0  -9999.0  -9999.0  -9999.0  -9999.0  -9999.0  -9999.0  -9999.0  -9999.0  -9999.0  -9999.0  -9999.0  -9999.0  -9999.0  -9999.0  -9999.0  -9999.0  -9999.0  -9999.0  -9999.0  -9999.0  -9999.0  -9999.0  -9999.0  -9999.0  -9999.0  -9999.0  -9999.0  -9999.0  -9999.0  -9999.0  -9999.0  -9999.0  -9999.0  -9999.0  -9999.0  -9999.0  -9999.0  -9999.0  -9999.0  -9999.0  -9999.0  -9999.0  -9999.0  -9999.0  -9999.0  -9999.0  -9999.0  -9999.0  -9999.0  -9999.0  -9999.0  -9999.0  -9999.0  -9999.0  -9999.0  -9999.0  -9999.0  -9999.0
-9999.0  -9999.0  -9999.0  -9999.0  -9999.0  -9999.0  -9999.0  -9999.0  -9999.0  -9999.0  0.746607820844  0.705709124346  0.73778046537  0.723477980172  5.00901885718  5.60976911658  1.48601534933  0.473611063596  -9999.0  -9999.0  -9999.0  -9999.0  -9999.0  -9999.0  -9999.0  -9999.0  -9999.0  -9999.0  -9999.0  -9999.0  -9999.0  -9999.0  -9999.0  -9999.0  -9999.0  -9999.0  -9999.0  -9999.0  -9999.0  -9999.0  -9999.0  -9999.0  -9999.0  -9999.0  -9999.0  -9999.0  -9999.0  -9999.0  -9999.0  -9999.0  -9999.0  -9999.0  -9999.0  -9999.0  -9999.0  -9999.0  -9999.0  -9999.0  -9999.0  -9999.0  -9999.0  -9999.0  -9999.0  -9999.0  -9999.0  -9999.0  -9999.0  -9999.0  -9999.0  -9999.0  -9999.0  -9999.0  -9999.0  -9999.0  -9999.0  -9999.0  -9999.0  -9999.0  -9999.0  -9999.0
-9999.0  -9999.0  -9999.0  -9999.0  -9999.0  -9999.0  -9999.0  -9999.0  -9999.0  0.71209912344  1.46405325143  2.89710184681  1.42851692108  0.695978793197  1.36968616987  6.26424078994  8.85493202048  0.535757153547  -9999.0  0.710556999106  -9999.0  -9999.0  -9999.0  -9999.0  1.03351420556  0.526960907852  -9999.0  -9999.0  -9999.0  -9999.0  -9999.0  -9999.0  -9999.0  -9999.0  -9999.0  -9999.0  -9999.0  -9999.0  -9999.0  -9999.0  -9999.0  -9999.0  -9999.0  -9999.0  -9999.0  -9999.0  -9999.0  -9999.0  -9999.0  -9999.0  -9999.0  -9999.0  -9999.0  -9999.0  -9999.0  -9999.0  -9999.0  -9999.0  -9999.0  -9999.0  -9999.0  -9999.0  -9999.0  -9999.0  -9999.0  -9999.0  -9999.0  -9999.0  -9999.0  -9999.0  -9999.0  -9999.0  -9999.0  -9999.0  -9999.0  -9999.0  -9999.0  -9999.0  -9999.0  -9999.0
-9999.0  -9999.0  -9999.0  -9999.0  -9999.0  -9999.0  -9999.0  -9999.0  0.775245332613  2.22313709744  2.90489327961  3.60363632372  5.00238890989  0.66159207812  2.6549144896  3.29198432164  13.2914106193  0.576249418316  0.588421205013  1.34747827743  1.96215985364  0.635773706429  -9999.0  2.68084687991  2.19506466584  0.599813607421  -9999.0  -9999.0  -9999.0  -9999.0  -9999.0  -9999.0  -9999.0  -9999.0  -9999.0  -9999.0  -9999.0  -9999.0  -9999.0  -9999.0  -9999.0  -9999.0  -9999.0  -9999.0  -9999.0  -9999.0  -9999.0  -9999.0  -9999.0  -9999.0  -9999.0  -9999.0  -9999.0  -9999.0  -9999.0  -9999.0  -9999.0  -9999.0  -9999.0  -9999.0  -9999.0  -9999.0  -9999.0  -9999.0  -9999.0  -9999.0  -9999.0  -9999.0  -9999.0  -9999.0  -9999.0  -9999.0  -9999.0  -9999.0  -9999.0  -9999.0  -9999.0  -9999.0  -9999.0  -9999.0
-9999.0  -9999.0  -9999.0  -9999.0  -9999.0  -9999.0  0.799778685553  0.728774665844  0.700873213421  0.710103166502  0.714224998877  5.05291851156  10.7531931191  11.4433041886  12.0231871046  0.554327428649  14.4459610287  15.0353354549  1.21905982237  0.628399699196  2.56674365953  4.43175641728  0.618052138172  4.53928497081  0.644488387394  0.63620160702  0.668341551078  -9999.0  -9999.0  -9999.0  -9999.0  -9999.0  -9999.0  -9999.0  -9999.0  -9999.0  -9999.0  -9999.0  -9999.0  -9999.0  -9999.0  -9999.0  -9999.0  -9999.0  -9999.0  -9999.0  -9999.0  -9999.0  -9999.0  -9999.0  -9999.0  -9999.0  -9999.0  -9999.0  -9999.0  -9999.0  -9999.0  -9999.0  -9999.0  -9999.0  -9999.0  -9999.0  -9999.0  -9999.0  -9999.0  -9999.0  -9999.0  -9999.0  -9999.0  -9999.0  -9999.0  -9999.0  -9999.0  -9999.0  -9999.0  -9999.0  -9999.0  -9999.0  -9999.0  -9999.0
-9999.0  -9999.0  -9999.0  -9999.0  -9999.0  -9999.0  1.59579948819  2.35377367978  5.29986866126  7.38088668529  0.652840433768  0.68725738193  0.651726901859  1.89223121552  14.4934071609  0.547510797577  15.6158193056  17.9369451326  1.80224648455  1.19072025354  5.00043593995  0.606533580417  5.14438946246  1.18865864558  0.593792198405  1.2129744136  1.32122950183  0.673334784123  0.699342211044  0.687936204182  0.710674091737  1.42442585025  -9999.0  -9999.0  -9999.0  -9999.0  -9999.0  -9999.0  -9999.0  -9999.0  -9999.0  -9999.0  -9999.0  -9999.0  -9999.0  -9999.0  -9999.0  -9999.0  -9999.0  -9999.0  -9999.0  -9999.0  -9999.0  -9999.0  -9999.0  -9999.0  -9999.0  -9999.0  -9999.0  -9999.0  -9999.0  -9999.0  -9999.0  -9999.0  -9999.0  -9999.0  -9999.0  -9999.0  -9999.0  -9999.0  -9999.0  -9999.0  -9999.0  -9999.0  -9999.0  -9999.0  -9999.0  -9999.0  -9999.0  -9999.0
-9999.0  -9999.0  -9999.0  -9999.0  -9999.0  0.845079308116  1.64756577182  0.794985928516  1.5393177943  8.12617099737  9.490854352  10.8654500381  34.9728751479  0.624801692591  15.10884854  54.9807309287  55.4503706875  74.1970241392  0.50645732777  1.75690770062  5.57259888514  0.568049861379  11.8696056761  6.13406694988  3.75269035422  3.15007276655  0.644546642785  2.01402211608  2.05303318057  1.36907670106  0.666348719535  2.10731383578  0.66071424698  0.653873586668  -9999.0  -9999.0  -9999.0  -9999.0  -9999.0  -9999.0  -9999.0  -9999.0  -9999.0  -9999.0  -9999.0  -9999.0  -9999.0  -9999.0  -9999.0  -9999.0  -9999.0  -9999.0  -9999.0  -9999.0  -9999.0  -9999.0  -9999.0  -9999.0  -9999.0  -9999.0  -9999.0  -9999.0  -9999.0  -9999.0  -9999.0  -9999.0  -9999.0  -9999.0  -9999.0  -9999.0  -9999.0  -9999.0  -9999.0  -9999.0  -9999.0  -9999.0  -9999.0  -9999.0  -9999.0  -9999.0
-9999.0  -9999.0  -9999.0  -9999.0  -9999.0  0.855712884211  2.50385728171  4.96623641054  5.73303906442  11.3546560132  12.0793340765  14.3210997358  23.4808615466  36.8860071095  38.165317076  38.7504070232  1.08986527275  76.1562078708  77.1863926122  80.0889246858  99.8307176509  13.6030888575  12.47041434  4.34797396834  0.591343332921  3.79248309684  2.59431289869  0.562997380111  2.65914661987  0.601227437453  1.25688366453  3.37642569064  4.01208685797  1.28360121783  0.624583676639  0.627695418948  -9999.0  -9999.0  -9999.0  -9999.0  0.546951550541  0.480501265586  -9999.0  -9999.0  -9999.0  -9999.0  -9999.0  -9999.0  -9999.0  -9999.0  -9999.0  -9999.0  -9999.0  -9999.0  -9999.0  -9999.0  -9999.0  -9999.0  -9999.0  -9999.0  -9999.0  -9999.0  -9999.0  -9999.0  -9999.0  -9999.0  -9999.0  -9999.0  -9999.0  -9999.0  -9999.0  -9999.0  -9999.0  -9999.0  -9999.0  -9999.0  -9999.0  -9999.0  -9999.0  -9999.0
-9999.0  -9999.0  -9999.0  -9999.0  -9999.0  0.83739290131  0.805567419232  3.30105254802  4.07609912009  4.86964931025  0.757718045493  1.50502646857  8.62237025721  1.5164478524  0.700062635852  0.644192239161  0.57276983822  0.635218488351  0.619842641746  0.626845000714  100.421219847  102.118368057  0.56283467465  1.73489237666  1.1785153735  4.35800032012  1.13357411424  0.546703325304  3.26932781025  1.18413729147  2.88659329391  7.07777644488  6.52764812374  1.88691328898  1.84526337299  0.638409767017  0.640811235444  -9999.0  -9999.0  0.656040380941  1.16869124657  2.65004541136  0.504066601514  -9999.0  -9999.0  -9999.0  -9999.0  -9999.0  -9999.0  -9999.0  -9999.0  -9999.0  -9999.0  -9999.0  -9999.0  -9999.0  -9999.0  -9999.0  -9999.0  -9999.0  -9999.0  -9999.0  -9999.0  -9999.0  -9999.0  -9999.0  -9999.0  -9999.0  -9999.0  -9999.0  -9999.0  -9999.0  -9999.0  -9999.0  -9999.0  -9999.0  -9999.0  -9999.0  -9999.0  -9999.0
-9999.0  -9999.0  -9999.0  -9999.0  -9999.0  -9999.0  0.863776433162  0.845772460315  1.65166002785  2.46401217195  5.60651432957  7.16237403735  7.93217829105  0.810044070554  0.644831832313  8.49302376284  10.3931172148  10.9969805806  13.5189659188  14.1090017952  0.578435037562  102.700374202  105.518525236  2.24911211487  0.408555409678  4.87299588198  10.8416652949  4.33282751357  1.09429530622  0.554989778047  11.066192719  7.64437623212  0.544147155612  0.55299295206  2.41369014924  1.87285319233  0.59652666342  0.572809550133  0.630773559334  1.27641958098  0.619631523562  3.21802266145  3.81415780905  0.561901289409  -9999.0  -9999.0  -9999.0  -9999.0  0.643518412139  0.616272264988  0.206774864589  -9999.0  -9999.0  -9999.0  -9999.0  -9999.0  -9999.0  -9999.0  -9999.0  -9999.0  -9999.0  -9999.0  -9999.0  -9999.0  -9999.0  -9999.0  -9999.0  -9999.0  -9999.0  -9999.0  -9999.0  -9999.0  -9999.0  -9999.0  -9999.0  -9999.0  -9999.0  -9999.0  -9999.0  -9999.0
-9999.0  -9999.0  -9999.0  -9999.0  -9999.0  -9999.0  -9999.0  0.835354684629  0.765248317258  1.58789001199  2.3857715053  0.783266729562  0.707610305835  4.46370935289  5.82427589598  7.21582339982  0.64846845336  1.30853362289  0.636130639043  14.7103671252  32.6281395389  33.1364212601  139.761351041  0.558950109819  1.23464913268  0.394978508732  11.3550902965  0.532918241735  1.65585152677  0.544278396647  11.6041255059  12.1430686928  1.09496911494  1.10358050209  6.08239315274  3.070067719  1.17381457006  0.601880233569  1.26047756904  1.89866613067  3.10582005378  0.57862378676  4.91110791795  5.41404198565  0.469761056758  0.504405316052  0.525965151856  0.483212832777  0.469501129141  1.79517171663  0.754521270007  0.510302891843  -9999.0  -9999.0  -9999.0  -9999.0  -9999.0  -9999.0  -9999.0  -9999.0  -9999.0  -9999.0  -9999.0  -9999.0  -9999.0  -9999.0  -9999.0  -9999.0  -9999.0  -9999.0  -9999.0  -9999.0  -9999.0  -9999.0  -9999.0  -9999.0  -9999.0  -9999.0  -9999.0  -9999.0
-9999.0  -9999.0  -9999.0  -9999.0  -9999.0  -9999.0  -9999.0  -9999.0  1.6161731332  2.35635508237  0.787221275514  1.59118188204  2.33135544877  3.80280431052  0.745396562325  0.725793205448  0.642162816599  0.649365155446  0.596331497922  16.7105596019  0.644545405149  1.26900740438  141.582058897  142.777478061  0.514261972546  2.26405195134  14.1127659697  1.05090630175  2.14376868975  1.00250401696  1.4793259885  14.2109706777  1.59111144529  8.74122353678  7.15308605261  0.545016093289  2.92175432364  1.18020365201  1.83903503817  0.575630085698  3.65798826813  4.74609195391  5.18671171637  5.60697759478  7.19164408703  0.89914713911  0.952241796939  0.88195723263  0.849519602125  2.244842121  0.475294583652  1.75322988525  2.20868351776  -9999.0  -9999.0  -9999.0  -9999.0  -9999.0  -9999.0  -9999.0  -9999.0  -9999.0  -9999.0  -9999.0  -9999.0  -9999.0  -9999.0  -9999.0  -9999.0  -9999.0  -9999.0  -9999.0  -9999.0  -9999.0  -9999.0  -9999.0  -9999.0  -9999.0  -9999.0  -9999.0
-9999.0  -9999.0  -9999.0  -9999.0  -9999.0  -9999.0  -9999.0  -9999.0  0.834225778988  4.00783548726  4.78171061289  0.774928245638  1.51303863586  0.737671818088  0.692383816239  0.682593444501  8.39217100153  11.0951171283  13.6414254235  16.1693979322  0.621584809664  0.633115434536  0.627514639401  145.604752476  146.92274685  147.431403415  18.878327569  4.21145538177  3.68520881809  0.452402634027  1.94043471274  16.6227773844  0.476019511387  9.22167408947  0.539243101793  3.8007409284  3.50769726888  0.571485933887  2.4145982721  1.14851532719  1.71778410346  0.510675738101  0.412732772504  6.02251785415  6.41489870633  7.58303106165  1.37577692297  1.28787147106  1.25168779192  2.73800064543  3.69678738993  0.478257695826  2.6797665289  0.500487034635  0.965056903729  0.474020707969  -9999.0  -9999.0  -9999.0  -9999.0  -9999.0  -9999.0  -9999.0  -9999.0  -9999.0  -9999.0  -9999.0  -9999.0  -9999.0  -9999.0  -9999.0  -9999.0  -9999.0  -9999.0  -9999.0  -9999.0  -9999.0  -9999.0  -9999.0  -9999.0
-9999.0  -9999.0  -9999.0  -9999.0  -9999.0  -9999.0  -9999.0  -9999.0  -9999.0  0.841423468121  5.57795155241  6.34408164117  2.25747920467  3.72096666771  5.09056057736  5.76792341639  0.679988736772  2.06513314779  1.36713178697  0.688497016585  0.683492663096  0.639085511665  1.25045543136  2.13785962928  0.709826445068  167.583288026  168.121323442  0.474705150321  0.395944825286  0.927862871653  1.38880772072  18.0074536947  0.929228475741  9.64499389628  5.83256556449  4.8207117457  0.541594011935  1.10371583184  2.94309568639  0.526855333029  2.24007638946  1.01609578715  0.712410504405  0.310647718344  7.41730884507  15.3310133178  1.68508571367  1.60344873191  1.64467846395  0.403953870083  4.10122442547  0.395698386588  3.57319974269  0.448777759688  1.41812390876  2.22378484869  0.280291690797  0.286486147618  0.336063507765  0.356870797375  0.26152838297  -9999.0  -9999.0  0.184916315608  0.125735140638  -9999.0  -9999.0  -9999.0  -9999.0  -9999.0  -9999.0  -9999.0  -9999.0  -9999.0  -9999.0  -9999.0  -9999.0  -9999.0  -9999.0  -9999.0
-9999.0  -9999.0  -9999.0  -9999.0  -9999.0  -9999.0  -9999.0  -9999.0  -9999.0  -9999.0  0.756363690157  7.8662551193  0.742066866015  1.46993404811  2.13107133536  3.44942678056  0.673622212903  1.38015071347  0.683047036739  0.652374559553  0.619792153349  1.22631571523  0.555200660717  0.599414194411  1.18485128619  0.661486716939  168.686740093  169.678733968  171.102638763  1.83057838618  0.477234320097  0.951537006146  18.4998653557  17.8462750218  6.85720691696  0.509236509495  2.17047254287  1.63527515529  3.47283147828  1.05438738913  4.30070579992  1.53092508648  1.1490282489  0.228893135067  0.337193228949  15.7486121316  16.123737399  19.744002662  2.89529671205  0.827668384883  4.53165027002  5.34976945933  9.32070711383  0.882649644207  0.425683360248  2.54442639812  3.10135065781  0.276815489122  0.536888693825  0.944018577751  0.516008287408  0.255214104036  0.252707386489  0.362784664344  0.257327066764  0.127833218447  -9999.0  -9999.0  -9999.0  -9999.0  -9999.0  -9999.0  -9999.0  -9999.0  -9999.0  -9999.0  -9999.0  -9999.0  -9999.0  -9999.0
-9999.0  -9999.0  -9999.0  -9999.0  -9999.0  -9999.0  -9999.0  -9999.0  -9999.0  -9999.0  -9999.0  0.437454396587  8.79875509913  0.703713342108  1.35842727629  6.12210385869  0.673136487669  0.668398080956  0.605881586123  1.28828777093  0.633622233076  2.48377989311  3.58892048849  4.10167506262  1.6551456658  2.07659455657  0.491479214556  0.602316613796  0.59043718549  174.012020283  175.436988819  18.9137197394  18.6872394249  18.2697841574  0.898434367233  0.438948581876  2.65724786311  7.1172049642  3.97402479896  1.5522597355  6.33711769585  2.42892775343  1.9678730125  0.469349364889  0.205249929565  0.197951939971  0.245246607949  20.8939568072  24.964413213  0.399867953878  0.370219532935  0.401518845452  9.72090085679  10.9944507977  0.774882925142  0.326777805377  3.30551803481  0.438855484206  1.1441479376  2.30494237584  3.04584030641  3.52994414442  1.03767136729  0.576726489035  0.429211633398  0.259050007371  0.201681759739  -9999.0  -9999.0  -9999.0  -9999.0  -9999.0  -9999.0  -9999.0  -9999.0  -9999.0  -9999.0  -9999.0  -9999.0  -9999.0
-9999.0  -9999.0  -9999.0  -9999.0  -9999.0  -9999.0  -9999.0  -9999.0  -9999.0  -9999.0  -9999.0  0.41377447834  9.77430460519  11.9747511712  0.664775187493  7.44763844958  0.630204140208  0.612145016802  1.23266829561  3.15611867522  0.620328610852  0.642544719029  0.54947614027  5.18496223882  5.70394017558  8.32621815821  9.28686579235  9.78418607143  10.2529268965  10.8624895247  186.833638775  206.61793395  226.120547886  226.494452948  0.393716451056  0.445337289503  8.0932700527  7.60866001067  0.493360360721  0.491861129906  6.82277022146  9.73255791299  0.424179892608  4.46831676267  4.10374700246  0.993011061812  0.495238195062  0.810322523595  0.417009615898  25.6977248225  0.372567456258  1.1260254905  1.4350706326  13.3944928466  14.4050454985  15.0399767005  18.5581786643  0.200912234213  0.172514668651  0.157622762279  0.152211080189  3.90041370769  5.15525298326  0.232045149829  1.02038881363  0.412241973564  0.389835096795  0.119691100131  0.101006990812  -9999.0  -9999.0  -9999.0  -9999.0  -9999.0  -9999.0  -9999.0  -9999.0  -9999.0  -9999.0  -9999.0
-9999.0  -9999.0  -9999.0  -9999.0  -9999.0  -9999.0  -9999.0  -9999.0  -9999.0  -9999.0  -9999.0  0.794588058482  1.51581294535  12.6845079466  13.9599383734  0.634543812986  8.64594592802  0.551621291097  1.7123464032  3.72763861478  1.20186313097  0.579713934648  1.15961459918  0.483456448141  0.953306318076  0.488572582016  0.453972458459  0.392284171544  0.350069968285  0.318581109475  0.30101387141  0.399135491432  0.483051743957  0.550549117935  227.897229207  9.58694581336  8.81939721409  0.34146081437  1.4214712142  0.406892873776  0.351210476664  10.1829552088  16.0289992573  4.95749000189  3.64534019013  0.567848882157  0.243516344921  0.226087981669  0.564784861146  26.6285888733  27.3256712427  0.361010475644  0.371646597387  0.336502910528  0.241131513125  0.466899145641  19.2220154516  19.6171337353  19.9750489991  0.345693806415  0.186299117749  0.157852805765  5.32616029419  5.71647912965  1.16531041666  0.172848175424  0.556281694771  0.240279680967  0.189581346519  -9999.0  -9999.0  -9999.0  -9999.0  -9999.0  -9999.0  -9999.0  -9999.0  -9999.0  -9999.0  -9999.0
-9999.0  -9999.0  -9999.0  -9999.0  -9999.0  -9999.0  -9999.0  -9999.0  -9999.0  -9999.0  -9999.0  -9999.0  0.699748992215  9.27087832286  23.9015116428  25.8941334781  35.1265020141  35.6858161488  8.34567559928  6.10619485796  1.79096790425  0.573853112386  2.28277021094  2.81555834502  4.26394142498  0.993882912237  0.932171092291  0.876844928348  1.69865053301  0.784105611001  0.75313035337  0.397602171054  0.262611861231  0.287452539512  228.378205089  238.342417856  238.77277474  0.349039042366  3.84694755343  1.70623967618  0.485938567561  17.4989882558  1.0296499993  0.52799660042  2.1967332216  0.468086622249  0.394666667904  0.738338382837  1.05359374357  1.39815287265  27.9302656407  0.28985565305  0.262018777418  0.263731166816  0.218869112676  0.228996222731  0.572249078857  0.701735840705  20.9993602865  22.2645343638  0.740774712158  0.361028002857  0.202641936804  0.164669516568  7.28078350227  9.857462025  2.2060523595  1.0583866658  0.605212444687  -9999.0  -9999.0  -9999.0  -9999.0  -9999.0  -9999.0  -9999.0  -9999.0  -9999.0  -9999.0  -9999.0
-9999.0  -9999.0  -9999.0  -9999.0  -9999.0  -9999.0  -9999.0  -9999.0  -9999.0  -9999.0  -9999.0  0.757615396945  7.07430773532  8.5633695017  1.35769266752  0.449428829737  1.00825940245  37.2861416628  37.8095402138  46.6981542975  0.524391270942  1.09422366517  0.488458151484  0.495078164219  4.74320361162  6.21549180317  7.59653804119  0.442693542776  2.14009237397  3.35845935809  1.99885161919  0.824738867543  0.636196008768  0.570075316566  0.564490133177  0.293785311808  239.125181253  239.412246794  243.86526574  0.823769791333  0.434950725817  17.8927379704  1.10486133713  0.560879245075  0.595196206763  0.58985174288  0.547253277893  0.958109108611  2.76355588078  4.52838176263  32.753756218  0.225983816866  0.688032543552  0.470049650712  0.410306998725  0.200116189313  0.209713911374  0.186800696794  0.154462443804  22.5512193098  0.106064025081  0.326841978678  0.161509853548  0.128687035816  0.158447660334  10.0477380369  0.377895818686  0.145126927667  0.263110681351  0.119960356205  -9999.0  -9999.0  -9999.0  -9999.0  -9999.0  -9999.0  -9999.0  -9999.0  -9999.0  -9999.0
-9999.0  -9999.0  -9999.0  -9999.0  -9999.0  -9999.0  -9999.0  -9999.0  -9999.0  -9999.0  -9999.0  0.771546068356  4.87631799354  0.758767153324  0.674568337688  3.52128718075  4.11916010488  4.7209973794  5.2890929351  63.0253440499  63.5337087761  64.566310859  72.0675489675  73.5187919837  74.3236481065  74.8144470811  83.396383829  84.546968907  85.0022967857  88.8311865623  91.3030959329  91.7350021726  93.1652688245  0.983189838576  0.884571675528  0.198897034297  0.216354759259  239.73122705  245.334603164  1.17586469598  20.7694190391  20.3685023239  2.09112373787  0.509360276624  0.5212671846  0.507118257095  0.498946461181  1.00133444729  1.44068246081  0.413535327274  33.0348187175  33.3310047421  34.750720611  35.0033919339  35.6537085301  36.0800500186  0.184442325105  0.199254174172  0.154691118381  22.6957379046  22.9241857611  23.3802816556  23.9129543257  0.24579762624  10.7995084805  10.4812594627  0.21696328536  3.73749574923  3.59774535842  0.307308694012  0.178743851308  -9999.0  -9999.0  -9999.0  -9999.0  -9999.0  -9999.0  -9999.0  -9999.0  -9999.0
-9999.0  -9999.0  -9999.0  -9999.0  -9999.0  -9999.0  -9999.0  -9999.0  -9999.0  -9999.0  -9999.0  2.50734030669  3.316311848  1.55163698034  2.27046268855  0.709364094865  8.09452804921  8.71702705476  9.94401800985  10.4651594896  4.08208152401  69.4735760216  69.9809999273  0.447820670212  0.31462958159  0.2706783926  0.615988135363  0.316634103078  0.247671888942  0.242561624841  0.281366385084  92.1149052747  93.565837095  94.9622742372  96.2204390059  97.0236548223  0.36816690599  0.137343514089  267.072930679  21.4563764482  21.1835071201  0.444377354681  0.41558059969  0.389592992984  0.929426015453  0.914479329019  0.429225775361  0.431082321163  0.407393683688  0.816166318991  1.08275491255  0.207998354941  0.386816239863  0.156358429736  0.0995604660607  36.2026067663  36.5443171214  36.9361549584  37.2986215874  37.4876797543  37.7300787119  37.8339751257  0.0992351788966  24.2907714736  0.219638135201  15.0096750192  3.99915626302  0.294300708893  3.16955715467  2.68802732858  0.186788865087  -9999.0  -9999.0  -9999.0  -9999.0  -9999.0  -9999.0  -9999.0  -9999.0  -9999.0
-9999.0  -9999.0  -9999.0  -9999.0  -9999.0  -9999.0  -9999.0  -9999.0  -9999.0  -9999.0  -9999.0  -9999.0  1.6928943688  0.797726525631  0.733977056764  6.85436620311  7.49026209848  0.642519363724  2.49853320519  3.0811685668  3.59517948618  0.567913456589  0.435892023348  10.3827630625  10.7397605279  11.0794178134  28.7006597789  28.9630475652  29.417435897  31.6927537411  33.0359488499  33.2501901079  0.230888859636  0.238316790444  0.256637585673  97.4472858178  0.187744926014  270.798869488  270.477291119  3.13713622696  2.81042470914  1.7172810478  0.438121386882  0.774837433582  1.33065225276  1.31680340232  0.840494195762  0.417457931866  0.817602830923  0.816499762382  1.44754176004  0.293554257673  0.674537710563  1.07833478167  1.29111813993  1.40729319206  0.108804659292  0.109559008548  0.106750659796  0.108261913531  0.122720667505  37.9856436881  38.2562257633  62.6758033865  62.7814349146  16.2003268427  0.991213090692  0.648929103938  0.249208063743  2.33855153182  2.16199179802  -9999.0  -9999.0  -9999.0  -9999.0  -9999.0  -9999.0  -9999.0  -9999.0  -9999.0
-9999.0  -9999.0  -9999.0  -9999.0  -9999.0  -9999.0  -9999.0  -9999.0  -9999.0  -9999.0  -9999.0  -9999.0  0.870235681074  2.42979040333  3.17411185486  5.42246775061  0.640899800726  1.30145463936  1.91755259978  7.62922711079  8.15273690036  8.54929584537  9.03807172641  9.55860844039  15.0245582187  16.5587152018  17.3377851343  0.302986684425  1.81721525558  2.08352434897  32.3405776643  33.488723127  34.0025726731  34.5272304809  35.003254944  132.670665678  0.214055361597  271.736162136  0.47525002739  0.207906580301  2.38761365971  2.07853767216  0.323146532046  1.14560375138  1.69756496311  1.6699027986  1.17245008456  1.92614306451  3.05197678142  1.15832991418  2.9211452033  0.271334518725  0.433761854408  0.086236198103  0.0713370022561  1.60272045904  1.66902075232  0.185120592502  0.186643790294  0.283252033796  0.0936904975718  0.101046358636  0.158461611336  88.3683711571  88.2698012874  25.2421051061  0.304508526216  1.44142991805  1.13890739333  0.754803829688  2.01735972202  1.42351452298  -9999.0  -9999.0  -9999.0  -9999.0  -9999.0  -9999.0  -9999.0  -9999.0
-9999.0  -9999.0  -9999.0  -9999.0  -9999.0  -9999.0  -9999.0  -9999.0  -9999.0  -9999.0  -9999.0  -9999.0  0.806680650634  1.61319847359  0.762950993913  1.51961501854  0.662431172374  5.12656328873  6.38431880268  7.02612316174  0.589604207277  1.14063772863  11.327055782  14.0718934338  14.5798903646  1.05956151524  0.94479187093  1.34446673487  0.239075087947  0.221145766684  0.419647234105  0.213174957191  17.9474903306  18.2126838246  18.406403161  133.035439084  273.733728502  271.958193277  0.330231553259  0.151947557396  0.13945550311  0.637983305559  0.506249611316  1.40481471255  2.02641001353  4.07372939212  0.376348769878  0.374513648154  3.36891198885  3.69483402916  7.21031235593  7.40296318118  7.92795595906  8.09203603574  0.146914700736  0.226754262146  1.75790316556  92.916298268  90.902751543  90.5258248193  89.9896699459  0.101169490684  89.3096999543  0.234714590234  0.151438843716  8.60810359763  2.31297219051  2.14789819249  0.389318810477  0.420690737234  0.358260124641  1.23484213129  -9999.0  -9999.0  -9999.0  -9999.0  -9999.0  -9999.0  -9999.0  -9999.0
-9999.0  -9999.0  -9999.0  -9999.0  -9999.0  -9999.0  -9999.0  -9999.0  -9999.0  -9999.0  -9999.0  -9999.0  -9999.0  0.796733694564  1.57957632576  2.36573635359  3.74580279062  0.716890932856  0.647512279208  4.66965640139  5.26637409362  10.2729168374  10.8852445394  1.72979120069  0.559910510194  0.514941229507  0.467136168504  16.4752736646  16.7898280746  17.0587559571  17.2750091864  17.709127635  2.87978794353  3.10264727128  21.7001247916  428.673511222  1.40899405227  1.07399434838  0.520781311875  0.148465978357  0.124742620138  0.913261398868  1.01379628741  1.64467580646  0.120470252295  4.23627022532  0.613488170582  0.60145848459  0.112970495794  0.0800651205571  0.073185461999  0.0854788270416  0.0763556552574  8.20087688797  108.861227087  100.30129553  100.018939032  93.0277109481  0.0995187703396  0.11421696667  0.137961438875  89.484289598  0.339290770624  0.150200077088  0.177675346398  0.166918844859  5.96310874686  5.63590820659  0.699867492297  0.359210960037  0.443599722768  0.443113862668  -9999.0  -9999.0  -9999.0  -9999.0  -9999.0  -9999.0  -9999.0  -9999.0
-9999.0  -9999.0  -9999.0  -9999.0  -9999.0  -9999.0  -9999.0  -9999.0  -9999.0  -9999.0  -9999.0  -9999.0  -9999.0  -9999.0  0.739186659959  1.4413870145  2.08330570856  2.73375612932  3.37911862793  4.04200606219  1.94606573406  3.24386527595  0.605541032684  0.577326929849  13.9298255467  15.0283264186  15.5349575357  16.0740884076  0.398333508906  0.713681686581  1.96630048275  2.29683087961  2.59770268971  0.267555533311  0.218619654023  429.521476582  0.329903042862  0.345267176899  0.166539107372  0.67352800291  0.32488955985  0.155433851006  2.80804840041  2.94572027195  0.100069525921  4.34979101534  5.04503899255  0.702907831495  112.880143536  112.687963952  112.518328916  112.142475695  111.974984224  109.517400746  109.371993122  0.199734761023  6.90841926416  6.5321393308  6.18582962719  6.09028433061  3.59479807752  3.49925658106  3.29691993307  1.18610528156  1.06484527169  0.70012286956  0.178680640742  5.39350131481  4.73703094468  0.329917952109  0.624212814954  0.273168065839  -9999.0  -9999.0  -9999.0  -9999.0  -9999.0  -9999.0  -9999.0  -9999.0
-9999.0  -9999.0  -9999.0  -9999.0  -9999.0  -9999.0  -9999.0  -9999.0  -9999.0  -9999.0  -9999.0  -9999.0  -9999.0  -9999.0  0.193506796556  0.428951383464  0.653359203425  6.39483540744  7.06966052938  0.683548576729  0.657257836189  0.656336939283  11.6008889984  12.8378106402  0.591364203395  0.599109386298  0.499501551717  2.10182387226  2.62024857992  1.23943775231  1.62412393149  12.1915543228  12.5799909159  13.2121197345  20.9419171265  450.695896893  0.319085234612  0.140693131065  1.0638945476  0.872705715237  0.144743310292  0.447955676662  0.580756962498  3.09161501186  3.21487849342  8.5783150085  5.15908541774  0.832508401522  115.345699528  1.06419402785  112.355061259  112.254206563  2.30117874266  0.193287273789  0.365691245965  0.190495018699  0.181827857131  0.26780786785  0.132550548724  2.40673365025  2.01629143336  0.129873994274  2.01830325707  0.341895236179  0.212115738183  0.509929120076  0.2547953164  0.507400171774  3.7335483928  3.16530143691  0.244800816903  0.424172475907  0.223086422939  -9999.0  -9999.0  -9999.0  -9999.0  -9999.0  -9999.0  -9999.0
-9999.0  -9999.0  -9999.0  -9999.0  -9999.0  -9999.0  -9999.0  -9999.0  -9999.0  -9999.0  -9999.0  -9999.0  -9999.0  -9999.0  0.964330202575  1.59324254739  3.24492337054  5.71018682477  7.69248158325  9.07926849202  9.73088787113  10.3903825373  11.0225025533  0.606012075879  0.551894089943  1.08883050486  1.03738396052  0.551919055871  10.518452516  11.0263549496  11.4992151336  11.9547320437  6.7679133543  7.0697339836  7.46912822939  450.892425851  0.564408810958  0.344233054046  1.55205148411  0.193324153513  0.280353441424  0.150498231134  0.122887506696  0.7098143725  0.0993557503801  0.105667815619  124.518427197  115.854406311  115.742777462  0.424260396704  0.969311629124  0.618106122484  0.139156051932  1.97351531645  0.544298034529  0.434466795838  0.320219958428  0.222070203353  0.124133680142  0.280862215365  1.90009534445  1.60334917401  1.31993378632  1.53747440866  1.42633932796  1.32897659808  0.159345910289  0.261066911429  0.26802476569  2.32250535917  1.81616431457  1.10588404045  0.177317548207  -9999.0  -9999.0  -9999.0  -9999.0  -9999.0  -9999.0  -9999.0
-9999.0  -9999.0  -9999.0  -9999.0  -9999.0  -9999.0  -9999.0  -9999.0  -9999.0  -9999.0  -9999.0  -9999.0  -9999.0  -9999.0  0.667224147248  0.636342510844  1.25076231011  1.87746247422  0.715704814707  0.776105975165  1.47249804455  2.15870845614  3.45974940288  4.09314889105  4.6449493314  6.30626340446  6.82794347021  7.40845635508  0.525209045421  5.24782101736  5.70087170073  6.10249484516  0.30847211135  0.202651840942  0.381832112651  458.86107584  459.051705741  459.957223121  2.11841418982  0.406430553938  0.46182321403  0.116643800765  0.22027455239  0.813410314314  1.00108145804  0.193057394158  125.008624036  0.159902274557  0.232580623798  0.253683027241  0.201821221013  0.363756982939  0.152894159144  1.31044077088  0.995877533183  0.723584648973  0.363309634516  0.252305326159  0.13720733243  0.153681841866  0.168594910111  0.169977638176  1.19762243124  0.905935265893  0.619743523296  0.325500813329  1.20743492632  0.879566950474  0.242476159117  0.289191485483  0.243722389508  0.517098607424  0.280848271634  -9999.0  -9999.0  -9999.0  -9999.0  -9999.0  -9999.0  -9999.0
-9999.0  -9999.0  -9999.0  -9999.0  -9999.0  -9999.0  -9999.0  -9999.0  -9999.0  -9999.0  -9999.0  -9999.0  -9999.0  -9999.0  -9999.0  0.610965464273  1.19768889807  0.567621530582  1.17108829234  7.31489726015  7.94600430572  8.60456770433  0.641903714062  0.642473290241  1.19425274868  1.77113115314  2.80908128944  3.35070146866  3.70569202428  4.21097271426  0.433279182647  0.396693504775  6.80875675626  6.9988219622  7.19211471114  7.38483214574  6.4415817307  467.221920134  470.520450608  470.707343277  471.340532225  472.048696196  472.384999765  0.0957441666799  1.08964820957  125.106047767  0.219001393017  0.112402635934  0.131456712061  0.12664645046  0.216949350429  0.195382322983  0.1141412217  0.169892147898  0.15562721546  0.258918808144  0.116333216715  0.091344032109  0.327695565473  0.233069388871  0.125196461883  0.123005213066  0.136215867083  0.14328864921  0.155358549703  0.17272785001  0.188165420949  0.437533908921  0.153754086158  0.466691972239  0.201108661729  0.19143856566  -9999.0  -9999.0  -9999.0  -9999.0  -9999.0  -9999.0  -9999.0  -9999.0
-9999.0  -9999.0  -9999.0  -9999.0  -9999.0  -9999.0  -9999.0  -9999.0  -9999.0  -9999.0  -9999.0  -9999.0  -9999.0  -9999.0  -9999.0  -9999.0  1.78036378428  2.38463670194  4.19147478269  5.51728917807  0.694065841319  10.0416815316  10.6756078091  11.2754954379  0.584477727797  1.15577116823  0.516483965261  3.92581422861  4.26114011815  4.75106847589  5.2243174892  6.39331478382  6.55773556757  0.114853940177  5.68001491324  6.06942618309  6.25831906015  7.06838383533  0.988947408016  0.612070422379  0.363298153004  0.354993548133  472.766366335  472.923386063  474.818146879  125.201468884  0.622526170489  0.322955998718  0.216843022377  0.0679272633953  0.626658752046  0.323255209218  0.101004932008  0.553654205266  0.468416452422  0.0852787213741  0.669250698221  0.601290466358  0.427193583335  0.0910226503766  0.275369054601  0.201782023489  0.0847551698572  0.207540582649  0.122316102264  0.161104061905  0.155327746761  0.10627681826  0.258797651379  2.03720032161  1.16079748788  0.727519538963  0.294169740065  -9999.0  -9999.0  -9999.0  -9999.0  -9999.0  -9999.0  -9999.0
-9999.0  -9999.0  -9999.0  -9999.0  -9999.0  -9999.0  -9999.0  -9999.0  -9999.0  -9999.0  -9999.0  -9999.0  -9999.0  -9999.0  -9999.0  -9999.0  0.618923303061  2.99130505954  3.6219046503  0.72011251482  0.701512394596  1.43160652917  2.10083502546  13.990184168  0.590050589419  2.35601215902  2.89148587729  3.42312026813  0.347604671179  0.80978330464  1.09378689152  4.52462152225  5.03085749689  5.18885742179  0.185947406172  0.194258765014  0.237041404015  0.433684620239  0.188970437672  0.20449227253  0.306839041228  0.289046469843  0.304425813592  0.690594211429  474.994672614  600.613762814  0.76932361263  0.17586371115  0.0689310917112  1.93121938906  1.78131136996  1.04754907843  0.937945166902  0.69734366048  0.164898057467  0.122355467431  0.737091352922  0.329534925664  0.256424238763  0.0800506755092  0.365158588425  0.63608819034  0.511444624433  0.311730840754  0.118760824067  0.459304326451  0.328213980737  0.218600263209  2.52915341943  2.43971933794  0.218970439713  0.202056240002  0.185670530026  0.171638753368  -9999.0  -9999.0  -9999.0  -9999.0  -9999.0  -9999.0
-9999.0  -9999.0  -9999.0  -9999.0  -9999.0  -9999.0  -9999.0  -9999.0  -9999.0  -9999.0  -9999.0  -9999.0  -9999.0  -9999.0  -9999.0  0.538224673869  1.72496862541  0.568006543502  0.766991804099  0.777799879109  1.50002398929  2.21325386403  2.83981960251  17.3956960159  17.975525027  0.594560831377  1.14072163704  1.69166629532  2.13004109391  2.58961175328  3.98028119289  4.33415977134  0.291413581666  0.282954356368  0.277402185689  0.304318538201  0.32394576314  0.339647268126  0.304190238198  0.397146562596  1.0748258581  0.505940687137  0.164894228787  0.160492907924  0.14260524939  0.265769325024  606.677902406  5.09135321891  2.34446452309  0.234358158858  0.108489724878  0.0795389697262  0.264088299442  0.176484382712  0.0886401713837  0.0876965929956  0.917689336821  1.32598923552  1.45105724709  0.0588750349336  1.18495606002  0.748819294456  0.0824403197553  0.0716118990751  0.159756506585  1.03429294208  0.457373996563  0.319537103812  2.64270512915  0.126680366328  0.145992219363  0.726132467324  0.364758980597  0.600764278352  0.251565150269  -9999.0  -9999.0  -9999.0  -9999.0  -9999.0
-9999.0  -9999.0  -9999.0  -9999.0  -9999.0  -9999.0  -9999.0  -9999.0  -9999.0  -9999.0  -9999.0  -9999.0  -9999.0  -9999.0  0.571629235889  1.09309759315  3.91853822678  0.550164569479  1.45879342117  2.21845882419  2.9283810025  0.728965046451  1.36707065029  1.977774658  20.4866162438  0.566458743439  1.08390901235  1.61806835502  0.51023067125  1.00956307844  1.29210504657  1.62424400774  37.9099670889  38.44020697  38.9436016902  40.9674816637  41.9382063326  43.6656734884  0.440958838354  1.05249640893  1.30785205875  48.6908620075  48.9884344908  0.147436191197  0.250123718982  0.348960307452  606.853722374  4.74585687636  2.10116562997  1.97242012413  1.70028836739  1.54167370362  0.349221927668  0.0872710405387  0.159089905391  0.0787693745388  0.0777210719577  0.153833716623  1.52958683731  2.86360454971  1.27544465506  0.230522179601  0.157294008576  0.094212504825  1.56224285121  1.29820347347  0.148841999964  3.23309967285  2.77145959659  0.243922381304  1.4180925122  0.878160099305  0.947205701804  0.79225066575  0.177241410336  -9999.0  -9999.0  -9999.0  -9999.0  -9999.0
-9999.0  -9999.0  -9999.0  -9999.0  -9999.0  -9999.0  -9999.0  -9999.0  -9999.0  -9999.0  -9999.0  -9999.0  -9999.0  -9999.0  0.586008182405  1.76346385265  6.26090107562  9.28206166495  0.500830038677  12.1993073314  15.7039927099  0.697350372205  1.34167847211  1.96891996889  26.146224747  26.669573776  0.456964553303  2.54976817853  3.00366666171  3.42361679948  34.615732364  35.4919092697  36.0237308054  0.25588108042  1.46208234703  1.73545669557  0.759334246118  1.08431231292  45.2109068635  46.7437675284  46.9997348068  47.2408148713  49.2699088143  0.136809675535  0.118704740876  0.566183522987  607.013840076  0.167773767918  0.0566078829243  0.162907125526  0.0591265492441  1.36383079041  1.19383766174  0.710003846265  0.496984906042  0.200218693655  0.0844182071726  0.225265643957  0.0554503013413  2.92787350178  0.347480984062  0.286040448418  0.0509326699259  0.148546930584  1.63342499947  0.0555653306553  0.088435469677  3.34048026784  0.0824558045442  1.64018842979  1.54487302255  1.33960596737  1.22641308738  0.134777175004  0.485555778174  0.153868567568  -9999.0  -9999.0  -9999.0  -9999.0
-9999.0  -9999.0  -9999.0  -9999.0  -9999.0  -9999.0  -9999.0  -9999.0  -9999.0  -9999.0  -9999.0  -9999.0  -9999.0  -9999.0  -9999.0  -9999.0  1.23604230713  2.48526028281  11.0182337737  11.6392457189  16.251407744  16.8365551502  0.680372085331  1.35974541843  3.19435103018  27.1814557219  28.1473953584  28.5336217454  0.324547479565  29.9775780652  30.8636127177  0.56343183039  0.259336105887  0.505872137026  0.988597639433  0.237309109067  0.47681771815  1.06435441081  1.32758489066  0.255451306822  0.17364506322  0.342751110371  50.6004921454  51.0539898188  51.1570961155  52.0103403316  607.155406093  0.120536439142  0.0409662934202  0.0455967753487  0.0434765517357  0.0445904465598  0.038269443468  0.0715655998941  0.0799662519813  0.178214954152  0.0952742382943  0.0941466599899  0.396973702738  3.48634912561  3.93328373683  4.00531393524  4.26470477286  0.0554527350166  1.68935339537  0.282721816005  0.170613645649  3.40172954733  3.54450819895  1.72195824819  1.83574088158  1.49604139279  0.917713432255  0.790335454913  0.654220893919  -9999.0  -9999.0  -9999.0  -9999.0  -9999.0
-9999.0  -9999.0  -9999.0  -9999.0  -9999.0  -9999.0  -9999.0  -9999.0  -9999.0  -9999.0  -9999.0  -9999.0  -9999.0  -9999.0  -9999.0  -9999.0  0.647559634771  0.632877780337  0.623444719465  1.25236776136  0.554512973434  17.9386874537  18.4833242517  0.633131974698  1.25879696385  0.593617328784  0.482135750947  0.465861807549  29.3505277533  0.29055675411  0.580943963665  0.314149603396  0.273975036288  0.246321702481  0.197465379536  0.204941902615  0.62306784243  0.851353375404  0.169964967496  0.153537646404  0.326476045328  0.536820246858  0.738583235065  0.227882174436  51.3255133249  52.1188500076  607.267024005  0.365822456695  0.125090706878  0.0284668687848  0.06536534718  0.0224465718932  0.0165019869239  0.0898607002106  0.38402647108  0.237337062526  0.0498168588165  0.0480837304036  0.162616932451  0.103914125479  0.0597031735914  0.0617156465927  0.0651450513643  6.5390592748  2.02409484806  0.0496820176902  0.0836500664401  0.0396576623387  8.64595856023  5.05533665891  4.99541774716  1.60510008324  1.14928844213  0.105083899945  -9999.0  -9999.0  -9999.0  -9999.0  -9999.0  -9999.0
-9999.0  -9999.0  -9999.0  -9999.0  -9999.0  -9999.0  -9999.0  -9999.0  -9999.0  -9999.0  -9999.0  -9999.0  -9999.0  -9999.0  -9999.0  -9999.0  -9999.0  -9999.0  0.627871132077  1.82593165251  2.33291227854  2.87095243143  19.0095797182  19.5331763103  20.0600924864  20.6330335382  21.0844217471  22.0185741691  22.3052387604  22.5753583141  22.8271678597  0.242222269415  0.228704875857  0.240197271347  0.857067299437  0.226188164143  0.214943607333  0.172755087752  0.503560238357  0.199016303071  0.154296656766  0.143628532931  0.127694927315  0.254842575948  0.359798363532  52.8406044353  660.587927341  0.11657279263  0.227926183437  0.0234604797641  0.0908773772073  0.0524523518335  0.0332124241864  0.773590601211  0.629140792552  0.173195412236  0.0996448782082  0.260302761849  0.0519022503206  0.154043159446  0.10156863549  0.169938966476  0.058970976873  0.073760888175  6.59935516562  6.78629236328  10.3027894144  10.2448965611  10.1868123677  0.064722705943  1.43399493233  1.36123561147  0.101395436004  -9999.0  -9999.0  -9999.0  -9999.0  -9999.0  -9999.0  -9999.0
-9999.0  -9999.0  -9999.0  -9999.0  -9999.0  -9999.0  -9999.0  -9999.0  -9999.0  -9999.0  -9999.0  -9999.0  -9999.0  -9999.0  -9999.0  -9999.0  -9999.0  -9999.0  -9999.0  0.526078412508  4.18486009217  8.19932765909  8.76769256629  0.697687741196  1.34027694365  1.97874652953  2.51643434393  6.04018301092  6.3060784235  0.256610529837  0.253763129734  23.3327491291  23.786478264  24.0007856937  1.02835182758  0.158446273458  0.387645114626  0.568411681289  1.68123118663  2.06059606552  2.35946366768  0.27505448001  0.381545038816  0.126717974169  0.247405303398  0.125149748722  660.830967358  0.10524320937  0.429657796658  0.127770712572  0.273687365494  0.744554446974  0.832253369414  1.66301390269  0.674945832921  0.607679240708  0.418706431769  0.382829557255  0.0841169468098  0.186001106521  0.226673340766  0.198818174225  0.0285392649493  17.6514407551  17.5305333993  17.4667859102  10.4991636733  0.0892985501405  1.38732718627  1.00452073579  0.670711869026  0.425362620355  0.0732318842552  -9999.0  -9999.0  -9999.0  -9999.0  -9999.0  -9999.0  -9999.0
-9999.0  -9999.0  -9999.0  -9999.0  -9999.0  -9999.0  -9999.0  -9999.0  -9999.0  -9999.0  -9999.0  -9999.0  -9999.0  -9999.0  -9999.0  -9999.0  -9999.0  -9999.0  0.588168142463  1.87228594211  3.6668496153  4.79202634793  12.2328682103  12.8644600512  1.33010574775  1.97474353726  2.5386627091  3.07560515291  6.59007147206  7.11865295581  12.7202801024  13.2235123997  13.486199301  24.2173600031  25.8157743866  0.380025316934  0.245325542733  0.234687449149  0.448220950364  0.204416629434  2.74879378576  2.89307604825  0.501178661522  0.68291538103  0.15195827353  154.937286969  155.18911024  816.184531769  816.777408487  0.107844789779  0.503297948854  0.133954175623  0.109624624849  1.85496385506  2.59908963591  0.544468925454  0.467588764095  0.0814576263856  0.0434869277506  0.227730236058  18.1015203112  17.8430321843  17.8054025269  17.7312931826  0.0922440696502  0.0881744109274  0.091018343393  0.095561840312  0.301049561185  0.200891930214  0.185539327061  0.279408380658  0.0879818880377  -9999.0  -9999.0  -9999.0  -9999.0  -9999.0  -9999.0  -9999.0
-9999.0  -9999.0  -9999.0  -9999.0  -9999.0  -9999.0  -9999.0  -9999.0  -9999.0  -9999.0  -9999.0  -9999.0  -9999.0  -9999.0  -9999.0  -9999.0  -9999.0  -9999.0  -9999.0  0.668954778317  0.651906405985  1.23291665012  2.93660226191  13.4102073585  0.683853956085  0.676399848649  1.23259250018  1.80322423468  4.37405280507  4.7535667354  0.305440710983  0.321505108615  13.7972949697  14.0348414187  40.1059678632  40.3399608972  0.144517073793  0.128723716766  0.107914015966  0.108928562719  0.112559775572  152.145838078  153.005682999  153.884411267  154.215229678  154.76990698  0.135579493928  0.497519859186  0.602769869986  817.625286513  817.719082112  817.904732867  818.088198651  818.236370095  2.72630775104  0.0393624191754  0.157544071903  0.125961331994  0.0312542756137  0.258797480149  18.2228148409  0.0814904318431  0.0409855564338  0.337827321629  0.299722275893  0.242915989466  0.184162558463  0.102911745692  0.113562194769  0.107940509977  0.0947876047514  0.100178386395  -9999.0  -9999.0  -9999.0  -9999.0  -9999.0  -9999.0  -9999.0  -9999.0
-9999.0  -9999.0  -9999.0  -9999.0  -9999.0  -9999.0  -9999.0  -9999.0  -9999.0  -9999.0  -9999.0  -9999.0  -9999.0  -9999.0  -9999.0  -9999.0  -9999.0  -9999.0  -9999.0  -9999.0  0.598238678164  0.625892190955  1.16659027008  15.6933514585  16.2649146066  0.665986908691  1.21756289224  1.79815651325  2.23215286424  0.384765818143  0.747161711072  35.7776600952  36.0349964437  36.339196618  38.3893284077  79.0060502734  146.589768543  146.929838515  147.237033639  147.532113801  148.726099889  149.106431625  0.693681255717  0.315804696078  0.180998335599  0.341461818753  0.246093858311  0.391020577582  0.120393037759  2.81475176671  3.09853362783  3.34266618751  3.39012695335  818.326444123  821.204814246  821.535479709  0.211132658855  0.0363070965743  0.355765579804  0.296334112718  18.302299891  0.0408449904615  0.778710407087  0.393788931711  0.345867800472  0.240432782667  0.118877517146  0.160839504063  0.082535183178  -9999.0  -9999.0  -9999.0  -9999.0  -9999.0  -9999.0  -9999.0  -9999.0  -9999.0  -9999.0  -9999.0
-9999.0  -9999.0  -9999.0  -9999.0  -9999.0  -9999.0  -9999.0  -9999.0  -9999.0  -9999.0  -9999.0  -9999.0  -9999.0  -9999.0  -9999.0  -9999.0  -9999.0  -9999.0  -9999.0  -9999.0  -9999.0  0.609939722022  1.17421567948  1.74101785365  16.7429382785  0.561228333095  22.811740938  23.4128202818  23.8138966135  24.2064353248  34.2817310341  34.6732110923  0.288316359441  1.48065436977  1.79337048104  0.270880212047  67.2440609486  66.7517115188  0.158914553872  0.360380046661  0.93666429088  0.201778952026  0.205427814744  0.158971381622  0.13076364214  0.102260404193  0.115327631968  2.44106020647  2.55821908077  2.69879929044  0.187805062951  0.162511491437  3.49064690563  3.55899135059  3.59168488075  821.601748563  821.669163475  0.452717562297  0.387433533776  19.1884316412  19.1562824936  0.816909703554  0.0783040357323  0.0387464679378  0.581505183277  0.492149075158  0.382194466643  0.239222793585  0.126932919109  0.0586109598782  -9999.0  -9999.0  -9999.0  -9999.0  -9999.0  -9999.0  -9999.0  -9999.0  -9999.0  -9999.0
-9999.0  -9999.0  -9999.0  -9999.0  -9999.0  -9999.0  -9999.0  -9999.0  -9999.0  -9999.0  -9999.0  -9999.0  -9999.0  -9999.0  -9999.0  -9999.0  -9999.0  -9999.0  -9999.0  -9999.0  -9999.0  0.557282536844  0.526893757092  2.72839428612  20.576976703  21.6857444329  22.2588161638  0.581433637288  9.13134296448  9.49907857549  9.69399393088  0.370431168351  0.67039221472  0.937115428414  15.7398922037  15.9509052047  16.1361198517  66.4094923337  40.2142758548  0.197041053807  0.195760781618  0.188280679207  0.144560784949  1.488221796  1.78285143402  2.04187413117  2.18163328276  2.31633293264  15.9803159521  16.076549029  16.2224307383  16.5796768761  17.830490624  17.8762820901  21.5155152022  0.0342922024661  821.730689108  821.804057569  0.492054365517  19.2159355318  0.0603041428252  0.0296169951152  0.117024326053  0.909229552092  0.878487425976  0.205348510874  0.104614453201  0.294911313528  0.2010360305  0.0580093475201  0.0495298976911  0.0486859648003  -9999.0  -9999.0  -9999.0  -9999.0  -9999.0  -9999.0  -9999.0  -9999.0
-9999.0  -9999.0  -9999.0  -9999.0  -9999.0  -9999.0  -9999.0  -9999.0  -9999.0  -9999.0  -9999.0  -9999.0  -9999.0  -9999.0  -9999.0  -9999.0  -9999.0  -9999.0  -9999.0  -9999.0  -9999.0  -9999.0  1.09556513613  1.67507845189  0.596369238018  0.683748745268  7.0672208282  7.67878913392  8.12224486874  3.28644113969  3.60361055662  3.95043386965  4.23417946582  15.2737966478  15.5514891457  9.44060041617  25.8013520828  26.0118229596  40.0503030587  0.391186176465  0.193741709657  0.140067237968  1.02930571778  1.20139597906  0.104488343562  0.0975759281102  15.5368120675  15.7739438161  15.8893486354  0.17208777996  0.253442686278  17.6262223592  0.124035579215  0.338726761415  0.372113628077  21.9542290085  21.9884851299  22.4287878583  844.787524393  19.3073400732  1.16797846833  1.13714672417  1.09787791933  0.938776782832  0.0401001007913  0.459489692055  0.392927639764  0.141406026628  0.0592899655788  0.0995364104524  0.220491114267  0.123128801167  -9999.0  -9999.0  -9999.0  -9999.0  -9999.0  -9999.0  -9999.0  -9999.0
-9999.0  -9999.0  -9999.0  -9999.0  -9999.0  -9999.0  -9999.0  -9999.0  -9999.0  -9999.0  -9999.0  -9999.0  -9999.0  -9999.0  -9999.0  -9999.0  -9999.0  -9999.0  -9999.0  -9999.0  -9999.0  -9999.0  0.55188353649  1.09224398014  4.56519233825  5.16909572161  5.77798020239  2.48175274852  2.97138720375  0.326392291975  10.1780125624  10.4751302096  10.7667043379  0.283153854261  8.92052635469  9.20703298258  0.217846636814  39.0221366512  0.443902540822  0.22056509035  0.554773920048  0.749143216091  0.143239018129  0.117139740631  14.3484483951  15.3199181227  15.4611207842  0.143219905991  0.300443842749  0.38389010083  0.469294988  0.929199508875  0.122839384254  0.278400206722  0.0548549621261  0.107317091346  22.3521315517  22.3932504753  844.863217185  865.574306616  1.33096658395  0.107790021736  0.0588547631416  0.0676789899724  0.0298871187811  0.496204315657  0.29129578904  0.223818213874  0.656476074165  0.575610493655  0.39833342474  0.0884575605094  0.0495216412557  -9999.0  -9999.0  -9999.0  -9999.0  -9999.0  -9999.0  -9999.0
-9999.0  -9999.0  -9999.0  -9999.0  -9999.0  -9999.0  -9999.0  -9999.0  -9999.0  -9999.0  -9999.0  -9999.0  -9999.0  -9999.0  -9999.0  -9999.0  -9999.0  -9999.0  -9999.0  -9999.0  -9999.0  -9999.0  0.545738612103  1.70886215109  2.93990933994  0.653928240055  1.30041545649  1.93092294479  8.83445224999  9.24575558972  9.55943881539  0.291752891229  7.25445920863  8.11711686752  8.39975994717  0.215206262147  38.1115300393  38.5965635982  0.223550208211  0.205869546815  0.400709939711  0.161567200422  13.584881722  13.8680007921  14.0259188725  0.608687133025  0.74892109591  0.121965544579  0.215912707446  0.0948013593426  0.677099132144  0.0968539265285  0.0716326564586  0.0749586577935  0.0777038203067  0.158374714929  0.212100548168  64.5888692746  64.7047416927  930.437165304  930.560769379  930.673803152  0.0843467772019  1.04040759359  0.949271802012  0.396599573292  0.373315698225  0.0483680569856  0.787859976618  0.0539323988591  0.0482507266368  0.0399592821117  0.176408391807  0.0747970003024  -9999.0  -9999.0  -9999.0  -9999.0  -9999.0  -9999.0
-9999.0  -9999.0  -9999.0  -9999.0  -9999.0  -9999.0  -9999.0  -9999.0  -9999.0  -9999.0  -9999.0  -9999.0  -9999.0  -9999.0  -9999.0  -9999.0  -9999.0  -9999.0  -9999.0  -9999.0  -9999.0  -9999.0  -9999.0  0.593070025946  0.636958488235  0.691460284992  5.96536103335  6.55209053561  8.29017654651  0.463705059562  6.00968242097  6.69994140818  0.298838482587  0.605716142873  0.232248126277  37.4306477863  0.254872158199  0.689251063267  0.862119299745  1.02609583271  12.5916881855  13.1312396252  13.3083843348  0.177975205188  0.326768061806  0.461143459762  0.0813849983226  0.0737574834145  33.6329428864  33.7076264703  33.7675516225  34.3741219765  34.451395904  34.5489694162  34.6109167812  55.5546110362  55.6196533754  64.5473446098  0.0700685309012  0.082184298576  0.137321312439  930.868948493  931.126825018  932.265039982  932.319211321  0.0492834254065  0.0265090176398  0.88369198634  0.853210643634  0.0371540003709  0.106920372354  0.730791090986  0.450769419697  0.390260956312  0.105720605262  -9999.0  -9999.0  -9999.0  -9999.0  -9999.0
-9999.0  -9999.0  -9999.0  -9999.0  -9999.0  -9999.0  -9999.0  -9999.0  -9999.0  -9999.0  -9999.0  -9999.0  -9999.0  -9999.0  -9999.0  -9999.0  -9999.0  -9999.0  -9999.0  -9999.0  -9999.0  -9999.0  -9999.0  0.521455465361  1.22317243224  2.58278185634  5.34898575772  0.642390494981  1.21333998444  4.78571738136  5.23086382923  0.359101869417  9.18456156006  9.49007628129  36.6984326191  36.9488276651  0.228071623397  0.439439639687  1.91212818645  10.9318902365  11.4440437177  0.388578305656  0.183350785359  0.142848812466  29.6835221159  29.9366934768  30.1428313893  30.3504143206  33.5647228561  0.215682653621  34.3024233785  0.119980767106  0.0782502623143  0.139607906227  20.8079934289  20.8981057858  8.60833326578  8.85193463727  0.162964113889  0.0794914567761  0.090083954959  0.0800764971992  0.118097358503  0.0423861272997  979.184256433  979.305247048  1.13992797211  0.93236567161  0.0271686924153  1.15247017583  1.07079305613  0.884823809431  0.0758299102903  0.0936544565371  0.109265095123  -9999.0  -9999.0  -9999.0  -9999.0  -9999.0
-9999.0  -9999.0  -9999.0  -9999.0  -9999.0  -9999.0  -9999.0  -9999.0  -9999.0  -9999.0  -9999.0  -9999.0  -9999.0  -9999.0  -9999.0  -9999.0  -9999.0  -9999.0  -9999.0  -9999.0  -9999.0  -9999.0  -9999.0  -9999.0  0.788101596352  1.50826340118  2.14621457674  3.59594792346  4.18597636286  6.96557906385  8.1209009631  8.51993345231  8.86836504619  26.6676353626  26.9530339876  0.213881883582  1.50085459117  1.72439825262  8.61082194652  8.84248143823  0.327102600773  0.134108560049  28.9821058773  29.2881695996  29.4336727965  0.13728067275  2.8593543955  2.97774325655  3.10682965929  0.11164300332  0.0837378113705  0.0618609041753  0.0657251396361  20.5193745451  20.6102356136  0.0638555112418  8.54684973263  8.14409515313  8.08560330965  0.0627828505724  0.0650737312638  0.0909514286963  0.137716819346  46.5652829612  46.7957801236  980.536348821  0.119334446523  0.0405087847209  1.21592667826  0.0378138046804  0.22913186899  0.152872635584  0.070536953274  -9999.0  -9999.0  -9999.0  -9999.0  -9999.0  -9999.0  -9999.0
-9999.0  -9999.0  -9999.0  -9999.0  -9999.0  -9999.0  -9999.0  -9999.0  -9999.0  -9999.0  -9999.0  -9999.0  -9999.0  -9999.0  -9999.0  -9999.0  -9999.0  -9999.0  -9999.0  -9999.0  -9999.0  -9999.0  -9999.0  -9999.0  0.748011590441  2.2698584579  2.94981514801  4.36524219362  5.69477984726  6.37845481986  0.601359719872  6.88419500943  25.8510322184  26.3571153848  0.426882441303  0.778281190698  1.32327369204  8.16695030041  8.40065787208  19.1413770303  19.533467642  28.7566508808  28.8772320927  0.181775872154  2.36347061941  2.61584829791  2.7621795419  0.116204095507  17.9967987125  18.1035287316  18.422143031  19.7526785549  20.2691642327  20.3764831472  0.115068510994  0.199744908437  0.270663749018  6.89274933007  7.97366885116  0.738545253949  0.672522811592  0.0754131746359  0.0866259208827  46.37749581  0.188182124205  0.0893467766303  980.676878918  0.0186024920624  0.0177296891722  1.5245274914  0.28400348736  0.0579027768301  0.0475005395151  -9999.0  -9999.0  -9999.0  -9999.0  -9999.0  -9999.0  -9999.0
-9999.0  -9999.0  -9999.0  -9999.0  -9999.0  -9999.0  -9999.0  -9999.0  -9999.0  -9999.0  -9999.0  -9999.0  -9999.0  -9999.0  -9999.0  -9999.0  -9999.0  -9999.0  -9999.0  -9999.0  -9999.0  -9999.0  -9999.0  -9999.0  0.804529130924  0.772325331051  2.9637647356  3.65921676852  0.674797915392  5.63469279129  6.26238404878  0.598970729816  17.8324155161  0.571515635449  3.51766796608  7.53127849303  7.92509691868  17.5854661075  17.8542407501  18.9472517574  0.27251474162  9.07864304677  0.155858817042  0.277950509764  2.26521319257  0.141914487316  4.08602560139  17.7873097876  0.11462752861  0.239599192218  1.01176526193  0.153921604172  0.195434378826  0.133669801156  0.076531816821  6.20510378103  6.640522608  6.82558843128  0.264818108091  0.199949468435  0.3763257877  0.108061772766  46.1027879056  46.1679883349  0.11196761772  0.0451744599621  0.0181327050566  980.838206062  982.711335852  1.80543691051  0.2579865124  0.229985346224  0.120070227071  -9999.0  -9999.0  -9999.0  -9999.0  -9999.0  -9999.0  -9999.0
-9999.0  -9999.0  -9999.0  -9999.0  -9999.0  -9999.0  -9999.0  -9999.0  -9999.0  -9999.0  -9999.0  -9999.0  -9999.0  -9999.0  -9999.0  -9999.0  -9999.0  -9999.0  -9999.0  -9999.0  -9999.0  -9999.0  -9999.0  -9999.0  -9999.0  0.749122028352  0.78021489619  0.75738259011  4.27769128757  4.97871619062  7.94510855055  17.2900195297  0.62594120282  1.88095348188  2.46542595814  3.57285670344  0.935275934819  17.1841483241  0.402846159642  0.792511993733  8.57747980174  0.307898927254  1.33185122081  1.66291814737  0.19053824063  0.135864463012  3.99508576917  13.593015339  0.140868177333  0.514963278464  0.90631343466  0.164948904937  0.100158559935  5.60264791823  5.87183852994  0.190451560714  0.367636833036  0.0990191721726  0.178790152774  0.112986033261  0.0893584548785  0.07368390175  46.0443235263  0.196213059263  -9999.0  -9999.0  0.0446141457371  0.0788764738929  982.757859699  982.803238773  982.95350892  0.069239284824  -9999.0  -9999.0  -9999.0  -9999.0  -9999.0  -9999.0  -9999.0  -9999.0
-9999.0  -9999.0  -9999.0  -9999.0  -9999.0  -9999.0  -9999.0  -9999.0  -9999.0  -9999.0  -9999.0  -9999.0  -9999.0  -9999.0  -9999.0  -9999.0  -9999.0  -9999.0  -9999.0  -9999.0  -9999.0  -9999.0  -9999.0  -9999.0  -9999.0  -9999.0  0.695099699204  2.19030854488  2.84196996472  7.34727046731  2.67120070574  8.71809144855  5.44731566712  0.626118777439  1.86541270422  3.02305079692  0.500271734329  15.8293477664  6.00725739263  7.47546599128  0.810316666424  0.811284917828  0.29393545741  0.242796047396  3.59404552234  3.73231508484  13.1891314698  13.3193120722  0.250011593853  0.383553184303  0.104828267917  4.57758508928  5.10201478016  5.54128782703  0.20193431384  0.0942887437301  0.269105966157  0.094585743351  0.0717074266126  0.0593475065041  45.4141272847  45.6062974037  45.7138898246  0.132662951242  -9999.0  -9999.0  -9999.0  -9999.0  -9999.0  0.0133384891152  982.994120184  983.043475705  -9999.0  -9999.0  -9999.0  -9999.0  -9999.0  -9999.0  -9999.0  -9999.0
-9999.0  -9999.0  -9999.0  -9999.0  -9999.0  -9999.0  -9999.0  -9999.0  -9999.0  -9999.0  -9999.0  -9999.0  -9999.0  -9999.0  -9999.0  -9999.0  -9999.0  -9999.0  -9999.0  -9999.0  -9999.0  -9999.0  -9999.0  -9999.0  -9999.0  -9999.0  0.824510945428  0.766109104429  6.71347594262  0.676426438825  2.07005989174  3.49394344138  4.83497345916  0.671205447272  0.626659050778  0.588181748401  14.7399317918  15.3070987843  5.55257735738  1.05808294338  0.486060075298  0.483199566018  3.10549742327  3.43897424074  11.9626284876  12.466632603  12.9055948562  0.162367824747  0.129267661371  4.29776579018  4.38826647237  4.4941256219  0.453140058698  0.234074722749  0.109889245666  0.105612450089  0.0763902363709  0.637718407841  0.691688768398  45.2943427063  45.3543332757  0.137759114572  0.0519357116915  0.0666598374011  -9999.0  -9999.0  -9999.0  -9999.0  -9999.0  -9999.0  -9999.0  -9999.0  -9999.0  -9999.0  -9999.0  -9999.0  -9999.0  -9999.0  -9999.0  -9999.0
-9999.0  -9999.0  -9999.0  -9999.0  -9999.0  -9999.0  -9999.0  -9999.0  -9999.0  -9999.0  -9999.0  -9999.0  -9999.0  -9999.0  -9999.0  -9999.0  -9999.0  -9999.0  -9999.0  -9999.0  -9999.0  -9999.0  -9999.0  -9999.0  -9999.0  -9999.0  -9999.0  1.58698743744  5.2831698713  2.95621005273  0.703110198276  2.82914550191  0.678292176834  2.09474675364  2.65758866418  13.0482617287  14.2276708907  4.51310347431  5.04246255411  0.526725705616  2.23910387071  2.69071365829  7.55798358621  11.3861579329  11.7356425782  0.312056053995  0.240009011219  3.37064522139  3.80804538623  4.20473802358  0.127904791792  0.236581027766  0.353808465959  0.115261158724  0.260279164585  0.417163673907  0.486592138013  0.58492121417  0.0681157286847  44.4574445284  0.140650439551  0.0859754191697  -9999.0  -9999.0  -9999.0  -9999.0  -9999.0  -9999.0  -9999.0  -9999.0  -9999.0  -9999.0  -9999.0  -9999.0  -9999.0  -9999.0  -9999.0  -9999.0  -9999.0  -9999.0
-9999.0  -9999.0  -9999.0  -9999.0  -9999.0  -9999.0  -9999.0  -9999.0  -9999.0  -9999.0  -9999.0  -9999.0  -9999.0  -9999.0  -9999.0  -9999.0  -9999.0  -9999.0  -9999.0  -9999.0  -9999.0  -9999.0  -9999.0  -9999.0  -9999.0  -9999.0  -9999.0  0.814426361155  0.766741298381  1.43747511553  0.721948822914  1.41819810314  1.43415656947  7.954392945  8.54283231177  1.2921333931  0.616047813264  3.97120753007  1.17729678406  1.76693472145  6.25007103935  6.71719078472  7.18221488021  3.44782736558  1.28585801729  1.98528610932  2.58793656695  3.22925623461  0.306172423261  0.206244703046  26.1158634816  26.2721986102  26.3870821745  0.0970631007166  0.174418321735  0.0916779326329  0.0691288039163  42.4934168317  43.0745061861  1.03255520669  0.868681877362  0.0839328205563  -9999.0  -9999.0  -9999.0  -9999.0  -9999.0  -9999.0  -9999.0  -9999.0  -9999.0  -9999.0  -9999.0  -9999.0  -9999.0  -9999.0  -9999.0  -9999.0  -9999.0  -9999.0
-9999.0  -9999.0  -9999.0  -9999.0  -9999.0  -9999.0  -9999.0  -9999.0  -9999.0  -9999.0  -9999.0  -9999.0  -9999.0  -9999.0  -9999.0  -9999.0  -9999.0  -9999.0  -9999.0  -9999.0  -9999.0  -9999.0  -9999.0  -9999.0  -9999.0  -9999.0  -9999.0  -9999.0  -9999.0  0.652200477121  0.681165438604  0.741450273659  2.96064472411  7.29486576074  3.64067707117  0.666220499893  2.7242921389  3.36548029127  0.582660887101  5.26298788246  5.7617512814  1.5959946664  2.52722524503  0.476454504993  0.848942243095  0.367142368886  0.302335147256  0.298730185647  25.5506816155  25.7933883424  25.9814309659  0.944849069463  27.5212377087  27.6862109776  27.8224180203  27.9562384261  28.1724350765  42.4296007684  42.6416543902  0.340174344658  0.774041232293  0.207123941458  -9999.0  -9999.0  -9999.0  -9999.0  -9999.0  -9999.0  -9999.0  -9999.0  -9999.0  -9999.0  -9999.0  -9999.0  -9999.0  -9999.0  -9999.0  -9999.0  -9999.0  -9999.0
-9999.0  -9999.0  -9999.0  -9999.0  -9999.0  -9999.0  -9999.0  -9999.0  -9999.0  -9999.0  -9999.0  -9999.0  -9999.0  -9999.0  -9999.0  -9999.0  -9999.0  -9999.0  -9999.0  -9999.0  -9999.0  -9999.0  -9999.0  -9999.0  -9999.0  -9999.0  -9999.0  -9999.0  -9999.0  -9999.0  -9999.0  0.753916573698  1.53590745933  1.52138005569  1.48290455124  1.44052351558  2.12621628128  3.48475074253  4.07709241239  4.71295869846  0.551114123592  1.11495971425  0.4849230248  0.43292812571  15.960986416  19.3157580427  20.0349747733  20.3780969978  25.316234307  0.282205138845  0.516052272525  0.793553218492  4.51716636601  4.68583686022  4.82817620584  10.6703905132  13.0074476528  14.1111296769  0.191676208917  0.183842701624  0.47101931596  0.117627979646  -9999.0  -9999.0  -9999.0  -9999.0  -9999.0  -9999.0  -9999.0  -9999.0  -9999.0  -9999.0  -9999.0  -9999.0  -9999.0  -9999.0  -9999.0  -9999.0  -9999.0  -9999.0
-9999.0  -9999.0  -9999.0  -9999.0  -9999.0  -9999.0  -9999.0  -9999.0  -9999.0  -9999.0  -9999.0  -9999.0  -9999.0  -9999.0  -9999.0  -9999.0  -9999.0  -9999.0  -9999.0  -9999.0  -9999.0  -9999.0  -9999.0  -9999.0  -9999.0  -9999.0  -9999.0  -9999.0  -9999.0  -9999.0  -9999.0  -9999.0  0.780249858302  0.776133547715  0.749986364108  0.725746176143  1.44334470053  2.82644672602  2.67616854339  3.26813410168  3.77397336886  8.69305788127  9.16381736098  15.2794850095  15.6683987203  3.04975264811  0.361945049748  4.30045773645  4.61732113236  1.80743697703  3.48984312712  4.08141130448  4.33476543168  0.221080663922  5.72025261725  11.1434832403  12.8981037108  0.194299281584  0.759182679524  0.134176674813  0.360350422988  -9999.0  -9999.0  -9999.0  -9999.0  -9999.0  -9999.0  -9999.0  -9999.0  -9999.0  -9999.0  -9999.0  -9999.0  -9999.0  -9999.0  -9999.0  -9999.0  -9999.0  -9999.0  -9999.0
-9999.0  -9999.0  -9999.0  -9999.0  -9999.0  -9999.0  -9999.0  -9999.0  -9999.0  -9999.0  -9999.0  -9999.0  -9999.0  -9999.0  -9999.0  -9999.0  -9999.0  -9999.0  -9999.0  -9999.0  -9999.0  -9999.0  -9999.0  -9999.0  -9999.0  -9999.0  -9999.0  -9999.0  -9999.0  -9999.0  -9999.0  -9999.0  -9999.0  -9999.0  -9999.0  0.766442542659  0.708750413596  0.703228506895  2.05276103825  1.94765865604  3.79876302026  4.41544622397  0.553064910188  5.62782669597  2.19340197062  2.66509523312  2.71127862172  3.972647744  1.13089426955  0.363503251171  1.44639907945  0.343853262895  3.10914576366  3.70402594929  5.31263379672  0.254813968425  1.0087613205  0.357205677607  0.428144905801  0.130742082939  0.246902138664  -9999.0  -9999.0  -9999.0  -9999.0  -9999.0  -9999.0  -9999.0  -9999.0  -9999.0  -9999.0  -9999.0  -9999.0  -9999.0  -9999.0  -9999.0  -9999.0  -9999.0  -9999.0  -9999.0
-9999.0  -9999.0  -9999.0  -9999.0  -9999.0  -9999.0  -9999.0  -9999.0  -9999.0  -9999.0  -9999.0  -9999.0  -9999.0  -9999.0  -9999.0  -9999.0  -9999.0  -9999.0  -9999.0  -9999.0  -9999.0  -9999.0  -9999.0  -9999.0  -9999.0  -9999.0  -9999.0  -9999.0  -9999.0  -9999.0  -9999.0  -9999.0  -9999.0  -9999.0  -9999.0  -9999.0  -9999.0  0.692714248537  0.645274021539  1.30575647385  1.26648732363  3.3124486659  4.49646489509  1.19151542673  1.6945290632  1.42752416273  2.31715312309  0.862063881511  0.796225882573  0.789122659548  0.339891177152  1.83726371532  2.82607373008  0.320074501897  1.32714756109  0.494704665721  0.275983146327  0.145797152085  0.136775780888  0.145033236104  -9999.0  -9999.0  -9999.0  -9999.0  -9999.0  -9999.0  -9999.0  -9999.0  -9999.0  -9999.0  -9999.0  -9999.0  -9999.0  -9999.0  -9999.0  -9999.0  -9999.0  -9999.0  -9999.0  -9999.0
-9999.0  -9999.0  -9999.0  -9999.0  -9999.0  -9999.0  -9999.0  -9999.0  -9999.0  -9999.0  -9999.0  -9999.0  -9999.0  -9999.0  -9999.0  -9999.0  -9999.0  -9999.0  -9999.0  -9999.0  -9999.0  -9999.0  -9999.0  -9999.0  -9999.0  -9999.0  -9999.0  -9999.0  -9999.0  -9999.0  -9999.0  -9999.0  -9999.0  -9999.0  -9999.0  -9999.0  -9999.0  -9999.0  -9999.0  0.657361672097  1.3801363558  2.70352182352  0.615629521435  0.611358160639  0.487762207484  0.989597280358  0.457956207743  0.437294327635  0.418670619662  0.415165584449  0.772273160764  1.52610064912  0.702233047346  0.720383632159  1.03897040331  0.252879756359  0.134852629177  -9999.0  -9999.0  -9999.0  -9999.0  -9999.0  -9999.0  -9999.0  -9999.0  -9999.0  -9999.0  -9999.0  -9999.0  -9999.0  -9999.0  -9999.0  -9999.0  -9999.0  -9999.0  -9999.0  -9999.0  -9999.0  -9999.0  -9999.0
-9999.0  -9999.0  -9999.0  -9999.0  -9999.0  -9999.0  -9999.0  -9999.0  -9999.0  -9999.0  -9999.0  -9999.0  -9999.0  -9999.0  -9999.0  -9999.0  -9999.0  -9999.0  -9999.0  -9999.0  -9999.0  -9999.0  -9999.0  -9999.0  -9999.0  -9999.0  -9999.0  -9999.0  -9999.0  -9999.0  -9999.0  -9999.0  -9999.0  -9999.0  -9999.0  -9999.0  -9999.0  -9999.0  -9999.0  -9999.0  0.686382942466  0.652523985686  -9999.0  -9999.0  -9999.0  -9999.0  -9999.0  -9999.0  -9999.0  -9999.0  0.391383842819  0.37176454196  0.33119690416  0.33995064079  -9999.0  -9999.0  -9999.0  -9999.0  -9999.0  -9999.0  -9999.0  -9999.0  -9999.0  -9999.0  -9999.0  -9999.0  -9999.0  -9999.0  -9999.0  -9999.0  -9999.0  -9999.0  -9999.0  -9999.0  -9999.0  -9999.0  -9999.0  -9999.0  -9999.0  -9999.0
-9999.0  -9999.0  -9999.0  -9999.0  -9999.0  -9999.0  -9999.0  -9999.0  -9999.0  -9999.0  -9999.0  -9999.0  -9999.0  -9999.0  -9999.0  -9999.0  -9999.0  -9999.0  -9999.0  -9999.0  -9999.0  -9999.0  -9999.0  -9999.0  -9999.0  -9999.0  -9999.0  -9999.0  -9999.0  -9999.0  -9999.0  -9999.0  -9999.0  -9999.0  -9999.0  -9999.0  -9999.0  -9999.0  -9999.0  -9999.0  -9999.0  -9999.0  -9999.0  -9999.0  -9999.0  -9999.0  -9999.0  -9999.0  -9999.0  -9999.0  -9999.0  -9999.0  -9999.0  -9999.0  -9999.0  -9999.0  -9999.0  -9999.0  -9999.0  -9999.0  -9999.0  -9999.0  -9999.0  -9999.0  -9999.0  -9999.0  -9999.0  -9999.0  -9999.0  -9999.0  -9999.0  -9999.0  -9999.0  -9999.0  -9999.0  -9999.0  -9999.0  -9999.0  -9999.0  -9999.0
-9999.0  -9999.0  -9999.0  -9999.0  -9999.0  -9999.0  -9999.0  -9999.0  -9999.0  -9999.0  -9999.0  -9999.0  -9999.0  -9999.0  -9999.0  -9999.0  -9999.0  -9999.0  -9999.0  -9999.0  -9999.0  -9999.0  -9999.0  -9999.0  -9999.0  -9999.0  -9999.0  -9999.0  -9999.0  -9999.0  -9999.0  -9999.0  -9999.0  -9999.0  -9999.0  -9999.0  -9999.0  -9999.0  -9999.0  -9999.0  -9999.0  -9999.0  -9999.0  -9999.0  -9999.0  -9999.0  -9999.0  -9999.0  -9999.0  -9999.0  -9999.0  -9999.0  -9999.0  -9999.0  -9999.0  -9999.0  -9999.0  -9999.0  -9999.0  -9999.0  -9999.0  -9999.0  -9999.0  -9999.0  -9999.0  -9999.0  -9999.0  -9999.0  -9999.0  -9999.0  -9999.0  -9999.0  -9999.0  -9999.0  -9999.0  -9999.0  -9999.0  -9999.0  -9999.0  -9999.0
-9999.0  -9999.0  -9999.0  -9999.0  -9999.0  -9999.0  -9999.0  -9999.0  -9999.0  -9999.0  -9999.0  -9999.0  -9999.0  -9999.0  -9999.0  -9999.0  -9999.0  -9999.0  -9999.0  -9999.0  -9999.0  -9999.0  -9999.0  -9999.0  -9999.0  -9999.0  -9999.0  -9999.0  -9999.0  -9999.0  -9999.0  -9999.0  -9999.0  -9999.0  -9999.0  -9999.0  -9999.0  -9999.0  -9999.0  -9999.0  -9999.0  -9999.0  -9999.0  -9999.0  -9999.0  -9999.0  -9999.0  -9999.0  -9999.0  -9999.0  -9999.0  -9999.0  -9999.0  -9999.0  -9999.0  -9999.0  -9999.0  -9999.0  -9999.0  -9999.0  -9999.0  -9999.0  -9999.0  -9999.0  -9999.0  -9999.0  -9999.0  -9999.0  -9999.0  -9999.0  -9999.0  -9999.0  -9999.0  -9999.0  -9999.0  -9999.0  -9999.0  -9999.0  -9999.0  -9999.0
-9999.0  -9999.0  -9999.0  -9999.0  -9999.0  -9999.0  -9999.0  -9999.0  -9999.0  -9999.0  -9999.0  -9999.0  -9999.0  -9999.0  -9999.0  -9999.0  -9999.0  -9999.0  -9999.0  -9999.0  -9999.0  -9999.0  -9999.0  -9999.0  -9999.0  -9999.0  -9999.0  -9999.0  -9999.0  -9999.0  -9999.0  -9999.0  -9999.0  -9999.0  -9999.0  -9999.0  -9999.0  -9999.0  -9999.0  -9999.0  -9999.0  -9999.0  -9999.0  -9999.0  -9999.0  -9999.0  -9999.0  -9999.0  -9999.0  -9999.0  -9999.0  -9999.0  -9999.0  -9999.0  -9999.0  -9999.0  -9999.0  -9999.0  -9999.0  -9999.0  -9999.0  -9999.0  -9999.0  -9999.0  -9999.0  -9999.0  -9999.0  -9999.0  -9999.0  -9999.0  -9999.0  -9999.0  -9999.0  -9999.0  -9999.0  -9999.0  -9999.0  -9999.0  -9999.0  -9999.0
-9999.0  -9999.0  -9999.0  -9999.0  -9999.0  -9999.0  -9999.0  -9999.0  -9999.0  -9999.0  -9999.0  -9999.0  -9999.0  -9999.0  -9999.0  -9999.0  -9999.0  -9999.0  -9999.0  -9999.0  -9999.0  -9999.0  -9999.0  -9999.0  -9999.0  -9999.0  -9999.0  -9999.0  -9999.0  -9999.0  -9999.0  -9999.0  -9999.0  -9999.0  -9999.0  -9999.0  -9999.0  -9999.0  -9999.0  -9999.0  -9999.0  -9999.0  -9999.0  -9999.0  -9999.0  -9999.0  -9999.0  -9999.0  -9999.0  -9999.0  -9999.0  -9999.0  -9999.0  -9999.0  -9999.0  -9999.0  -9999.0  -9999.0  -9999.0  -9999.0  -9999.0  -9999.0  -9999.0  -9999.0  -9999.0  -9999.0  -9999.0  -9999.0  -9999.0  -9999.0  -9999.0  -9999.0  -9999.0  -9999.0  -9999.0  -9999.0  -9999.0  -9999.0  -9999.0  -9999.0
-9999.0  -9999.0  -9999.0  -9999.0  -9999.0  -9999.0  -9999.0  -9999.0  -9999.0  -9999.0  -9999.0  -9999.0  -9999.0  -9999.0  -9999.0  -9999.0  -9999.0  -9999.0  -9999.0  -9999.0  -9999.0  -9999.0  -9999.0  -9999.0  -9999.0  -9999.0  -9999.0  -9999.0  -9999.0  -9999.0  -9999.0  -9999.0  -9999.0  -9999.0  -9999.0  -9999.0  -9999.0  -9999.0  -9999.0  -9999.0  -9999.0  -9999.0  -9999.0  -9999.0  -9999.0  -9999.0  -9999.0  -9999.0  -9999.0  -9999.0  -9999.0  -9999.0  -9999.0  -9999.0  -9999.0  -9999.0  -9999.0  -9999.0  -9999.0  -9999.0  -9999.0  -9999.0  -9999.0  -9999.0  -9999.0  -9999.0  -9999.0  -9999.0  -9999.0  -9999.0  -9999.0  -9999.0  -9999.0  -9999.0  -9999.0  -9999.0  -9999.0  -9999.0  -9999.0  -9999.0
