ncols                  80
nrows                 72
xllcorner      4374000.0
yllcorner      5656000.0
cellsize            500
NODATA_value       -9999
-9999.0  -9999.0  -9999.0  -9999.0  -9999.0  -9999.0  -9999.0  -9999.0  -9999.0  -9999.0  -9999.0  -9999.0  0.719413022191  0.815850336476  -9999.0  -9999.0  -9999.0  -9999.0  -9999.0  -9999.0  -9999.0  -9999.0  -9999.0  -9999.0  -9999.0  -9999.0  -9999.0  -9999.0  -9999.0  -9999.0  -9999.0  -9999.0  -9999.0  -9999.0  -9999.0  -9999.0  -9999.0  -9999.0  -9999.0  -9999.0  -9999.0  -9999.0  -9999.0  -9999.0  -9999.0  -9999.0  -9999.0  -9999.0  -9999.0  -9999.0  -9999.0  -9999.0  -9999.0  -9999.0  -9999.0  -9999.0  -9999.0  -9999.0  -9999.0  -9999.0  -9999.0  -9999.0  -9999.0  -9999.0  -9999.0  -9999.0  -9999.0  -9999.0  -9999.0  -9999.0  -9999.0  -9999.0  -9999.0  -9999.0  -9999.0  -9999.0  -9999.0  -9999.0  -9999.0  -9999.0
-9999.0  -9999.0  -9999.0  -9999.0  -9999.0  -9999.0  -9999.0  -9999.0  -9999.0  -9999.0  -9999.0  -9999.0  1.3966635527  3.59709918921  0.690750132885  -9999.0  0.64321003288  -9999.0  -9999.0  -9999.0  -9999.0  -9999.0  -9999.0  -9999.0  -9999.0  -9999.0  -9999.0  -9999.0  -9999.0  -9999.0  -9999.0  -9999.0  -9999.0  -9999.0  -9999.0  -9999.0  -9999.0  -9999.0  -9999.0  -9999.0  -9999.0  -9999.0  -9999.0  -9999.0  -9999.0  -9999.0  -9999.0  -9999.0  -9999.0  -9999.0  -9999.0  -9999.0  -9999.0  -9999.0  -9999.0  -9999.0  -9999.0  -9999.0  -9999.0  -9999.0  -9999.0  -9999.0  -9999.0  -9999.0  -9999.0  -9999.0  -9999.0  -9999.0  -9999.0  -9999.0  -9999.0  -9999.0  -9999.0  -9999.0  -9999.0  -9999.0  -9999.0  -9999.0  -9999.0  -9999.0
-9999.0  -9999.0  -9999.0  -9999.0  -9999.0  -9999.0  -9999.0  -9999.0  -9999.0  -9999.0  0.608375046828  0.578879863664  0.626162005066  0.620941558179  4.73154763468  5.3662860615  1.7983139543  0.574601531015  -9999.0  -9999.0  -9999.0  -9999.0  -9999.0  -9999.0  -9999.0  -9999.0  -9999.0  -9999.0  -9999.0  -9999.0  -9999.0  -9999.0  -9999.0  -9999.0  -9999.0  -9999.0  -9999.0  -9999.0  -9999.0  -9999.0  -9999.0  -9999.0  -9999.0  -9999.0  -9999.0  -9999.0  -9999.0  -9999.0  -9999.0  -9999.0  -9999.0  -9999.0  -9999.0  -9999.0  -9999.0  -9999.0  -9999.0  -9999.0  -9999.0  -9999.0  -9999.0  -9999.0  -9999.0  -9999.0  -9999.0  -9999.0  -9999.0  -9999.0  -9999.0  -9999.0  -9999.0  -9999.0  -9999.0  -9999.0  -9999.0  -9999.0  -9999.0  -9999.0  -9999.0  -9999.0
-9999.0  -9999.0  -9999.0  -9999.0  -9999.0  -9999.0  -9999.0  -9999.0  -9999.0  0.572199557222  1.18932787063  2.35884672723  1.19049346489  0.572057106314  1.11928078902  5.89093708893  8.99135251128  0.645698468722  -9999.0  0.596011794617  -9999.0  -9999.0  -9999.0  -9999.0  1.23729565529  0.628710266784  -9999.0  -9999.0  -9999.0  -9999.0  -9999.0  -9999.0  -9999.0  -9999.0  -9999.0  -9999.0  -9999.0  -9999.0  -9999.0  -9999.0  -9999.0  -9999.0  -9999.0  -9999.0  -9999.0  -9999.0  -9999.0  -9999.0  -9999.0  -9999.0  -9999.0  -9999.0  -9999.0  -9999.0  -9999.0  -9999.0  -9999.0  -9999.0  -9999.0  -9999.0  -9999.0  -9999.0  -9999.0  -9999.0  -9999.0  -9999.0  -9999.0  -9999.0  -9999.0  -9999.0  -9999.0  -9999.0  -9999.0  -9999.0  -9999.0  -9999.0  -9999.0  -9999.0  -9999.0  -9999.0
-9999.0  -9999.0  -9999.0  -9999.0  -9999.0  -9999.0  -9999.0  -9999.0  0.691992345937  1.89172666328  2.4469404738  3.01043291015  4.09602183628  0.521189330172  2.12667941229  2.62634708592  12.7729145154  0.524060520371  0.445191113132  1.0947675793  1.57897248252  0.512542201259  -9999.0  3.20342539554  2.6154589899  0.709318085069  -9999.0  -9999.0  -9999.0  -9999.0  -9999.0  -9999.0  -9999.0  -9999.0  -9999.0  -9999.0  -9999.0  -9999.0  -9999.0  -9999.0  -9999.0  -9999.0  -9999.0  -9999.0  -9999.0  -9999.0  -9999.0  -9999.0  -9999.0  -9999.0  -9999.0  -9999.0  -9999.0  -9999.0  -9999.0  -9999.0  -9999.0  -9999.0  -9999.0  -9999.0  -9999.0  -9999.0  -9999.0  -9999.0  -9999.0  -9999.0  -9999.0  -9999.0  -9999.0  -9999.0  -9999.0  -9999.0  -9999.0  -9999.0  -9999.0  -9999.0  -9999.0  -9999.0  -9999.0  -9999.0
-9999.0  -9999.0  -9999.0  -9999.0  -9999.0  -9999.0  0.667790857162  0.585273898194  0.568274211748  0.584533136237  0.606767484103  4.24513505324  8.92232821565  9.48724821319  9.91201565256  0.402746965228  13.6834868741  14.1422591345  0.986725120403  0.493478268912  2.05149108784  3.55140284668  0.529854700494  4.8366549572  0.505857240512  0.538085216736  0.525416870131  -9999.0  -9999.0  -9999.0  -9999.0  -9999.0  -9999.0  -9999.0  -9999.0  -9999.0  -9999.0  -9999.0  -9999.0  -9999.0  -9999.0  -9999.0  -9999.0  -9999.0  -9999.0  -9999.0  -9999.0  -9999.0  -9999.0  -9999.0  -9999.0  -9999.0  -9999.0  -9999.0  -9999.0  -9999.0  -9999.0  -9999.0  -9999.0  -9999.0  -9999.0  -9999.0  -9999.0  -9999.0  -9999.0  -9999.0  -9999.0  -9999.0  -9999.0  -9999.0  -9999.0  -9999.0  -9999.0  -9999.0  -9999.0  -9999.0  -9999.0  -9999.0  -9999.0  -9999.0
-9999.0  -9999.0  -9999.0  -9999.0  -9999.0  -9999.0  1.35041504448  1.98144194826  4.43585027309  6.11990229942  0.514811379528  0.543480470753  0.517774051941  1.54556736904  11.9075861735  0.391061162377  14.5893522742  16.6809861641  1.60439364986  0.923502066789  3.99157680763  0.488237948669  5.31059426014  0.927125030431  0.459910753457  0.978769018913  1.04189726456  0.542631412249  0.564470353906  0.541925885018  0.60449017405  1.20698594607  -9999.0  -9999.0  -9999.0  -9999.0  -9999.0  -9999.0  -9999.0  -9999.0  -9999.0  -9999.0  -9999.0  -9999.0  -9999.0  -9999.0  -9999.0  -9999.0  -9999.0  -9999.0  -9999.0  -9999.0  -9999.0  -9999.0  -9999.0  -9999.0  -9999.0  -9999.0  -9999.0  -9999.0  -9999.0  -9999.0  -9999.0  -9999.0  -9999.0  -9999.0  -9999.0  -9999.0  -9999.0  -9999.0  -9999.0  -9999.0  -9999.0  -9999.0  -9999.0  -9999.0  -9999.0  -9999.0  -9999.0  -9999.0
-9999.0  -9999.0  -9999.0  -9999.0  -9999.0  0.755552746878  1.45316308051  0.69117168859  1.32806916954  6.77396002196  7.90506758415  9.02293663234  30.1229248687  0.54098454534  12.4033230678  46.8041644493  47.2319546365  64.7291609552  0.524197926654  1.36680296177  4.43466654466  0.437525733579  10.612068091  4.84411887711  2.97872069273  2.5072890019  0.505012076609  1.60432096382  1.6266791373  1.08072832027  0.524944675255  1.75349819915  0.522491577584  0.509736590759  -9999.0  -9999.0  -9999.0  -9999.0  -9999.0  -9999.0  -9999.0  -9999.0  -9999.0  -9999.0  -9999.0  -9999.0  -9999.0  -9999.0  -9999.0  -9999.0  -9999.0  -9999.0  -9999.0  -9999.0  -9999.0  -9999.0  -9999.0  -9999.0  -9999.0  -9999.0  -9999.0  -9999.0  -9999.0  -9999.0  -9999.0  -9999.0  -9999.0  -9999.0  -9999.0  -9999.0  -9999.0  -9999.0  -9999.0  -9999.0  -9999.0  -9999.0  -9999.0  -9999.0  -9999.0  -9999.0
-9999.0  -9999.0  -9999.0  -9999.0  -9999.0  0.763270671568  2.21419771411  4.38832909721  5.05189059486  10.0121176086  10.6218453472  12.5679627344  20.5992145004  31.9346649588  33.0372103234  33.549357485  0.894951731742  66.4587188299  67.4620567906  69.8125999049  86.654141436  11.9733889826  11.0938370521  3.45077172075  0.460945566702  2.98005682464  2.05194223931  0.425540050511  2.09596187315  0.478774881518  1.08767019511  2.82025859  3.31531641406  0.993230437182  0.481492471526  0.469193021018  -9999.0  -9999.0  -9999.0  -9999.0  0.610730405379  0.553280156748  -9999.0  -9999.0  -9999.0  -9999.0  -9999.0  -9999.0  -9999.0  -9999.0  -9999.0  -9999.0  -9999.0  -9999.0  -9999.0  -9999.0  -9999.0  -9999.0  -9999.0  -9999.0  -9999.0  -9999.0  -9999.0  -9999.0  -9999.0  -9999.0  -9999.0  -9999.0  -9999.0  -9999.0  -9999.0  -9999.0  -9999.0  -9999.0  -9999.0  -9999.0  -9999.0  -9999.0  -9999.0  -9999.0
-9999.0  -9999.0  -9999.0  -9999.0  -9999.0  0.734169253087  0.698484742841  2.93528188407  3.61740826862  4.32533436635  0.666577094312  1.31296090017  7.56625048809  1.44178104603  0.61098817358  0.532187600599  0.467359547997  0.617810112537  0.609557842782  0.525174047107  87.1219077263  88.4377161366  0.431277427043  1.33868550818  0.916337284353  3.4154291806  0.862296786035  0.410049149305  2.571862934  0.960012215169  2.41533695668  5.67550971345  5.26676013696  1.46362558756  1.40467079299  0.489689684265  0.479484103669  -9999.0  -9999.0  0.470680464655  1.23570681944  2.94530486881  0.582655528598  -9999.0  -9999.0  -9999.0  -9999.0  -9999.0  -9999.0  -9999.0  -9999.0  -9999.0  -9999.0  -9999.0  -9999.0  -9999.0  -9999.0  -9999.0  -9999.0  -9999.0  -9999.0  -9999.0  -9999.0  -9999.0  -9999.0  -9999.0  -9999.0  -9999.0  -9999.0  -9999.0  -9999.0  -9999.0  -9999.0  -9999.0  -9999.0  -9999.0  -9999.0  -9999.0  -9999.0  -9999.0
-9999.0  -9999.0  -9999.0  -9999.0  -9999.0  -9999.0  0.775524499796  0.774848274584  1.46549601808  2.17370012463  4.90815229607  6.26362244563  6.98366986789  0.815571303907  0.526276130442  7.31707570724  8.8910666169  9.37081773375  11.4153819919  11.8705653467  0.453841086221  88.8968055917  91.0443139286  1.70308351011  0.268661471556  3.77429209031  8.38906365224  3.37610872755  0.821711672222  0.416289711015  8.92799548458  6.11292037543  0.415147223257  0.416252962864  1.83177106706  1.41663607932  0.43682039618  0.411532731738  0.454849836409  0.913216255575  0.430124807234  3.59050239279  3.99004551744  0.368998670542  -9999.0  -9999.0  -9999.0  -9999.0  0.41504763105  0.388726617469  0.124363840932  -9999.0  -9999.0  -9999.0  -9999.0  -9999.0  -9999.0  -9999.0  -9999.0  -9999.0  -9999.0  -9999.0  -9999.0  -9999.0  -9999.0  -9999.0  -9999.0  -9999.0  -9999.0  -9999.0  -9999.0  -9999.0  -9999.0  -9999.0  -9999.0  -9999.0  -9999.0  -9999.0  -9999.0  -9999.0
-9999.0  -9999.0  -9999.0  -9999.0  -9999.0  -9999.0  -9999.0  0.743580400692  0.647648721921  1.38175189296  2.09627577056  0.682020247385  0.674968399657  3.96207562212  5.11247855477  6.29740420674  0.554340155679  1.06282459579  0.532945849894  12.3491761181  27.5847996388  28.1828945123  120.216814188  0.426455633225  0.774035624681  0.236855607686  8.77773664263  0.404642317261  1.24516976457  0.408205417345  9.33690284033  9.74698222928  0.83586545604  0.828354896443  4.59338748906  2.30770389738  0.855521671393  0.442817510554  0.905651824468  1.35652587211  2.18784121212  0.392314083312  4.72793180039  5.09506583421  0.335497179091  0.359200357725  0.367158444231  0.334637143977  0.317928867555  1.13848343482  0.443762623247  0.272063952768  -9999.0  -9999.0  -9999.0  -9999.0  -9999.0  -9999.0  -9999.0  -9999.0  -9999.0  -9999.0  -9999.0  -9999.0  -9999.0  -9999.0  -9999.0  -9999.0  -9999.0  -9999.0  -9999.0  -9999.0  -9999.0  -9999.0  -9999.0  -9999.0  -9999.0  -9999.0  -9999.0  -9999.0
-9999.0  -9999.0  -9999.0  -9999.0  -9999.0  -9999.0  -9999.0  -9999.0  1.4419904026  2.03309492338  0.671726725653  1.37698428815  2.0123741055  3.35900313604  0.636641005753  0.604637625309  0.502522393417  0.508347325502  0.4535790654  14.2633584123  0.537498225228  1.03706168395  121.929050009  123.102339252  0.433654757292  1.63500342634  10.7836882681  0.79330831406  1.60617470161  0.740835114914  1.09763003441  11.3108761763  1.20671930649  6.58203428701  5.39673599004  0.416880405169  2.13484362727  0.867128186192  1.31295912736  0.402364024575  2.57049616551  3.32736893933  3.6584533354  3.97393160773  6.3824999615  0.650481646315  0.67148798037  0.61948598803  0.585345621985  1.42915007339  0.289499307715  1.01231718686  1.27945854369  -9999.0  -9999.0  -9999.0  -9999.0  -9999.0  -9999.0  -9999.0  -9999.0  -9999.0  -9999.0  -9999.0  -9999.0  -9999.0  -9999.0  -9999.0  -9999.0  -9999.0  -9999.0  -9999.0  -9999.0  -9999.0  -9999.0  -9999.0  -9999.0  -9999.0  -9999.0  -9999.0
-9999.0  -9999.0  -9999.0  -9999.0  -9999.0  -9999.0  -9999.0  -9999.0  0.737448241813  3.48009410113  4.1264088057  0.645409763309  1.25350537245  0.605915914745  0.544950124393  0.534317129958  6.81423240797  9.00661584718  11.2412047424  13.6277938436  0.580804174387  0.515313307804  0.50240615297  125.661619329  127.091157541  127.595694144  14.4167336321  3.17059981362  2.76706497634  0.33680181913  1.43316619315  13.0921326027  0.344838734628  6.93409391522  0.396078913115  2.83233957572  2.57276761445  0.41608253006  1.71865875106  0.804468040111  1.19557936838  0.359326885634  0.304613268434  4.2858444562  4.57547891085  6.67142707689  0.973827298607  0.909300536235  0.863703122029  1.73398408587  2.31852781296  0.291354727094  1.5602952662  0.302020912607  0.574797478661  0.280466487378  -9999.0  -9999.0  -9999.0  -9999.0  -9999.0  -9999.0  -9999.0  -9999.0  -9999.0  -9999.0  -9999.0  -9999.0  -9999.0  -9999.0  -9999.0  -9999.0  -9999.0  -9999.0  -9999.0  -9999.0  -9999.0  -9999.0  -9999.0  -9999.0
-9999.0  -9999.0  -9999.0  -9999.0  -9999.0  -9999.0  -9999.0  -9999.0  -9999.0  0.75265039039  4.81783650602  5.43975750463  1.85974334454  3.0647811103  4.16112114875  4.71614038248  0.576999856868  1.68572622738  1.13174179087  0.599878756463  0.571780629958  0.497833827006  0.970138431538  1.658588817  0.634536824114  143.195882416  143.638471308  0.411470221885  0.314025996035  0.685172243365  1.02682932077  14.1116614843  0.680969553144  7.24465641101  4.29488170623  3.56302936971  0.390402933183  0.795254213013  2.08510377078  0.365767718889  1.54966094381  0.706158424903  0.477493030102  0.170987636912  5.2065265869  12.1310038445  1.20887166382  1.1472449969  1.12133107174  0.256994116772  2.57303956009  0.248917252916  2.10236783076  0.272830391053  0.848916589401  1.34973620012  0.187956987976  0.191058770291  0.20796167737  0.210678256293  0.169533141116  -9999.0  -9999.0  0.0933593891588  0.0345492365077  -9999.0  -9999.0  -9999.0  -9999.0  -9999.0  -9999.0  -9999.0  -9999.0  -9999.0  -9999.0  -9999.0  -9999.0  -9999.0  -9999.0  -9999.0
-9999.0  -9999.0  -9999.0  -9999.0  -9999.0  -9999.0  -9999.0  -9999.0  -9999.0  -9999.0  0.632071856142  6.71029828723  0.598857903181  1.19168185954  1.71739180869  2.74031053131  0.520806284406  1.09049878007  0.536213109452  0.490437472753  0.459698927122  0.90667435426  0.406416971068  0.447385858818  0.920257819098  0.539948773088  144.182325624  145.078717221  146.286440749  1.37146940433  0.349144422866  0.696005626835  14.4751966426  13.2593990186  5.04401121578  0.370293054284  1.55806232014  1.17408430728  2.45267240039  0.730968782604  2.97264934585  1.06015569206  0.757813652025  0.118099874823  0.188311539306  12.4311397498  12.7138376016  15.318617902  1.92425680057  0.529627195683  2.84683495535  3.36276947435  5.70863633838  0.536815123493  0.252143239644  1.5651283145  1.93844245298  0.185543524479  0.356035713344  0.584072456475  0.334325106742  0.165287299969  0.16049410188  0.165483234026  0.0697120729502  0.0327366979607  -9999.0  -9999.0  -9999.0  -9999.0  -9999.0  -9999.0  -9999.0  -9999.0  -9999.0  -9999.0  -9999.0  -9999.0  -9999.0  -9999.0
-9999.0  -9999.0  -9999.0  -9999.0  -9999.0  -9999.0  -9999.0  -9999.0  -9999.0  -9999.0  -9999.0  0.389385693523  7.55277837119  0.631034067714  1.14202298199  4.87797317812  0.508821609771  0.501161328023  0.439470448684  0.9612401023  0.481651179628  1.8600080553  2.6698337601  3.03650084122  1.26796809822  1.63538110583  0.42210355285  0.485865720615  0.501656546024  148.550824468  149.643970232  14.7862556053  13.8889248646  13.5776304177  0.641276379929  0.31137833197  1.90079268447  5.04361951761  2.80086781726  1.07528603971  4.38491214293  1.481120485  1.16165964541  0.229367063546  0.0967808948125  0.0882979925446  0.114871955525  15.9805900175  18.7148488501  0.260877317141  0.240914346183  0.259846001714  5.96434779583  6.73982287741  0.451611421023  0.171411267206  2.02477274982  0.245245762375  0.663105586691  1.34832622819  1.81228416513  2.13074700961  0.601926072823  0.305401488244  0.134228062187  0.0710944646841  0.127681470891  -9999.0  -9999.0  -9999.0  -9999.0  -9999.0  -9999.0  -9999.0  -9999.0  -9999.0  -9999.0  -9999.0  -9999.0  -9999.0
-9999.0  -9999.0  -9999.0  -9999.0  -9999.0  -9999.0  -9999.0  -9999.0  -9999.0  -9999.0  -9999.0  0.361699668177  8.39785419392  10.1729698169  0.520109955756  5.89937881919  0.460554463346  0.437126203694  0.903124930061  2.34005567962  0.462550659717  0.49218978125  0.39886761501  3.82130597572  4.19582133202  6.23757734939  6.98221957081  7.32776689472  7.72993171658  8.11541058675  158.235211367  173.706171899  188.287947493  188.702333772  0.31642479854  0.316762628454  5.73173565966  5.39041584938  0.341587007648  0.344593287214  4.79577326702  6.61632202908  0.265478125356  2.76408144417  2.57824727625  0.534112507109  0.256922805593  0.437904299164  0.296939032356  19.2459390454  0.266931218589  0.733707219662  0.951986987863  8.26067809388  8.81133228919  9.11866121474  11.2231253861  0.0729262903187  0.0568072096757  0.0510852808308  0.050695103338  2.28469030617  3.02537665091  0.15223373432  0.321322880425  0.118956414864  0.247252074531  0.0367264517069  0.0263272511685  -9999.0  -9999.0  -9999.0  -9999.0  -9999.0  -9999.0  -9999.0  -9999.0  -9999.0  -9999.0  -9999.0
-9999.0  -9999.0  -9999.0  -9999.0  -9999.0  -9999.0  -9999.0  -9999.0  -9999.0  -9999.0  -9999.0  0.663607445854  1.25253357304  10.7405585164  11.6996376803  0.480445864316  6.97084052926  0.387012495487  1.21531690018  2.75739065724  0.886702132666  0.421817488003  0.867729456755  0.344403039714  0.67827601889  0.345818713887  0.298421227985  0.215285783379  0.185426929548  0.148801060612  0.134544563186  0.207516851681  0.300615215572  0.427023746178  189.841613159  7.0474626767  6.37861950521  0.303807004181  0.988350191609  0.243452510246  0.262052023825  6.93204997287  10.629842246  3.10963479146  2.36518878424  0.329293315374  0.1324229442  0.11519896704  0.33828962942  19.8593886527  20.3868625839  0.27335134426  0.276749711308  0.185190356566  0.107950496323  0.19952722133  11.5494496233  11.7020917263  11.8332342867  0.119593619426  0.0682735096286  0.0529269491102  3.08839526161  3.30351034086  0.377483225641  0.100083029546  0.355226261011  0.0893385852323  0.0496222222092  -9999.0  -9999.0  -9999.0  -9999.0  -9999.0  -9999.0  -9999.0  -9999.0  -9999.0  -9999.0  -9999.0
-9999.0  -9999.0  -9999.0  -9999.0  -9999.0  -9999.0  -9999.0  -9999.0  -9999.0  -9999.0  -9999.0  -9999.0  0.528687970521  7.59650354329  19.8166623646  21.4265077637  28.8809652665  29.4806420904  6.29482364983  4.50579587175  1.31741791544  0.414842355072  1.68330231451  2.07126094151  3.10268697953  0.708927139216  0.636841860954  0.560179881409  1.08086900372  0.478128633558  0.442782883898  0.225764486583  0.125036345327  0.122610691919  190.178787409  197.470580885  197.91175651  0.321754412503  2.78476057203  1.16594924369  0.337134104297  11.6822238269  0.744658643924  0.386064448488  1.55956719253  0.287962543574  0.235367366025  0.451655219838  0.674616071294  0.931295057603  20.8483522418  0.222110810558  0.199237284667  0.199365422182  0.132984614256  0.0706717912909  0.217946670764  0.252183782884  12.2197271128  12.7226950915  0.283738351718  0.129987379175  0.075622622062  0.0626164251269  3.89341554456  5.22421904264  1.09990157466  0.412026317601  0.202847684383  -9999.0  -9999.0  -9999.0  -9999.0  -9999.0  -9999.0  -9999.0  -9999.0  -9999.0  -9999.0  -9999.0
-9999.0  -9999.0  -9999.0  -9999.0  -9999.0  -9999.0  -9999.0  -9999.0  -9999.0  -9999.0  -9999.0  0.59698145626  5.81674729389  7.04045204329  1.08659553299  0.396939497894  0.901785652194  30.8235677534  31.3149959863  38.1919567694  0.37471032104  0.78540711366  0.347337899144  0.353108614322  3.44925677822  4.50379225442  5.46378367021  0.313071671497  1.39366125285  2.17824544099  1.26868782639  0.529024041644  0.347744301009  0.260972258788  0.285857860885  0.14672573818  198.266784223  198.581092919  201.922114105  0.583503461144  0.305589247686  12.1292740728  0.790431221865  0.407713250405  0.441687987469  0.437296346567  0.385260631275  0.638133543094  1.90683355199  3.1159679733  24.1907795453  0.182515315586  0.544798328531  0.36678916494  0.288406703003  0.153195310466  0.107634293966  0.0840144753729  0.0380709859136  12.7832725453  0.0309421052863  0.100396116664  0.0688585408127  0.0405188145538  0.0908286269484  5.35553642958  0.19482630988  0.0541557227218  0.0955880619129  0.0414001578014  -9999.0  -9999.0  -9999.0  -9999.0  -9999.0  -9999.0  -9999.0  -9999.0  -9999.0  -9999.0
-9999.0  -9999.0  -9999.0  -9999.0  -9999.0  -9999.0  -9999.0  -9999.0  -9999.0  -9999.0  -9999.0  0.616618852892  4.1117464421  0.635176649384  0.52431732536  2.84663421669  3.30400179129  3.75976618725  4.17646093228  51.0273775423  51.4887190767  52.3528547232  57.901242631  58.8984561852  59.4302424  59.7865651417  65.8461665777  66.6802609166  67.0192850737  69.520750055  71.1343353159  71.4388748071  72.2894253207  0.55125237895  0.449053021696  0.0785136568472  0.0946027894005  198.858619762  203.08102355  0.869101403365  14.3892387959  14.0735821061  1.47558483936  0.350912504668  0.354231764974  0.341209546385  0.341246513022  0.687042246589  0.991234063672  0.299428562343  24.4111364355  24.6433266584  25.7609393328  25.9604490177  26.4377611317  26.7700312148  0.145768206149  0.125786566346  0.0661362908657  12.8442878768  12.9206166075  13.0708979232  13.2485193018  0.0750124053826  5.83252451452  5.65077839823  0.145116356963  2.08149693705  2.02291301716  0.11968634959  0.0736995002765  -9999.0  -9999.0  -9999.0  -9999.0  -9999.0  -9999.0  -9999.0  -9999.0  -9999.0
-9999.0  -9999.0  -9999.0  -9999.0  -9999.0  -9999.0  -9999.0  -9999.0  -9999.0  -9999.0  -9999.0  2.1419080816  2.82664248381  1.28050974169  1.86898840859  0.577040195988  6.48262923341  6.95262541737  7.89109592668  8.23491800955  3.00085325241  55.9831034378  56.3707671564  0.279203633685  0.176511996174  0.149945499438  0.342620279071  0.17175463076  0.120798126749  0.114937385275  0.132532852725  71.6539996328  72.5334240886  73.4309568811  74.1892008524  74.5695029079  0.150617217503  0.0637363787731  218.323275956  14.9646549002  14.7207165728  0.317206927075  0.294246226836  0.272457273519  0.630583572822  0.61867651099  0.287257164446  0.290106225107  0.273006037591  0.567230782376  0.772178827506  0.179972395814  0.333584951203  0.107584427443  0.0374417097069  26.8222300117  27.0483783632  27.2890422405  27.4829695372  27.5858525501  27.6818106776  27.7184688575  0.0349059518355  13.4019499378  0.102102811467  8.22801674806  2.2642139277  0.211129181256  1.86186751266  1.61165073787  0.0867046364641  -9999.0  -9999.0  -9999.0  -9999.0  -9999.0  -9999.0  -9999.0  -9999.0  -9999.0
-9999.0  -9999.0  -9999.0  -9999.0  -9999.0  -9999.0  -9999.0  -9999.0  -9999.0  -9999.0  -9999.0  -9999.0  1.45023249871  0.670941165714  0.586512012748  5.53834109915  6.02926284506  0.494966189262  1.88736190473  2.32228916728  2.66528212829  0.405523937792  0.289669511183  7.75774821745  7.99285000817  8.20148486189  21.911445902  22.0466230493  22.2724540726  23.9205298884  24.601922115  24.6997074964  0.116006215447  0.123528821481  0.126589373088  75.0061212063  0.138148673381  221.033242653  220.683910977  2.14791589328  1.88402530595  1.20193541631  0.299925650674  0.543872098423  0.90763491649  0.896253907085  0.558916645376  0.278752583607  0.547036339513  0.540496231573  1.01110132454  0.145702205128  0.46911571879  0.761956315705  0.845493042045  0.891682058191  0.0408240879304  0.0412590208946  0.0389733850168  0.0398817936375  0.0493951047032  27.7864768808  27.8863460803  41.3209809476  41.3532763842  8.94376572836  0.631980954329  0.440997499333  0.133937270543  1.45344112349  1.37597258241  -9999.0  -9999.0  -9999.0  -9999.0  -9999.0  -9999.0  -9999.0  -9999.0  -9999.0
-9999.0  -9999.0  -9999.0  -9999.0  -9999.0  -9999.0  -9999.0  -9999.0  -9999.0  -9999.0  -9999.0  -9999.0  0.749759992443  2.02708911501  2.62574208934  4.40096040958  0.479870260956  0.983089342228  1.44938096337  5.86625841983  6.21265164442  6.45658162005  6.77897568686  7.19061621745  11.8113910415  12.9938807797  13.5527226102  0.174218049654  1.39090329414  1.55562426357  24.2746633927  24.8388411512  25.1265892884  25.4294981363  25.6515210827  100.871601028  0.386242250214  221.947701689  0.23512132451  0.0989683136808  1.58457767816  1.42012655127  0.174450407673  0.792365872651  1.16295946233  1.14806854975  0.793764928952  1.30804917852  2.07296894463  0.7727968842  2.00228068938  0.140646022404  0.204358742933  0.0384838488189  0.0333073473366  0.974751230965  1.00117806222  0.0698854725484  0.0673980941681  0.104397145558  0.0352965018636  0.0391332195107  0.0605959942641  56.267790901  56.2329600941  14.7802831995  0.170232813262  0.967205101523  0.766588003178  0.517056007638  1.31933353379  0.937771489704  -9999.0  -9999.0  -9999.0  -9999.0  -9999.0  -9999.0  -9999.0  -9999.0
-9999.0  -9999.0  -9999.0  -9999.0  -9999.0  -9999.0  -9999.0  -9999.0  -9999.0  -9999.0  -9999.0  -9999.0  0.682409990133  1.35098263135  0.611583098126  1.21310243724  0.498035004745  4.00497517832  4.93596080586  5.42336537364  0.441191947676  0.825381320357  9.05873393845  11.0921073239  11.4547978391  0.78425117705  0.816298015793  1.12371171427  0.136361049055  0.119235866282  0.223743906838  0.111361097252  16.1730218043  16.3071953161  16.4337727351  101.174392439  223.346805153  222.04621003  0.157606092705  0.0839508878205  0.075044805721  0.317189945488  0.256766568028  0.912772400284  1.34592899996  2.75031390399  0.253850758897  0.25233038484  2.25486665916  2.43995399101  4.80556828881  4.91798821288  5.16694000967  5.24213024387  0.0751856922196  0.113904307167  1.0816541402  58.8088931855  57.6100124643  57.4493098307  57.1654752458  0.0541210163688  56.7691764564  0.123467822855  0.0625264923482  5.62563962176  1.50196423388  1.43255819813  0.253398475725  0.277083829328  0.250232619204  0.849945969333  -9999.0  -9999.0  -9999.0  -9999.0  -9999.0  -9999.0  -9999.0  -9999.0
-9999.0  -9999.0  -9999.0  -9999.0  -9999.0  -9999.0  -9999.0  -9999.0  -9999.0  -9999.0  -9999.0  -9999.0  -9999.0  0.619861861147  1.25109298895  1.89604755064  2.9590357688  0.549017104763  0.482009493044  4.15373158814  4.59272504989  8.32665494167  8.79664401379  1.29040141613  0.418727106878  0.378906106302  0.374550419136  15.375352029  15.557610751  15.7082454272  15.8275793426  16.0538636262  1.92768419321  2.10099317112  18.7247547577  343.390577038  0.904632100503  0.674111615181  0.268860195855  0.0808755389154  0.0634015708558  0.467643481185  0.520118300805  1.02444762472  0.0532549332624  2.82150182023  0.371918072232  0.361744591854  0.0480245867695  0.0353333688636  0.0359648758185  0.063972840041  0.0391604219558  5.28205355218  69.1558356203  63.7080374395  63.4705977027  58.9205055669  0.054268096891  0.102355991032  0.0776882815144  56.8854354686  0.217668846734  0.0932786224135  0.146413065766  0.12794676279  3.94309811257  3.73015860403  0.470813959249  0.243052647914  0.299757062758  0.29890034481  -9999.0  -9999.0  -9999.0  -9999.0  -9999.0  -9999.0  -9999.0  -9999.0
-9999.0  -9999.0  -9999.0  -9999.0  -9999.0  -9999.0  -9999.0  -9999.0  -9999.0  -9999.0  -9999.0  -9999.0  -9999.0  -9999.0  0.587805404328  1.31528362811  2.0103258092  2.71336201463  3.19435911933  3.69608080888  1.4437171268  2.43674487507  0.459715267824  0.432469217772  13.4662336322  14.2956194924  14.6698748426  15.0777160215  0.282893159949  0.475249810322  1.33172506813  1.57962443729  1.75867635804  0.195629761149  0.264407158572  344.134051331  0.240231858103  0.296127125247  0.152375878575  0.377751520385  0.171858011796  0.119640918503  1.64010994987  1.79229373813  0.0722346036456  2.91733340296  3.3477688771  0.43008087383  71.6519140152  71.5591178274  71.4794888209  71.2654003866  71.1376415061  69.4559541352  69.3561279326  0.13539412142  4.44770056703  4.25756731853  4.04964329275  3.99847232332  2.47500849394  2.42549925793  2.3125804754  0.962820290442  0.897689750691  0.590783072068  0.130240944327  3.56570048118  3.03653563116  0.219931365704  0.423750338951  0.19150242562  -9999.0  -9999.0  -9999.0  -9999.0  -9999.0  -9999.0  -9999.0  -9999.0
-9999.0  -9999.0  -9999.0  -9999.0  -9999.0  -9999.0  -9999.0  -9999.0  -9999.0  -9999.0  -9999.0  -9999.0  -9999.0  -9999.0  0.220315680088  0.493724129136  0.730058990839  7.24732514961  7.74122438916  0.506714418925  0.48904132734  0.495839071289  11.6794345688  12.6358002954  0.460024950433  0.464623951021  0.364657213295  1.53415317318  1.91438865691  0.864106616387  1.08929791114  9.01912717818  9.25146305726  9.77680034973  15.5622636508  359.882639676  0.273782852153  0.132581556263  0.606904071876  0.491173140055  0.100051804716  0.329223034698  0.436522932481  1.91568530097  2.03210023896  5.57961484022  3.3897618758  0.469777431898  73.4430817839  0.919314069103  71.3981481136  71.3359905178  1.55409109485  0.109315619905  0.097972432226  0.0569701012889  0.0934203732442  0.166959428579  0.0819022327526  1.47709465757  1.23139994101  0.0783212041243  1.30347195334  0.242341463268  0.168619297291  0.431594060093  0.208523917854  0.41550496103  2.36272240455  1.99077781797  0.173769101601  0.31333656853  0.158593217971  -9999.0  -9999.0  -9999.0  -9999.0  -9999.0  -9999.0  -9999.0
-9999.0  -9999.0  -9999.0  -9999.0  -9999.0  -9999.0  -9999.0  -9999.0  -9999.0  -9999.0  -9999.0  -9999.0  -9999.0  -9999.0  1.11627441873  1.83591196906  3.72695902061  6.61459121584  8.46544969505  9.7790954564  10.2640879879  10.7645176359  11.2524382928  0.462325057531  0.408327722922  0.800896771885  0.763076667186  0.403426093586  7.81767897024  8.18629164544  8.52983376909  8.84825160388  4.83215279386  5.00371863802  5.41831990077  360.043488188  0.494476563378  0.437682028006  1.1275978678  0.102954543039  0.287693696009  0.170646738461  0.0987093587886  0.570436854619  0.0931264357034  0.0976522083678  79.5400866753  73.8813777014  73.7807204799  0.350707390739  0.856607828791  0.508617160848  0.0864022967013  1.2572585919  0.293883247746  0.244324623435  0.187221844773  0.132248734093  0.0752788972699  0.181269526571  1.1635599683  0.97261576575  0.791297873708  0.982850102185  0.921729545466  0.87260048504  0.1142194992  0.205565154384  0.161860164385  1.44934516404  1.15765969415  0.733436579542  0.127384870746  -9999.0  -9999.0  -9999.0  -9999.0  -9999.0  -9999.0  -9999.0
-9999.0  -9999.0  -9999.0  -9999.0  -9999.0  -9999.0  -9999.0  -9999.0  -9999.0  -9999.0  -9999.0  -9999.0  -9999.0  -9999.0  0.778179101206  0.739447986147  1.45109445363  2.1878421883  0.68580539939  0.645283215999  1.17051883411  1.6781169807  2.64185647891  3.11381078255  3.51798734339  4.74094158623  5.12246955028  5.55501808845  0.395842346977  3.91892355853  4.21700013905  4.45596906682  0.176248364  0.119823186846  0.217271380421  365.87614414  366.02941027  366.838715401  1.43928467585  0.221639484537  0.429788568034  0.111661623549  0.182927658293  0.667401161615  0.84054541627  0.181314717707  80.0226361684  0.181002394741  0.200234359929  0.204912901377  0.212475688255  0.324326177452  0.145080898327  0.911085626402  0.658713134162  0.464338992187  0.232788467087  0.162536157532  0.089123846261  0.10356729905  0.114140537267  0.115487135762  0.721999634333  0.537282766163  0.35778322524  0.182483991339  0.804943442704  0.602901851927  0.192994228694  0.199098954878  0.1401657103  0.335430916979  0.176090573092  -9999.0  -9999.0  -9999.0  -9999.0  -9999.0  -9999.0  -9999.0
-9999.0  -9999.0  -9999.0  -9999.0  -9999.0  -9999.0  -9999.0  -9999.0  -9999.0  -9999.0  -9999.0  -9999.0  -9999.0  -9999.0  -9999.0  0.703887520117  1.38996317965  0.679885918419  1.40897788599  8.47675298052  9.02404472707  9.49378046002  0.478406300758  0.478711651131  0.883146045612  1.30529753672  2.05068557615  2.44771428757  2.76401624578  3.15250578035  0.287011423385  0.233079276035  5.01360622556  5.18360913002  5.30490326396  5.44942335727  4.76068667663  372.196025879  374.47848579  374.567578285  375.067818514  375.493057148  375.787578894  0.0957895374014  0.92577700572  80.1200784467  0.224342570658  0.114462124255  0.183510996138  0.177434878459  0.288185002626  0.188887576341  0.108788594458  0.148903558214  0.119284332841  0.168012987015  0.0743501344968  0.0549910187836  0.197815022973  0.142234329158  0.0763300277052  0.0746546135215  0.0840350554306  0.0899316605133  0.0943729224763  0.0919100362492  0.100538748625  0.308297256394  0.0811002581065  0.325983210618  0.152110104822  0.126175670888  -9999.0  -9999.0  -9999.0  -9999.0  -9999.0  -9999.0  -9999.0  -9999.0
-9999.0  -9999.0  -9999.0  -9999.0  -9999.0  -9999.0  -9999.0  -9999.0  -9999.0  -9999.0  -9999.0  -9999.0  -9999.0  -9999.0  -9999.0  -9999.0  2.06272517916  2.76082669207  4.87857642377  6.3257085529  0.734793578542  10.7911976827  11.2544386715  11.6790597418  0.421024009583  0.822757046357  0.365187416908  2.76341614531  3.02113345668  3.45268528097  3.91004665712  4.70861363595  4.8827346519  0.110749277606  4.14901595041  4.45316315375  4.62282121326  5.20188204522  0.704720099077  0.424340934066  0.22886610659  0.205971305534  376.082554241  376.245928814  377.867827797  80.2299527482  0.697623680433  0.37254797992  0.268648718034  0.0689499709015  0.685203472851  0.309966006936  0.100356454812  0.521431421594  0.434934734562  0.0764272465467  0.412402266037  0.371554407377  0.263577274978  0.0586953759872  0.165861510345  0.122357511163  0.0502851414223  0.112472214441  0.0618258638936  0.0858699427987  0.0815396337652  0.0522048301265  0.134055326996  1.48788218789  0.929920365574  0.582147599099  0.250935352666  -9999.0  -9999.0  -9999.0  -9999.0  -9999.0  -9999.0  -9999.0
-9999.0  -9999.0  -9999.0  -9999.0  -9999.0  -9999.0  -9999.0  -9999.0  -9999.0  -9999.0  -9999.0  -9999.0  -9999.0  -9999.0  -9999.0  -9999.0  0.729813248119  3.4722793485  4.21283985333  0.73883875354  0.504587391902  1.04964408409  1.54002087344  13.6599739186  0.415545279617  1.67494729053  2.05579240524  2.42820227056  0.304249523112  0.677158539256  0.830684427658  3.21696779575  3.57968735845  3.73328903197  0.159117244054  0.136186743817  0.146397633344  0.265555346183  0.11105568556  0.115244087627  0.164277900348  0.121723389104  0.15736437719  0.579360548293  378.029632076  458.688597257  0.8569095492  0.125308385968  0.0892533428992  1.97456425669  1.82353916348  1.02484761617  0.904961662895  0.655004736678  0.151057835186  0.110530536538  0.453140574315  0.207025387965  0.162018123113  0.0494301618242  0.230262127509  0.416680173851  0.302640338097  0.177335353318  0.058323439977  0.237147054187  0.168581792595  0.115061375651  1.87089939242  1.82583801102  0.183526936911  0.167131421658  0.148372941187  0.136139899871  -9999.0  -9999.0  -9999.0  -9999.0  -9999.0  -9999.0
-9999.0  -9999.0  -9999.0  -9999.0  -9999.0  -9999.0  -9999.0  -9999.0  -9999.0  -9999.0  -9999.0  -9999.0  -9999.0  -9999.0  -9999.0  0.622854720199  2.0193814651  0.664974575198  0.643884717075  0.555438319887  1.06627612092  1.57488791113  2.09812960268  16.3825261348  16.7776304797  0.408887048846  0.786817868024  1.16990245513  1.46318564489  1.73941795906  2.73594741047  3.06101714794  0.164964404877  0.142741373179  0.132518378616  0.136902842984  0.167085294394  0.18186734162  0.185133421622  0.213863642856  0.709262590233  0.339809777825  0.226453874463  0.22599696008  0.154365438841  0.285100364433  466.122241088  6.50283859421  2.60817162396  0.397068833841  0.196495834315  0.125912134935  0.346625207938  0.206964676971  0.093777944035  0.0928938528021  0.624505759097  0.883749658577  0.966522332616  0.0388974329239  0.788048952721  0.504964349159  0.0530891246649  0.0423814009172  0.113675660573  0.644741394214  0.289474398997  0.201040807523  1.97070680391  0.120334273207  0.131843714286  0.608777831481  0.299940592414  0.502298378115  0.216628110366  -9999.0  -9999.0  -9999.0  -9999.0  -9999.0
-9999.0  -9999.0  -9999.0  -9999.0  -9999.0  -9999.0  -9999.0  -9999.0  -9999.0  -9999.0  -9999.0  -9999.0  -9999.0  -9999.0  0.652106300196  1.26550814443  4.57420865113  0.652930568927  1.35680299991  1.88688594673  2.37461740231  0.515860727735  0.956932006956  1.55271400947  18.9151314301  0.382276548413  0.733337417865  1.0953429338  0.35003520496  0.681501065834  0.830395489914  1.08769371291  31.2661004155  31.5863714135  31.9427891194  33.4889289085  33.9276939674  35.0079749003  0.383055139406  0.802008219282  0.880344865434  38.6802057109  39.0464533037  0.208822362451  0.317986114744  0.426438463438  466.305264129  6.30217849105  3.18504001855  2.95648730035  2.46581113041  2.16581213376  0.457462722013  0.128191069002  0.19794385281  0.0843026726714  0.079262724411  0.126179396551  1.01777296297  1.90529602705  0.852128912853  0.145676479268  0.0991115726901  0.0647533017522  1.05659297085  0.850894535736  0.111878077462  2.41865699238  2.09304301926  0.23132354912  1.24710416471  0.747346987995  0.805716543351  0.670325472668  0.146855432389  -9999.0  -9999.0  -9999.0  -9999.0  -9999.0
-9999.0  -9999.0  -9999.0  -9999.0  -9999.0  -9999.0  -9999.0  -9999.0  -9999.0  -9999.0  -9999.0  -9999.0  -9999.0  -9999.0  0.658339731806  2.00365283827  7.23759487503  10.6907518531  0.592941636517  14.0517968127  17.0656127783  0.470527326594  0.90223798767  1.4487798651  23.192191536  23.6935767469  0.319149775188  1.74178949205  2.05009840181  2.29617279814  29.202878008  29.6893435135  30.056338771  0.191208188209  1.07877361535  1.29605880668  0.55012657771  0.775464463452  36.1367313023  37.3025783512  37.4940014626  37.6763751393  39.2963798241  0.122719981299  0.115020684247  0.653210009246  466.523556245  0.264814834065  0.0956948029008  0.290916937271  0.114480764837  1.85777410049  1.6819640996  1.01623230472  0.67677512391  0.252442795838  0.09505477818  0.176854737394  0.0356058805338  1.95005222567  0.224326502544  0.182429283938  0.0324814474132  0.0998572333998  1.10653583638  0.0363005703566  0.0265807596263  2.45674847187  0.0657663232773  1.4694938727  1.37195133887  1.17726797625  1.06659331427  0.125592684611  0.420185082091  0.134737167217  -9999.0  -9999.0  -9999.0  -9999.0
-9999.0  -9999.0  -9999.0  -9999.0  -9999.0  -9999.0  -9999.0  -9999.0  -9999.0  -9999.0  -9999.0  -9999.0  -9999.0  -9999.0  -9999.0  -9999.0  1.40425928294  2.8296575043  12.6993692763  13.4168078316  17.7021076096  18.3582901073  0.470999100017  0.942115500568  2.26393855511  24.2735946774  24.9968692894  25.2835326195  0.243848606068  26.2511288197  26.7380750005  0.324890608571  0.189015881715  0.351119467484  0.695741034782  0.174382389989  0.350579312861  0.769732422385  0.964606863426  0.19541140163  0.14046763006  0.278192882101  40.2626341265  40.547495868  40.6490691675  41.5791987312  466.711939386  0.222405776129  0.0617987993635  0.0807718172274  0.0790701818688  0.0816371444201  0.0713688747868  0.130743680144  0.144788056115  0.271391769476  0.1217516298  0.100706003898  0.33925873741  2.37648208099  2.66515580333  2.71824862698  2.89130017722  0.036758162683  1.14307657428  0.123402703152  0.0498859050285  2.49620822699  2.60026384181  1.54220292434  1.65371824429  1.28740895914  0.81797779395  0.699788827482  0.572854619417  -9999.0  -9999.0  -9999.0  -9999.0  -9999.0
-9999.0  -9999.0  -9999.0  -9999.0  -9999.0  -9999.0  -9999.0  -9999.0  -9999.0  -9999.0  -9999.0  -9999.0  -9999.0  -9999.0  -9999.0  -9999.0  0.732732731295  0.717245877673  0.710996077259  1.40275618121  0.634157296644  19.617732329  20.2221952326  0.463226256052  0.886756483791  0.407952779439  0.35071955602  0.338868152502  25.8153673964  0.152160784802  0.32208965186  0.178515356945  0.184529590016  0.170996537413  0.137640609052  0.143522500185  0.445345873812  0.612161639652  0.126163598536  0.115961059558  0.253985217782  0.42322832885  0.525740280862  0.134011227612  40.7978212894  41.6892445373  466.868528761  0.610877839731  0.153451527366  0.0442498462116  0.11285025348  0.0349938651475  0.0261649159513  0.160673642808  0.659518428152  0.380038182131  0.0771700235439  0.0650381378735  0.11524416275  0.0457550761104  0.045098239121  0.048323638613  0.0533037179398  4.39212952756  1.30499029188  0.0361572891683  0.0545356560697  0.0252115652687  6.94918003765  4.31905250663  4.27642154564  1.34204333708  1.02843677119  0.10533435216  -9999.0  -9999.0  -9999.0  -9999.0  -9999.0  -9999.0
-9999.0  -9999.0  -9999.0  -9999.0  -9999.0  -9999.0  -9999.0  -9999.0  -9999.0  -9999.0  -9999.0  -9999.0  -9999.0  -9999.0  -9999.0  -9999.0  -9999.0  -9999.0  0.710277360382  2.05583582852  2.64412632311  3.26173045048  20.8253507835  21.423639491  22.0146718075  22.5759158204  22.9034855464  23.5850227844  23.7287716162  23.8677227645  23.9896372404  0.154475224315  0.147043851847  0.159628263087  0.592288810985  0.160692212516  0.155732406332  0.121914960949  0.365384771365  0.152897430968  0.12238753194  0.113456177175  0.097577273182  0.194732969552  0.286619502759  42.2909862123  509.914141495  0.23078105852  0.427911251025  0.0325832539924  0.149760435098  0.0743233338463  0.0526774544599  1.34595733831  1.08937275679  0.284441913292  0.139758354212  0.242567759129  0.0660943812543  0.148304739639  0.0814761047458  0.130725301577  0.0462792643363  0.0633329258317  4.43921675245  4.56899215666  8.3855977786  8.33716368851  8.29368616669  0.0490049236275  1.18559180036  1.13121119933  0.0626416640551  -9999.0  -9999.0  -9999.0  -9999.0  -9999.0  -9999.0  -9999.0
-9999.0  -9999.0  -9999.0  -9999.0  -9999.0  -9999.0  -9999.0  -9999.0  -9999.0  -9999.0  -9999.0  -9999.0  -9999.0  -9999.0  -9999.0  -9999.0  -9999.0  -9999.0  -9999.0  0.592955940571  4.67911728862  9.22711687123  9.86691364075  0.680410233981  1.15715248206  1.57905549342  1.92225495125  4.25924651453  4.4115649991  0.149951562649  0.149721525396  24.338820838  24.6387891068  24.7722967865  0.70532505167  0.109531538847  0.277940393065  0.406393637986  1.21701360654  1.50450839463  1.74058244298  0.216117432598  0.303841191748  0.105012396668  0.212230173735  0.111287840601  510.119312005  0.205812153733  0.83491800011  0.223334483982  0.439195919644  1.38820198643  1.54942897815  3.01125693461  0.939816881694  0.801902918802  0.452450997445  0.404555394842  0.110581690786  0.192399075181  0.193796236503  0.155663843931  0.0226129978744  13.5240725832  13.4001686554  13.3380463712  8.57001914331  0.0829356418309  1.21343095177  0.854970669133  0.561289278272  0.348562394515  0.0574463814716  -9999.0  -9999.0  -9999.0  -9999.0  -9999.0  -9999.0  -9999.0
-9999.0  -9999.0  -9999.0  -9999.0  -9999.0  -9999.0  -9999.0  -9999.0  -9999.0  -9999.0  -9999.0  -9999.0  -9999.0  -9999.0  -9999.0  -9999.0  -9999.0  -9999.0  0.65618197175  2.086236385  4.09403543062  5.35805968802  13.7313535118  14.3963545907  0.894278207107  1.32244189479  1.69288968719  2.03346710178  4.54826292793  4.8413499001  8.26545579498  8.55197862119  8.7269719591  24.9144732613  26.0184472798  0.26512524433  0.176927481721  0.168895006531  0.328353613949  0.154066512836  2.04268458763  2.15610501428  0.405545568091  0.497250912348  0.110723763092  129.745217643  129.989826585  640.260861672  641.358190868  0.222849312079  0.903734971849  0.337589498318  0.260172233749  3.38645149244  4.44855732904  0.673385293713  0.518470370166  0.111933225425  0.0611195898884  0.250913804542  13.9559537391  13.718713611  13.6780784194  13.612510776  0.102911751337  0.0872323835418  0.0870026637416  0.0916344826814  0.287197414235  0.189516680982  0.168358479422  0.250638751737  0.0746410483853  -9999.0  -9999.0  -9999.0  -9999.0  -9999.0  -9999.0  -9999.0
-9999.0  -9999.0  -9999.0  -9999.0  -9999.0  -9999.0  -9999.0  -9999.0  -9999.0  -9999.0  -9999.0  -9999.0  -9999.0  -9999.0  -9999.0  -9999.0  -9999.0  -9999.0  -9999.0  0.743880623619  0.725375634756  1.37277615895  3.26784663959  15.0088669312  0.463439827341  0.456416805445  0.817335600203  1.19712711346  2.78950916471  2.97964751524  0.158951985313  0.18487079552  8.92162473956  9.0808592524  35.2514258905  35.3961783225  0.101633861805  0.0899468515513  0.0791906325491  0.0799585674086  0.0865816515681  127.717782886  128.407397104  128.996276343  129.196575097  129.655726282  0.130691139409  0.481115198617  0.599778475779  642.258787898  642.396399319  642.503033135  642.569948604  642.638811824  4.56072753236  0.0556972470382  0.218022956082  0.174115636467  0.0451649263062  0.2957752972  14.1100678602  0.095241528868  0.0402278545496  0.320575804484  0.284054473056  0.23127258243  0.176607928383  0.100253979827  0.111363885453  0.10397408979  0.087944409255  0.0950367902301  -9999.0  -9999.0  -9999.0  -9999.0  -9999.0  -9999.0  -9999.0  -9999.0
-9999.0  -9999.0  -9999.0  -9999.0  -9999.0  -9999.0  -9999.0  -9999.0  -9999.0  -9999.0  -9999.0  -9999.0  -9999.0  -9999.0  -9999.0  -9999.0  -9999.0  -9999.0  -9999.0  -9999.0  0.666833365122  0.697003146227  1.29778335152  17.5394770012  18.158350014  0.443928143035  0.80425488299  1.19556855971  1.43769415377  0.201265073287  0.39608273502  35.6288063703  35.7791447057  35.9449955547  37.1568329703  72.6962173273  123.578337639  123.815236069  124.038783131  124.252156017  125.157698303  125.451305605  0.589878089918  0.269365314964  0.163570683994  0.308718837065  0.238510960533  0.378235367164  0.124096033584  2.48709439589  2.97831876336  3.38777853381  3.45603190864  642.702011304  647.343733299  647.79155175  0.303161563757  0.0581037031089  0.444297996513  0.352962573965  14.2282752722  0.0612269583711  0.844053447462  0.475811783685  0.427288986413  0.285323564904  0.12511068378  0.148187443912  0.0751589991601  -9999.0  -9999.0  -9999.0  -9999.0  -9999.0  -9999.0  -9999.0  -9999.0  -9999.0  -9999.0  -9999.0
-9999.0  -9999.0  -9999.0  -9999.0  -9999.0  -9999.0  -9999.0  -9999.0  -9999.0  -9999.0  -9999.0  -9999.0  -9999.0  -9999.0  -9999.0  -9999.0  -9999.0  -9999.0  -9999.0  -9999.0  -9999.0  0.678344068404  1.3019877464  1.92827466011  18.6902340009  0.508866702434  24.9749050074  25.3785668487  25.5743523951  25.7763349507  34.7713590979  35.0273383321  0.172700986919  0.88168955149  1.08175801829  0.188076629428  50.6454563564  50.3033171985  0.112763411984  0.262216732969  0.713206107958  0.15861227735  0.17398092208  0.136145445819  0.119373546122  0.092550825272  0.11249897706  2.09219653861  2.21431430668  2.36053719716  0.346013283683  0.258861175779  3.66308483989  3.78139323022  3.83373509282  647.853182922  647.919850123  0.606371117734  0.499513469613  15.239576587  15.1855929812  0.901783763698  0.0826651345656  0.0386733161661  0.670184909538  0.547299648949  0.401956311355  0.223457056664  0.111740130708  0.0499680564646  -9999.0  -9999.0  -9999.0  -9999.0  -9999.0  -9999.0  -9999.0  -9999.0  -9999.0  -9999.0
-9999.0  -9999.0  -9999.0  -9999.0  -9999.0  -9999.0  -9999.0  -9999.0  -9999.0  -9999.0  -9999.0  -9999.0  -9999.0  -9999.0  -9999.0  -9999.0  -9999.0  -9999.0  -9999.0  -9999.0  -9999.0  0.619889439091  0.583909977623  3.02096809265  22.9383419355  24.0636028579  24.6211388222  0.385349276107  8.38060656075  8.57530048467  8.6927638414  0.217102394519  0.413638800429  0.590926847559  11.5487205665  11.688789537  11.8141462322  50.065701618  31.4912891435  0.147559929124  0.154263159919  0.146627438456  0.117756645495  1.19577482968  1.4656429523  1.70203937472  1.83869875568  1.97038163679  11.9219070303  12.0236578535  12.1203671341  12.3314465223  13.4995361264  13.5639010323  17.4712422898  0.0548564517606  647.976985832  648.052867813  0.674812146627  15.2858458257  0.0938309914167  0.0439817513294  0.132714411471  1.07684468903  1.0480449544  0.262654127454  0.129790424807  0.280596315601  0.18073437599  0.0492694468005  0.0397969383234  0.0388356303115  -9999.0  -9999.0  -9999.0  -9999.0  -9999.0  -9999.0  -9999.0  -9999.0
-9999.0  -9999.0  -9999.0  -9999.0  -9999.0  -9999.0  -9999.0  -9999.0  -9999.0  -9999.0  -9999.0  -9999.0  -9999.0  -9999.0  -9999.0  -9999.0  -9999.0  -9999.0  -9999.0  -9999.0  -9999.0  -9999.0  1.21420260026  1.85447583528  0.663610781994  0.461767893506  7.11840581129  7.52040420308  7.78412576367  2.395332348  2.547975673  2.7152648156  2.88773696966  11.2288499228  11.4240461369  6.32393258873  18.2982366865  18.4471856941  31.3725390413  0.302353860352  0.154041144049  0.10717035892  0.814080900947  0.959854518226  0.0968637151095  0.0915764382528  11.4489890198  11.6950194411  11.8258879948  0.105127522396  0.152324559199  13.3078885119  0.11917592243  0.491021222864  0.545686158702  18.1236749072  18.1805472777  18.8711472594  667.65890118  15.4320878677  1.41167470492  1.35960253936  1.30031647612  1.1053893612  0.0386970227038  0.498513526673  0.408858399436  0.160457335238  0.0535582148389  0.0835739014157  0.19265712701  0.112531320651  -9999.0  -9999.0  -9999.0  -9999.0  -9999.0  -9999.0  -9999.0  -9999.0
-9999.0  -9999.0  -9999.0  -9999.0  -9999.0  -9999.0  -9999.0  -9999.0  -9999.0  -9999.0  -9999.0  -9999.0  -9999.0  -9999.0  -9999.0  -9999.0  -9999.0  -9999.0  -9999.0  -9999.0  -9999.0  -9999.0  0.609542644074  1.20648466545  5.07821965419  5.74237703677  6.2624087857  1.92108214292  2.24053736168  0.174448082919  7.85111169176  8.00576155054  8.1593657894  0.169200337414  5.96389564301  6.16700766031  0.153544381979  30.5882131297  0.336408692667  0.166454599494  0.435731217275  0.590313900743  0.119454603556  0.0965137876417  10.2987462171  11.221911983  11.3685700586  0.144256565469  0.320621340979  0.404043692623  0.478429369767  0.918226419431  0.180387082573  0.401500167865  0.0864819477983  0.169662804252  18.7440592819  18.8121636483  667.740127755  684.830595394  1.58328569025  0.0838308303008  0.0604086078819  0.0746916353581  0.0270082884961  0.532234124128  0.341663997055  0.267747814486  0.636947600077  0.539926129257  0.379581448292  0.0927771538797  0.0411831532121  -9999.0  -9999.0  -9999.0  -9999.0  -9999.0  -9999.0  -9999.0
-9999.0  -9999.0  -9999.0  -9999.0  -9999.0  -9999.0  -9999.0  -9999.0  -9999.0  -9999.0  -9999.0  -9999.0  -9999.0  -9999.0  -9999.0  -9999.0  -9999.0  -9999.0  -9999.0  -9999.0  -9999.0  -9999.0  0.602942883418  1.89636430456  3.27627837449  0.674925910055  1.11101356082  1.55130028922  7.13718156823  7.36353707834  7.52732798347  0.14099822515  4.97552086501  5.4641265649  5.63424202425  0.108245951067  29.9249023126  30.289438406  0.172230823226  0.156297104194  0.316773535972  0.130288553448  9.62716741003  9.86818455819  10.0157140258  0.562451519348  0.708144834008  0.127157306119  0.230785394529  0.10457583697  0.713222485941  0.111977435625  0.102854368116  0.107869963146  0.114845433958  0.232986149677  0.320811077641  55.1126370548  55.2817683187  740.30336963  740.343341862  740.39264207  0.096617872586  1.1541397222  1.04351041951  0.454272792921  0.432990710407  0.0606438883766  0.78322901849  0.0532065704968  0.0438903255445  0.0338548818636  0.164857827397  0.0766085930048  -9999.0  -9999.0  -9999.0  -9999.0  -9999.0  -9999.0
-9999.0  -9999.0  -9999.0  -9999.0  -9999.0  -9999.0  -9999.0  -9999.0  -9999.0  -9999.0  -9999.0  -9999.0  -9999.0  -9999.0  -9999.0  -9999.0  -9999.0  -9999.0  -9999.0  -9999.0  -9999.0  -9999.0  -9999.0  0.664452745327  0.713263254068  0.633219220018  5.09906727068  5.51872387005  6.76476659684  0.260559599814  4.32129217235  4.70982296994  0.161988847543  0.34872331097  0.132967024966  29.5230465793  0.16094703571  0.438345518657  0.557853600793  0.673036227691  8.82346897816  9.24068906834  9.39799257426  0.158128734851  0.297322502263  0.422602522283  0.0830975659764  0.0771606939202  27.925483038  28.0069741564  28.0751904678  28.7626455698  28.855866199  28.9836015956  29.0775807752  46.486271934  46.5759528315  55.0462510291  0.0949544338109  0.115489086663  0.202799307549  740.642436136  740.969163067  742.240044991  742.278141957  0.0507318695865  0.0251942854317  0.875346223118  0.847740629686  0.0319514875044  0.100504642486  0.748426165617  0.489957996547  0.432221436554  0.115931213675  -9999.0  -9999.0  -9999.0  -9999.0  -9999.0
-9999.0  -9999.0  -9999.0  -9999.0  -9999.0  -9999.0  -9999.0  -9999.0  -9999.0  -9999.0  -9999.0  -9999.0  -9999.0  -9999.0  -9999.0  -9999.0  -9999.0  -9999.0  -9999.0  -9999.0  -9999.0  -9999.0  -9999.0  0.587980557455  1.22376873511  2.55009323847  4.68678576737  0.475321882703  0.881248228504  3.6493825264  3.89493236363  0.204930522835  6.76443289986  6.92560152298  29.0914779205  29.2398499238  0.134023620085  0.255372421984  1.11559541677  7.72316266824  8.07069330692  0.317213275791  0.169947305042  0.135409608029  24.5195035902  24.7652599598  24.9751159939  25.1924323094  27.8510968344  0.238704347539  28.6808375755  0.138985949643  0.0945841683679  0.176123394254  17.2300570916  17.3415091146  8.04356239806  8.37222815187  0.224366516395  0.109875054791  0.123534297467  0.116374677324  0.187103956526  0.0738347100279  784.287498771  784.378066364  1.08803966966  0.920331752814  0.0240335192617  1.21675776775  1.13318867972  0.926906588801  0.0805028707161  0.105764432783  0.124419988072  -9999.0  -9999.0  -9999.0  -9999.0  -9999.0
-9999.0  -9999.0  -9999.0  -9999.0  -9999.0  -9999.0  -9999.0  -9999.0  -9999.0  -9999.0  -9999.0  -9999.0  -9999.0  -9999.0  -9999.0  -9999.0  -9999.0  -9999.0  -9999.0  -9999.0  -9999.0  -9999.0  -9999.0  -9999.0  0.583365007257  1.12916766843  1.60164929803  2.8224929569  3.22874298348  5.45942303148  6.19831340754  6.39375618438  6.58316040567  21.8520797229  22.0160942638  0.109018330062  0.888116259927  1.02605463606  6.39385642548  6.51656602804  0.217628606703  0.0826041999408  23.9548522971  24.1608937228  24.2808265075  0.133837036465  2.27983924328  2.40082589322  2.53835149904  0.121076755447  0.0950065577079  0.0729534973019  0.0744368226272  16.8679765837  16.9823809626  0.0795140820618  7.96567258791  7.51793705032  7.44202246643  0.0870805709727  0.109643859452  0.0604871730524  0.135456741767  41.6817212364  41.9438920666  785.52070277  0.103198506567  0.0611734843245  1.27512952858  0.0351494442993  0.278846835129  0.176820098433  0.0731242884869  -9999.0  -9999.0  -9999.0  -9999.0  -9999.0  -9999.0  -9999.0
-9999.0  -9999.0  -9999.0  -9999.0  -9999.0  -9999.0  -9999.0  -9999.0  -9999.0  -9999.0  -9999.0  -9999.0  -9999.0  -9999.0  -9999.0  -9999.0  -9999.0  -9999.0  -9999.0  -9999.0  -9999.0  -9999.0  -9999.0  -9999.0  0.526070022661  1.70951684838  2.37028356632  3.5623028902  4.54976259365  5.05001383002  0.392792789559  5.61933855996  21.3464903513  21.687021149  0.27711083962  0.478984937931  0.794367824284  6.12564893556  6.28036020408  16.1051817281  16.4146502574  23.7974841378  23.8798322444  0.115472370938  1.83733992547  2.03302987893  2.18060140674  0.120903829849  14.7695223934  14.8827247013  15.190189677  16.3323518857  16.7084526089  16.7661980621  0.090115365827  0.192015873968  0.281521988298  6.12702246804  7.28870408337  0.794800145186  0.709381754517  0.0421154193198  0.0621303677036  41.4626865654  0.189532709155  0.132545698114  785.679300776  0.0288386803271  0.021963396018  1.64210208092  0.345120536342  0.0783530598473  0.0444781203646  -9999.0  -9999.0  -9999.0  -9999.0  -9999.0  -9999.0  -9999.0
-9999.0  -9999.0  -9999.0  -9999.0  -9999.0  -9999.0  -9999.0  -9999.0  -9999.0  -9999.0  -9999.0  -9999.0  -9999.0  -9999.0  -9999.0  -9999.0  -9999.0  -9999.0  -9999.0  -9999.0  -9999.0  -9999.0  -9999.0  -9999.0  0.603675338087  0.572073614603  2.34247893606  3.0542053416  0.532101921302  4.73254801347  5.18201183435  0.415601700969  14.9231781637  0.414107804908  2.65652658643  5.676225835  5.98928001018  14.894198726  15.0736955336  15.9844382145  0.236236839036  7.30076189394  0.0762261678438  0.17471668141  1.76828663845  0.114862771071  3.29090833459  14.5497269489  0.093671363958  0.221073883017  0.853794921868  0.130043660639  0.128767062145  0.104920541114  0.074544014884  5.46430518294  5.8643922672  6.04274274584  0.267975012608  0.241103533305  0.449401655004  0.0640021340718  41.2778470277  41.3198484151  0.088988728386  0.081077252844  0.036669237897  785.922165747  787.95923211  1.98653714074  0.320136378025  0.295261840868  0.141218606305  -9999.0  -9999.0  -9999.0  -9999.0  -9999.0  -9999.0  -9999.0
-9999.0  -9999.0  -9999.0  -9999.0  -9999.0  -9999.0  -9999.0  -9999.0  -9999.0  -9999.0  -9999.0  -9999.0  -9999.0  -9999.0  -9999.0  -9999.0  -9999.0  -9999.0  -9999.0  -9999.0  -9999.0  -9999.0  -9999.0  -9999.0  -9999.0  0.555290314338  0.606750084886  0.570668625793  3.75450967392  4.27400646007  6.4763599514  14.5377611151  0.472608274618  1.43844935836  1.87327810987  2.68105825831  0.720683864241  14.5715355977  0.342407043259  0.68620055756  6.88855386147  0.274543365958  1.15376822063  1.34668264867  0.130610190635  0.106162435099  3.22363224658  11.1772029283  0.122253390379  0.423150680575  0.737786483293  0.116208082565  0.0774722337349  4.92272187194  5.15663868237  0.173335233403  0.339463605108  0.0946791362904  0.167173481264  0.129830681491  0.110713249853  0.0468482729145  41.2427372342  0.129815282486  -9999.0  -9999.0  0.0840530569104  0.151647233562  787.987336845  788.008931489  788.081231896  0.0374548702998  -9999.0  -9999.0  -9999.0  -9999.0  -9999.0  -9999.0  -9999.0  -9999.0
-9999.0  -9999.0  -9999.0  -9999.0  -9999.0  -9999.0  -9999.0  -9999.0  -9999.0  -9999.0  -9999.0  -9999.0  -9999.0  -9999.0  -9999.0  -9999.0  -9999.0  -9999.0  -9999.0  -9999.0  -9999.0  -9999.0  -9999.0  -9999.0  -9999.0  -9999.0  0.618193760135  2.02180864434  2.64777938232  6.02410764861  2.45683021224  7.57178505615  4.50923011938  0.478492616222  1.41746890907  2.26373656931  0.369308747065  13.5133859233  4.73589531611  5.89692250159  0.713278122789  0.715276446892  0.305653147929  0.146386254429  2.90631901968  3.01510180324  10.8401114835  10.9460645811  0.202225740414  0.316113265551  0.0867081617734  4.05695992615  4.49372985904  4.87814762329  0.180079084122  0.085532212596  0.245450958403  0.0889050553643  0.0635806254824  0.0503486907454  40.8679230117  40.9638080216  41.0296948474  0.0890489281715  -9999.0  -9999.0  -9999.0  -9999.0  -9999.0  0.0237722461497  788.08874409  788.093519865  -9999.0  -9999.0  -9999.0  -9999.0  -9999.0  -9999.0  -9999.0  -9999.0
-9999.0  -9999.0  -9999.0  -9999.0  -9999.0  -9999.0  -9999.0  -9999.0  -9999.0  -9999.0  -9999.0  -9999.0  -9999.0  -9999.0  -9999.0  -9999.0  -9999.0  -9999.0  -9999.0  -9999.0  -9999.0  -9999.0  -9999.0  -9999.0  -9999.0  -9999.0  0.670853593927  0.584503560551  5.36030940717  0.721519571326  1.86450268264  2.92693261166  4.00787788005  0.526857977249  0.48200568544  0.43233091929  12.6918262776  13.1283391374  4.38866430755  0.837462224051  0.405279150182  0.402162813998  2.51080751649  2.80525961693  9.74817473233  10.2146567739  10.6128295452  0.13153305535  0.10329870016  3.8392803346  3.90831521297  3.99360867644  0.382041732944  0.205805124642  0.0973513921902  0.0920616672324  0.0630753724157  0.525351266687  0.563236931524  40.8220894394  40.8468468088  0.0664866202442  0.0337243464604  0.0446415845203  -9999.0  -9999.0  -9999.0  -9999.0  -9999.0  -9999.0  -9999.0  -9999.0  -9999.0  -9999.0  -9999.0  -9999.0  -9999.0  -9999.0  -9999.0  -9999.0
-9999.0  -9999.0  -9999.0  -9999.0  -9999.0  -9999.0  -9999.0  -9999.0  -9999.0  -9999.0  -9999.0  -9999.0  -9999.0  -9999.0  -9999.0  -9999.0  -9999.0  -9999.0  -9999.0  -9999.0  -9999.0  -9999.0  -9999.0  -9999.0  -9999.0  -9999.0  -9999.0  1.26224685012  4.10576205516  2.2703237091  0.566347899195  2.28140135905  0.544947502823  1.676494574  2.07858159851  11.1456610958  12.2181665598  3.58746916503  3.99791715607  0.423073013618  1.79360735305  2.16586300448  6.10884109679  9.22333520408  9.54311671893  0.314765787011  0.236472600252  3.0286228277  3.45104722098  3.7735044489  0.107800214301  0.197842462813  0.300215174712  0.101137982542  0.212251080751  0.339208256624  0.397471517314  0.487443682413  0.0529355860686  40.1679435907  0.118259514577  0.0394402278034  -9999.0  -9999.0  -9999.0  -9999.0  -9999.0  -9999.0  -9999.0  -9999.0  -9999.0  -9999.0  -9999.0  -9999.0  -9999.0  -9999.0  -9999.0  -9999.0  -9999.0  -9999.0
-9999.0  -9999.0  -9999.0  -9999.0  -9999.0  -9999.0  -9999.0  -9999.0  -9999.0  -9999.0  -9999.0  -9999.0  -9999.0  -9999.0  -9999.0  -9999.0  -9999.0  -9999.0  -9999.0  -9999.0  -9999.0  -9999.0  -9999.0  -9999.0  -9999.0  -9999.0  -9999.0  0.673815853905  0.600359461241  1.08357933753  0.59960015801  1.13848000704  1.18080785982  6.64282090194  7.28225767533  1.20818091235  0.480753700662  3.18375138019  0.94366164586  1.41506748294  5.0289924189  5.40910613144  5.79017861816  2.80387405835  1.05689429995  1.70156030332  2.28902593676  2.9155989098  0.306336630033  0.160906937878  22.2707861674  22.3925851445  22.48375143  0.0767303479977  0.140210045537  0.0769405764161  0.0586514778508  38.2843016042  38.9428517151  0.981439232164  0.786226545282  0.0738226669619  -9999.0  -9999.0  -9999.0  -9999.0  -9999.0  -9999.0  -9999.0  -9999.0  -9999.0  -9999.0  -9999.0  -9999.0  -9999.0  -9999.0  -9999.0  -9999.0  -9999.0  -9999.0
-9999.0  -9999.0  -9999.0  -9999.0  -9999.0  -9999.0  -9999.0  -9999.0  -9999.0  -9999.0  -9999.0  -9999.0  -9999.0  -9999.0  -9999.0  -9999.0  -9999.0  -9999.0  -9999.0  -9999.0  -9999.0  -9999.0  -9999.0  -9999.0  -9999.0  -9999.0  -9999.0  -9999.0  -9999.0  0.445264217198  0.512012361767  0.636474262441  2.49000366827  6.14849006967  3.10936481396  0.530250676095  2.19786209333  2.7132039301  0.460017905721  4.2406552716  4.64516472054  1.2827221671  2.03743819567  0.393117244908  0.690086644464  0.333641872126  0.298107287188  0.293713282022  21.7435656299  21.9686468913  22.1675665105  0.9489066008  23.6720788512  23.8664141108  24.0199616334  24.1785561464  24.4200849673  38.2266959034  38.4687015383  0.358827314109  0.704453388182  0.190375197092  -9999.0  -9999.0  -9999.0  -9999.0  -9999.0  -9999.0  -9999.0  -9999.0  -9999.0  -9999.0  -9999.0  -9999.0  -9999.0  -9999.0  -9999.0  -9999.0  -9999.0  -9999.0
-9999.0  -9999.0  -9999.0  -9999.0  -9999.0  -9999.0  -9999.0  -9999.0  -9999.0  -9999.0  -9999.0  -9999.0  -9999.0  -9999.0  -9999.0  -9999.0  -9999.0  -9999.0  -9999.0  -9999.0  -9999.0  -9999.0  -9999.0  -9999.0  -9999.0  -9999.0  -9999.0  -9999.0  -9999.0  -9999.0  -9999.0  0.669685059559  1.29066136276  1.26570252417  1.23845688074  1.17703925399  1.73870237531  2.83344523705  3.29221327992  3.81873386266  0.432559115321  0.879660241768  0.381685747893  0.335084024533  13.3525376115  16.1831020586  16.8229515761  17.1398659291  21.4988117295  0.272621636899  0.50849659721  0.783388957553  4.2956027296  4.50176289677  4.66461747777  10.2632341189  12.5134383761  13.6261069482  0.216945870557  0.182817134597  0.423394394959  0.109766695517  -9999.0  -9999.0  -9999.0  -9999.0  -9999.0  -9999.0  -9999.0  -9999.0  -9999.0  -9999.0  -9999.0  -9999.0  -9999.0  -9999.0  -9999.0  -9999.0  -9999.0  -9999.0
-9999.0  -9999.0  -9999.0  -9999.0  -9999.0  -9999.0  -9999.0  -9999.0  -9999.0  -9999.0  -9999.0  -9999.0  -9999.0  -9999.0  -9999.0  -9999.0  -9999.0  -9999.0  -9999.0  -9999.0  -9999.0  -9999.0  -9999.0  -9999.0  -9999.0  -9999.0  -9999.0  -9999.0  -9999.0  -9999.0  -9999.0  -9999.0  0.649634059381  0.651321875151  0.626177728804  0.597262650072  1.18332562807  2.31770800091  2.26606546323  2.74252035096  3.13119001156  7.19448242529  7.56886348208  12.7242584394  13.0868928588  2.5549608774  0.345579198298  3.74095468369  4.04921768091  1.6651283952  3.24161123422  3.81851169564  4.08110140896  0.229584210064  5.45260879406  10.7384567177  12.3745823072  0.216320532216  0.713307089288  0.117112346527  0.322299332681  -9999.0  -9999.0  -9999.0  -9999.0  -9999.0  -9999.0  -9999.0  -9999.0  -9999.0  -9999.0  -9999.0  -9999.0  -9999.0  -9999.0  -9999.0  -9999.0  -9999.0  -9999.0  -9999.0
-9999.0  -9999.0  -9999.0  -9999.0  -9999.0  -9999.0  -9999.0  -9999.0  -9999.0  -9999.0  -9999.0  -9999.0  -9999.0  -9999.0  -9999.0  -9999.0  -9999.0  -9999.0  -9999.0  -9999.0  -9999.0  -9999.0  -9999.0  -9999.0  -9999.0  -9999.0  -9999.0  -9999.0  -9999.0  -9999.0  -9999.0  -9999.0  -9999.0  -9999.0  -9999.0  0.638774644348  0.581974808815  0.600900460033  1.74928732597  1.64256084241  3.15786099358  3.68047664471  0.441519364704  4.76478353822  1.78417320717  2.19833746275  2.32391268107  3.42903744988  1.02345232459  0.33842014641  1.33739989708  0.325406864873  2.89563450815  3.47510942742  5.02338286372  0.243335407017  0.890515175971  0.315444961674  0.379044944579  0.11519909283  0.217592528243  -9999.0  -9999.0  -9999.0  -9999.0  -9999.0  -9999.0  -9999.0  -9999.0  -9999.0  -9999.0  -9999.0  -9999.0  -9999.0  -9999.0  -9999.0  -9999.0  -9999.0  -9999.0  -9999.0
-9999.0  -9999.0  -9999.0  -9999.0  -9999.0  -9999.0  -9999.0  -9999.0  -9999.0  -9999.0  -9999.0  -9999.0  -9999.0  -9999.0  -9999.0  -9999.0  -9999.0  -9999.0  -9999.0  -9999.0  -9999.0  -9999.0  -9999.0  -9999.0  -9999.0  -9999.0  -9999.0  -9999.0  -9999.0  -9999.0  -9999.0  -9999.0  -9999.0  -9999.0  -9999.0  -9999.0  -9999.0  0.585161926922  0.53747049655  1.10369174538  1.0331065563  2.8936884593  3.8531174421  0.967713251723  1.3726876472  1.18777887762  1.97362686528  0.745739867538  0.712469697452  0.717663556388  0.316803857338  1.69211043997  2.62023223037  0.311018051007  1.2669392094  0.430055790409  0.229169720257  0.126826756945  0.122230650299  0.131894939406  -9999.0  -9999.0  -9999.0  -9999.0  -9999.0  -9999.0  -9999.0  -9999.0  -9999.0  -9999.0  -9999.0  -9999.0  -9999.0  -9999.0  -9999.0  -9999.0  -9999.0  -9999.0  -9999.0  -9999.0
-9999.0  -9999.0  -9999.0  -9999.0  -9999.0  -9999.0  -9999.0  -9999.0  -9999.0  -9999.0  -9999.0  -9999.0  -9999.0  -9999.0  -9999.0  -9999.0  -9999.0  -9999.0  -9999.0  -9999.0  -9999.0  -9999.0  -9999.0  -9999.0  -9999.0  -9999.0  -9999.0  -9999.0  -9999.0  -9999.0  -9999.0  -9999.0  -9999.0  -9999.0  -9999.0  -9999.0  -9999.0  -9999.0  -9999.0  0.536293542553  1.26239326594  2.40575404506  0.502777145667  0.492870136808  0.386161772685  0.807791151422  0.400992788623  0.376224694741  0.367776294887  0.372235856615  0.707483622026  1.39905478392  0.650253993268  0.673757181846  0.979131075504  0.210568180941  0.106910475586  -9999.0  -9999.0  -9999.0  -9999.0  -9999.0  -9999.0  -9999.0  -9999.0  -9999.0  -9999.0  -9999.0  -9999.0  -9999.0  -9999.0  -9999.0  -9999.0  -9999.0  -9999.0  -9999.0  -9999.0  -9999.0  -9999.0  -9999.0
-9999.0  -9999.0  -9999.0  -9999.0  -9999.0  -9999.0  -9999.0  -9999.0  -9999.0  -9999.0  -9999.0  -9999.0  -9999.0  -9999.0  -9999.0  -9999.0  -9999.0  -9999.0  -9999.0  -9999.0  -9999.0  -9999.0  -9999.0  -9999.0  -9999.0  -9999.0  -9999.0  -9999.0  -9999.0  -9999.0  -9999.0  -9999.0  -9999.0  -9999.0  -9999.0  -9999.0  -9999.0  -9999.0  -9999.0  -9999.0  0.579133605877  0.525878531933  -9999.0  -9999.0  -9999.0  -9999.0  -9999.0  -9999.0  -9999.0  -9999.0  0.35871735834  0.341682201324  0.308496908076  0.323730490812  -9999.0  -9999.0  -9999.0  -9999.0  -9999.0  -9999.0  -9999.0  -9999.0  -9999.0  -9999.0  -9999.0  -9999.0  -9999.0  -9999.0  -9999.0  -9999.0  -9999.0  -9999.0  -9999.0  -9999.0  -9999.0  -9999.0  -9999.0  -9999.0  -9999.0  -9999.0
-9999.0  -9999.0  -9999.0  -9999.0  -9999.0  -9999.0  -9999.0  -9999.0  -9999.0  -9999.0  -9999.0  -9999.0  -9999.0  -9999.0  -9999.0  -9999.0  -9999.0  -9999.0  -9999.0  -9999.0  -9999.0  -9999.0  -9999.0  -9999.0  -9999.0  -9999.0  -9999.0  -9999.0  -9999.0  -9999.0  -9999.0  -9999.0  -9999.0  -9999.0  -9999.0  -9999.0  -9999.0  -9999.0  -9999.0  -9999.0  -9999.0  -9999.0  -9999.0  -9999.0  -9999.0  -9999.0  -9999.0  -9999.0  -9999.0  -9999.0  -9999.0  -9999.0  -9999.0  -9999.0  -9999.0  -9999.0  -9999.0  -9999.0  -9999.0  -9999.0  -9999.0  -9999.0  -9999.0  -9999.0  -9999.0  -9999.0  -9999.0  -9999.0  -9999.0  -9999.0  -9999.0  -9999.0  -9999.0  -9999.0  -9999.0  -9999.0  -9999.0  -9999.0  -9999.0  -9999.0
-9999.0  -9999.0  -9999.0  -9999.0  -9999.0  -9999.0  -9999.0  -9999.0  -9999.0  -9999.0  -9999.0  -9999.0  -9999.0  -9999.0  -9999.0  -9999.0  -9999.0  -9999.0  -9999.0  -9999.0  -9999.0  -9999.0  -9999.0  -9999.0  -9999.0  -9999.0  -9999.0  -9999.0  -9999.0  -9999.0  -9999.0  -9999.0  -9999.0  -9999.0  -9999.0  -9999.0  -9999.0  -9999.0  -9999.0  -9999.0  -9999.0  -9999.0  -9999.0  -9999.0  -9999.0  -9999.0  -9999.0  -9999.0  -9999.0  -9999.0  -9999.0  -9999.0  -9999.0  -9999.0  -9999.0  -9999.0  -9999.0  -9999.0  -9999.0  -9999.0  -9999.0  -9999.0  -9999.0  -9999.0  -9999.0  -9999.0  -9999.0  -9999.0  -9999.0  -9999.0  -9999.0  -9999.0  -9999.0  -9999.0  -9999.0  -9999.0  -9999.0  -9999.0  -9999.0  -9999.0
-9999.0  -9999.0  -9999.0  -9999.0  -9999.0  -9999.0  -9999.0  -9999.0  -9999.0  -9999.0  -9999.0  -9999.0  -9999.0  -9999.0  -9999.0  -9999.0  -9999.0  -9999.0  -9999.0  -9999.0  -9999.0  -9999.0  -9999.0  -9999.0  -9999.0  -9999.0  -9999.0  -9999.0  -9999.0  -9999.0  -9999.0  -9999.0  -9999.0  -9999.0  -9999.0  -9999.0  -9999.0  -9999.0  -9999.0  -9999.0  -9999.0  -9999.0  -9999.0  -9999.0  -9999.0  -9999.0  -9999.0  -9999.0  -9999.0  -9999.0  -9999.0  -9999.0  -9999.0  -9999.0  -9999.0  -9999.0  -9999.0  -9999.0  -9999.0  -9999.0  -9999.0  -9999.0  -9999.0  -9999.0  -9999.0  -9999.0  -9999.0  -9999.0  -9999.0  -9999.0  -9999.0  -9999.0  -9999.0  -9999.0  -9999.0  -9999.0  -9999.0  -9999.0  -9999.0  -9999.0
-9999.0  -9999.0  -9999.0  -9999.0  -9999.0  -9999.0  -9999.0  -9999.0  -9999.0  -9999.0  -9999.0  -9999.0  -9999.0  -9999.0  -9999.0  -9999.0  -9999.0  -9999.0  -9999.0  -9999.0  -9999.0  -9999.0  -9999.0  -9999.0  -9999.0  -9999.0  -9999.0  -9999.0  -9999.0  -9999.0  -9999.0  -9999.0  -9999.0  -9999.0  -9999.0  -9999.0  -9999.0  -9999.0  -9999.0  -9999.0  -9999.0  -9999.0  -9999.0  -9999.0  -9999.0  -9999.0  -9999.0  -9999.0  -9999.0  -9999.0  -9999.0  -9999.0  -9999.0  -9999.0  -9999.0  -9999.0  -9999.0  -9999.0  -9999.0  -9999.0  -9999.0  -9999.0  -9999.0  -9999.0  -9999.0  -9999.0  -9999.0  -9999.0  -9999.0  -9999.0  -9999.0  -9999.0  -9999.0  -9999.0  -9999.0  -9999.0  -9999.0  -9999.0  -9999.0  -9999.0
-9999.0  -9999.0  -9999.0  -9999.0  -9999.0  -9999.0  -9999.0  -9999.0  -9999.0  -9999.0  -9999.0  -9999.0  -9999.0  -9999.0  -9999.0  -9999.0  -9999.0  -9999.0  -9999.0  -9999.0  -9999.0  -9999.0  -9999.0  -9999.0  -9999.0  -9999.0  -9999.0  -9999.0  -9999.0  -9999.0  -9999.0  -9999.0  -9999.0  -9999.0  -9999.0  -9999.0  -9999.0  -9999.0  -9999.0  -9999.0  -9999.0  -9999.0  -9999.0  -9999.0  -9999.0  -9999.0  -9999.0  -9999.0  -9999.0  -9999.0  -9999.0  -9999.0  -9999.0  -9999.0  -9999.0  -9999.0  -9999.0  -9999.0  -9999.0  -9999.0  -9999.0  -9999.0  -9999.0  -9999.0  -9999.0  -9999.0  -9999.0  -9999.0  -9999.0  -9999.0  -9999.0  -9999.0  -9999.0  -9999.0  -9999.0  -9999.0  -9999.0  -9999.0  -9999.0  -9999.0
-9999.0  -9999.0  -9999.0  -9999.0  -9999.0  -9999.0  -9999.0  -9999.0  -9999.0  -9999.0  -9999.0  -9999.0  -9999.0  -9999.0  -9999.0  -9999.0  -9999.0  -9999.0  -9999.0  -9999.0  -9999.0  -9999.0  -9999.0  -9999.0  -9999.0  -9999.0  -9999.0  -9999.0  -9999.0  -9999.0  -9999.0  -9999.0  -9999.0  -9999.0  -9999.0  -9999.0  -9999.0  -9999.0  -9999.0  -9999.0  -9999.0  -9999.0  -9999.0  -9999.0  -9999.0  -9999.0  -9999.0  -9999.0  -9999.0  -9999.0  -9999.0  -9999.0  -9999.0  -9999.0  -9999.0  -9999.0  -9999.0  -9999.0  -9999.0  -9999.0  -9999.0  -9999.0  -9999.0  -9999.0  -9999.0  -9999.0  -9999.0  -9999.0  -9999.0  -9999.0  -9999.0  -9999.0  -9999.0  -9999.0  -9999.0  -9999.0  -9999.0  -9999.0  -9999.0  -9999.0
