ncols                  80
nrows                 72
xllcorner      4374000.0
yllcorner      5656000.0
cellsize            500
NODATA_value       -9999
-9999.0  -9999.0  -9999.0  -9999.0  -9999.0  -9999.0  -9999.0  -9999.0  -9999.0  -9999.0  -9999.0  -9999.0  1.00386397041  0.814263360859  -9999.0  -9999.0  -9999.0  -9999.0  -9999.0  -9999.0  -9999.0  -9999.0  -9999.0  -9999.0  -9999.0  -9999.0  -9999.0  -9999.0  -9999.0  -9999.0  -9999.0  -9999.0  -9999.0  -9999.0  -9999.0  -9999.0  -9999.0  -9999.0  -9999.0  -9999.0  -9999.0  -9999.0  -9999.0  -9999.0  -9999.0  -9999.0  -9999.0  -9999.0  -9999.0  -9999.0  -9999.0  -9999.0  -9999.0  -9999.0  -9999.0  -9999.0  -9999.0  -9999.0  -9999.0  -9999.0  -9999.0  -9999.0  -9999.0  -9999.0  -9999.0  -9999.0  -9999.0  -9999.0  -9999.0  -9999.0  -9999.0  -9999.0  -9999.0  -9999.0  -9999.0  -9999.0  -9999.0  -9999.0  -9999.0  -9999.0
-9999.0  -9999.0  -9999.0  -9999.0  -9999.0  -9999.0  -9999.0  -9999.0  -9999.0  -9999.0  -9999.0  -9999.0  2.07066262435  4.41983056633  0.673705880847  -9999.0  0.581087913474  -9999.0  -9999.0  -9999.0  -9999.0  -9999.0  -9999.0  -9999.0  -9999.0  -9999.0  -9999.0  -9999.0  -9999.0  -9999.0  -9999.0  -9999.0  -9999.0  -9999.0  -9999.0  -9999.0  -9999.0  -9999.0  -9999.0  -9999.0  -9999.0  -9999.0  -9999.0  -9999.0  -9999.0  -9999.0  -9999.0  -9999.0  -9999.0  -9999.0  -9999.0  -9999.0  -9999.0  -9999.0  -9999.0  -9999.0  -9999.0  -9999.0  -9999.0  -9999.0  -9999.0  -9999.0  -9999.0  -9999.0  -9999.0  -9999.0  -9999.0  -9999.0  -9999.0  -9999.0  -9999.0  -9999.0  -9999.0  -9999.0  -9999.0  -9999.0  -9999.0  -9999.0  -9999.0  -9999.0
-9999.0  -9999.0  -9999.0  -9999.0  -9999.0  -9999.0  -9999.0  -9999.0  -9999.0  -9999.0  0.997265360922  0.972265598142  1.00989837116  0.99672516986  6.2702270013  6.96750054879  1.63157588295  0.525494634569  -9999.0  -9999.0  -9999.0  -9999.0  -9999.0  -9999.0  -9999.0  -9999.0  -9999.0  -9999.0  -9999.0  -9999.0  -9999.0  -9999.0  -9999.0  -9999.0  -9999.0  -9999.0  -9999.0  -9999.0  -9999.0  -9999.0  -9999.0  -9999.0  -9999.0  -9999.0  -9999.0  -9999.0  -9999.0  -9999.0  -9999.0  -9999.0  -9999.0  -9999.0  -9999.0  -9999.0  -9999.0  -9999.0  -9999.0  -9999.0  -9999.0  -9999.0  -9999.0  -9999.0  -9999.0  -9999.0  -9999.0  -9999.0  -9999.0  -9999.0  -9999.0  -9999.0  -9999.0  -9999.0  -9999.0  -9999.0  -9999.0  -9999.0  -9999.0  -9999.0  -9999.0  -9999.0
-9999.0  -9999.0  -9999.0  -9999.0  -9999.0  -9999.0  -9999.0  -9999.0  -9999.0  0.984890435863  1.96564700543  3.91063903874  1.94698028076  0.946848867515  1.83011975971  7.83155560618  10.6571414075  0.578777476209  -9999.0  0.920792632476  -9999.0  -9999.0  -9999.0  -9999.0  1.11742955767  0.572002949523  -9999.0  -9999.0  -9999.0  -9999.0  -9999.0  -9999.0  -9999.0  -9999.0  -9999.0  -9999.0  -9999.0  -9999.0  -9999.0  -9999.0  -9999.0  -9999.0  -9999.0  -9999.0  -9999.0  -9999.0  -9999.0  -9999.0  -9999.0  -9999.0  -9999.0  -9999.0  -9999.0  -9999.0  -9999.0  -9999.0  -9999.0  -9999.0  -9999.0  -9999.0  -9999.0  -9999.0  -9999.0  -9999.0  -9999.0  -9999.0  -9999.0  -9999.0  -9999.0  -9999.0  -9999.0  -9999.0  -9999.0  -9999.0  -9999.0  -9999.0  -9999.0  -9999.0  -9999.0  -9999.0
-9999.0  -9999.0  -9999.0  -9999.0  -9999.0  -9999.0  -9999.0  -9999.0  1.10777000929  3.13336811531  4.06597559275  5.00162242164  6.74759306637  0.857159343917  3.4934068329  4.30209209192  16.3145286355  0.724632134268  0.75110404533  1.71081864928  2.46857650775  0.795241555902  -9999.0  2.88584152241  2.36963768651  0.646350812852  -9999.0  -9999.0  -9999.0  -9999.0  -9999.0  -9999.0  -9999.0  -9999.0  -9999.0  -9999.0  -9999.0  -9999.0  -9999.0  -9999.0  -9999.0  -9999.0  -9999.0  -9999.0  -9999.0  -9999.0  -9999.0  -9999.0  -9999.0  -9999.0  -9999.0  -9999.0  -9999.0  -9999.0  -9999.0  -9999.0  -9999.0  -9999.0  -9999.0  -9999.0  -9999.0  -9999.0  -9999.0  -9999.0  -9999.0  -9999.0  -9999.0  -9999.0  -9999.0  -9999.0  -9999.0  -9999.0  -9999.0  -9999.0  -9999.0  -9999.0  -9999.0  -9999.0  -9999.0  -9999.0
-9999.0  -9999.0  -9999.0  -9999.0  -9999.0  -9999.0  1.11192003803  1.02565176194  0.977381557654  0.995232202908  0.991866051724  6.99902606386  14.6767019956  15.5891894442  16.3514740636  0.751255021051  17.8181990895  18.5792196689  1.53764025673  0.783799982929  3.21081095431  5.53586192402  0.761495007983  5.20823895577  0.849466900844  0.815306945716  0.882812981284  -9999.0  -9999.0  -9999.0  -9999.0  -9999.0  -9999.0  -9999.0  -9999.0  -9999.0  -9999.0  -9999.0  -9999.0  -9999.0  -9999.0  -9999.0  -9999.0  -9999.0  -9999.0  -9999.0  -9999.0  -9999.0  -9999.0  -9999.0  -9999.0  -9999.0  -9999.0  -9999.0  -9999.0  -9999.0  -9999.0  -9999.0  -9999.0  -9999.0  -9999.0  -9999.0  -9999.0  -9999.0  -9999.0  -9999.0  -9999.0  -9999.0  -9999.0  -9999.0  -9999.0  -9999.0  -9999.0  -9999.0  -9999.0  -9999.0  -9999.0  -9999.0  -9999.0  -9999.0
-9999.0  -9999.0  -9999.0  -9999.0  -9999.0  -9999.0  2.21159003614  3.26110822298  7.33992621225  10.2284285338  0.871389048078  0.89710893858  0.843087210826  2.48182613793  19.5767257017  0.680622021142  19.2812523936  22.1095011683  2.23186955878  1.45289299533  6.21917054086  0.751442142871  5.94343416571  1.50610002705  0.764048444707  1.55076188506  1.73138879606  0.845925212528  0.860680282978  0.834849541711  0.888904958502  1.77738311988  -9999.0  -9999.0  -9999.0  -9999.0  -9999.0  -9999.0  -9999.0  -9999.0  -9999.0  -9999.0  -9999.0  -9999.0  -9999.0  -9999.0  -9999.0  -9999.0  -9999.0  -9999.0  -9999.0  -9999.0  -9999.0  -9999.0  -9999.0  -9999.0  -9999.0  -9999.0  -9999.0  -9999.0  -9999.0  -9999.0  -9999.0  -9999.0  -9999.0  -9999.0  -9999.0  -9999.0  -9999.0  -9999.0  -9999.0  -9999.0  -9999.0  -9999.0  -9999.0  -9999.0  -9999.0  -9999.0  -9999.0  -9999.0
-9999.0  -9999.0  -9999.0  -9999.0  -9999.0  1.18617406344  2.29726533431  1.09757049764  2.12441852071  11.2734735962  13.1344628721  14.9735218918  47.697755918  0.826267088175  20.3735058127  74.4787610543  75.0172108101  98.0756839619  0.597756686575  2.12600156006  6.90594810492  0.677558039497  14.4670641421  7.81118218832  4.84966175878  4.07696139179  0.854028466433  2.51183910091  2.50315299512  1.66502710162  0.800040837207  2.6035454634  0.783827153707  0.767555052757  -9999.0  -9999.0  -9999.0  -9999.0  -9999.0  -9999.0  -9999.0  -9999.0  -9999.0  -9999.0  -9999.0  -9999.0  -9999.0  -9999.0  -9999.0  -9999.0  -9999.0  -9999.0  -9999.0  -9999.0  -9999.0  -9999.0  -9999.0  -9999.0  -9999.0  -9999.0  -9999.0  -9999.0  -9999.0  -9999.0  -9999.0  -9999.0  -9999.0  -9999.0  -9999.0  -9999.0  -9999.0  -9999.0  -9999.0  -9999.0  -9999.0  -9999.0  -9999.0  -9999.0  -9999.0  -9999.0
-9999.0  -9999.0  -9999.0  -9999.0  -9999.0  1.20050841396  3.48645527269  6.90393810785  7.94014788752  15.6417596232  16.6081683278  19.6294395678  31.9022752863  50.2010640282  51.8945940112  52.6930440347  1.38813354315  100.569019468  101.803948008  105.3112107  129.466402059  16.5744330654  15.2109956117  5.5797581547  0.716501886204  4.78136055844  3.25828787337  0.7053094119  3.23700721682  0.711778773905  1.4861103886  4.10351540056  4.85933234692  1.50801959335  0.743619382783  0.721246234366  -9999.0  -9999.0  -9999.0  -9999.0  0.537285404921  0.476600153846  -9999.0  -9999.0  -9999.0  -9999.0  -9999.0  -9999.0  -9999.0  -9999.0  -9999.0  -9999.0  -9999.0  -9999.0  -9999.0  -9999.0  -9999.0  -9999.0  -9999.0  -9999.0  -9999.0  -9999.0  -9999.0  -9999.0  -9999.0  -9999.0  -9999.0  -9999.0  -9999.0  -9999.0  -9999.0  -9999.0  -9999.0  -9999.0  -9999.0  -9999.0  -9999.0  -9999.0  -9999.0  -9999.0
-9999.0  -9999.0  -9999.0  -9999.0  -9999.0  1.17157051401  1.10315152616  4.56048296171  5.61190948667  6.69216569494  1.02530112135  2.0316139447  11.6245901144  2.03563336565  0.932749502527  0.855348747024  0.749423054203  0.84494788723  0.779199154523  0.799812706272  130.1967236  132.246985082  0.670145345322  2.0788796006  1.42402730694  5.4715742187  1.43261205239  0.686320603456  3.98820480515  1.38614347302  3.34563616837  8.46096239936  7.84478222893  2.23882148454  2.18363231175  0.750016546501  0.74311751747  -9999.0  -9999.0  0.752431508611  1.18290598091  2.65502448356  0.500823797718  -9999.0  -9999.0  -9999.0  -9999.0  -9999.0  -9999.0  -9999.0  -9999.0  -9999.0  -9999.0  -9999.0  -9999.0  -9999.0  -9999.0  -9999.0  -9999.0  -9999.0  -9999.0  -9999.0  -9999.0  -9999.0  -9999.0  -9999.0  -9999.0  -9999.0  -9999.0  -9999.0  -9999.0  -9999.0  -9999.0  -9999.0  -9999.0  -9999.0  -9999.0  -9999.0  -9999.0  -9999.0
-9999.0  -9999.0  -9999.0  -9999.0  -9999.0  -9999.0  1.17893189431  1.18312586461  2.2683077542  3.36086534764  7.58885286897  9.67043148974  10.7079172839  1.08548280394  0.843026557624  11.3980186891  13.9072790317  14.6863127956  17.9099531828  18.6333070192  0.712667224617  132.968791691  136.397379403  2.73065722069  0.530066967006  6.08490230887  13.4510337331  5.32501565745  1.28813519522  0.645937756685  13.0900101101  9.13365934652  0.653590478671  0.651306606418  2.86309056007  2.18919359626  0.706072785013  0.677542071211  0.72826665758  1.46344285103  0.700221274603  3.22151317275  3.9076464244  0.638861900757  -9999.0  -9999.0  -9999.0  -9999.0  0.763879033011  0.717115280338  0.208989080099  -9999.0  -9999.0  -9999.0  -9999.0  -9999.0  -9999.0  -9999.0  -9999.0  -9999.0  -9999.0  -9999.0  -9999.0  -9999.0  -9999.0  -9999.0  -9999.0  -9999.0  -9999.0  -9999.0  -9999.0  -9999.0  -9999.0  -9999.0  -9999.0  -9999.0  -9999.0  -9999.0  -9999.0  -9999.0
-9999.0  -9999.0  -9999.0  -9999.0  -9999.0  -9999.0  -9999.0  1.16723013986  1.03901618567  2.15032406349  3.22551154441  1.04798905288  0.956028088513  6.00989698743  7.85976163405  9.74395635502  0.865243480322  1.68336517192  0.821801603986  19.3893317706  42.7154066232  43.2488399556  180.935799962  0.676096720818  1.53448812585  0.47582096185  14.0753954303  0.639568163486  1.94661452782  0.634993320919  13.7274488569  14.3663823861  1.31479787078  1.29467929697  7.16816321535  3.59999873273  1.39983659183  0.717653156253  1.45015075793  2.17510493259  3.54257139509  0.657499998964  5.12155977167  5.65151437315  0.474588575114  0.515411024611  0.552790565996  0.492905075059  0.472942738774  2.05414666288  0.797505246431  0.514084982456  -9999.0  -9999.0  -9999.0  -9999.0  -9999.0  -9999.0  -9999.0  -9999.0  -9999.0  -9999.0  -9999.0  -9999.0  -9999.0  -9999.0  -9999.0  -9999.0  -9999.0  -9999.0  -9999.0  -9999.0  -9999.0  -9999.0  -9999.0  -9999.0  -9999.0  -9999.0  -9999.0  -9999.0
-9999.0  -9999.0  -9999.0  -9999.0  -9999.0  -9999.0  -9999.0  -9999.0  2.15691495159  3.14588230858  1.04758023337  2.12508387112  3.12251850602  5.1166771654  1.00329394803  0.957727269185  0.816389560442  0.825300763316  0.73739727419  21.8020340645  0.838476718141  1.63510135896  183.129350048  184.488458251  0.571290620849  2.68822113195  17.3307050471  1.24328122889  2.50273763315  1.14830383732  1.68934485485  16.8035264328  1.88612675036  10.246849124  8.40090497053  0.627417891709  3.4422418111  1.38888398784  2.1031827937  0.645119530134  4.18163575744  5.40041065771  5.85142911471  6.2746902906  7.42761995415  0.899236353432  0.978632079932  0.881386019929  0.837533398685  2.51406512829  0.510325115434  1.83917400383  2.30371708967  -9999.0  -9999.0  -9999.0  -9999.0  -9999.0  -9999.0  -9999.0  -9999.0  -9999.0  -9999.0  -9999.0  -9999.0  -9999.0  -9999.0  -9999.0  -9999.0  -9999.0  -9999.0  -9999.0  -9999.0  -9999.0  -9999.0  -9999.0  -9999.0  -9999.0  -9999.0  -9999.0
-9999.0  -9999.0  -9999.0  -9999.0  -9999.0  -9999.0  -9999.0  -9999.0  1.11746931283  5.35444970518  6.37777974693  1.02398585832  1.98982640478  0.964145758923  0.886754338702  0.871973675201  11.065186199  14.7449745051  17.9958614241  21.2197101307  0.78281294053  0.814119641175  0.783374262834  187.908362853  189.326761619  189.866259553  22.908900011  4.95732395578  4.32651529606  0.529236576457  2.19768630194  19.5359708831  0.530740947149  10.7902918362  0.613745602048  4.42893674806  4.12713857017  0.658339746733  2.75519576366  1.2906666169  1.92359279251  0.547859257597  0.416369614779  6.69154345907  7.07166304781  7.80653299702  1.40073314727  1.27960249799  1.2323744188  3.05190541529  4.0900188615  0.518311703065  2.79518695608  0.529168756047  1.00028039279  0.489374312715  -9999.0  -9999.0  -9999.0  -9999.0  -9999.0  -9999.0  -9999.0  -9999.0  -9999.0  -9999.0  -9999.0  -9999.0  -9999.0  -9999.0  -9999.0  -9999.0  -9999.0  -9999.0  -9999.0  -9999.0  -9999.0  -9999.0  -9999.0  -9999.0
-9999.0  -9999.0  -9999.0  -9999.0  -9999.0  -9999.0  -9999.0  -9999.0  -9999.0  1.13033171026  7.44464203105  8.45407203097  2.96794209814  4.91350451824  6.71753563059  7.63947158078  0.93729973295  2.85073511466  1.8633730756  0.950137501909  0.916208172728  0.829028694265  1.6376528462  2.75483629928  0.847471307225  214.239918972  214.836572408  0.52726308963  0.44258171051  1.06227212355  1.5794199854  21.0940276333  1.041043629  11.2595281037  6.68843927923  5.55563953181  0.615279117631  1.25286638653  3.33026376408  0.575160849962  2.48053306915  1.10056201877  0.728942902497  0.352125371651  8.13594947256  16.2473860371  1.67830273292  1.56558489931  1.62669681141  0.408653321744  4.50664874323  0.402868360957  3.73370210463  0.459743464438  1.47819508208  2.28233963932  0.253891993211  0.261790232463  0.33192737104  0.351797501425  0.239023913592  -9999.0  -9999.0  0.175379008658  0.131628509705  -9999.0  -9999.0  -9999.0  -9999.0  -9999.0  -9999.0  -9999.0  -9999.0  -9999.0  -9999.0  -9999.0  -9999.0  -9999.0  -9999.0  -9999.0
-9999.0  -9999.0  -9999.0  -9999.0  -9999.0  -9999.0  -9999.0  -9999.0  -9999.0  -9999.0  1.01929701959  10.5044770538  0.971863660312  1.94749858233  2.83476528335  4.59726817784  0.903474528376  1.90064875331  0.918704902717  0.868662655368  0.815032218135  1.62307731819  0.713091443001  0.767366309143  1.45198932614  0.79316311169  215.469999924  216.556513137  218.159654101  2.07312663655  0.526144485626  1.04918787686  21.6493254067  20.6055825461  7.85044954364  0.570964352525  2.45242959596  1.84732049255  3.90721567497  1.14741005263  4.71687856631  1.66094378421  1.1806401517  0.275131691659  0.372728405759  16.6803707494  17.0457494819  20.5989006149  2.91644525706  0.847941154669  4.96442612315  5.81456025934  9.95107571496  0.909806530085  0.429330545136  2.58294070793  3.08600926141  0.249630629363  0.483186982298  0.905925448224  0.469575540997  0.231380102863  0.232576509705  0.352724224717  0.272316747062  0.131052818738  -9999.0  -9999.0  -9999.0  -9999.0  -9999.0  -9999.0  -9999.0  -9999.0  -9999.0  -9999.0  -9999.0  -9999.0  -9999.0  -9999.0
-9999.0  -9999.0  -9999.0  -9999.0  -9999.0  -9999.0  -9999.0  -9999.0  -9999.0  -9999.0  -9999.0  0.529908521533  11.6418222511  0.940946362755  1.82223824473  8.21681780819  0.93732475984  0.927878402378  0.808815555551  1.69732885907  0.817382356962  3.25761348544  4.70603052063  5.38178814372  2.05350747759  2.56792527997  0.580066171858  0.723110570488  0.65077358457  221.344915764  222.836567171  22.1237273154  21.5662122833  21.0916579902  1.00171471752  0.482135615276  2.98455116209  7.96843812522  4.45274329796  1.68393812016  6.9318684668  2.62028389572  2.12212965766  0.547281117442  0.221228452861  0.21396180533  0.252882318684  21.891724863  26.0138166575  0.411108260242  0.379675909334  0.418836553687  10.3660576746  11.6704144127  0.777091826173  0.33088437723  3.29022332335  0.42756582323  1.09887645649  2.23193427906  2.92247440311  3.36579382006  0.973889973301  0.55031432386  0.448724463915  0.27888451072  0.190882624975  -9999.0  -9999.0  -9999.0  -9999.0  -9999.0  -9999.0  -9999.0  -9999.0  -9999.0  -9999.0  -9999.0  -9999.0  -9999.0
-9999.0  -9999.0  -9999.0  -9999.0  -9999.0  -9999.0  -9999.0  -9999.0  -9999.0  -9999.0  -9999.0  0.487916158098  12.8209674027  15.7685346653  0.888025723856  9.99770739124  0.870389458484  0.823149876536  1.6027231956  4.1098384306  0.784806053318  0.824861910112  0.703148718527  6.79521477047  7.44312162559  10.7050404024  11.879801036  12.4907398943  13.018506064  13.6490860796  237.045894182  260.159859438  282.627201516  282.986124758  0.422048932154  0.481039874832  9.03928056099  8.50792224679  0.534315958179  0.531065701333  7.45519126252  10.6201694685  0.449274868411  5.43949253021  5.04010974335  1.23395105699  0.570637409354  0.956158464137  0.442801003957  26.7422588753  0.37803276845  1.15866135733  1.45090035769  14.2243217979  15.2826510397  15.9371404335  19.4678873376  0.222568420111  0.194947513053  0.176534019329  0.175743764298  3.7728410377  4.94995239487  0.21961795214  1.07685921366  0.441505812346  0.352798943848  0.110765307705  0.0972120499944  -9999.0  -9999.0  -9999.0  -9999.0  -9999.0  -9999.0  -9999.0  -9999.0  -9999.0  -9999.0  -9999.0
-9999.0  -9999.0  -9999.0  -9999.0  -9999.0  -9999.0  -9999.0  -9999.0  -9999.0  -9999.0  -9999.0  1.06999101255  2.04765245358  16.7255547368  18.4303625335  0.869558624566  11.5578339573  0.743230010115  2.27052575216  4.84706003943  1.52141135054  0.733084407931  1.50139013294  0.64078334714  1.20982744015  0.579722404658  0.529199938886  0.453892773435  0.421301298534  0.398122664079  0.381871347647  0.500387997719  0.58951406593  0.618937719474  284.441870675  10.491029607  9.70872037908  0.316414555432  1.52243135754  0.390919316538  0.350130264759  11.1143225497  18.0990403255  6.00879597766  4.53392192793  0.75611825412  0.306121664025  0.271824598456  0.625252911475  27.7425722292  28.4695992701  0.381274595589  0.40464593702  0.401090898076  0.329555510617  0.590138577835  20.2694106821  20.7165430335  21.14438411  0.410609597385  0.23575525756  0.195117362443  5.15944145634  5.55294481313  1.23258854158  0.173871607989  0.508438238907  0.223510316226  0.187331629218  -9999.0  -9999.0  -9999.0  -9999.0  -9999.0  -9999.0  -9999.0  -9999.0  -9999.0  -9999.0  -9999.0
-9999.0  -9999.0  -9999.0  -9999.0  -9999.0  -9999.0  -9999.0  -9999.0  -9999.0  -9999.0  -9999.0  -9999.0  0.91982276605  12.5532226959  31.8719998205  34.598136245  46.9454543575  47.6222153289  10.7626737046  7.86596114629  2.26867565208  0.722297889034  2.91513884778  3.59488975208  5.40026124508  1.19339105729  1.08422429665  1.02294106837  1.98656190976  0.927883195973  0.890512692697  0.455829533391  0.314388991757  0.337622143169  284.910266307  295.720470839  296.095145781  0.312706339283  3.95529454251  1.77554192809  0.532855449139  19.8211741122  1.23430896572  0.639432432435  2.75262405752  0.586355903772  0.437064197803  0.794654514464  1.10089301046  1.44307948909  29.0742844961  0.284118907681  0.255273735309  0.255307673706  0.216854991507  0.242698718358  0.608878875611  0.716044659936  22.2334813672  23.7915008492  0.936777870564  0.458584332854  0.282527796239  0.226279700992  7.26145633418  9.98341448175  2.35338808999  1.14587146397  0.6947581856  -9999.0  -9999.0  -9999.0  -9999.0  -9999.0  -9999.0  -9999.0  -9999.0  -9999.0  -9999.0  -9999.0
-9999.0  -9999.0  -9999.0  -9999.0  -9999.0  -9999.0  -9999.0  -9999.0  -9999.0  -9999.0  -9999.0  1.01921764231  9.57869325654  11.614273266  1.87573654475  0.553669324865  1.24334134339  49.6674768536  50.3316757186  61.7230695281  0.663224349999  1.378509096  0.602867895055  0.613014460114  5.99186371655  7.77495948709  9.38847739633  0.515516238674  2.49514251975  3.91982225274  2.29410289491  0.936224437823  0.720780823721  0.649252376652  0.635375166799  0.324134898329  296.406459786  296.643203145  301.115401376  0.888865592994  0.476772261693  20.1988254516  1.32974900494  0.687332568494  0.755667322786  0.750003839694  0.668649291852  1.16069928745  3.26591367836  5.09986495166  34.4752148365  0.215252940891  0.661630155843  0.453483630314  0.403242821087  0.199518060096  0.243312496216  0.249989125997  0.153787473912  24.0543129447  0.122896953056  0.386491108457  0.163501315941  0.174547661992  0.17623871124  10.1851597421  0.483009964852  0.202403301453  0.320967735465  0.140853190476  -9999.0  -9999.0  -9999.0  -9999.0  -9999.0  -9999.0  -9999.0  -9999.0  -9999.0  -9999.0
-9999.0  -9999.0  -9999.0  -9999.0  -9999.0  -9999.0  -9999.0  -9999.0  -9999.0  -9999.0  -9999.0  1.04100399055  6.64525218512  1.03873679126  0.916137172688  4.77589397147  5.58221946617  6.40065565969  7.13922609921  84.3091902533  84.9200941489  86.1928712435  96.2335842867  98.1067794444  99.1508918725  99.7649681055  110.409206196  111.787707507  112.323123197  116.835700264  119.702029651  120.187414339  121.834389828  1.09769970885  0.986975621269  0.230752109059  0.218295355633  296.937307155  302.593167996  1.24397836213  23.4891159925  23.0691509115  2.50788341112  0.597840908516  0.618624579859  0.595307426131  0.601243751272  1.21066025888  1.71782920977  0.470134433232  34.7611093549  35.0666687273  36.4490735796  36.7036103492  37.3515538498  37.7777786987  0.182485763015  0.206463502419  0.181790746882  24.246402771  24.5256684565  25.0813048795  25.6901790931  0.312195690598  11.0278559807  10.6637653787  0.240244047652  5.44970406738  5.29614264465  0.406912359434  0.252126886159  -9999.0  -9999.0  -9999.0  -9999.0  -9999.0  -9999.0  -9999.0  -9999.0  -9999.0
-9999.0  -9999.0  -9999.0  -9999.0  -9999.0  -9999.0  -9999.0  -9999.0  -9999.0  -9999.0  -9999.0  3.43293866061  4.53373854645  2.11848464543  3.11631109194  0.986497881566  11.3677091999  12.2546131503  13.979577426  14.7023320496  5.73482516072  93.0046357009  93.6256617125  0.623228436234  0.433861624027  0.392552714325  0.86029555821  0.431007041479  0.324332687738  0.299373466524  0.332393933858  120.667931521  122.33385644  123.918206847  125.314273817  126.157773365  0.370085499241  0.121945750732  327.029103389  24.2034152454  23.9521142005  0.511266215951  0.490576919492  0.448179623781  1.08954333016  1.06718780878  0.499411876792  0.503128151312  0.46086234742  0.916261837831  1.20022258667  0.20982384746  0.388706393461  0.162759092846  0.122381432013  37.9255108256  38.2994307336  38.7284620317  39.1633559704  39.3978718098  39.7343650879  39.8711168374  0.135801704904  26.0943572095  0.237043965718  17.0383083342  5.78947456284  0.3876944942  4.75113071122  4.07383399392  0.297541206883  -9999.0  -9999.0  -9999.0  -9999.0  -9999.0  -9999.0  -9999.0  -9999.0  -9999.0
-9999.0  -9999.0  -9999.0  -9999.0  -9999.0  -9999.0  -9999.0  -9999.0  -9999.0  -9999.0  -9999.0  -9999.0  2.32583254288  1.08325924077  0.993345029994  9.59526488605  10.5235534098  0.918774226551  3.62146828861  4.42331200113  5.14328561716  0.781445188125  0.586026576142  14.5161321425  14.9836338857  15.4327113556  39.3219321829  39.6698850566  40.2737882276  43.4032470665  45.1483211952  45.4079516108  0.261028842294  0.280038955789  0.285661682623  126.541351922  0.173925293483  331.04047182  330.788412605  3.52790982043  3.19755391729  1.95343388618  0.495234071244  0.888407994016  1.56116778883  1.54305776471  0.972998765865  0.479316067356  0.9310741315  0.909541932418  1.59413276532  0.257715704975  0.643692558645  1.06621925298  1.32258621013  1.46350375644  0.135111169465  0.136260101676  0.137304898422  0.139733716772  0.172271052017  40.0920784201  40.4211034723  66.6482324752  66.7675091346  18.5027775782  1.26524632306  0.881741050604  0.351611121715  3.53760594315  3.28642021219  -9999.0  -9999.0  -9999.0  -9999.0  -9999.0  -9999.0  -9999.0  -9999.0  -9999.0
-9999.0  -9999.0  -9999.0  -9999.0  -9999.0  -9999.0  -9999.0  -9999.0  -9999.0  -9999.0  -9999.0  -9999.0  1.20363488567  3.40242746395  4.44032537277  7.6339456765  0.960698215942  1.92975282335  2.81942054049  10.744171419  11.4687792493  12.0372014662  12.7108486531  13.4195900642  20.4186920956  22.4585087248  23.5278618637  0.440802311051  2.4771034142  2.87865892068  44.3063656089  45.7509820156  46.4264439436  47.1148665033  47.6842596331  174.439002682  0.166253171225  331.950148141  0.53317314067  0.245585214235  2.72275464312  2.34985705845  0.348536060853  1.28174496915  1.95787564677  1.92901851118  1.33878566239  2.18774985509  3.45692905306  1.27939448162  3.22256860593  0.279830135466  0.436558241534  0.0919818491357  0.0752662351621  1.6959050244  1.77214913127  0.230236725502  0.246759470927  0.386624112366  0.135273327946  0.140183350443  0.165410940484  100.095385299  99.996081234  32.9349508666  0.344471211569  2.13181640478  1.70087444734  1.12800706201  3.08350459098  2.19679949708  -9999.0  -9999.0  -9999.0  -9999.0  -9999.0  -9999.0  -9999.0  -9999.0
-9999.0  -9999.0  -9999.0  -9999.0  -9999.0  -9999.0  -9999.0  -9999.0  -9999.0  -9999.0  -9999.0  -9999.0  1.15199290818  2.28152499421  1.04428282011  2.12743676949  0.947967275094  7.18635066778  8.98028787766  9.90676200635  0.810389653412  1.5532937491  15.6568422726  19.2297306683  19.8311391619  1.40772727481  1.24952281103  1.79286889411  0.34759577154  0.312133554534  0.579608276241  0.264845393014  23.3124222306  23.6161215934  23.8200810886  174.767895854  333.959788162  332.187798378  0.365163933809  0.17397418229  0.154468721749  0.695853618264  0.557047492639  1.56921081928  2.3107001588  4.64373782729  0.409119505869  0.404996069385  3.81267043773  4.1873531217  8.06456594131  8.27906821922  8.81393701927  8.98539277098  0.157116514272  0.244235611627  1.85629803481  105.448877885  103.295874937  102.799820021  102.111063838  0.120920230249  101.211030064  0.267130180141  0.172939318002  13.95048318  3.40797935494  3.17489543418  0.582226820152  0.634912461244  0.552742612919  1.89891763369  -9999.0  -9999.0  -9999.0  -9999.0  -9999.0  -9999.0  -9999.0  -9999.0
-9999.0  -9999.0  -9999.0  -9999.0  -9999.0  -9999.0  -9999.0  -9999.0  -9999.0  -9999.0  -9999.0  -9999.0  -9999.0  1.09835887789  2.17079415042  3.24623670041  5.2224650757  1.04023140096  0.937602998294  6.37693534471  7.19993587962  14.242151333  15.0600454445  2.28514379358  0.776282948432  0.711104707325  0.613735528421  21.3706399938  21.7881817047  22.1731361527  22.4762960624  23.0363787748  3.64580938128  3.9008810112  27.9163708038  536.821934446  1.44793199234  1.14963435423  0.574471127107  0.158422703727  0.131907286023  1.00216799129  1.10359079804  1.82977590019  0.131973206644  4.82422272143  0.673737284077  0.656083676245  0.129177672912  0.0824160120426  0.0756591391338  0.0795816282096  0.0841984722914  9.10003528699  127.023275416  117.548057597  117.24770026  105.561704429  0.140199513248  0.131188836377  0.201540397103  101.441768641  0.477009872225  0.209698259994  0.225697647278  0.221138912508  10.1310816169  9.65874363607  1.09226157384  0.564156867994  0.701216572763  0.698871116742  -9999.0  -9999.0  -9999.0  -9999.0  -9999.0  -9999.0  -9999.0  -9999.0
-9999.0  -9999.0  -9999.0  -9999.0  -9999.0  -9999.0  -9999.0  -9999.0  -9999.0  -9999.0  -9999.0  -9999.0  -9999.0  -9999.0  1.05331141177  1.9385145924  2.72308776069  3.54772870983  4.5022226566  5.4818544932  2.82486458418  4.63428744825  0.813501100061  0.790391015165  17.8617898384  19.404293903  20.0971320375  20.839807132  0.517688135626  0.926747298131  2.49115843876  2.93027983001  3.31655630772  0.324230084685  0.20449474409  537.578487594  0.292106337506  0.35438068197  0.171424627986  0.643959047092  0.307158110016  0.150686258678  3.08328294207  3.201744476  0.0884251362471  4.92482996682  5.67885031488  0.748563677388  131.898396557  131.691552266  131.517919094  131.12502816  130.97270646  127.726474652  127.59859734  0.225434205904  11.6135831996  11.0915709204  10.571698883  10.4384793898  5.89475385291  5.75493269055  5.42941903083  1.58927642979  1.42249211118  0.968107219043  0.247991584503  9.28170144946  8.2046995077  0.507989125281  1.03208308779  0.457440093286  -9999.0  -9999.0  -9999.0  -9999.0  -9999.0  -9999.0  -9999.0  -9999.0
-9999.0  -9999.0  -9999.0  -9999.0  -9999.0  -9999.0  -9999.0  -9999.0  -9999.0  -9999.0  -9999.0  -9999.0  -9999.0  -9999.0  0.20916833191  0.474014571369  0.787869251086  7.33258135959  8.33376122118  1.01141099154  0.952527906173  0.918572574736  14.6000978517  16.3191115456  0.822672589555  0.848624942261  0.674291445508  2.76389974729  3.4289195458  1.61666446161  2.06304266536  16.3092048339  16.8010536064  17.6279434399  27.7156779691  565.510314206  0.285228836157  0.142301082243  0.997523406397  0.82297781085  0.136152704228  0.430886077369  0.560405506228  3.34415091424  3.4575317206  9.41000392208  5.76846101869  0.848095280637  134.456032452  1.12255327839  131.350876804  131.244881656  3.09465662107  0.19562837284  0.42011593419  0.223930164273  0.292550175858  0.421223966858  0.214107937317  4.42213347339  3.77919600189  0.221650798201  3.71345359253  0.532188318225  0.315552611083  0.731806242164  0.362364602714  0.842546003976  6.6253899338  5.67619015021  0.435773110794  0.690467618802  0.352625313374  -9999.0  -9999.0  -9999.0  -9999.0  -9999.0  -9999.0  -9999.0
-9999.0  -9999.0  -9999.0  -9999.0  -9999.0  -9999.0  -9999.0  -9999.0  -9999.0  -9999.0  -9999.0  -9999.0  -9999.0  -9999.0  1.05782719786  1.73783980779  3.62716573284  6.36605475554  9.07221938702  10.9838993448  11.9465362264  12.9022640365  13.7988862467  0.84330651365  0.760115822848  1.48831527416  1.38689821055  0.713989953842  14.2623283983  14.9091286853  15.5026677697  16.0594232654  8.97644042132  9.39208432615  9.83302572962  565.698228414  0.518272571567  0.382871504265  1.5185055887  0.167214136721  0.258916419114  0.136230812689  0.117888939189  0.677455535766  0.0880128004321  0.0949767837667  144.460973998  134.97806173  134.876856381  0.463996501185  1.03445995162  0.677506104734  0.15730763741  2.78334668715  0.771721640088  0.627357409795  0.47559686292  0.336827396786  0.197325447891  0.473009852114  3.58521556095  3.05182622213  2.5444272939  2.94940901386  2.7537583337  2.59080304424  0.242031227643  0.443819925152  0.487980016516  4.24187451561  3.30976067417  1.97300113283  0.293388945402  -9999.0  -9999.0  -9999.0  -9999.0  -9999.0  -9999.0  -9999.0
-9999.0  -9999.0  -9999.0  -9999.0  -9999.0  -9999.0  -9999.0  -9999.0  -9999.0  -9999.0  -9999.0  -9999.0  -9999.0  -9999.0  0.736940237946  0.696838943964  1.36451390703  2.0665096572  0.972560463242  1.05494200445  2.01904366602  2.96512595492  4.72635550628  5.61444908223  6.42913289045  8.74597544816  9.45994779469  10.2194253327  0.677998464496  7.00219884603  7.58132831894  8.11555433847  0.417275238064  0.213087027467  0.393086814814  575.975999371  576.157006264  577.001550234  2.03777203621  0.36761075196  0.416298175511  0.11246729211  0.210403329035  0.77464900237  0.944270870884  0.1728950136  144.914250525  0.145822925939  0.254510944083  0.290213185989  0.207129564138  0.408208659097  0.169216815603  1.86416517063  1.48437274914  1.1106525259  0.583398808927  0.412274246535  0.233716418854  0.269608644717  0.315415112953  0.318799114661  2.32999102444  1.78848690862  1.26073596053  0.693207702179  2.39775089826  1.76839453154  0.43691756839  0.508355629501  0.471885822698  0.962330324454  0.509409488009  -9999.0  -9999.0  -9999.0  -9999.0  -9999.0  -9999.0  -9999.0
-9999.0  -9999.0  -9999.0  -9999.0  -9999.0  -9999.0  -9999.0  -9999.0  -9999.0  -9999.0  -9999.0  -9999.0  -9999.0  -9999.0  -9999.0  0.670007841358  1.31995386277  0.638425413064  1.31755573361  8.33573637035  9.2097292145  10.1524646697  0.878989284588  0.885999889454  1.70052686319  2.49799244686  3.91820380886  4.63205089865  5.03309129843  5.671552651  0.533760686318  0.494135237413  9.04826536853  9.28066046866  9.48257400426  9.6866615592  7.92868979508  585.798933927  589.072418437  589.234815462  589.786386561  590.450018429  590.74899252  0.0814691298661  1.0235884377  144.995732668  0.194718997097  0.100514123274  0.110549775577  0.107464728411  0.191103103262  0.205856723496  0.126030237135  0.201745899751  0.203356602715  0.383100656502  0.180805771963  0.135780259332  0.545718644194  0.394787510668  0.218682597541  0.214291856984  0.248829955347  0.26431667513  0.302528607202  0.392645143701  0.423410257978  0.863699092075  0.28510647338  0.79927856341  0.33331591808  0.339197303545  -9999.0  -9999.0  -9999.0  -9999.0  -9999.0  -9999.0  -9999.0  -9999.0
-9999.0  -9999.0  -9999.0  -9999.0  -9999.0  -9999.0  -9999.0  -9999.0  -9999.0  -9999.0  -9999.0  -9999.0  -9999.0  -9999.0  -9999.0  -9999.0  1.96442279525  2.65646338999  4.69148570332  6.28606984878  0.859525469506  12.0506362454  12.9329375981  13.8062835455  0.860715504642  1.6810269651  0.72539948277  5.54395199809  5.91581097044  6.50099277538  7.10913472994  8.51778331909  8.73292920619  0.141657048645  7.12524160529  7.54007590903  7.73840250797  8.60568809268  1.05096346906  0.647528878796  0.384266485972  0.367172059323  591.106979845  591.2416425  593.021110039  145.073253511  0.559202870378  0.297707784555  0.194981675359  0.0649331336182  0.630152940292  0.348963810669  0.114420434745  0.679251625753  0.585661039533  0.103353558792  1.07431786391  0.974682358573  0.712591696546  0.15042334539  0.471457529151  0.34805905397  0.149082034588  0.402977359206  0.252933288816  0.322057082874  0.314194769237  0.212421209815  0.500338276281  3.59758894616  2.02330586843  1.28851967863  0.528709322862  -9999.0  -9999.0  -9999.0  -9999.0  -9999.0  -9999.0  -9999.0
-9999.0  -9999.0  -9999.0  -9999.0  -9999.0  -9999.0  -9999.0  -9999.0  -9999.0  -9999.0  -9999.0  -9999.0  -9999.0  -9999.0  -9999.0  -9999.0  0.717146912814  3.34168506625  4.04945267102  0.920198009069  0.981388510077  1.95457092872  2.85869660051  17.5749561015  0.8516937201  3.41353121652  4.17068940816  4.90545210626  0.395739914555  0.935758402472  1.24362441744  5.76371147648  6.39881157287  6.57483468298  0.210135402307  0.207233241007  0.253569416384  0.470878475633  0.204191902342  0.20987269038  0.296285564338  0.259679249467  0.304278507464  0.666896468274  593.178918105  738.626702227  0.692264514846  0.159562820027  0.0637772078123  2.12628462606  1.9810178629  1.23771765016  1.12302859842  0.851305749622  0.213360543736  0.155068780477  1.17373336883  0.527827219706  0.418995167786  0.129170193112  0.607670694276  1.13839910355  0.956676144964  0.593557550448  0.236554446387  0.904394132744  0.64662093981  0.411530521985  4.43497697374  4.27301718667  0.374605679311  0.342005594188  0.315165013592  0.287213823578  -9999.0  -9999.0  -9999.0  -9999.0  -9999.0  -9999.0
-9999.0  -9999.0  -9999.0  -9999.0  -9999.0  -9999.0  -9999.0  -9999.0  -9999.0  -9999.0  -9999.0  -9999.0  -9999.0  -9999.0  -9999.0  0.621120881448  2.00609305847  0.666004123056  1.08489408098  1.12985708015  2.13252625398  3.09176258819  3.9210342003  22.1756714012  23.0098448483  0.856652704288  1.62982996326  2.41160664233  2.91994497941  3.48963312784  5.13476286725  5.55504499056  0.39970718812  0.317191973624  0.263060285999  0.309948704508  0.309994701685  0.35818217572  0.302137671638  0.393728736692  0.988106089804  0.450024628507  0.135809603706  0.129627977488  0.133551289488  0.247563056692  744.711917527  5.2199175928  2.48282744251  0.189992209552  0.0859238003166  0.0677360906528  0.277360477817  0.19954168303  0.107646710842  0.106304874041  1.41070683495  2.06305638432  2.26457708702  0.0938032593985  2.04149424931  1.32386806868  0.152556935484  0.127159619691  0.268884949558  1.93098381468  0.85112717627  0.572785586543  4.6151189108  0.194622581415  0.233160974176  1.23502233455  0.629019395792  1.06829612877  0.468899759365  -9999.0  -9999.0  -9999.0  -9999.0  -9999.0
-9999.0  -9999.0  -9999.0  -9999.0  -9999.0  -9999.0  -9999.0  -9999.0  -9999.0  -9999.0  -9999.0  -9999.0  -9999.0  -9999.0  0.658568957211  1.26059171217  4.53817493339  0.638323940546  1.99830946195  3.10947111252  4.14354266645  1.05369438876  1.97549420233  2.78098654904  26.4309265072  0.813997955227  1.54136575259  2.26473799607  0.647649902887  1.28330559516  1.65542748724  2.06061364535  50.217483514  50.8444660438  51.380640235  53.8215668418  54.764129632  56.6340859204  0.434109320335  1.02922356637  1.2041302472  61.7733263123  62.0308841499  0.117932457223  0.210424365247  0.297998939449  744.844747945  4.90267948628  2.17577462982  2.07103835312  1.78022733996  1.6182167297  0.365636464867  0.0835032234814  0.176877899436  0.0938528924883  0.0995592481891  0.217462652649  2.39716147557  4.68532473794  2.19363094906  0.416624968488  0.288505905456  0.156918086611  2.77368062455  2.34079365454  0.218828722286  5.58916056837  4.81338535516  0.373083688714  2.32301890069  1.47775412165  1.64736641811  1.39569548545  0.311932153916  -9999.0  -9999.0  -9999.0  -9999.0  -9999.0
-9999.0  -9999.0  -9999.0  -9999.0  -9999.0  -9999.0  -9999.0  -9999.0  -9999.0  -9999.0  -9999.0  -9999.0  -9999.0  -9999.0  0.657790477037  2.00645241644  7.20211576285  10.6440508695  0.575173063205  13.9885378592  18.820696519  1.00332534291  1.92714553168  2.7852691533  34.3233485777  34.9983373056  0.655635769864  3.58909784362  4.19704800949  4.7426391678  45.9231451036  47.1617815756  47.8296427489  0.313950900042  1.77827553529  2.10573626919  0.869924023598  1.24776233366  58.351658193  59.8962952576  60.1752245959  60.4340309665  62.3042373954  0.132134721703  0.114847911092  0.500751156336  744.964984059  0.138700120187  0.0710575429601  0.205102072249  0.08403573233  1.4741355391  1.22834858471  0.73658852224  0.543305328865  0.241208765947  0.110753277682  0.324962449544  0.0955011865066  4.79670251546  0.628875021649  0.517292587857  0.0963032487226  0.258188826841  2.90609164779  0.108908141985  0.120636714603  5.75225970837  0.147231663199  2.68192874884  2.53099653558  2.29855053601  2.11536541308  0.22481672117  0.848892919301  0.2716424954  -9999.0  -9999.0  -9999.0  -9999.0
-9999.0  -9999.0  -9999.0  -9999.0  -9999.0  -9999.0  -9999.0  -9999.0  -9999.0  -9999.0  -9999.0  -9999.0  -9999.0  -9999.0  -9999.0  -9999.0  1.406755263  2.82698027017  12.6243335543  13.33139852  19.4394178395  20.1334374388  0.972523494359  1.94269103597  4.5402658414  35.576610209  36.9347638707  37.4691641153  0.422562463719  39.4601470063  40.7480010262  0.794376129733  0.318846701555  0.626157691715  1.20698592312  0.281605588004  0.553543907527  1.20275181887  1.48980003085  0.278557228879  0.177734928526  0.347371397669  63.7008311174  64.1671950446  64.2637472695  65.0548415217  745.070741377  0.0901654218789  0.0438420930141  0.0530464436695  0.0538279880345  0.0558402235773  0.0492297909467  0.0894901957018  0.0666298069168  0.188078956317  0.118577398123  0.128117309924  0.585827561255  5.63554295718  6.43746811141  6.56948438008  7.0373633575  0.10492164086  3.0156896172  0.458976452358  0.239230622205  5.87567800555  6.14762385572  2.82101024024  3.00577437573  2.53116239759  1.58011096971  1.36923491422  1.14184549098  -9999.0  -9999.0  -9999.0  -9999.0  -9999.0
-9999.0  -9999.0  -9999.0  -9999.0  -9999.0  -9999.0  -9999.0  -9999.0  -9999.0  -9999.0  -9999.0  -9999.0  -9999.0  -9999.0  -9999.0  -9999.0  0.73800315098  0.722341282425  0.713499259102  1.44734537245  0.628534230874  21.3832812375  22.0221251901  0.895148579078  1.78516454479  0.860011393817  0.680935845305  0.658448515877  38.6292997176  0.432163848652  0.868941946459  0.436910077745  0.347376288994  0.300523089217  0.224196474709  0.234644676708  0.710649531989  0.976088633309  0.180892994377  0.156022988356  0.340121969034  0.573548071174  0.787402036065  0.244561607233  64.4439280511  65.1591440121  745.144255363  0.32875639896  0.148790850415  0.0260877856878  0.0747447358321  0.0215615246474  0.0172239549597  0.108793621044  0.359115080155  0.24033211572  0.0562885863098  0.0595146210056  0.230540992841  0.148968276757  0.104869858778  0.115693736367  0.128668047037  11.1098441078  3.58150110591  0.102150591232  0.178559670262  0.0848085534975  14.7376578393  8.48970564306  8.36793780605  2.68798365298  1.96251756499  0.180059777446  -9999.0  -9999.0  -9999.0  -9999.0  -9999.0  -9999.0
-9999.0  -9999.0  -9999.0  -9999.0  -9999.0  -9999.0  -9999.0  -9999.0  -9999.0  -9999.0  -9999.0  -9999.0  -9999.0  -9999.0  -9999.0  -9999.0  -9999.0  -9999.0  0.71260130748  2.1020195728  2.67882990111  3.28842004837  22.6161816327  23.215100864  23.8212910576  24.5489247451  25.1902801438  26.5213023617  26.9419082094  27.343233943  27.6824309833  0.306723381784  0.279181882129  0.295261817582  1.00270659315  0.264934092805  0.246277886032  0.187959173922  0.540404765783  0.214637501058  0.160170236439  0.146704511777  0.128958237607  0.257243471564  0.366227588668  65.904232477  811.461241346  0.0838945229438  0.170101974844  0.0204782274334  0.0996701589189  0.0506952471322  0.0347128994886  0.751594938221  0.595277303919  0.178804424983  0.120151149954  0.353632738328  0.0695487744834  0.242642388772  0.172318676405  0.322908231158  0.116034230941  0.147615999924  11.2336843492  11.6226106558  18.6194153915  18.5119275938  18.3886183713  0.142600923101  2.47746125734  2.31175505596  0.167999183218  -9999.0  -9999.0  -9999.0  -9999.0  -9999.0  -9999.0  -9999.0
-9999.0  -9999.0  -9999.0  -9999.0  -9999.0  -9999.0  -9999.0  -9999.0  -9999.0  -9999.0  -9999.0  -9999.0  -9999.0  -9999.0  -9999.0  -9999.0  -9999.0  -9999.0  -9999.0  0.602868526945  4.75527332153  9.33679048602  9.98224686702  0.892512099629  1.79005405975  2.68942138437  3.429151645  8.29790796692  8.65287265767  0.340213485011  0.328017600786  28.3313339954  28.8876602546  29.146288737  1.19198238728  0.169104823872  0.423838333239  0.619856962464  1.82781406072  2.23479225665  2.54366115097  0.278972735469  0.387720236853  0.132191248265  0.263261375019  0.136675985611  811.71073556  0.0708292582391  0.308229961258  0.100644451702  0.26165524544  0.654301759623  0.731375696546  1.52695593965  0.79720396933  0.743611019047  0.567599288692  0.519671805504  0.114967696514  0.287725896197  0.41696621354  0.375156009594  0.0565258085421  31.3236466758  31.101222304  30.987375278  19.0342329773  0.204102316945  3.30586705285  2.39907781223  1.617851745  1.0210543577  0.177895462272  -9999.0  -9999.0  -9999.0  -9999.0  -9999.0  -9999.0  -9999.0
-9999.0  -9999.0  -9999.0  -9999.0  -9999.0  -9999.0  -9999.0  -9999.0  -9999.0  -9999.0  -9999.0  -9999.0  -9999.0  -9999.0  -9999.0  -9999.0  -9999.0  -9999.0  0.666580353224  2.12716123714  4.16614803257  5.43816655251  13.9114847839  14.6797260237  1.87216546294  2.75382263378  3.49434422745  4.23522589396  9.05268968183  9.76351519641  17.3074699762  17.8827391793  18.1852851136  29.405906438  31.2245440184  0.418398227957  0.27849041489  0.262925905498  0.496238833912  0.220937160519  2.96516765169  3.11347436897  0.511733939968  0.685403217856  0.15518137733  200.494508762  200.790117044  1012.66474493  1013.09060404  0.0781690161454  0.436686730283  0.1082453796  0.0906592560461  1.72062039032  2.59266979252  0.693570829799  0.631810579206  0.110511656263  0.0599838868409  0.345421558435  32.132025575  31.6682089398  31.6072777481  31.4633755285  0.165209307696  0.179822192088  0.205849067737  0.22033592136  0.715675262359  0.483451793949  0.458554651888  0.692958618597  0.218346186883  -9999.0  -9999.0  -9999.0  -9999.0  -9999.0  -9999.0  -9999.0
-9999.0  -9999.0  -9999.0  -9999.0  -9999.0  -9999.0  -9999.0  -9999.0  -9999.0  -9999.0  -9999.0  -9999.0  -9999.0  -9999.0  -9999.0  -9999.0  -9999.0  -9999.0  -9999.0  0.764123379813  0.742762197242  1.40853102413  3.33486094764  15.3048313115  0.960096074348  0.949262912109  1.70483009508  2.46627729707  6.00449763761  6.54704573748  0.361377173096  0.377868998679  18.5834516783  18.8660052905  50.3644354571  50.607641312  0.146933223141  0.127576315888  0.101653401514  0.102802986339  0.112766579  197.417440283  198.410271656  199.301997002  199.659753995  200.324994764  0.164135850736  0.600836787509  0.725789944642  1014.0648252  1014.13048211  1014.3061385  1014.50814337  1014.69539592  2.75862823663  0.0510536349372  0.215347018396  0.171247095322  0.0456671538487  0.390846471894  32.3362950266  0.145221575004  0.0814215149751  0.739866480195  0.664182707761  0.546337182656  0.426475835758  0.240347549212  0.277108326515  0.26247666933  0.237252150374  0.251977862284  -9999.0  -9999.0  -9999.0  -9999.0  -9999.0  -9999.0  -9999.0  -9999.0
-9999.0  -9999.0  -9999.0  -9999.0  -9999.0  -9999.0  -9999.0  -9999.0  -9999.0  -9999.0  -9999.0  -9999.0  -9999.0  -9999.0  -9999.0  -9999.0  -9999.0  -9999.0  -9999.0  -9999.0  0.684686835682  0.714908908202  1.32236261288  17.905053923  18.5766878869  0.935921992883  1.69345262925  2.46739833188  3.0497243743  0.514976337901  0.982356493853  42.8332203246  43.1492743215  43.4769436874  45.9249991022  96.8251022491  191.366966074  191.731063482  192.050299896  192.355057373  193.707394359  194.150863619  0.818375967131  0.361398374286  0.219391759422  0.409812077182  0.299942516348  0.477537932301  0.149470195484  3.53299633053  3.82860373732  4.06844104979  4.1256013026  1014.78341054  1017.71309809  1018.13473452  0.286305780306  0.0487924959341  0.53078154987  0.444412010069  32.4546358684  0.0608799931866  1.51443091954  0.681723820527  0.587576107546  0.416721410085  0.220855355796  0.360632926462  0.189340766072  -9999.0  -9999.0  -9999.0  -9999.0  -9999.0  -9999.0  -9999.0  -9999.0  -9999.0  -9999.0  -9999.0
-9999.0  -9999.0  -9999.0  -9999.0  -9999.0  -9999.0  -9999.0  -9999.0  -9999.0  -9999.0  -9999.0  -9999.0  -9999.0  -9999.0  -9999.0  -9999.0  -9999.0  -9999.0  -9999.0  -9999.0  -9999.0  0.703485812269  1.34349350237  1.98625070796  19.1180975101  0.735634461991  26.3235877679  27.1304278713  27.6592585178  28.1687053627  40.8829692392  41.3959213962  0.356387370182  1.8111933077  2.18591400009  0.330366244658  94.182304399  93.5935760056  0.170943242219  0.397801898755  1.08390649333  0.243001052592  0.259583838886  0.186016275225  0.156548914826  0.118261734893  0.142641528856  3.05204336157  3.20450274199  3.39316574856  0.19085582383  0.167090313794  4.21462255905  4.29244058559  4.33709204156  1018.20487264  1018.27876987  0.668702236823  0.578138873132  34.1347827037  34.086591062  1.57399225114  0.152033353717  0.0783414371528  1.10841967019  0.962242860883  0.781760347136  0.535503234121  0.292524052632  0.13400438173  -9999.0  -9999.0  -9999.0  -9999.0  -9999.0  -9999.0  -9999.0  -9999.0  -9999.0  -9999.0
-9999.0  -9999.0  -9999.0  -9999.0  -9999.0  -9999.0  -9999.0  -9999.0  -9999.0  -9999.0  -9999.0  -9999.0  -9999.0  -9999.0  -9999.0  -9999.0  -9999.0  -9999.0  -9999.0  -9999.0  -9999.0  0.64542842908  0.601245558037  3.12076682826  23.5016849803  24.8604984822  25.5672188388  0.827180343038  11.5279982988  12.0098617698  12.230309563  0.466446402847  0.858342426163  1.18839878675  22.4594583055  22.7087258771  22.9163240371  93.2147702095  55.9010998768  0.222084532645  0.233742476473  0.223314381129  0.172217966902  1.87321179595  2.23385687714  2.54586476444  2.72452641998  2.89565777618  22.8837315636  23.0068860228  23.2034744516  23.6800703368  25.407176117  25.4666691334  29.8673736019  0.0466480084203  1018.34499953  1018.42695378  0.72636074184  34.1767170299  0.0957545112592  0.0473181394808  0.219264015774  1.67316716475  1.60831039848  0.340936453017  0.175816363354  0.640208109987  0.466262938272  0.132571811725  0.117974130209  0.115978851039  -9999.0  -9999.0  -9999.0  -9999.0  -9999.0  -9999.0  -9999.0  -9999.0
-9999.0  -9999.0  -9999.0  -9999.0  -9999.0  -9999.0  -9999.0  -9999.0  -9999.0  -9999.0  -9999.0  -9999.0  -9999.0  -9999.0  -9999.0  -9999.0  -9999.0  -9999.0  -9999.0  -9999.0  -9999.0  -9999.0  1.2602957236  1.91948695676  0.693938561826  0.965606704942  8.59603093316  9.45511837155  10.0895057659  4.62984847863  5.10658577413  5.61768878954  5.99711097354  21.8873563243  22.2435985018  13.6456913185  36.8418430603  37.1021154048  55.719078795  0.487113183043  0.245240342658  0.166327134064  1.31031294807  1.53528995809  0.129404398022  0.119671581873  22.2922079472  22.6079780951  22.7671396673  0.227401734264  0.342273259887  25.1308839434  0.180140017099  0.497231169128  0.545537716613  30.5065134411  30.5581229202  31.2327468643  1050.45898342  34.3216917031  2.14388544372  2.09284437036  2.02894687918  1.73755010638  0.0864976186212  0.932355853879  0.814085542185  0.277088469239  0.130649729023  0.23413618501  0.545294004573  0.307537743271  -9999.0  -9999.0  -9999.0  -9999.0  -9999.0  -9999.0  -9999.0  -9999.0
-9999.0  -9999.0  -9999.0  -9999.0  -9999.0  -9999.0  -9999.0  -9999.0  -9999.0  -9999.0  -9999.0  -9999.0  -9999.0  -9999.0  -9999.0  -9999.0  -9999.0  -9999.0  -9999.0  -9999.0  -9999.0  -9999.0  0.629715831286  1.24697546929  5.26337501062  5.97317407883  6.79360869271  3.45618671065  4.1462654712  0.506991346842  14.6605534692  15.111064737  15.5379155023  0.38043432532  12.9853528839  13.3544247225  0.266496192764  54.4358481225  0.555437357911  0.274244691141  0.721409014299  0.967578488984  0.181130726081  0.14266600866  20.6635970991  22.0033394528  22.1946349905  0.194199677372  0.418872654228  0.528297131864  0.639564289085  1.29318552793  0.179366720642  0.413115403838  0.0785733603398  0.153444350051  31.118230549  31.1793870541  1050.55163468  1087.36469725  2.40331896485  0.169745637038  0.0891625411771  0.13791530378  0.0686211083686  1.01851374572  0.557312883052  0.424017712809  1.58253792092  1.4297698806  1.00890814567  0.230530853561  0.127130851489  -9999.0  -9999.0  -9999.0  -9999.0  -9999.0  -9999.0  -9999.0
-9999.0  -9999.0  -9999.0  -9999.0  -9999.0  -9999.0  -9999.0  -9999.0  -9999.0  -9999.0  -9999.0  -9999.0  -9999.0  -9999.0  -9999.0  -9999.0  -9999.0  -9999.0  -9999.0  -9999.0  -9999.0  -9999.0  0.627893691025  1.96723557878  3.40231848052  0.81461773422  1.74594634687  2.65618280144  12.6000370587  13.2291600232  13.7122858722  0.442547041842  10.604616926  11.911800172  12.3075982455  0.295437279015  53.2711239279  53.9156276449  0.297635869765  0.270654480912  0.53494934018  0.212747505344  19.665654272  20.0363368413  20.2646325344  0.862691022501  1.06466220585  0.172610992697  0.306024108131  0.134700774475  0.943681665671  0.142434112967  0.109098944097  0.116387521336  0.125058232631  0.255514135651  0.341054683374  102.390107121  102.579786803  1190.17625089  1190.3434296  1190.49072926  0.132021397043  2.13163675885  1.94936224554  0.803633633985  0.74448326689  0.10056899055  1.88291299661  0.140671406439  0.128677627398  0.107196446156  0.476576915426  0.207919856216  -9999.0  -9999.0  -9999.0  -9999.0  -9999.0  -9999.0
-9999.0  -9999.0  -9999.0  -9999.0  -9999.0  -9999.0  -9999.0  -9999.0  -9999.0  -9999.0  -9999.0  -9999.0  -9999.0  -9999.0  -9999.0  -9999.0  -9999.0  -9999.0  -9999.0  -9999.0  -9999.0  -9999.0  -9999.0  0.686442312175  0.744640050585  0.924609349968  8.36938067473  9.2502760702  11.8262630183  0.684759153087  8.69047962018  9.77244197508  0.457192456744  0.927933379566  0.338303539576  52.3306474783  0.36769375934  0.967099603707  1.19100127684  1.40352307947  18.2586199879  19.053533172  19.3019584885  0.250039081708  0.463371719316  0.653324294904  0.112092254184  0.100922299501  50.0263771287  50.1320268266  50.2200579833  51.1568823126  51.2730505386  51.4244159072  51.5202639486  85.7314144988  85.8346090489  102.324599484  0.114626477493  0.134161352988  0.237308241374  1190.79950395  1191.22247189  1193.50622584  1193.57660942  0.120269024851  0.0696868610769  2.11781549009  2.04233803042  0.0979220210482  0.265876169815  2.02564118499  1.28487140596  1.11888554904  0.29758429668  -9999.0  -9999.0  -9999.0  -9999.0  -9999.0
-9999.0  -9999.0  -9999.0  -9999.0  -9999.0  -9999.0  -9999.0  -9999.0  -9999.0  -9999.0  -9999.0  -9999.0  -9999.0  -9999.0  -9999.0  -9999.0  -9999.0  -9999.0  -9999.0  -9999.0  -9999.0  -9999.0  -9999.0  0.617373612497  1.60569290683  3.41167065808  7.46498983275  0.981699503114  1.81758394124  6.86094647654  7.51978221913  0.566574513042  12.8330985838  13.3058960871  51.2442636953  51.6242215735  0.335722929406  0.637195259417  2.84656179404  15.8646556546  16.6975093289  0.589505849494  0.27536839717  0.212247084108  43.6792200783  44.0618644101  44.3670363051  44.6736942745  49.9297092225  0.331588266174  51.0521141081  0.189717419327  0.122791773515  0.221019338345  33.9953214704  34.1414575928  15.967193143  16.3687107049  0.26822570796  0.130609033159  0.156518026706  0.147289324318  0.220781066211  0.0819498369798  1271.86275041  1272.08504013  2.66295562215  2.25723472946  0.0791697975093  3.05952065924  2.85599179076  2.42187863232  0.221182377443  0.273713594985  0.31984767864  -9999.0  -9999.0  -9999.0  -9999.0  -9999.0
-9999.0  -9999.0  -9999.0  -9999.0  -9999.0  -9999.0  -9999.0  -9999.0  -9999.0  -9999.0  -9999.0  -9999.0  -9999.0  -9999.0  -9999.0  -9999.0  -9999.0  -9999.0  -9999.0  -9999.0  -9999.0  -9999.0  -9999.0  -9999.0  1.13249386326  2.19478631865  3.15312196746  5.14793406222  5.99857838554  9.79521781839  11.3562040983  11.8629052481  12.3403510935  37.0998176472  37.5483495456  0.316093226732  2.2508048858  2.59393642884  12.4736229806  12.8032183677  0.53021366766  0.211140418768  42.5881632846  43.0733976106  43.3087613771  0.209535360321  4.70480460465  4.88733159199  5.09236426691  0.173408895514  0.12924447056  0.0962462319296  0.097959595639  33.5312436359  33.6793116557  0.103768471929  15.8637904471  15.1949390504  15.0975152217  0.104030714553  0.119507164567  0.140632529481  0.229299131175  77.6935308533  78.1838427909  1274.89238756  0.229287080678  0.0867982520648  3.23489596855  0.103406620504  0.551865688366  0.389268380206  0.20527514292  -9999.0  -9999.0  -9999.0  -9999.0  -9999.0  -9999.0  -9999.0
-9999.0  -9999.0  -9999.0  -9999.0  -9999.0  -9999.0  -9999.0  -9999.0  -9999.0  -9999.0  -9999.0  -9999.0  -9999.0  -9999.0  -9999.0  -9999.0  -9999.0  -9999.0  -9999.0  -9999.0  -9999.0  -9999.0  -9999.0  -9999.0  1.09349885207  3.29054955435  4.18928290726  6.07015846491  7.96602950702  8.94706007739  0.811630086589  9.55577263365  35.8679684945  36.6182999179  0.638414791785  1.16668664992  1.9896077072  11.772182816  12.1605799609  27.5717507284  28.200354947  42.2442826654  42.4254277371  0.287123798581  3.85191582936  4.31339595856  4.55849458639  0.188793302638  29.1557016431  29.3290795175  29.8831722873  32.3019077054  33.1552595569  33.3141614983  0.187125634728  0.328865523529  0.450951326636  12.8965803667  14.9097039405  1.31720463101  1.2004998224  0.119079195669  0.152981846338  77.3669937832  0.403630589982  0.198321838103  1275.16146297  0.0444835441616  0.0473850333815  4.00265402887  0.691088307309  0.136734903007  0.137286741223  -9999.0  -9999.0  -9999.0  -9999.0  -9999.0  -9999.0  -9999.0
-9999.0  -9999.0  -9999.0  -9999.0  -9999.0  -9999.0  -9999.0  -9999.0  -9999.0  -9999.0  -9999.0  -9999.0  -9999.0  -9999.0  -9999.0  -9999.0  -9999.0  -9999.0  -9999.0  -9999.0  -9999.0  -9999.0  -9999.0  -9999.0  1.15297840203  1.1045496131  4.18401109031  5.06818478278  0.946229344781  7.78359849871  8.67793006111  0.859760806705  24.6781150871  0.830185673193  4.97488668655  10.8202220942  11.3874599737  25.146195137  25.5684140079  27.2530890746  0.427033959119  13.8005585413  0.228124799097  0.44380979306  3.67869564918  0.265013617765  6.5778963832  28.8174957017  0.216573451149  0.426484807757  1.91040602999  0.249862512048  0.342728169663  0.232777356564  0.138882695991  11.3928311498  12.3729644321  12.7805828605  0.558303570331  0.36534778741  0.697295659693  0.182126683365  76.8569719994  76.9854845253  0.233835947076  0.100431685992  0.047145343977  1275.52201469  1280.37159278  4.72997906667  0.658613962871  0.565805482728  0.304791198095  -9999.0  -9999.0  -9999.0  -9999.0  -9999.0  -9999.0  -9999.0
-9999.0  -9999.0  -9999.0  -9999.0  -9999.0  -9999.0  -9999.0  -9999.0  -9999.0  -9999.0  -9999.0  -9999.0  -9999.0  -9999.0  -9999.0  -9999.0  -9999.0  -9999.0  -9999.0  -9999.0  -9999.0  -9999.0  -9999.0  -9999.0  -9999.0  1.07926441753  1.10838263395  1.07972556898  5.85792133251  6.85551268836  11.2505892348  23.8878884253  0.8749439218  2.5960256615  3.45194507674  5.21779616672  1.40107570132  24.5713400289  0.625465997981  1.22266753996  12.9537914451  0.50478649996  2.14598998272  2.66560533137  0.318307810056  0.261262097843  6.41992241691  22.0422643644  0.283736363435  1.0201193482  1.73620673229  0.281871096681  0.19916599512  10.1245187925  10.7123707883  0.418488685888  0.842113258728  0.228160666993  0.396841550632  0.210504881116  0.171327829423  0.134558859117  76.7446330544  0.389536090784  -9999.0  -9999.0  0.117414730186  0.206700474955  1280.44159096  1280.50761553  1280.86680783  0.179547326746  -9999.0  -9999.0  -9999.0  -9999.0  -9999.0  -9999.0  -9999.0  -9999.0
-9999.0  -9999.0  -9999.0  -9999.0  -9999.0  -9999.0  -9999.0  -9999.0  -9999.0  -9999.0  -9999.0  -9999.0  -9999.0  -9999.0  -9999.0  -9999.0  -9999.0  -9999.0  -9999.0  -9999.0  -9999.0  -9999.0  -9999.0  -9999.0  -9999.0  -9999.0  0.95846394799  2.95656651456  3.81951540025  10.4228410221  3.60715434182  11.7789475024  7.41489528749  0.859487461427  2.67882217121  4.39168261741  0.742387779802  22.5477167349  8.97752014001  11.2080825235  1.2823631594  1.28371967367  0.494237709292  0.389907737521  5.64405730891  5.91022561188  21.2424730225  21.4976620451  0.499895846705  0.768167963002  0.213143030923  7.94451312712  9.05135172309  10.0012540198  0.445804464981  0.206962136861  0.61517881014  0.216962932037  0.167228722716  0.123974829283  75.4405872783  75.8437940091  76.1026972539  0.263189068498  -9999.0  -9999.0  -9999.0  -9999.0  -9999.0  0.0390133006964  1280.9254463  1281.01379024  -9999.0  -9999.0  -9999.0  -9999.0  -9999.0  -9999.0  -9999.0  -9999.0
-9999.0  -9999.0  -9999.0  -9999.0  -9999.0  -9999.0  -9999.0  -9999.0  -9999.0  -9999.0  -9999.0  -9999.0  -9999.0  -9999.0  -9999.0  -9999.0  -9999.0  -9999.0  -9999.0  -9999.0  -9999.0  -9999.0  -9999.0  -9999.0  -9999.0  -9999.0  1.18762766456  1.10820578752  9.63204582156  0.845218011585  2.82736906236  4.7502669321  6.5814773823  0.92729562729  0.925108464275  0.87657771501  20.9370286318  21.7939816508  8.28165468783  1.57792596821  0.759792436172  0.760477533762  4.78563681796  5.37073456734  18.9849305469  19.8873698541  20.6801368138  0.326488469352  0.25939554639  7.37750703619  7.56126757796  7.77985081858  0.962748612689  0.505729608502  0.244236969328  0.233893393324  0.172279743043  1.44579430016  1.5687559165  75.2211742792  75.3415136506  0.286975715646  0.128211934175  0.130915618096  -9999.0  -9999.0  -9999.0  -9999.0  -9999.0  -9999.0  -9999.0  -9999.0  -9999.0  -9999.0  -9999.0  -9999.0  -9999.0  -9999.0  -9999.0  -9999.0
-9999.0  -9999.0  -9999.0  -9999.0  -9999.0  -9999.0  -9999.0  -9999.0  -9999.0  -9999.0  -9999.0  -9999.0  -9999.0  -9999.0  -9999.0  -9999.0  -9999.0  -9999.0  -9999.0  -9999.0  -9999.0  -9999.0  -9999.0  -9999.0  -9999.0  -9999.0  -9999.0  2.31135337237  7.65665895799  4.28513555609  1.00232000215  3.87904442397  0.91697270559  2.92833096285  3.77135747019  18.5368173481  20.2079231524  6.73066575587  7.51241797083  0.802452071217  3.3860404737  4.11249672102  11.7137343373  17.967672305  18.589002249  0.558922724004  0.423855662302  5.68969016425  6.44443703534  7.19648320417  0.269241847801  0.497373376953  0.752101258567  0.249553011506  0.585239797493  0.941813173597  1.10012850471  1.32869262313  0.153438183565  73.3689494688  0.34842331346  0.177029226037  -9999.0  -9999.0  -9999.0  -9999.0  -9999.0  -9999.0  -9999.0  -9999.0  -9999.0  -9999.0  -9999.0  -9999.0  -9999.0  -9999.0  -9999.0  -9999.0  -9999.0  -9999.0
-9999.0  -9999.0  -9999.0  -9999.0  -9999.0  -9999.0  -9999.0  -9999.0  -9999.0  -9999.0  -9999.0  -9999.0  -9999.0  -9999.0  -9999.0  -9999.0  -9999.0  -9999.0  -9999.0  -9999.0  -9999.0  -9999.0  -9999.0  -9999.0  -9999.0  -9999.0  -9999.0  1.19211269844  1.11689586272  2.09053166076  0.998707462538  1.95141472292  1.99709276913  11.5142140086  12.2616507641  1.78272423284  0.927500861535  5.91289381228  1.78672357557  2.65639290646  9.53582848036  10.3135598405  11.0775958568  5.62807468299  2.15520221362  3.35041103014  4.36102790402  5.41999577226  0.511515090586  0.398030722031  40.404040311  40.7109785064  40.9523644485  0.214351329954  0.395688632249  0.216735047038  0.161179052248  69.055570001  70.1656990336  2.45982624289  2.15831203031  0.210478946982  -9999.0  -9999.0  -9999.0  -9999.0  -9999.0  -9999.0  -9999.0  -9999.0  -9999.0  -9999.0  -9999.0  -9999.0  -9999.0  -9999.0  -9999.0  -9999.0  -9999.0  -9999.0
-9999.0  -9999.0  -9999.0  -9999.0  -9999.0  -9999.0  -9999.0  -9999.0  -9999.0  -9999.0  -9999.0  -9999.0  -9999.0  -9999.0  -9999.0  -9999.0  -9999.0  -9999.0  -9999.0  -9999.0  -9999.0  -9999.0  -9999.0  -9999.0  -9999.0  -9999.0  -9999.0  -9999.0  -9999.0  0.96219360661  0.943460920484  1.03580128994  4.23701891745  10.5443746545  5.30081514053  0.982568982381  4.04267418052  5.00052645451  0.892657660489  7.94777954168  8.75487977623  2.55629570767  4.09699473616  0.779983959464  1.43205435911  0.648881813554  0.512696308137  0.492350238352  39.396295852  39.8161275221  40.1313584221  1.57962424955  42.864948103  43.1549969434  43.409537506  43.6561975511  44.0846787524  68.9254490736  69.3287544483  0.663452498283  1.93295495557  0.521271620206  -9999.0  -9999.0  -9999.0  -9999.0  -9999.0  -9999.0  -9999.0  -9999.0  -9999.0  -9999.0  -9999.0  -9999.0  -9999.0  -9999.0  -9999.0  -9999.0  -9999.0  -9999.0
-9999.0  -9999.0  -9999.0  -9999.0  -9999.0  -9999.0  -9999.0  -9999.0  -9999.0  -9999.0  -9999.0  -9999.0  -9999.0  -9999.0  -9999.0  -9999.0  -9999.0  -9999.0  -9999.0  -9999.0  -9999.0  -9999.0  -9999.0  -9999.0  -9999.0  -9999.0  -9999.0  -9999.0  -9999.0  -9999.0  -9999.0  1.05749021803  2.2234260629  2.23030011248  2.17967263134  2.12403787126  3.13853384127  5.21458229863  6.12492103608  7.09425993057  0.866240318344  1.74929051615  0.788234472387  0.720895416335  23.7076379245  29.050258132  30.2865350879  30.8731437892  39.0019640883  0.470366050705  0.863980970722  1.32565567369  7.5258139487  7.8129790667  8.06044011871  17.851895338  22.2798924074  24.5780075967  0.352041659128  0.362642821271  1.16611149001  0.295781970601  -9999.0  -9999.0  -9999.0  -9999.0  -9999.0  -9999.0  -9999.0  -9999.0  -9999.0  -9999.0  -9999.0  -9999.0  -9999.0  -9999.0  -9999.0  -9999.0  -9999.0  -9999.0
-9999.0  -9999.0  -9999.0  -9999.0  -9999.0  -9999.0  -9999.0  -9999.0  -9999.0  -9999.0  -9999.0  -9999.0  -9999.0  -9999.0  -9999.0  -9999.0  -9999.0  -9999.0  -9999.0  -9999.0  -9999.0  -9999.0  -9999.0  -9999.0  -9999.0  -9999.0  -9999.0  -9999.0  -9999.0  -9999.0  -9999.0  -9999.0  1.14704967736  1.13823093705  1.10406841591  1.06860432686  2.14725291316  4.2281894136  3.91212036268  4.79123962683  5.60623732182  12.8738552497  13.6473613232  22.5350725537  23.1975335388  4.81198285159  0.620998718787  7.04900679237  7.58296622128  2.97410391784  5.76146545261  6.76390841844  7.20766060807  0.380848597732  9.57903511363  18.6818191104  22.082680275  0.348202408152  1.66946881734  0.30485286668  0.886068505297  -9999.0  -9999.0  -9999.0  -9999.0  -9999.0  -9999.0  -9999.0  -9999.0  -9999.0  -9999.0  -9999.0  -9999.0  -9999.0  -9999.0  -9999.0  -9999.0  -9999.0  -9999.0  -9999.0
-9999.0  -9999.0  -9999.0  -9999.0  -9999.0  -9999.0  -9999.0  -9999.0  -9999.0  -9999.0  -9999.0  -9999.0  -9999.0  -9999.0  -9999.0  -9999.0  -9999.0  -9999.0  -9999.0  -9999.0  -9999.0  -9999.0  -9999.0  -9999.0  -9999.0  -9999.0  -9999.0  -9999.0  -9999.0  -9999.0  -9999.0  -9999.0  -9999.0  -9999.0  -9999.0  1.14035686692  1.07685036285  1.01283438892  2.96916785108  2.82957496321  5.54313331683  6.45994341307  0.823388817209  8.08892665989  3.37820741576  4.15710244001  4.43256096037  6.50511138966  1.848358567  0.602639067461  2.38567274078  0.577161404957  5.16038148454  6.15613826555  8.87449606511  0.449869663993  1.96139270324  0.743397082714  1.00099743179  0.311336543915  0.600162619841  -9999.0  -9999.0  -9999.0  -9999.0  -9999.0  -9999.0  -9999.0  -9999.0  -9999.0  -9999.0  -9999.0  -9999.0  -9999.0  -9999.0  -9999.0  -9999.0  -9999.0  -9999.0  -9999.0
-9999.0  -9999.0  -9999.0  -9999.0  -9999.0  -9999.0  -9999.0  -9999.0  -9999.0  -9999.0  -9999.0  -9999.0  -9999.0  -9999.0  -9999.0  -9999.0  -9999.0  -9999.0  -9999.0  -9999.0  -9999.0  -9999.0  -9999.0  -9999.0  -9999.0  -9999.0  -9999.0  -9999.0  -9999.0  -9999.0  -9999.0  -9999.0  -9999.0  -9999.0  -9999.0  -9999.0  -9999.0  1.00483292056  0.941103918039  1.89689669089  1.84072891598  4.69913443382  6.42047488516  1.74343789955  2.55868697045  2.29421315573  3.76700572899  1.40983775565  1.29380384936  1.28673838928  0.562754157611  3.0329342761  4.68350214299  0.534567499919  2.23647162427  0.902433319381  0.6229076351  0.332525456816  0.325033409658  0.344112608491  -9999.0  -9999.0  -9999.0  -9999.0  -9999.0  -9999.0  -9999.0  -9999.0  -9999.0  -9999.0  -9999.0  -9999.0  -9999.0  -9999.0  -9999.0  -9999.0  -9999.0  -9999.0  -9999.0  -9999.0
-9999.0  -9999.0  -9999.0  -9999.0  -9999.0  -9999.0  -9999.0  -9999.0  -9999.0  -9999.0  -9999.0  -9999.0  -9999.0  -9999.0  -9999.0  -9999.0  -9999.0  -9999.0  -9999.0  -9999.0  -9999.0  -9999.0  -9999.0  -9999.0  -9999.0  -9999.0  -9999.0  -9999.0  -9999.0  -9999.0  -9999.0  -9999.0  -9999.0  -9999.0  -9999.0  -9999.0  -9999.0  -9999.0  -9999.0  0.951880361614  1.94766109013  3.8232353329  0.8891851503  0.886114195158  0.77925363565  1.57064092179  0.756831261667  0.714792479387  0.673619033148  0.670952081357  1.2733071699  2.51870370558  1.16761992636  1.20609460406  1.74345005093  0.462695684723  0.301206032581  -9999.0  -9999.0  -9999.0  -9999.0  -9999.0  -9999.0  -9999.0  -9999.0  -9999.0  -9999.0  -9999.0  -9999.0  -9999.0  -9999.0  -9999.0  -9999.0  -9999.0  -9999.0  -9999.0  -9999.0  -9999.0  -9999.0  -9999.0
-9999.0  -9999.0  -9999.0  -9999.0  -9999.0  -9999.0  -9999.0  -9999.0  -9999.0  -9999.0  -9999.0  -9999.0  -9999.0  -9999.0  -9999.0  -9999.0  -9999.0  -9999.0  -9999.0  -9999.0  -9999.0  -9999.0  -9999.0  -9999.0  -9999.0  -9999.0  -9999.0  -9999.0  -9999.0  -9999.0  -9999.0  -9999.0  -9999.0  -9999.0  -9999.0  -9999.0  -9999.0  -9999.0  -9999.0  -9999.0  0.971849253907  0.928217535293  -9999.0  -9999.0  -9999.0  -9999.0  -9999.0  -9999.0  -9999.0  -9999.0  0.645243171525  0.615504670755  0.552599677565  0.575941700998  -9999.0  -9999.0  -9999.0  -9999.0  -9999.0  -9999.0  -9999.0  -9999.0  -9999.0  -9999.0  -9999.0  -9999.0  -9999.0  -9999.0  -9999.0  -9999.0  -9999.0  -9999.0  -9999.0  -9999.0  -9999.0  -9999.0  -9999.0  -9999.0  -9999.0  -9999.0
-9999.0  -9999.0  -9999.0  -9999.0  -9999.0  -9999.0  -9999.0  -9999.0  -9999.0  -9999.0  -9999.0  -9999.0  -9999.0  -9999.0  -9999.0  -9999.0  -9999.0  -9999.0  -9999.0  -9999.0  -9999.0  -9999.0  -9999.0  -9999.0  -9999.0  -9999.0  -9999.0  -9999.0  -9999.0  -9999.0  -9999.0  -9999.0  -9999.0  -9999.0  -9999.0  -9999.0  -9999.0  -9999.0  -9999.0  -9999.0  -9999.0  -9999.0  -9999.0  -9999.0  -9999.0  -9999.0  -9999.0  -9999.0  -9999.0  -9999.0  -9999.0  -9999.0  -9999.0  -9999.0  -9999.0  -9999.0  -9999.0  -9999.0  -9999.0  -9999.0  -9999.0  -9999.0  -9999.0  -9999.0  -9999.0  -9999.0  -9999.0  -9999.0  -9999.0  -9999.0  -9999.0  -9999.0  -9999.0  -9999.0  -9999.0  -9999.0  -9999.0  -9999.0  -9999.0  -9999.0
-9999.0  -9999.0  -9999.0  -9999.0  -9999.0  -9999.0  -9999.0  -9999.0  -9999.0  -9999.0  -9999.0  -9999.0  -9999.0  -9999.0  -9999.0  -9999.0  -9999.0  -9999.0  -9999.0  -9999.0  -9999.0  -9999.0  -9999.0  -9999.0  -9999.0  -9999.0  -9999.0  -9999.0  -9999.0  -9999.0  -9999.0  -9999.0  -9999.0  -9999.0  -9999.0  -9999.0  -9999.0  -9999.0  -9999.0  -9999.0  -9999.0  -9999.0  -9999.0  -9999.0  -9999.0  -9999.0  -9999.0  -9999.0  -9999.0  -9999.0  -9999.0  -9999.0  -9999.0  -9999.0  -9999.0  -9999.0  -9999.0  -9999.0  -9999.0  -9999.0  -9999.0  -9999.0  -9999.0  -9999.0  -9999.0  -9999.0  -9999.0  -9999.0  -9999.0  -9999.0  -9999.0  -9999.0  -9999.0  -9999.0  -9999.0  -9999.0  -9999.0  -9999.0  -9999.0  -9999.0
-9999.0  -9999.0  -9999.0  -9999.0  -9999.0  -9999.0  -9999.0  -9999.0  -9999.0  -9999.0  -9999.0  -9999.0  -9999.0  -9999.0  -9999.0  -9999.0  -9999.0  -9999.0  -9999.0  -9999.0  -9999.0  -9999.0  -9999.0  -9999.0  -9999.0  -9999.0  -9999.0  -9999.0  -9999.0  -9999.0  -9999.0  -9999.0  -9999.0  -9999.0  -9999.0  -9999.0  -9999.0  -9999.0  -9999.0  -9999.0  -9999.0  -9999.0  -9999.0  -9999.0  -9999.0  -9999.0  -9999.0  -9999.0  -9999.0  -9999.0  -9999.0  -9999.0  -9999.0  -9999.0  -9999.0  -9999.0  -9999.0  -9999.0  -9999.0  -9999.0  -9999.0  -9999.0  -9999.0  -9999.0  -9999.0  -9999.0  -9999.0  -9999.0  -9999.0  -9999.0  -9999.0  -9999.0  -9999.0  -9999.0  -9999.0  -9999.0  -9999.0  -9999.0  -9999.0  -9999.0
-9999.0  -9999.0  -9999.0  -9999.0  -9999.0  -9999.0  -9999.0  -9999.0  -9999.0  -9999.0  -9999.0  -9999.0  -9999.0  -9999.0  -9999.0  -9999.0  -9999.0  -9999.0  -9999.0  -9999.0  -9999.0  -9999.0  -9999.0  -9999.0  -9999.0  -9999.0  -9999.0  -9999.0  -9999.0  -9999.0  -9999.0  -9999.0  -9999.0  -9999.0  -9999.0  -9999.0  -9999.0  -9999.0  -9999.0  -9999.0  -9999.0  -9999.0  -9999.0  -9999.0  -9999.0  -9999.0  -9999.0  -9999.0  -9999.0  -9999.0  -9999.0  -9999.0  -9999.0  -9999.0  -9999.0  -9999.0  -9999.0  -9999.0  -9999.0  -9999.0  -9999.0  -9999.0  -9999.0  -9999.0  -9999.0  -9999.0  -9999.0  -9999.0  -9999.0  -9999.0  -9999.0  -9999.0  -9999.0  -9999.0  -9999.0  -9999.0  -9999.0  -9999.0  -9999.0  -9999.0
-9999.0  -9999.0  -9999.0  -9999.0  -9999.0  -9999.0  -9999.0  -9999.0  -9999.0  -9999.0  -9999.0  -9999.0  -9999.0  -9999.0  -9999.0  -9999.0  -9999.0  -9999.0  -9999.0  -9999.0  -9999.0  -9999.0  -9999.0  -9999.0  -9999.0  -9999.0  -9999.0  -9999.0  -9999.0  -9999.0  -9999.0  -9999.0  -9999.0  -9999.0  -9999.0  -9999.0  -9999.0  -9999.0  -9999.0  -9999.0  -9999.0  -9999.0  -9999.0  -9999.0  -9999.0  -9999.0  -9999.0  -9999.0  -9999.0  -9999.0  -9999.0  -9999.0  -9999.0  -9999.0  -9999.0  -9999.0  -9999.0  -9999.0  -9999.0  -9999.0  -9999.0  -9999.0  -9999.0  -9999.0  -9999.0  -9999.0  -9999.0  -9999.0  -9999.0  -9999.0  -9999.0  -9999.0  -9999.0  -9999.0  -9999.0  -9999.0  -9999.0  -9999.0  -9999.0  -9999.0
-9999.0  -9999.0  -9999.0  -9999.0  -9999.0  -9999.0  -9999.0  -9999.0  -9999.0  -9999.0  -9999.0  -9999.0  -9999.0  -9999.0  -9999.0  -9999.0  -9999.0  -9999.0  -9999.0  -9999.0  -9999.0  -9999.0  -9999.0  -9999.0  -9999.0  -9999.0  -9999.0  -9999.0  -9999.0  -9999.0  -9999.0  -9999.0  -9999.0  -9999.0  -9999.0  -9999.0  -9999.0  -9999.0  -9999.0  -9999.0  -9999.0  -9999.0  -9999.0  -9999.0  -9999.0  -9999.0  -9999.0  -9999.0  -9999.0  -9999.0  -9999.0  -9999.0  -9999.0  -9999.0  -9999.0  -9999.0  -9999.0  -9999.0  -9999.0  -9999.0  -9999.0  -9999.0  -9999.0  -9999.0  -9999.0  -9999.0  -9999.0  -9999.0  -9999.0  -9999.0  -9999.0  -9999.0  -9999.0  -9999.0  -9999.0  -9999.0  -9999.0  -9999.0  -9999.0  -9999.0
