ncols                  80
nrows                 72
xllcorner      4374000.0
yllcorner      5656000.0
cellsize            500
NODATA_value       -9999
-9999.0  -9999.0  -9999.0  -9999.0  -9999.0  -9999.0  -9999.0  -9999.0  -9999.0  -9999.0  -9999.0  -9999.0  0.763256184285  0.890652853662  -9999.0  -9999.0  -9999.0  -9999.0  -9999.0  -9999.0  -9999.0  -9999.0  -9999.0  -9999.0  -9999.0  -9999.0  -9999.0  -9999.0  -9999.0  -9999.0  -9999.0  -9999.0  -9999.0  -9999.0  -9999.0  -9999.0  -9999.0  -9999.0  -9999.0  -9999.0  -9999.0  -9999.0  -9999.0  -9999.0  -9999.0  -9999.0  -9999.0  -9999.0  -9999.0  -9999.0  -9999.0  -9999.0  -9999.0  -9999.0  -9999.0  -9999.0  -9999.0  -9999.0  -9999.0  -9999.0  -9999.0  -9999.0  -9999.0  -9999.0  -9999.0  -9999.0  -9999.0  -9999.0  -9999.0  -9999.0  -9999.0  -9999.0  -9999.0  -9999.0  -9999.0  -9999.0  -9999.0  -9999.0  -9999.0  -9999.0
-9999.0  -9999.0  -9999.0  -9999.0  -9999.0  -9999.0  -9999.0  -9999.0  -9999.0  -9999.0  -9999.0  -9999.0  1.34290767973  3.71457911413  0.75355824459  -9999.0  0.684497878113  -9999.0  -9999.0  -9999.0  -9999.0  -9999.0  -9999.0  -9999.0  -9999.0  -9999.0  -9999.0  -9999.0  -9999.0  -9999.0  -9999.0  -9999.0  -9999.0  -9999.0  -9999.0  -9999.0  -9999.0  -9999.0  -9999.0  -9999.0  -9999.0  -9999.0  -9999.0  -9999.0  -9999.0  -9999.0  -9999.0  -9999.0  -9999.0  -9999.0  -9999.0  -9999.0  -9999.0  -9999.0  -9999.0  -9999.0  -9999.0  -9999.0  -9999.0  -9999.0  -9999.0  -9999.0  -9999.0  -9999.0  -9999.0  -9999.0  -9999.0  -9999.0  -9999.0  -9999.0  -9999.0  -9999.0  -9999.0  -9999.0  -9999.0  -9999.0  -9999.0  -9999.0  -9999.0  -9999.0
-9999.0  -9999.0  -9999.0  -9999.0  -9999.0  -9999.0  -9999.0  -9999.0  -9999.0  -9999.0  0.559502778318  0.543587735136  0.560188153929  0.543532799128  4.75359824241  5.48300501036  1.95819459212  0.633645457083  -9999.0  -9999.0  -9999.0  -9999.0  -9999.0  -9999.0  -9999.0  -9999.0  -9999.0  -9999.0  -9999.0  -9999.0  -9999.0  -9999.0  -9999.0  -9999.0  -9999.0  -9999.0  -9999.0  -9999.0  -9999.0  -9999.0  -9999.0  -9999.0  -9999.0  -9999.0  -9999.0  -9999.0  -9999.0  -9999.0  -9999.0  -9999.0  -9999.0  -9999.0  -9999.0  -9999.0  -9999.0  -9999.0  -9999.0  -9999.0  -9999.0  -9999.0  -9999.0  -9999.0  -9999.0  -9999.0  -9999.0  -9999.0  -9999.0  -9999.0  -9999.0  -9999.0  -9999.0  -9999.0  -9999.0  -9999.0  -9999.0  -9999.0  -9999.0  -9999.0  -9999.0  -9999.0
-9999.0  -9999.0  -9999.0  -9999.0  -9999.0  -9999.0  -9999.0  -9999.0  -9999.0  0.550010195997  1.10125566347  2.18400067968  1.0800442375  0.525272915169  1.03292415825  5.9920868798  9.38364000553  0.696101435534  -9999.0  0.535358864332  -9999.0  -9999.0  -9999.0  -9999.0  1.33925805381  0.680924566843  -9999.0  -9999.0  -9999.0  -9999.0  -9999.0  -9999.0  -9999.0  -9999.0  -9999.0  -9999.0  -9999.0  -9999.0  -9999.0  -9999.0  -9999.0  -9999.0  -9999.0  -9999.0  -9999.0  -9999.0  -9999.0  -9999.0  -9999.0  -9999.0  -9999.0  -9999.0  -9999.0  -9999.0  -9999.0  -9999.0  -9999.0  -9999.0  -9999.0  -9999.0  -9999.0  -9999.0  -9999.0  -9999.0  -9999.0  -9999.0  -9999.0  -9999.0  -9999.0  -9999.0  -9999.0  -9999.0  -9999.0  -9999.0  -9999.0  -9999.0  -9999.0  -9999.0  -9999.0  -9999.0
-9999.0  -9999.0  -9999.0  -9999.0  -9999.0  -9999.0  -9999.0  -9999.0  0.610879136962  1.7358467037  2.26875485191  2.8038142096  3.77720801707  0.502370687644  1.99208461078  2.48428352363  13.1951242279  0.60188352155  0.489010950859  1.02050865035  1.49263790207  0.487124193934  -9999.0  3.45931248109  2.81879731721  0.76289762472  -9999.0  -9999.0  -9999.0  -9999.0  -9999.0  -9999.0  -9999.0  -9999.0  -9999.0  -9999.0  -9999.0  -9999.0  -9999.0  -9999.0  -9999.0  -9999.0  -9999.0  -9999.0  -9999.0  -9999.0  -9999.0  -9999.0  -9999.0  -9999.0  -9999.0  -9999.0  -9999.0  -9999.0  -9999.0  -9999.0  -9999.0  -9999.0  -9999.0  -9999.0  -9999.0  -9999.0  -9999.0  -9999.0  -9999.0  -9999.0  -9999.0  -9999.0  -9999.0  -9999.0  -9999.0  -9999.0  -9999.0  -9999.0  -9999.0  -9999.0  -9999.0  -9999.0  -9999.0  -9999.0
-9999.0  -9999.0  -9999.0  -9999.0  -9999.0  -9999.0  0.618818040407  0.572722092429  0.547131784318  0.553864222665  0.558811037539  3.92476290356  8.23177905947  8.75633207865  9.11548103055  0.297530767143  14.0487661702  14.5302737327  0.968670917369  0.476241326054  1.95682797231  3.39827624976  0.577383688178  5.22798712998  0.508426482318  0.577836557748  0.523746609667  -9999.0  -9999.0  -9999.0  -9999.0  -9999.0  -9999.0  -9999.0  -9999.0  -9999.0  -9999.0  -9999.0  -9999.0  -9999.0  -9999.0  -9999.0  -9999.0  -9999.0  -9999.0  -9999.0  -9999.0  -9999.0  -9999.0  -9999.0  -9999.0  -9999.0  -9999.0  -9999.0  -9999.0  -9999.0  -9999.0  -9999.0  -9999.0  -9999.0  -9999.0  -9999.0  -9999.0  -9999.0  -9999.0  -9999.0  -9999.0  -9999.0  -9999.0  -9999.0  -9999.0  -9999.0  -9999.0  -9999.0  -9999.0  -9999.0  -9999.0  -9999.0  -9999.0  -9999.0
-9999.0  -9999.0  -9999.0  -9999.0  -9999.0  -9999.0  1.22447913448  1.80315129017  4.08248907466  5.70943402497  0.513223762658  0.522430069128  0.502155097841  1.48601773106  11.0605790041  0.383391281518  14.9963771314  16.8062721181  1.42140454224  0.926982893666  3.85204507009  0.478539285805  5.69765430782  0.977759368136  0.494921577918  1.06123688719  1.03350006132  0.501730054666  0.503613657079  0.496615585995  0.513191777527  1.03021729863  -9999.0  -9999.0  -9999.0  -9999.0  -9999.0  -9999.0  -9999.0  -9999.0  -9999.0  -9999.0  -9999.0  -9999.0  -9999.0  -9999.0  -9999.0  -9999.0  -9999.0  -9999.0  -9999.0  -9999.0  -9999.0  -9999.0  -9999.0  -9999.0  -9999.0  -9999.0  -9999.0  -9999.0  -9999.0  -9999.0  -9999.0  -9999.0  -9999.0  -9999.0  -9999.0  -9999.0  -9999.0  -9999.0  -9999.0  -9999.0  -9999.0  -9999.0  -9999.0  -9999.0  -9999.0  -9999.0  -9999.0  -9999.0
-9999.0  -9999.0  -9999.0  -9999.0  -9999.0  0.647088221099  1.25740079146  0.600296144931  1.17404479131  6.29244570241  7.36344992296  8.42055857064  26.5898417784  0.491142376912  11.5537582129  41.8578287582  42.2061617396  59.6269840611  0.383312004559  1.38042750328  4.30893889631  0.454541373453  11.1698118074  5.0125712649  3.09577640517  2.60084880092  0.506700570834  1.49418488395  1.47547985542  0.985472866084  0.481898005016  1.52527587138  0.479427579678  0.476525723607  -9999.0  -9999.0  -9999.0  -9999.0  -9999.0  -9999.0  -9999.0  -9999.0  -9999.0  -9999.0  -9999.0  -9999.0  -9999.0  -9999.0  -9999.0  -9999.0  -9999.0  -9999.0  -9999.0  -9999.0  -9999.0  -9999.0  -9999.0  -9999.0  -9999.0  -9999.0  -9999.0  -9999.0  -9999.0  -9999.0  -9999.0  -9999.0  -9999.0  -9999.0  -9999.0  -9999.0  -9999.0  -9999.0  -9999.0  -9999.0  -9999.0  -9999.0  -9999.0  -9999.0  -9999.0  -9999.0
-9999.0  -9999.0  -9999.0  -9999.0  -9999.0  0.647795379606  1.88510128279  3.75516806472  4.33325696037  8.59830151237  9.14651240963  10.8497138361  17.6745588274  28.026233161  29.0074232926  29.4675348067  0.873237978817  61.1805950364  61.9653947243  64.2354840854  81.5657239083  12.5603146681  11.6478358623  3.5715925766  0.46661784819  2.94152109316  1.98239261232  0.475636830187  1.93952659247  0.44728797464  0.913603089351  2.46014679134  2.92959989287  0.9438990061  0.466587337266  0.464437734711  -9999.0  -9999.0  -9999.0  -9999.0  0.676260207237  0.59766881959  -9999.0  -9999.0  -9999.0  -9999.0  -9999.0  -9999.0  -9999.0  -9999.0  -9999.0  -9999.0  -9999.0  -9999.0  -9999.0  -9999.0  -9999.0  -9999.0  -9999.0  -9999.0  -9999.0  -9999.0  -9999.0  -9999.0  -9999.0  -9999.0  -9999.0  -9999.0  -9999.0  -9999.0  -9999.0  -9999.0  -9999.0  -9999.0  -9999.0  -9999.0  -9999.0  -9999.0  -9999.0  -9999.0
-9999.0  -9999.0  -9999.0  -9999.0  -9999.0  0.628858515523  0.604304198231  2.51138386519  3.0965213706  3.69988808324  0.577049985095  1.1452135237  6.44273244476  1.15746904747  0.536166304964  0.508388782232  0.470060109237  0.511552845242  0.490670830459  0.493183366396  82.041238791  83.4209977558  0.454752581775  1.38073457228  0.929673274716  3.40889256809  0.956099609157  0.468311011515  2.41419689222  0.878305791574  2.09602060535  5.19469469091  4.80201208347  1.4092780492  1.39695177214  0.467582299772  0.466744854462  -9999.0  -9999.0  0.466650874686  1.37290260095  3.21680171444  0.627439037138  -9999.0  -9999.0  -9999.0  -9999.0  -9999.0  -9999.0  -9999.0  -9999.0  -9999.0  -9999.0  -9999.0  -9999.0  -9999.0  -9999.0  -9999.0  -9999.0  -9999.0  -9999.0  -9999.0  -9999.0  -9999.0  -9999.0  -9999.0  -9999.0  -9999.0  -9999.0  -9999.0  -9999.0  -9999.0  -9999.0  -9999.0  -9999.0  -9999.0  -9999.0  -9999.0  -9999.0  -9999.0
-9999.0  -9999.0  -9999.0  -9999.0  -9999.0  -9999.0  0.651284168507  0.657408906642  1.25291140677  1.85643754259  4.16154102567  5.33015513889  5.91395830506  0.621761644495  0.502918211191  6.57533489786  8.08939113647  8.5801928533  10.5758074877  11.051393644  0.472243683049  83.8939215588  86.0536347379  1.69438497327  0.151459554298  3.77225911457  8.5379722664  3.35324166779  0.899031482593  0.446431528591  8.16313954984  5.6464306233  0.449313997815  0.453358941998  1.85676671553  1.38896454476  0.46096753607  0.469932531234  0.46022501246  0.919550714645  0.451388811943  3.92436842191  4.37811028737  0.447482805091  -9999.0  -9999.0  -9999.0  -9999.0  0.486084774035  0.470339412776  0.123168123276  -9999.0  -9999.0  -9999.0  -9999.0  -9999.0  -9999.0  -9999.0  -9999.0  -9999.0  -9999.0  -9999.0  -9999.0  -9999.0  -9999.0  -9999.0  -9999.0  -9999.0  -9999.0  -9999.0  -9999.0  -9999.0  -9999.0  -9999.0  -9999.0  -9999.0  -9999.0  -9999.0  -9999.0  -9999.0
-9999.0  -9999.0  -9999.0  -9999.0  -9999.0  -9999.0  -9999.0  0.645968498785  0.523232700973  1.13662698493  1.73911750304  0.58981790393  0.551875649554  3.40223483106  4.48636199653  5.57780346676  0.515116538852  1.01850605475  0.501523595317  11.5295176938  26.6255850147  27.3037057298  114.46678394  0.450057324173  0.494362901573  0.152809167625  9.00120761072  0.452674652402  1.35247427941  0.44446134208  8.60756684292  9.04850689451  0.898768228288  0.893417678135  4.62502837882  2.31054802763  0.942110328136  0.471437190839  0.921654369057  1.37477717275  2.26600709296  0.448942670675  5.28836802409  5.74891272549  0.441968584131  0.459319119947  0.464130727013  0.446659159758  0.433457937075  1.39311344627  0.526596252719  0.347577893827  -9999.0  -9999.0  -9999.0  -9999.0  -9999.0  -9999.0  -9999.0  -9999.0  -9999.0  -9999.0  -9999.0  -9999.0  -9999.0  -9999.0  -9999.0  -9999.0  -9999.0  -9999.0  -9999.0  -9999.0  -9999.0  -9999.0  -9999.0  -9999.0  -9999.0  -9999.0  -9999.0  -9999.0
-9999.0  -9999.0  -9999.0  -9999.0  -9999.0  -9999.0  -9999.0  -9999.0  1.18260756997  1.67002917775  0.581868025237  1.17873050554  1.74245413627  2.88046540077  0.577025990304  0.555576853764  0.497998287685  0.505141965901  0.483123895424  14.1232647248  0.511504645904  1.0081684829  116.277634895  117.79875341  0.673368558431  1.80502279612  11.2790840446  0.894033756796  1.78028882722  0.865320824973  1.29241415988  10.8086944352  1.33026768586  6.82564308399  5.50027995186  0.438971592688  2.30874523841  0.922775858331  1.36756398247  0.449957582271  2.73191812355  3.64360218186  4.08531696932  4.51683066031  7.48581935069  0.873381980305  0.888810425486  0.859435074883  0.832860153598  1.80153887346  0.396293278245  1.27626796267  1.64328273411  -9999.0  -9999.0  -9999.0  -9999.0  -9999.0  -9999.0  -9999.0  -9999.0  -9999.0  -9999.0  -9999.0  -9999.0  -9999.0  -9999.0  -9999.0  -9999.0  -9999.0  -9999.0  -9999.0  -9999.0  -9999.0  -9999.0  -9999.0  -9999.0  -9999.0  -9999.0  -9999.0
-9999.0  -9999.0  -9999.0  -9999.0  -9999.0  -9999.0  -9999.0  -9999.0  0.624623567246  2.90433666377  3.47432799999  0.571502875306  1.1264953257  0.554970175608  0.528222352911  0.519244836829  6.46363900364  8.64782708624  10.9747718666  13.4062772501  0.628717698159  0.503231797699  0.594622341833  120.724787572  122.584277038  123.364948437  15.5568494408  3.6156429772  3.12733211659  0.434914996776  1.71110767769  12.9467197243  0.424612516657  7.25610384841  0.434411083342  2.96810094588  2.76508990557  0.446875054164  1.80996381148  0.891072699126  1.32690462365  0.456765217765  0.419502148169  4.94598991998  5.36078804883  7.89968725447  1.31219745009  1.27490522307  1.24079045702  2.2094492027  3.0034782902  0.395038066667  2.0149108555  0.379192047497  0.736464110702  0.362889924135  -9999.0  -9999.0  -9999.0  -9999.0  -9999.0  -9999.0  -9999.0  -9999.0  -9999.0  -9999.0  -9999.0  -9999.0  -9999.0  -9999.0  -9999.0  -9999.0  -9999.0  -9999.0  -9999.0  -9999.0  -9999.0  -9999.0  -9999.0  -9999.0
-9999.0  -9999.0  -9999.0  -9999.0  -9999.0  -9999.0  -9999.0  -9999.0  -9999.0  0.633087735217  4.0660758369  4.6334428009  1.6886656601  2.80545874301  3.87142954292  4.41042970976  0.544864142062  1.68077191856  1.10114010484  0.548497533594  0.545626801555  0.507733753849  1.03667408797  1.8452166955  0.856024099112  140.57239722  141.27303071  0.660596616967  0.469552240602  0.859752407327  1.28296769327  14.2134672074  0.84376155972  7.66678840475  4.62889478324  3.78389441249  0.439981144813  0.880974108026  2.23661989653  0.424444162329  1.74495161442  0.881115028874  0.66488423283  0.193884823149  6.17244836523  14.4698786154  1.69197774638  1.6572380362  1.61684240655  0.369411184593  3.36907733169  0.360767157331  2.75941362258  0.358060570961  1.09502190425  1.81159081638  0.309315578133  0.314233774099  0.324431044087  0.315067740858  0.280195837814  -9999.0  -9999.0  0.17046115164  0.0388020585078  -9999.0  -9999.0  -9999.0  -9999.0  -9999.0  -9999.0  -9999.0  -9999.0  -9999.0  -9999.0  -9999.0  -9999.0  -9999.0  -9999.0  -9999.0
-9999.0  -9999.0  -9999.0  -9999.0  -9999.0  -9999.0  -9999.0  -9999.0  -9999.0  -9999.0  0.566298172395  5.77633944314  0.561003368326  1.12335790591  1.65006789013  2.71491283664  0.547424772772  1.1348524875  0.555503585154  0.541653815858  0.516771959624  1.03211526644  0.490298537394  0.573980347758  1.28791597286  0.766706719694  142.056912415  143.468719405  145.356447172  1.78130641743  0.418812237044  0.834762326527  14.637330437  14.4074842869  5.49753424074  0.429973746115  1.74903694899  1.31422405621  2.66434123548  0.850715158353  3.4680612787  1.30101398882  1.02763543231  0.071028652414  0.205218567893  14.8750019986  15.2924139244  19.035038994  2.75619306654  0.755611878972  3.75504322956  4.49161080729  7.60147615972  0.712777124341  0.339366398015  2.15827729299  2.77458040741  0.306845396844  0.593130602136  0.918904623512  0.554954054559  0.275396185021  0.270724065162  0.297233997976  0.0778338352963  0.0375041601891  -9999.0  -9999.0  -9999.0  -9999.0  -9999.0  -9999.0  -9999.0  -9999.0  -9999.0  -9999.0  -9999.0  -9999.0  -9999.0  -9999.0
-9999.0  -9999.0  -9999.0  -9999.0  -9999.0  -9999.0  -9999.0  -9999.0  -9999.0  -9999.0  -9999.0  0.300926788763  6.40358933321  0.549190422049  1.07419833744  4.87409125674  0.566933994278  0.566291271223  0.521175115474  1.06546265177  0.512509969239  2.06034971843  3.05758458329  3.54358445485  1.79325295406  2.40633366618  0.696035937612  0.738654812538  0.751679719488  148.397634297  149.801227866  15.0518130185  15.2138066476  14.8137630659  0.832236775277  0.410080489118  2.16497344122  5.66566979994  3.08562005143  1.27071269771  5.15397659887  1.71531056223  1.31079843716  0.134937430905  0.0648155190255  0.0825158287347  0.135382357693  19.7173843551  23.6146147823  0.370339529572  0.353527106837  0.363234677536  7.94862865822  8.98630596782  0.621994175517  0.241074146105  2.91202433949  0.359096719233  1.01168823634  2.07888550997  2.84673659082  3.37846298859  1.04229505203  0.53674087366  0.184275417943  0.0752250381421  0.221891596852  -9999.0  -9999.0  -9999.0  -9999.0  -9999.0  -9999.0  -9999.0  -9999.0  -9999.0  -9999.0  -9999.0  -9999.0  -9999.0
-9999.0  -9999.0  -9999.0  -9999.0  -9999.0  -9999.0  -9999.0  -9999.0  -9999.0  -9999.0  -9999.0  0.289561604685  7.1027338897  8.78308490186  0.526338197585  5.93664730649  0.535306942713  0.520313302084  1.01743342188  2.58433885523  0.499030378693  0.514658222319  0.487652047662  4.53179248601  5.00474978709  7.90503458288  9.05061861699  9.54940151241  10.1980034526  10.8265397121  161.349117275  177.417766883  193.69809998  194.332920767  0.485923424209  0.416085493769  6.49863764633  6.08543956834  0.414444773662  0.411828405367  5.54747074521  7.67855900351  0.336198386899  2.59495253424  2.41006510342  0.324164724261  0.220025109468  0.356025318169  0.385157633186  24.395332292  0.385215247435  1.05586534658  1.40248493947  11.092669764  11.7657738717  12.169800487  15.1280628282  0.0442557452332  0.0426633756428  0.0418906936758  0.0410554701188  3.57302004042  4.85188533007  0.253373893743  0.433987913784  0.140273819647  0.431163517125  0.0550491405553  0.0275638912351  -9999.0  -9999.0  -9999.0  -9999.0  -9999.0  -9999.0  -9999.0  -9999.0  -9999.0  -9999.0  -9999.0
-9999.0  -9999.0  -9999.0  -9999.0  -9999.0  -9999.0  -9999.0  -9999.0  -9999.0  -9999.0  -9999.0  0.595288573533  1.15050211622  9.32937958716  10.3611905452  0.526411000638  7.22427442934  0.489299662999  1.48202332764  3.06929975954  0.985630056105  0.485625444846  1.00031388076  0.476941996478  0.918043450115  0.439561373451  0.374109976911  0.23521522331  0.179634898905  0.16051734254  0.165140276375  0.291552304283  0.451886533763  0.654215635576  196.132509838  8.63331886849  7.64382035134  0.546113747584  1.22980932788  0.319761165264  0.255851424188  8.07871135563  11.840740024  3.01862189419  2.28174019732  0.165963492502  0.0776176438721  0.0713968647286  0.390196801121  25.1918520682  25.9906429762  0.405979379424  0.402502869405  0.228702488697  0.0572600607167  0.099021601167  15.2665499203  15.3538507299  15.4406564435  0.0868454788786  0.0427392149719  0.0401594311706  4.92424358798  5.2742201566  0.528821831419  0.177905794108  0.623929481408  0.151888477645  0.0531150966113  -9999.0  -9999.0  -9999.0  -9999.0  -9999.0  -9999.0  -9999.0  -9999.0  -9999.0  -9999.0  -9999.0
-9999.0  -9999.0  -9999.0  -9999.0  -9999.0  -9999.0  -9999.0  -9999.0  -9999.0  -9999.0  -9999.0  -9999.0  0.538496255713  7.08139514703  17.968449171  19.5628146947  27.3647865114  28.1113452035  7.24137045242  5.0363566995  1.47909448401  0.482029046979  1.95831928358  2.43548218567  3.79742018233  0.891677359437  0.80934374457  0.675304208479  1.28528086268  0.586001877608  0.555990205845  0.24749466157  0.0740258874185  0.14165618538  196.68396923  205.668089317  206.340767938  0.583303896644  3.74003033544  1.39209141076  0.414685055628  13.1093983309  0.873124261978  0.444842548874  1.67416444262  0.278870911261  0.300463590714  0.605573912918  0.957190549618  1.34715884163  26.7379224541  0.365963678316  0.341900016501  0.341165381498  0.221997320686  0.0587130693025  0.236351080728  0.256880473844  15.7702883455  16.0754686769  0.175140873652  0.0880232089051  0.0473834385845  0.0449608504193  6.08682761741  8.11708944466  1.62831195962  0.511468530836  0.174082176038  -9999.0  -9999.0  -9999.0  -9999.0  -9999.0  -9999.0  -9999.0  -9999.0  -9999.0  -9999.0  -9999.0
-9999.0  -9999.0  -9999.0  -9999.0  -9999.0  -9999.0  -9999.0  -9999.0  -9999.0  -9999.0  -9999.0  0.576513047604  5.39264368826  6.54396120244  1.08219676299  0.332622347874  0.767435487775  29.3877985853  30.0313929007  37.9890423359  0.46024595499  0.939368676922  0.441111404654  0.446922910731  4.24388651624  5.58146071425  6.81813531619  0.42308168117  1.70834253109  2.71089713866  1.61064057822  0.653511444476  0.356625147841  0.251083829281  0.326634794471  0.238981291063  206.936603683  207.514177362  212.270256776  0.781891507486  0.392304710417  13.6807141762  0.905953310094  0.462755073173  0.474659031344  0.47058568906  0.448487642432  0.752701756474  2.42346889267  4.178406887  31.2784642386  0.321680097799  0.955893869481  0.638382164784  0.499167120612  0.26916859157  0.156547064128  0.0501145401734  0.0269515629662  16.1266169627  0.0313760615637  0.0677305564948  0.0317821131282  0.0387760277785  0.161021349399  8.3398134813  0.261645642514  0.0417737690257  0.0797134338822  0.0376155902899  -9999.0  -9999.0  -9999.0  -9999.0  -9999.0  -9999.0  -9999.0  -9999.0  -9999.0  -9999.0
-9999.0  -9999.0  -9999.0  -9999.0  -9999.0  -9999.0  -9999.0  -9999.0  -9999.0  -9999.0  -9999.0  0.589235722797  3.7099708037  0.587388328543  0.532933353562  2.69269773646  3.18645138384  3.6938590359  4.18086670022  50.9008442952  51.3086634089  52.1857485353  58.4194988843  59.6380855101  60.2864885664  60.7470047947  68.214235094  69.1130330206  69.5393632257  72.6532819642  74.7056256808  75.1159278297  76.0824359117  0.640416805941  0.484383593664  0.076754876382  0.155459535261  207.99985378  214.056786087  1.24406479658  16.4536943339  16.0273711542  1.7652254816  0.432719654557  0.43521546728  0.428746270432  0.423790079987  0.852747284694  1.26327746031  0.421649453872  31.6390799584  32.007353682  33.9388988984  34.2700277324  35.0833078412  35.6569697812  0.257618382658  0.216047573874  0.0855356558485  16.1705800423  16.2394124928  16.3463360009  16.4804588889  0.0712131681183  9.13234697016  8.82478699159  0.242183377388  2.49208019606  2.39250244513  0.0887292285296  0.049474057403  -9999.0  -9999.0  -9999.0  -9999.0  -9999.0  -9999.0  -9999.0  -9999.0  -9999.0
-9999.0  -9999.0  -9999.0  -9999.0  -9999.0  -9999.0  -9999.0  -9999.0  -9999.0  -9999.0  -9999.0  1.90253013116  2.51353906211  1.16978758453  1.73457659931  0.55833272519  6.35852079488  6.88695415613  7.93468926395  8.24153359521  3.4059172349  56.2110218273  56.586173291  0.315708597086  0.193641884361  0.122708044323  0.339751168466  0.14670996716  0.0826487987391  0.0755541480422  0.117715350858  75.335105382  76.3534431905  77.4481791682  78.3494090412  78.9541426593  0.233272375207  0.143297224003  231.919910897  17.339994212  16.8948317298  0.404614585624  0.405500293269  0.39107134641  0.830517293823  0.82735991602  0.388175339029  0.388975249352  0.368482591088  0.785276517944  1.13099228855  0.307883261337  0.571238862893  0.197648524043  0.0383530151532  35.7317234179  36.1121330988  36.5087576576  36.787695851  36.9387494758  37.0155506203  37.0500278694  0.0313550547472  16.7379013971  0.172522245746  12.1386663038  2.77828614632  0.320689680505  2.26033941482  1.94377584805  0.054514863062  -9999.0  -9999.0  -9999.0  -9999.0  -9999.0  -9999.0  -9999.0  -9999.0  -9999.0
-9999.0  -9999.0  -9999.0  -9999.0  -9999.0  -9999.0  -9999.0  -9999.0  -9999.0  -9999.0  -9999.0  -9999.0  1.286911833  0.599273239075  0.563942206506  5.30589471874  5.85205097409  0.542094505058  2.16621968254  2.64010180018  3.0125699069  0.422906575595  0.384145448812  8.40112252286  8.73259586479  9.01492897765  24.7947473753  24.9451719525  25.1122652612  26.8381627907  27.3511132111  27.4221112893  0.0646776211212  0.0679213842685  0.109165423655  79.7298061543  0.279090293054  235.800087993  235.17205921  2.85338401967  2.41686933136  1.58412131051  0.395633811008  0.78206113532  1.22867142026  1.22542293875  0.767961868775  0.37829528433  0.744314093078  0.72934558477  1.46812487416  0.221439146984  0.783749297453  1.28618411659  1.36409268294  1.40305466013  0.0362007517611  0.0364145325803  0.0349533520993  0.0353544777952  0.0382275215621  37.1061563774  37.2444796806  54.0103695847  54.0560194968  13.1749698258  0.891929279909  0.638254431552  0.188376261031  1.8406947859  1.77607559322  -9999.0  -9999.0  -9999.0  -9999.0  -9999.0  -9999.0  -9999.0  -9999.0  -9999.0
-9999.0  -9999.0  -9999.0  -9999.0  -9999.0  -9999.0  -9999.0  -9999.0  -9999.0  -9999.0  -9999.0  -9999.0  0.661451380326  1.84102923751  2.41409383483  4.19381114779  0.557434945822  1.1174625368  1.65780232651  6.17867809354  6.53126792897  6.67204807608  7.07723846951  7.61518779065  13.381891843  14.9134409607  15.5624356073  0.146848835534  1.53737015389  1.64839660575  27.0905403107  27.5171862185  27.6750582914  27.834847171  28.0248832977  108.149438385  0.525206267225  237.10806926  0.297551722372  0.087852848971  2.02844216514  1.86359372041  0.216567791049  1.12522253156  1.58627840215  1.58406432916  1.11054070243  1.83063758833  2.90140515916  1.06385343913  2.85136188124  0.205373995162  0.264263157431  0.0376803772006  0.0328858446214  1.4760000968  1.504590552  0.0655551776086  0.0627711099036  0.0950530703407  0.0314604390368  0.0486617498725  0.123293218853  75.58436056  75.52440429  21.3407876359  0.233407923017  1.34106027075  1.04603957456  0.708416536621  1.73140961969  1.18402332088  -9999.0  -9999.0  -9999.0  -9999.0  -9999.0  -9999.0  -9999.0  -9999.0
-9999.0  -9999.0  -9999.0  -9999.0  -9999.0  -9999.0  -9999.0  -9999.0  -9999.0  -9999.0  -9999.0  -9999.0  0.625939472264  1.23684753056  0.5782254502  1.18388858826  0.552241121126  4.02955947767  5.10403120437  5.66351012532  0.512850886931  0.92556326018  10.1371518181  12.4603842913  12.8823605877  1.01657102294  1.02469533938  1.34976239038  0.0952348464753  0.0860778056184  0.161848916168  0.132634893576  18.3460729664  18.5264182286  18.7513344416  108.595782505  238.916614301  237.22893833  0.136587641067  0.0577277960153  0.0522927413641  0.323711340437  0.271834570554  1.22013391681  1.82537495237  3.7629821286  0.349194634329  0.34928388287  3.14661965535  3.38616326396  6.76065441252  6.93885370939  7.24271518957  7.31656434899  0.0675943116242  0.10278517192  1.64228669634  79.2813761597  77.4804655601  77.332231855  76.9560882351  0.0949263399481  76.3948691241  0.194251439349  0.0939101738442  7.89827558455  2.09297905512  1.9837067299  0.339874055329  0.356879680933  0.365014894797  1.10689799256  -9999.0  -9999.0  -9999.0  -9999.0  -9999.0  -9999.0  -9999.0  -9999.0
-9999.0  -9999.0  -9999.0  -9999.0  -9999.0  -9999.0  -9999.0  -9999.0  -9999.0  -9999.0  -9999.0  -9999.0  -9999.0  0.590799797804  1.18080051361  1.77184493378  2.90558421222  0.588349051051  0.548639227513  4.71107237423  5.21891698827  9.39676780728  9.9019920787  1.44245466157  0.518470471841  0.513031287213  0.498067603322  17.5445705004  17.7665684807  17.8829328641  17.9625123402  18.1931926228  2.21986552301  2.53982563353  21.5927075577  369.322166881  1.18428303307  0.877446880784  0.271458478585  0.0920902481463  0.0566317017872  0.430175322069  0.475527858796  1.31633204952  0.0469151081831  3.83835256444  0.495081664544  0.481801766876  0.0490616901852  0.0374363710079  0.0359617331077  0.113790210851  0.0356828034151  7.35096109743  91.9906083977  84.5003218028  84.1784726797  79.4557049054  0.0387531655695  0.155855653214  0.0733856280122  76.5589206118  0.288096540169  0.123821304418  0.228701034462  0.188107296416  5.55797979925  5.2796887237  0.656342338009  0.33434087128  0.376366300494  0.374117973284  -9999.0  -9999.0  -9999.0  -9999.0  -9999.0  -9999.0  -9999.0  -9999.0
-9999.0  -9999.0  -9999.0  -9999.0  -9999.0  -9999.0  -9999.0  -9999.0  -9999.0  -9999.0  -9999.0  -9999.0  -9999.0  -9999.0  0.580977808538  1.39658974015  2.2128174053  3.06075841674  3.61529961824  4.1819885663  1.65949313079  2.73200910287  0.50953386176  0.505008836696  15.1030598267  16.1123183774  16.5920078297  17.1114008728  0.393378410902  0.654117595239  1.71366717569  1.85323924968  1.99774264095  0.323342601711  0.449016133349  370.466688003  0.351856593126  0.421646114707  0.200077283165  0.487263870977  0.22188523364  0.16582701105  1.91979000542  2.1648490299  0.128133308194  4.00399563582  4.53966299807  0.519236249954  94.8286105356  94.7371436007  94.654770198  94.3759751699  94.137505281  92.3603448984  92.1930054057  0.168935366671  4.55144831945  4.3520390985  4.22049639629  4.18247940512  3.24045477482  3.20292826602  3.11945278112  1.45556907404  1.36502228544  0.876936984881  0.178966693297  5.02527945498  4.29914599986  0.316644544614  0.656727308062  0.314929252489  -9999.0  -9999.0  -9999.0  -9999.0  -9999.0  -9999.0  -9999.0  -9999.0
-9999.0  -9999.0  -9999.0  -9999.0  -9999.0  -9999.0  -9999.0  -9999.0  -9999.0  -9999.0  -9999.0  -9999.0  -9999.0  -9999.0  0.231529620787  0.531966378686  0.824610484406  8.02603763585  8.59892945261  0.574336125707  0.556207706929  0.537184630107  13.0594498464  14.0976360815  0.507664574327  0.52758830636  0.46577502619  1.8672037359  2.32656111225  1.13477697775  1.3715492487  10.3815628694  10.6482829192  11.3988130251  18.0646376357  388.785430823  0.371683609003  0.185192064707  0.808987417807  0.643873428518  0.170339942646  0.512349461066  0.68343533928  2.3552684686  2.54144103564  7.45301331422  4.63892701129  0.572249056305  97.4002189494  1.42432303558  94.5605214395  94.4720444386  1.57900536399  0.202181614905  0.0685845680405  0.0352447887948  0.0702482595382  0.0972566488363  0.0478871212509  0.905631665842  0.760983606306  0.0464945154049  1.59620118612  0.323710172877  0.246541963573  0.62298889452  0.305874845157  0.594331312489  3.4013752083  2.94769315837  0.28266344258  0.579009270008  0.29302472387  -9999.0  -9999.0  -9999.0  -9999.0  -9999.0  -9999.0  -9999.0
-9999.0  -9999.0  -9999.0  -9999.0  -9999.0  -9999.0  -9999.0  -9999.0  -9999.0  -9999.0  -9999.0  -9999.0  -9999.0  -9999.0  1.20091873086  1.96511523344  4.06499812327  7.26691951352  9.44646425039  10.9047182998  11.4646217184  12.0209430801  12.5615485658  0.513224586319  0.488960728935  0.966677507215  0.938211121015  0.472673628548  8.96524985082  9.41767512535  9.84669474539  10.2440334476  5.40643666387  5.57122058398  6.11012136041  388.999433035  0.641310957663  0.515951959866  1.41449807708  0.141103958437  0.451925523782  0.259330154476  0.162630262723  0.898879294782  0.161963755926  0.165550043441  105.671513822  98.070378535  97.902692531  0.516513329708  1.34632925506  0.805624335436  0.141254141494  1.11531336578  0.238616507045  0.18217831487  0.128647365308  0.0865215217955  0.045960215533  0.102058319902  0.717563832338  0.613009730066  0.511371259655  1.1887631665  1.13621757364  1.08757930034  0.190754208027  0.328635439795  0.221049472572  2.13018673199  1.78326665942  1.24720840365  0.242706579113  -9999.0  -9999.0  -9999.0  -9999.0  -9999.0  -9999.0  -9999.0
-9999.0  -9999.0  -9999.0  -9999.0  -9999.0  -9999.0  -9999.0  -9999.0  -9999.0  -9999.0  -9999.0  -9999.0  -9999.0  -9999.0  0.844435048917  0.808210690648  1.58617816214  2.39899294874  0.703839414814  0.588561912907  1.13868150878  1.68250244003  2.72095426955  3.24513731386  3.75843003404  5.24214510935  5.71515805144  6.19800705118  0.456751870706  4.55733103887  4.89794555823  5.09497236099  0.0950566049739  0.0387157610297  0.101954707648  395.069766424  395.273237411  396.310676417  1.81064548969  0.282839599901  0.665735494639  0.164763171713  0.30573763752  1.06007386529  1.36133404184  0.31213631899  106.461857593  0.287634550172  0.308993191668  0.313634464109  0.331234865398  0.486924797069  0.223464212475  0.816387219566  0.497396819277  0.309829091171  0.142446934302  0.0972797206128  0.0511526340131  0.0554450289552  0.0583984971619  0.0588113951853  0.463050719576  0.358480575674  0.255395863155  0.13729987726  0.998014394915  0.739186497069  0.316287170039  0.283508716921  0.144686195911  0.522387315804  0.320990268087  -9999.0  -9999.0  -9999.0  -9999.0  -9999.0  -9999.0  -9999.0
-9999.0  -9999.0  -9999.0  -9999.0  -9999.0  -9999.0  -9999.0  -9999.0  -9999.0  -9999.0  -9999.0  -9999.0  -9999.0  -9999.0  -9999.0  0.781087420959  1.545769502  0.75045514502  1.53489325276  9.46970162724  10.1367266263  10.6838966923  0.517583696444  0.522178170222  1.03745491995  1.5389214201  2.47970116639  2.94716779619  3.21246940828  3.6522047323  0.363675775811  0.262962052179  5.40850466591  5.45438068586  5.5832833472  5.75235255003  5.12830814996  402.133520611  404.9838211  405.116760999  405.9068684  406.54984131  407.107343924  0.192983577861  1.51883216471  106.658126986  0.469003149313  0.237718639848  0.317003648429  0.280967253652  0.465308586326  0.304376777182  0.162934136597  0.190682681629  0.140758451301  0.124427976343  0.0464463456478  0.0402280406252  0.13256867754  0.0916498206131  0.0474671447319  0.0469490726899  0.0498721819054  0.0515886730514  0.0578034373048  0.06871295512  0.0674936384735  0.379848119751  0.10761455745  0.50351285637  0.264129265004  0.213101573781  -9999.0  -9999.0  -9999.0  -9999.0  -9999.0  -9999.0  -9999.0  -9999.0
-9999.0  -9999.0  -9999.0  -9999.0  -9999.0  -9999.0  -9999.0  -9999.0  -9999.0  -9999.0  -9999.0  -9999.0  -9999.0  -9999.0  -9999.0  -9999.0  2.30124416872  3.10918761988  5.4773548686  7.12425852026  0.842994150915  12.1091030277  12.6246325983  13.1456783154  0.525231789983  1.03462349542  0.479198799083  3.46476075977  3.71207102007  4.10288435737  4.47421803948  5.28365356818  5.34717752043  0.0483881033051  4.40773658462  4.76196655979  4.9622982217  5.61859258767  0.852653527889  0.543369855712  0.314958922783  0.299663434214  407.623595429  407.926720811  410.63944598  106.894196277  1.30826577352  0.625441605381  0.456798410763  0.122937708532  1.08019092352  0.473503477487  0.153976250553  0.753247962248  0.611422368131  0.121090824883  0.289203667246  0.254950300751  0.175994585428  0.0411560338728  0.120374290559  0.0844209919461  0.0389846574756  0.0842062648995  0.0450744394656  0.0472092694243  0.0482153177621  0.0402651516027  0.148399127666  2.22390725597  1.42103192465  0.859027259651  0.340932305673  -9999.0  -9999.0  -9999.0  -9999.0  -9999.0  -9999.0  -9999.0
-9999.0  -9999.0  -9999.0  -9999.0  -9999.0  -9999.0  -9999.0  -9999.0  -9999.0  -9999.0  -9999.0  -9999.0  -9999.0  -9999.0  -9999.0  -9999.0  0.841272220552  3.90969551409  4.72569003857  0.862160174089  0.554473960901  1.10145661631  1.6258918067  15.3019864687  0.519803424993  2.08348719605  2.57106723407  3.04542418228  0.263182898549  0.633306934899  0.767871721734  3.55621810325  3.84841661911  4.00925568541  0.174452655433  0.155681421517  0.156763616532  0.285664540928  0.11157681187  0.121681813432  0.258094529743  0.19341397087  0.252164178475  0.937161190196  410.938409796  518.646888794  1.57716213674  0.183433101568  0.140524142713  2.98452385686  2.72453695337  1.47336640829  1.29397549316  0.932010945379  0.188763994311  0.151655523488  0.323430766877  0.154572894454  0.11872889758  0.0380281343847  0.218374300088  0.387443227971  0.211715880509  0.126870388485  0.0415198887138  0.160765532346  0.118803334483  0.113441993862  2.79939739032  2.75307043434  0.287541974766  0.274490516958  0.26113510752  0.247965194726  -9999.0  -9999.0  -9999.0  -9999.0  -9999.0  -9999.0
-9999.0  -9999.0  -9999.0  -9999.0  -9999.0  -9999.0  -9999.0  -9999.0  -9999.0  -9999.0  -9999.0  -9999.0  -9999.0  -9999.0  -9999.0  0.735206579137  2.36760858278  0.787719582006  0.757460967165  0.601276042169  1.15692285373  1.68953875518  2.32085230433  18.4005185434  18.9083472913  0.517454165148  1.00462161274  1.49350562395  1.82750333264  2.12103757944  2.95793902106  3.38399973604  0.0693377648692  0.167145622994  0.192467375567  0.297201072111  0.262365579249  0.249051028833  0.20753504942  0.234482930128  1.13714377781  0.563269862506  0.379810664043  0.379123723955  0.275651932792  0.524100747662  528.661038633  8.27468454783  3.81847923463  0.498186085008  0.239944615916  0.184812135603  0.515183730575  0.314769019705  0.14243597098  0.141704193301  0.567356349323  0.757930282229  0.822853450207  0.0316978827561  0.777168505927  0.485549804606  0.0360247460784  0.0361198103364  0.148917764601  0.667073669997  0.319187025395  0.251580632978  2.96359002766  0.194966017411  0.217075359421  1.0243243026  0.517333799855  0.818495420219  0.315472043538  -9999.0  -9999.0  -9999.0  -9999.0  -9999.0
-9999.0  -9999.0  -9999.0  -9999.0  -9999.0  -9999.0  -9999.0  -9999.0  -9999.0  -9999.0  -9999.0  -9999.0  -9999.0  -9999.0  0.779388572072  1.49168608068  5.39853427724  0.790850268008  1.66625291991  2.26031352581  2.83517651234  0.577726175131  1.10614647576  1.86002820336  21.515914039  0.502309062545  0.975405611171  1.44267320296  0.432554481142  0.835138755733  0.899279227211  1.24392446709  36.8067488878  37.2119415495  37.6380803051  39.5457674658  40.3434485038  41.8936717865  0.465482599644  0.973250544392  1.39108999746  47.2308109297  47.890241134  0.361365656578  0.584646760173  0.80846238336  529.020809556  7.97700224359  3.53617205513  3.26777385543  3.0025138436  2.76902375512  0.685296861743  0.190067329475  0.308239562007  0.133632726063  0.122796396833  0.162535514352  0.857239438122  1.72606676457  0.839894764414  0.102298041211  0.0692791656953  0.0828617392399  1.26940593695  0.978635947863  0.18207284437  3.60737866777  3.16072912232  0.379797680166  2.06290394615  1.24609292464  1.30840088106  1.0807822629  0.254562246204  -9999.0  -9999.0  -9999.0  -9999.0  -9999.0
-9999.0  -9999.0  -9999.0  -9999.0  -9999.0  -9999.0  -9999.0  -9999.0  -9999.0  -9999.0  -9999.0  -9999.0  -9999.0  -9999.0  0.773604956826  2.35611859215  8.52713050426  12.6082859758  0.747166650748  16.7014032905  20.3378138855  0.55530187024  1.07833611571  1.77357828184  26.7525318144  27.4496471604  0.478913285414  2.4031982614  2.85066726392  3.13036801514  34.6676329072  35.0291738756  35.4407710467  0.228829694692  1.33557578535  1.58084154234  0.761289296683  1.09547820746  43.4985999698  45.0017876395  45.2969381876  45.5868701252  48.3616372272  0.232869416659  0.215725000767  1.2437219089  529.373307463  0.329339933889  0.00912638774379  0.0252747775024  0.00990032798476  2.36135656266  2.30956368712  1.36489070726  0.918155666799  0.340180081474  0.133725880082  0.219550628789  0.0262537348634  1.75644594793  0.158326157812  0.129010142795  0.024762945185  0.112384693844  1.31905943951  0.0268623127664  0.0212447522804  3.65381883687  0.0971408054863  2.41222853406  2.25669687386  1.90820401833  1.72910754148  0.205703889866  0.716296961734  0.232584479407  -9999.0  -9999.0  -9999.0  -9999.0
-9999.0  -9999.0  -9999.0  -9999.0  -9999.0  -9999.0  -9999.0  -9999.0  -9999.0  -9999.0  -9999.0  -9999.0  -9999.0  -9999.0  -9999.0  -9999.0  1.64239528901  3.31795866627  15.023441155  15.8727300557  21.1066415138  21.924212976  0.542925658131  1.08369108743  2.7545804695  28.2210224065  29.274588627  29.7308845728  0.39053901266  31.0938933119  31.4312803559  0.248526263867  0.230613080145  0.461218904123  0.897714486054  0.213875047341  0.443053318211  1.0463614167  1.31780396329  0.239969293163  0.197675283009  0.408171833576  49.6458235307  50.0419207223  50.245820498  51.9341906909  529.696129492  0.274064235562  0.00536676123311  0.00618262110188  0.00599540113793  0.00624918154902  0.00525331493598  0.0094350511055  0.185551740023  0.358009424266  0.167043232925  0.133765456128  0.395380302619  2.1967512221  2.38756330245  2.42143874326  2.58750908741  0.02684546354  1.34612562106  0.0925921537715  0.0384365516036  3.68313633512  3.80897976015  2.52852634239  2.70869604756  2.09452596704  1.36247207969  1.16458444102  0.957758729201  -9999.0  -9999.0  -9999.0  -9999.0  -9999.0
-9999.0  -9999.0  -9999.0  -9999.0  -9999.0  -9999.0  -9999.0  -9999.0  -9999.0  -9999.0  -9999.0  -9999.0  -9999.0  -9999.0  -9999.0  -9999.0  0.856260884305  0.845610180642  0.842059982936  1.72233877787  0.782111007057  23.4727309164  24.2357533095  0.593906490804  1.10505421348  0.544509920413  0.49015087415  0.484563745402  30.441391744  0.0843786687999  0.161282360139  0.17183656228  0.241813105362  0.223017581332  0.192508533038  0.195907665433  0.580345086871  0.780566687179  0.170937718272  0.163961016696  0.335969363102  0.525934385384  0.645045557398  0.15651975845  50.4515944708  52.1432467749  529.963469366  0.562043423355  0.0169545610788  0.00271915489651  0.00790787858419  0.00200878382362  0.00134788211833  0.0110811559701  0.82478123008  0.494952714348  0.110893976995  0.0965600575355  0.152180403576  0.0553309869976  0.0297661260448  0.030868729038  0.0327222778121  4.17729952289  1.46507738529  0.0251812700329  0.0421503605284  0.0200222419238  10.7983423621  6.96606482584  6.91896645572  2.18886525815  1.70585883917  0.169045139257  -9999.0  -9999.0  -9999.0  -9999.0  -9999.0  -9999.0
-9999.0  -9999.0  -9999.0  -9999.0  -9999.0  -9999.0  -9999.0  -9999.0  -9999.0  -9999.0  -9999.0  -9999.0  -9999.0  -9999.0  -9999.0  -9999.0  -9999.0  -9999.0  0.836749851397  2.51193506085  3.24353234471  4.00314925858  24.9719645969  25.6872210946  26.4208193941  27.1824075344  27.6611251409  28.6329097289  28.7366012555  28.8076004853  28.9293788256  0.236985443195  0.222861903936  0.225868510291  0.813576843335  0.20476670039  0.194759583561  0.175088383737  0.51075843946  0.187107142697  0.161975086443  0.155764737752  0.141957350158  0.283583286477  0.408349742597  52.974808448  583.76217746  0.269692546767  0.545327576921  0.00176780541046  0.0104646734301  0.00541198359359  0.00272366065651  1.47893245001  1.34100610334  0.365795862939  0.20332919413  0.340825751743  0.0968594855526  0.174392230313  0.0767597027664  0.0864575630953  0.0298345262588  0.0366888740941  4.20772460568  4.30524705324  11.6436777782  11.574222694  11.5448976505  0.0317021575744  1.85977825335  1.82485143326  0.0817618145095  -9999.0  -9999.0  -9999.0  -9999.0  -9999.0  -9999.0  -9999.0
-9999.0  -9999.0  -9999.0  -9999.0  -9999.0  -9999.0  -9999.0  -9999.0  -9999.0  -9999.0  -9999.0  -9999.0  -9999.0  -9999.0  -9999.0  -9999.0  -9999.0  -9999.0  -9999.0  0.742695426555  5.59608485507  11.1505610428  11.9496947337  0.819130369791  1.40574057467  1.9132677032  2.37967146991  5.27068599013  5.49807964401  0.230090161442  0.214597151202  29.4092941182  29.8464003329  30.053451082  0.992526707849  0.176488839749  0.372755140822  0.550963293529  1.61721363223  1.97239770802  2.28219489163  0.295580553389  0.417922186511  0.137113749635  0.269683788938  0.13540714755  584.057934169  0.250611468244  1.01768160585  0.25923225093  0.372104599885  1.27179828275  1.39078779186  2.98826185128  1.15073215353  1.01501868688  0.636402488158  0.569842472129  0.158239738292  0.235265576121  0.163108021384  0.110218297876  0.0179515024949  16.5055870269  16.3761857198  16.2979431403  11.7864531475  0.0442310021058  0.670493179827  0.482650688494  0.318752650286  0.197704506375  0.0360086517858  -9999.0  -9999.0  -9999.0  -9999.0  -9999.0  -9999.0  -9999.0
-9999.0  -9999.0  -9999.0  -9999.0  -9999.0  -9999.0  -9999.0  -9999.0  -9999.0  -9999.0  -9999.0  -9999.0  -9999.0  -9999.0  -9999.0  -9999.0  -9999.0  -9999.0  0.791571597918  2.47318582888  4.86938779949  6.39966631972  16.5658427524  17.3916175389  1.03354084155  1.5331617392  1.9788566678  2.44003703372  5.63073877634  6.05105587821  9.78794790301  10.0892302106  10.3001897025  30.2685649936  31.8410015393  0.383636735216  0.209356731457  0.205890784896  0.397097728294  0.185944541866  2.63808507507  2.78581295349  0.550359988412  0.672878373705  0.128965922961  146.680115592  146.95181787  731.250321826  732.604959786  0.242742703208  0.88656590503  0.276711331808  0.226384755114  3.33489640919  4.62412631885  0.881377391388  0.722760708921  0.150109372998  0.0800286445495  0.31263331807  16.9136853733  16.6901715957  16.6399386239  16.5928815128  0.111623727469  0.0604770118462  0.046341141751  0.0473288571022  0.147518839187  0.0980835898178  0.0909671923886  0.136260370658  0.0425699610196  -9999.0  -9999.0  -9999.0  -9999.0  -9999.0  -9999.0  -9999.0
-9999.0  -9999.0  -9999.0  -9999.0  -9999.0  -9999.0  -9999.0  -9999.0  -9999.0  -9999.0  -9999.0  -9999.0  -9999.0  -9999.0  -9999.0  -9999.0  -9999.0  -9999.0  -9999.0  0.865004520682  0.840956585006  1.62348698122  3.89190756561  18.12007255  0.522752121569  0.517200876982  0.968581975735  1.41597931943  3.10043083958  3.24675262427  0.100864926479  0.197096819199  10.5463131769  10.765490603  42.7940672992  42.9738225798  0.162063891882  0.153157008425  0.133384532687  0.134226681104  0.127594689097  144.263571841  145.04065767  145.833529515  146.06957632  146.555205428  0.14075021106  0.535704537087  0.706789426683  733.716841461  733.927758805  734.163643238  734.314479155  734.419406147  4.76389103868  0.0792213261601  0.285825356927  0.227637483579  0.057274002062  0.369578873935  17.0750582781  0.0896063883233  0.0264583956871  0.201696258057  0.176870500431  0.138799453831  0.0956770925651  0.0516185339246  0.0552479767161  0.0526746736143  0.0468405229499  0.0493258021319  -9999.0  -9999.0  -9999.0  -9999.0  -9999.0  -9999.0  -9999.0  -9999.0
-9999.0  -9999.0  -9999.0  -9999.0  -9999.0  -9999.0  -9999.0  -9999.0  -9999.0  -9999.0  -9999.0  -9999.0  -9999.0  -9999.0  -9999.0  -9999.0  -9999.0  -9999.0  -9999.0  -9999.0  0.798232936889  0.821276903637  1.54605232692  21.1463357048  21.9172145162  0.512341336472  0.964065012044  1.41562425288  1.56142603679  0.110508421491  0.323228432663  42.1116093934  42.344391066  42.5288472371  43.9679374501  87.1181613308  138.970354318  139.309708376  139.620132489  139.923579309  141.00572446  141.333968817  0.634338618835  0.302407631036  0.165627311981  0.320368197995  0.265358633097  0.411801049617  0.134706839798  2.81576145398  3.30667211452  3.75086465295  3.8646555088  734.572856191  739.500717913  740.146287147  0.413002010017  0.0906610614644  0.569008352827  0.443478065793  17.2174892152  0.0724936678828  0.780959500938  0.546960107962  0.513518643524  0.332258367357  0.138853449762  0.0808955297814  0.0412504254217  -9999.0  -9999.0  -9999.0  -9999.0  -9999.0  -9999.0  -9999.0  -9999.0  -9999.0  -9999.0  -9999.0
-9999.0  -9999.0  -9999.0  -9999.0  -9999.0  -9999.0  -9999.0  -9999.0  -9999.0  -9999.0  -9999.0  -9999.0  -9999.0  -9999.0  -9999.0  -9999.0  -9999.0  -9999.0  -9999.0  -9999.0  -9999.0  0.806329342393  1.55255712896  2.30052329469  22.5618724328  0.689543277362  30.2434027687  30.7048941632  30.8155286398  31.0260238204  41.2694840309  41.5356811293  0.234907701561  1.08293938628  1.29536665527  0.215246955398  51.5067200114  51.1101815549  0.146178088026  0.318944181678  0.812856128829  0.168342140304  0.173733813517  0.152249591997  0.137141307786  0.116317484152  0.127766087675  2.37634271034  2.50556127425  2.65064294451  0.29030858291  0.244085091586  4.0454419353  4.20895965951  4.29207474489  740.271996337  740.400190057  0.81681887169  0.651199373693  18.2139753641  18.1335815117  0.848244083776  0.0769187460647  0.0300004998916  0.655814380219  0.502758579997  0.334355977732  0.124783468834  0.0654543366478  0.0303381151188  -9999.0  -9999.0  -9999.0  -9999.0  -9999.0  -9999.0  -9999.0  -9999.0  -9999.0  -9999.0
-9999.0  -9999.0  -9999.0  -9999.0  -9999.0  -9999.0  -9999.0  -9999.0  -9999.0  -9999.0  -9999.0  -9999.0  -9999.0  -9999.0  -9999.0  -9999.0  -9999.0  -9999.0  -9999.0  -9999.0  -9999.0  0.755717602203  0.713205433699  3.65530396806  27.6802737878  29.0917405496  29.7975535548  0.493745640865  9.94261697921  10.0168704753  10.0755351606  0.232922169834  0.48316286035  0.711471873386  12.5223835765  12.7083658973  12.8729726501  50.7985457746  31.5299894812  0.171256263009  0.167538197539  0.162226323454  0.142454882374  1.39376712792  1.68767096134  1.95674927801  2.10086214102  2.24184006727  11.8045417611  11.9180914223  12.0188256626  12.2591619942  13.630651781  13.7291667078  18.133551307  0.0868659007027  740.516498098  740.655336865  0.915215266153  18.2847048904  0.118559925128  0.053131597027  0.137743967082  1.13404159946  1.11420867396  0.323123503944  0.166088419585  0.220693855041  0.103338411025  0.0300328992721  0.025760649392  0.0253304656259  -9999.0  -9999.0  -9999.0  -9999.0  -9999.0  -9999.0  -9999.0  -9999.0
-9999.0  -9999.0  -9999.0  -9999.0  -9999.0  -9999.0  -9999.0  -9999.0  -9999.0  -9999.0  -9999.0  -9999.0  -9999.0  -9999.0  -9999.0  -9999.0  -9999.0  -9999.0  -9999.0  -9999.0  -9999.0  -9999.0  1.47490015492  2.23157923447  0.788244974014  0.509235256546  8.396078321  8.90114592183  9.23639467994  2.8064004152  2.87107241277  2.97122674946  3.18962150244  12.1246225953  12.3373331346  5.86450317956  18.9227673666  19.102343294  31.3795406577  0.340201239967  0.168388577231  0.14025297189  0.95043155043  1.1093030389  0.117665830492  0.111975276887  11.2925064995  11.5570512472  11.6950235332  0.123386089791  0.173709812158  13.3625534231  0.17158571601  0.686085305417  0.768268577538  19.0674557995  19.1510423387  20.095136367  761.78047637  18.4794897291  1.49906399538  1.43038431117  1.36405979029  1.15557118143  0.0361680629633  0.477598351614  0.373255414927  0.18561172255  0.0542335264832  0.0518195379346  0.114914343468  0.0639965973695  -9999.0  -9999.0  -9999.0  -9999.0  -9999.0  -9999.0  -9999.0  -9999.0
-9999.0  -9999.0  -9999.0  -9999.0  -9999.0  -9999.0  -9999.0  -9999.0  -9999.0  -9999.0  -9999.0  -9999.0  -9999.0  -9999.0  -9999.0  -9999.0  -9999.0  -9999.0  -9999.0  -9999.0  -9999.0  -9999.0  0.733655000229  1.45486578925  5.99521324878  6.76813087518  7.417999083  2.32932148605  2.73703134076  0.0733339822873  8.56378865125  8.62889257976  8.71147723996  0.161588908445  5.45299424505  5.66827179921  0.1817758969  30.5108022882  0.359557226198  0.179006464219  0.500104514904  0.668840535317  0.143129061614  0.126124057573  10.0419037229  11.0427517971  11.1945892792  0.145955481825  0.347703201326  0.449278374175  0.543400541386  1.0283486305  0.253308423055  0.555816569798  0.121263311535  0.238915033536  19.911098478  20.0087574188  761.919096937  782.26106765  1.72927728637  0.113900552777  0.0717361698953  0.0796503546375  0.0206713115258  0.497362064816  0.404068225498  0.31734907813  0.430507489698  0.305717977101  0.206140479084  0.0454034432846  0.0262364437892  -9999.0  -9999.0  -9999.0  -9999.0  -9999.0  -9999.0  -9999.0
-9999.0  -9999.0  -9999.0  -9999.0  -9999.0  -9999.0  -9999.0  -9999.0  -9999.0  -9999.0  -9999.0  -9999.0  -9999.0  -9999.0  -9999.0  -9999.0  -9999.0  -9999.0  -9999.0  -9999.0  -9999.0  -9999.0  0.727434947376  2.25305597226  3.83252771153  0.79494440637  1.29779584644  1.828333202  8.2255641439  8.3592523668  8.42645546258  0.0624454798177  4.78077110791  4.96782857418  5.09376324969  0.0777869651008  29.7580957713  30.1504792119  0.187319932136  0.179975291166  0.351632838944  0.15489512072  9.24500559454  9.52996307816  9.68364600196  0.599618191925  0.745332303674  0.133767355901  0.2447486074  0.111730141844  0.780817726899  0.112950660134  0.136673187593  0.148191432985  0.148789607332  0.300688855974  0.417741287059  53.7580593035  53.9535230049  836.462951281  836.596499409  836.723031602  0.126568340034  1.18572316908  1.06254953989  0.511626999541  0.497705104701  0.0734996470598  0.569192022305  0.0285278528911  0.0258457662414  0.0215320163968  0.0938550699325  0.039600778827  -9999.0  -9999.0  -9999.0  -9999.0  -9999.0  -9999.0
-9999.0  -9999.0  -9999.0  -9999.0  -9999.0  -9999.0  -9999.0  -9999.0  -9999.0  -9999.0  -9999.0  -9999.0  -9999.0  -9999.0  -9999.0  -9999.0  -9999.0  -9999.0  -9999.0  -9999.0  -9999.0  -9999.0  -9999.0  0.779554227762  0.810954976533  0.736049870311  5.7142831756  6.23719374906  7.74825900267  0.242112335726  4.51373897873  4.66180012869  0.063611572348  0.130553762372  0.0525136688465  29.4426561602  0.0868060068221  0.398247025379  0.545714330044  0.685746164034  8.39036977394  8.80143449014  8.96479547184  0.162789196191  0.311372314397  0.451286016429  0.100107690614  0.0922197738193  27.4682007871  27.5611636597  27.6379444626  28.3365017869  28.4342802794  28.582426275  28.708685417  45.8247617284  45.9222369962  53.66305868  0.0921067481737  0.112579931397  0.21238901751  837.033157761  837.46671513  838.838843395  838.923587096  0.0467868043967  0.0168692224926  0.642623473392  0.617113808854  0.019720297343  0.0907305130144  0.403558697268  0.236545172075  0.204126664448  0.0543559285089  -9999.0  -9999.0  -9999.0  -9999.0  -9999.0
-9999.0  -9999.0  -9999.0  -9999.0  -9999.0  -9999.0  -9999.0  -9999.0  -9999.0  -9999.0  -9999.0  -9999.0  -9999.0  -9999.0  -9999.0  -9999.0  -9999.0  -9999.0  -9999.0  -9999.0  -9999.0  -9999.0  -9999.0  0.716357158386  1.45913455429  2.98625581146  5.22039053697  0.544670840357  1.03934854557  4.00257648784  4.20419470454  0.076836428749  6.9484636268  7.01339412952  29.2750963615  29.3332063711  0.0891198009645  0.198275309817  0.819363862572  7.44793475534  7.60470786395  0.305772597461  0.182041154999  0.15852782735  24.3935067786  24.669221675  24.9051198058  25.1401320163  27.3821945275  0.246112375813  28.2468760512  0.131622436332  0.09590338407  0.174806750413  16.919500547  17.0261057053  7.3232458531  7.64245513823  0.219344705202  0.107972521613  0.116992939554  0.128482114535  0.21453316367  0.0940143126747  882.354193503  882.503013638  0.857451530246  0.672425825771  0.0154308076175  0.860864642394  0.778958397418  0.559743283286  0.0409001196349  0.0496111595196  0.0572164178328  -9999.0  -9999.0  -9999.0  -9999.0  -9999.0
-9999.0  -9999.0  -9999.0  -9999.0  -9999.0  -9999.0  -9999.0  -9999.0  -9999.0  -9999.0  -9999.0  -9999.0  -9999.0  -9999.0  -9999.0  -9999.0  -9999.0  -9999.0  -9999.0  -9999.0  -9999.0  -9999.0  -9999.0  -9999.0  0.574107085177  1.10869497886  1.61119386728  3.00207749118  3.50296392406  5.78826185676  6.64918025996  6.81923084753  6.88073514049  22.1380779004  22.202601747  0.0501026737254  0.72883193663  0.783565750321  6.55966349021  6.60270306457  0.103365402872  0.0477520955049  23.9231106509  24.0019722623  24.1107394949  0.144787770204  1.85013389612  1.98118007926  2.11867483044  0.125761499774  0.102416838901  0.0798421895146  0.0808318792233  16.5627092091  16.6704617972  0.0805302631946  7.24552910101  6.78294135331  6.70623496586  0.0883118020026  0.0923864800769  0.0865933035054  0.162296024812  42.9730868704  43.3118552808  883.491223048  0.123998350783  0.0642776239726  0.907849966998  0.0264387756696  0.283229761284  0.158584835424  0.0382420743688  -9999.0  -9999.0  -9999.0  -9999.0  -9999.0  -9999.0  -9999.0
-9999.0  -9999.0  -9999.0  -9999.0  -9999.0  -9999.0  -9999.0  -9999.0  -9999.0  -9999.0  -9999.0  -9999.0  -9999.0  -9999.0  -9999.0  -9999.0  -9999.0  -9999.0  -9999.0  -9999.0  -9999.0  -9999.0  -9999.0  -9999.0  0.556753981544  1.74490980995  2.4934241213  3.6795488711  4.75472761601  5.29458939565  0.442311211716  5.94393700519  21.7049202486  22.0718144447  0.288896179691  0.466384922839  0.68405882284  6.4427346622  6.51385621663  16.1542524762  16.4378662736  23.8408765838  23.863997294  0.0363734068064  1.48052570963  1.58875951228  1.73511466502  0.133409238651  14.700964999  14.8255140649  15.1064068393  16.0187229011  16.381553034  16.4532423149  0.10755685716  0.210108602756  0.296937778524  5.45474286114  6.54755188605  0.802673809289  0.720207749472  0.0594978740091  0.0771796183699  42.7045469404  0.245269076958  0.185699352579  883.755902887  0.0369621269915  0.0293191842161  1.28158357845  0.3586087203  0.0943170705229  0.0393665101907  -9999.0  -9999.0  -9999.0  -9999.0  -9999.0  -9999.0  -9999.0
-9999.0  -9999.0  -9999.0  -9999.0  -9999.0  -9999.0  -9999.0  -9999.0  -9999.0  -9999.0  -9999.0  -9999.0  -9999.0  -9999.0  -9999.0  -9999.0  -9999.0  -9999.0  -9999.0  -9999.0  -9999.0  -9999.0  -9999.0  -9999.0  0.579667270716  0.552314986355  2.37165113921  3.16533734571  0.573680475038  4.97711712092  5.45950245531  0.483466661518  14.8172249862  0.473954746304  2.75073586588  5.99391972405  6.36457794201  14.9434848764  15.107271093  16.0986325215  0.240917537139  7.35902636008  0.0275348624251  0.0706246317806  1.43446598744  0.0538427522591  3.12673720911  14.454044723  0.0540623721835  0.182541746709  0.588941199125  0.133829816821  0.104500192534  0.0936258142936  0.0733154135932  5.07126602175  5.27646976235  5.37188956248  0.197181807463  0.228865096832  0.431312725228  0.0785202062067  42.4774036038  42.5236683978  0.118815373043  0.0978368993502  0.0465564625888  884.088106465  885.879107103  1.68512737847  0.373480321114  0.355814947049  0.164736567311  -9999.0  -9999.0  -9999.0  -9999.0  -9999.0  -9999.0  -9999.0
-9999.0  -9999.0  -9999.0  -9999.0  -9999.0  -9999.0  -9999.0  -9999.0  -9999.0  -9999.0  -9999.0  -9999.0  -9999.0  -9999.0  -9999.0  -9999.0  -9999.0  -9999.0  -9999.0  -9999.0  -9999.0  -9999.0  -9999.0  -9999.0  -9999.0  0.545477921912  0.563893270721  0.551591910873  3.97310439781  4.48474607348  6.3455662506  14.354290894  0.465664079882  1.37367991702  1.84576132811  2.82652020804  0.852563264056  14.5607235575  0.393746630166  0.756213632009  7.00815031525  0.272605102713  1.13854858355  1.27685448467  0.0391214074945  0.0492586220473  3.0685565234  11.2761882117  0.054087172118  0.216882544018  0.46793850257  0.10442056196  0.0460627843213  4.74487097426  4.85880593488  0.0809417730686  0.160722403329  0.0434437021428  0.108197891058  0.126995502576  0.105334941147  0.0504500004559  42.434504026  0.133798302522  -9999.0  -9999.0  0.0981493930605  0.177956189312  885.952832699  886.022153388  886.187221469  0.0743070696302  -9999.0  -9999.0  -9999.0  -9999.0  -9999.0  -9999.0  -9999.0  -9999.0
-9999.0  -9999.0  -9999.0  -9999.0  -9999.0  -9999.0  -9999.0  -9999.0  -9999.0  -9999.0  -9999.0  -9999.0  -9999.0  -9999.0  -9999.0  -9999.0  -9999.0  -9999.0  -9999.0  -9999.0  -9999.0  -9999.0  -9999.0  -9999.0  -9999.0  -9999.0  0.70045568799  2.1191216625  2.84520939055  5.82064216486  2.60273842517  7.47065548771  4.15577578202  0.454282996039  1.42057760498  2.33848925531  0.415942017024  13.2950017277  4.72730237913  5.96561307615  0.734312796894  0.730647011852  0.30600415036  0.117866314202  2.92162478865  2.97179543259  11.1233113666  11.1722131288  0.095851466425  0.147096260037  0.041702742168  4.32075128173  4.53744153445  4.7192973474  0.0852213012713  0.0400660154502  0.117495670316  0.0414473407997  0.0318715286181  0.0465619743174  42.1371902359  42.1796118481  42.2066194257  0.0897133191733  -9999.0  -9999.0  -9999.0  -9999.0  -9999.0  0.036588571416  886.239440727  886.285447654  -9999.0  -9999.0  -9999.0  -9999.0  -9999.0  -9999.0  -9999.0  -9999.0
-9999.0  -9999.0  -9999.0  -9999.0  -9999.0  -9999.0  -9999.0  -9999.0  -9999.0  -9999.0  -9999.0  -9999.0  -9999.0  -9999.0  -9999.0  -9999.0  -9999.0  -9999.0  -9999.0  -9999.0  -9999.0  -9999.0  -9999.0  -9999.0  -9999.0  -9999.0  0.59890311188  0.560073956548  5.06151984063  0.799576917874  1.90074784974  2.68594622998  3.63575450654  0.483805800566  0.485964102695  0.46661762284  12.4235415886  12.8798869882  4.32924004744  0.845174530154  0.401556856446  0.404428857348  2.55348915566  2.88141269031  10.1315578449  10.6346312689  11.0157774967  0.0618806622476  0.0494486472785  4.20674842622  4.24410463311  4.28703535878  0.187036240299  0.0964647793957  0.0460861778803  0.0442784956046  0.0330008038792  0.290665981991  0.311263077522  42.0963311762  42.1089908552  0.0266748782497  0.0107953717892  0.0447746718047  -9999.0  -9999.0  -9999.0  -9999.0  -9999.0  -9999.0  -9999.0  -9999.0  -9999.0  -9999.0  -9999.0  -9999.0  -9999.0  -9999.0  -9999.0  -9999.0
-9999.0  -9999.0  -9999.0  -9999.0  -9999.0  -9999.0  -9999.0  -9999.0  -9999.0  -9999.0  -9999.0  -9999.0  -9999.0  -9999.0  -9999.0  -9999.0  -9999.0  -9999.0  -9999.0  -9999.0  -9999.0  -9999.0  -9999.0  -9999.0  -9999.0  -9999.0  -9999.0  1.16984972745  3.74931568303  2.03532969968  0.51702532104  1.99361790152  0.475312173002  1.5169355617  1.97010579456  10.7064212969  11.8577055351  3.4891386573  3.9097045168  0.431767815124  1.79285372525  2.18764065201  6.16815272844  9.55866035117  9.91765369497  0.354938135908  0.246005101874  3.45967845274  3.9160078458  4.16948482186  0.0515953232048  0.0974269173077  0.146440306964  0.0480267510298  0.120249668496  0.193128996135  0.225067565199  0.268002628721  0.0333582783412  41.7196896445  0.0602842998769  0.0171638648719  -9999.0  -9999.0  -9999.0  -9999.0  -9999.0  -9999.0  -9999.0  -9999.0  -9999.0  -9999.0  -9999.0  -9999.0  -9999.0  -9999.0  -9999.0  -9999.0  -9999.0  -9999.0
-9999.0  -9999.0  -9999.0  -9999.0  -9999.0  -9999.0  -9999.0  -9999.0  -9999.0  -9999.0  -9999.0  -9999.0  -9999.0  -9999.0  -9999.0  -9999.0  -9999.0  -9999.0  -9999.0  -9999.0  -9999.0  -9999.0  -9999.0  -9999.0  -9999.0  -9999.0  -9999.0  0.602703483753  0.569574318393  0.912304187271  0.510139183659  1.00271368491  1.0285892484  6.09508567564  6.81110752809  1.25034850967  0.485158763349  3.04673731594  0.943117081675  1.40223047666  4.96907210938  5.3893723936  5.80268222196  3.03241768778  1.1966082046  1.96636422251  2.65617657428  3.34957641672  0.330167682933  0.110676858119  22.6835994301  22.7773642073  22.8376005134  0.0441560130658  0.0823068907829  0.0431197799021  0.0429095026309  40.1987903295  40.9212338747  0.608220845038  0.400216310969  0.0373580027065  -9999.0  -9999.0  -9999.0  -9999.0  -9999.0  -9999.0  -9999.0  -9999.0  -9999.0  -9999.0  -9999.0  -9999.0  -9999.0  -9999.0  -9999.0  -9999.0  -9999.0  -9999.0
-9999.0  -9999.0  -9999.0  -9999.0  -9999.0  -9999.0  -9999.0  -9999.0  -9999.0  -9999.0  -9999.0  -9999.0  -9999.0  -9999.0  -9999.0  -9999.0  -9999.0  -9999.0  -9999.0  -9999.0  -9999.0  -9999.0  -9999.0  -9999.0  -9999.0  -9999.0  -9999.0  -9999.0  -9999.0  0.335347281487  0.489995645504  0.529690289466  2.18165205937  5.59107177522  2.89124432142  0.510190200881  2.07212017556  2.57039200195  0.471912318155  4.11542244109  4.54658005871  1.36371592302  2.20368784256  0.421130966279  0.801907561294  0.404432308241  0.354426079422  0.335821380273  22.1425185187  22.3877767314  22.6173681223  1.10413366537  24.185131591  24.4233302003  24.6063113337  24.7984842731  25.0530304949  40.1302288611  40.4047723925  0.377126194556  0.346799667768  0.0927141922764  -9999.0  -9999.0  -9999.0  -9999.0  -9999.0  -9999.0  -9999.0  -9999.0  -9999.0  -9999.0  -9999.0  -9999.0  -9999.0  -9999.0  -9999.0  -9999.0  -9999.0  -9999.0
-9999.0  -9999.0  -9999.0  -9999.0  -9999.0  -9999.0  -9999.0  -9999.0  -9999.0  -9999.0  -9999.0  -9999.0  -9999.0  -9999.0  -9999.0  -9999.0  -9999.0  -9999.0  -9999.0  -9999.0  -9999.0  -9999.0  -9999.0  -9999.0  -9999.0  -9999.0  -9999.0  -9999.0  -9999.0  -9999.0  -9999.0  0.54466440201  1.14046658658  1.13029001568  1.10706439936  1.07682728662  1.59813017092  2.67868025516  3.15567633467  3.66308346325  0.460613532114  0.929572757929  0.430474534222  0.408721238638  12.6372800162  15.7040937968  16.4542070641  16.8333011781  21.8478659098  0.318363936586  0.597511809276  0.905867275317  4.81495571744  5.05064101004  5.25907130621  11.6751947991  13.8752518303  14.8670731228  0.249665665726  0.192234470598  0.210160741836  0.0527976009638  -9999.0  -9999.0  -9999.0  -9999.0  -9999.0  -9999.0  -9999.0  -9999.0  -9999.0  -9999.0  -9999.0  -9999.0  -9999.0  -9999.0  -9999.0  -9999.0  -9999.0  -9999.0
-9999.0  -9999.0  -9999.0  -9999.0  -9999.0  -9999.0  -9999.0  -9999.0  -9999.0  -9999.0  -9999.0  -9999.0  -9999.0  -9999.0  -9999.0  -9999.0  -9999.0  -9999.0  -9999.0  -9999.0  -9999.0  -9999.0  -9999.0  -9999.0  -9999.0  -9999.0  -9999.0  -9999.0  -9999.0  -9999.0  -9999.0  -9999.0  0.584608121696  0.578537370503  0.562335264786  0.541713175716  1.09959019908  2.16799593843  2.03257603644  2.49279396375  2.93055792876  6.73278506025  7.15322944966  11.8443907286  12.2683259862  2.69114042287  0.394732195409  4.33118162954  4.66652865033  1.86972147342  3.64454789951  4.28570472798  4.57037415337  0.264841019368  6.22068808221  12.1914920744  13.6935165276  0.240007395456  0.521323481653  0.0786809580606  0.159955951503  -9999.0  -9999.0  -9999.0  -9999.0  -9999.0  -9999.0  -9999.0  -9999.0  -9999.0  -9999.0  -9999.0  -9999.0  -9999.0  -9999.0  -9999.0  -9999.0  -9999.0  -9999.0  -9999.0
-9999.0  -9999.0  -9999.0  -9999.0  -9999.0  -9999.0  -9999.0  -9999.0  -9999.0  -9999.0  -9999.0  -9999.0  -9999.0  -9999.0  -9999.0  -9999.0  -9999.0  -9999.0  -9999.0  -9999.0  -9999.0  -9999.0  -9999.0  -9999.0  -9999.0  -9999.0  -9999.0  -9999.0  -9999.0  -9999.0  -9999.0  -9999.0  -9999.0  -9999.0  -9999.0  0.580605207088  0.550831454207  0.524127267527  1.53828620711  1.46571924119  2.88671087624  3.36796534251  0.436455606657  4.25358723824  1.81804604603  2.27498099653  2.67860111325  3.98102724912  1.16347104135  0.372799413506  1.49404567105  0.353220039123  3.35713985705  3.99856211553  5.7231842074  0.261055453838  0.788359780579  0.237417417972  0.2012489959  0.0568965093989  0.10890520677  -9999.0  -9999.0  -9999.0  -9999.0  -9999.0  -9999.0  -9999.0  -9999.0  -9999.0  -9999.0  -9999.0  -9999.0  -9999.0  -9999.0  -9999.0  -9999.0  -9999.0  -9999.0  -9999.0
-9999.0  -9999.0  -9999.0  -9999.0  -9999.0  -9999.0  -9999.0  -9999.0  -9999.0  -9999.0  -9999.0  -9999.0  -9999.0  -9999.0  -9999.0  -9999.0  -9999.0  -9999.0  -9999.0  -9999.0  -9999.0  -9999.0  -9999.0  -9999.0  -9999.0  -9999.0  -9999.0  -9999.0  -9999.0  -9999.0  -9999.0  -9999.0  -9999.0  -9999.0  -9999.0  -9999.0  -9999.0  0.521656264846  0.488178648632  0.983170309944  0.964201699948  2.46456509469  3.37153502708  0.921841325196  1.36297726948  1.3607864426  2.26360214991  0.891835913759  0.80641837785  0.799731435126  0.354779859977  1.98172619944  3.04324353158  0.333256344866  1.41840862287  0.431350111761  0.116007192391  0.0620843500134  0.0595424894231  0.0633237291672  -9999.0  -9999.0  -9999.0  -9999.0  -9999.0  -9999.0  -9999.0  -9999.0  -9999.0  -9999.0  -9999.0  -9999.0  -9999.0  -9999.0  -9999.0  -9999.0  -9999.0  -9999.0  -9999.0  -9999.0
-9999.0  -9999.0  -9999.0  -9999.0  -9999.0  -9999.0  -9999.0  -9999.0  -9999.0  -9999.0  -9999.0  -9999.0  -9999.0  -9999.0  -9999.0  -9999.0  -9999.0  -9999.0  -9999.0  -9999.0  -9999.0  -9999.0  -9999.0  -9999.0  -9999.0  -9999.0  -9999.0  -9999.0  -9999.0  -9999.0  -9999.0  -9999.0  -9999.0  -9999.0  -9999.0  -9999.0  -9999.0  -9999.0  -9999.0  0.498177125792  1.02647700927  2.00505429037  0.467995021718  0.467705903556  0.449252595178  0.918913552978  0.459724205277  0.460479023192  0.426040076197  0.422999816919  0.822583129152  1.63418066421  0.742621527837  0.768063757257  1.10853984021  0.20831928685  0.0564237083838  -9999.0  -9999.0  -9999.0  -9999.0  -9999.0  -9999.0  -9999.0  -9999.0  -9999.0  -9999.0  -9999.0  -9999.0  -9999.0  -9999.0  -9999.0  -9999.0  -9999.0  -9999.0  -9999.0  -9999.0  -9999.0  -9999.0  -9999.0
-9999.0  -9999.0  -9999.0  -9999.0  -9999.0  -9999.0  -9999.0  -9999.0  -9999.0  -9999.0  -9999.0  -9999.0  -9999.0  -9999.0  -9999.0  -9999.0  -9999.0  -9999.0  -9999.0  -9999.0  -9999.0  -9999.0  -9999.0  -9999.0  -9999.0  -9999.0  -9999.0  -9999.0  -9999.0  -9999.0  -9999.0  -9999.0  -9999.0  -9999.0  -9999.0  -9999.0  -9999.0  -9999.0  -9999.0  -9999.0  0.508312036239  0.484970925763  -9999.0  -9999.0  -9999.0  -9999.0  -9999.0  -9999.0  -9999.0  -9999.0  0.414770580365  0.403483599915  0.364176574868  0.38401699136  -9999.0  -9999.0  -9999.0  -9999.0  -9999.0  -9999.0  -9999.0  -9999.0  -9999.0  -9999.0  -9999.0  -9999.0  -9999.0  -9999.0  -9999.0  -9999.0  -9999.0  -9999.0  -9999.0  -9999.0  -9999.0  -9999.0  -9999.0  -9999.0  -9999.0  -9999.0
-9999.0  -9999.0  -9999.0  -9999.0  -9999.0  -9999.0  -9999.0  -9999.0  -9999.0  -9999.0  -9999.0  -9999.0  -9999.0  -9999.0  -9999.0  -9999.0  -9999.0  -9999.0  -9999.0  -9999.0  -9999.0  -9999.0  -9999.0  -9999.0  -9999.0  -9999.0  -9999.0  -9999.0  -9999.0  -9999.0  -9999.0  -9999.0  -9999.0  -9999.0  -9999.0  -9999.0  -9999.0  -9999.0  -9999.0  -9999.0  -9999.0  -9999.0  -9999.0  -9999.0  -9999.0  -9999.0  -9999.0  -9999.0  -9999.0  -9999.0  -9999.0  -9999.0  -9999.0  -9999.0  -9999.0  -9999.0  -9999.0  -9999.0  -9999.0  -9999.0  -9999.0  -9999.0  -9999.0  -9999.0  -9999.0  -9999.0  -9999.0  -9999.0  -9999.0  -9999.0  -9999.0  -9999.0  -9999.0  -9999.0  -9999.0  -9999.0  -9999.0  -9999.0  -9999.0  -9999.0
-9999.0  -9999.0  -9999.0  -9999.0  -9999.0  -9999.0  -9999.0  -9999.0  -9999.0  -9999.0  -9999.0  -9999.0  -9999.0  -9999.0  -9999.0  -9999.0  -9999.0  -9999.0  -9999.0  -9999.0  -9999.0  -9999.0  -9999.0  -9999.0  -9999.0  -9999.0  -9999.0  -9999.0  -9999.0  -9999.0  -9999.0  -9999.0  -9999.0  -9999.0  -9999.0  -9999.0  -9999.0  -9999.0  -9999.0  -9999.0  -9999.0  -9999.0  -9999.0  -9999.0  -9999.0  -9999.0  -9999.0  -9999.0  -9999.0  -9999.0  -9999.0  -9999.0  -9999.0  -9999.0  -9999.0  -9999.0  -9999.0  -9999.0  -9999.0  -9999.0  -9999.0  -9999.0  -9999.0  -9999.0  -9999.0  -9999.0  -9999.0  -9999.0  -9999.0  -9999.0  -9999.0  -9999.0  -9999.0  -9999.0  -9999.0  -9999.0  -9999.0  -9999.0  -9999.0  -9999.0
-9999.0  -9999.0  -9999.0  -9999.0  -9999.0  -9999.0  -9999.0  -9999.0  -9999.0  -9999.0  -9999.0  -9999.0  -9999.0  -9999.0  -9999.0  -9999.0  -9999.0  -9999.0  -9999.0  -9999.0  -9999.0  -9999.0  -9999.0  -9999.0  -9999.0  -9999.0  -9999.0  -9999.0  -9999.0  -9999.0  -9999.0  -9999.0  -9999.0  -9999.0  -9999.0  -9999.0  -9999.0  -9999.0  -9999.0  -9999.0  -9999.0  -9999.0  -9999.0  -9999.0  -9999.0  -9999.0  -9999.0  -9999.0  -9999.0  -9999.0  -9999.0  -9999.0  -9999.0  -9999.0  -9999.0  -9999.0  -9999.0  -9999.0  -9999.0  -9999.0  -9999.0  -9999.0  -9999.0  -9999.0  -9999.0  -9999.0  -9999.0  -9999.0  -9999.0  -9999.0  -9999.0  -9999.0  -9999.0  -9999.0  -9999.0  -9999.0  -9999.0  -9999.0  -9999.0  -9999.0
-9999.0  -9999.0  -9999.0  -9999.0  -9999.0  -9999.0  -9999.0  -9999.0  -9999.0  -9999.0  -9999.0  -9999.0  -9999.0  -9999.0  -9999.0  -9999.0  -9999.0  -9999.0  -9999.0  -9999.0  -9999.0  -9999.0  -9999.0  -9999.0  -9999.0  -9999.0  -9999.0  -9999.0  -9999.0  -9999.0  -9999.0  -9999.0  -9999.0  -9999.0  -9999.0  -9999.0  -9999.0  -9999.0  -9999.0  -9999.0  -9999.0  -9999.0  -9999.0  -9999.0  -9999.0  -9999.0  -9999.0  -9999.0  -9999.0  -9999.0  -9999.0  -9999.0  -9999.0  -9999.0  -9999.0  -9999.0  -9999.0  -9999.0  -9999.0  -9999.0  -9999.0  -9999.0  -9999.0  -9999.0  -9999.0  -9999.0  -9999.0  -9999.0  -9999.0  -9999.0  -9999.0  -9999.0  -9999.0  -9999.0  -9999.0  -9999.0  -9999.0  -9999.0  -9999.0  -9999.0
-9999.0  -9999.0  -9999.0  -9999.0  -9999.0  -9999.0  -9999.0  -9999.0  -9999.0  -9999.0  -9999.0  -9999.0  -9999.0  -9999.0  -9999.0  -9999.0  -9999.0  -9999.0  -9999.0  -9999.0  -9999.0  -9999.0  -9999.0  -9999.0  -9999.0  -9999.0  -9999.0  -9999.0  -9999.0  -9999.0  -9999.0  -9999.0  -9999.0  -9999.0  -9999.0  -9999.0  -9999.0  -9999.0  -9999.0  -9999.0  -9999.0  -9999.0  -9999.0  -9999.0  -9999.0  -9999.0  -9999.0  -9999.0  -9999.0  -9999.0  -9999.0  -9999.0  -9999.0  -9999.0  -9999.0  -9999.0  -9999.0  -9999.0  -9999.0  -9999.0  -9999.0  -9999.0  -9999.0  -9999.0  -9999.0  -9999.0  -9999.0  -9999.0  -9999.0  -9999.0  -9999.0  -9999.0  -9999.0  -9999.0  -9999.0  -9999.0  -9999.0  -9999.0  -9999.0  -9999.0
-9999.0  -9999.0  -9999.0  -9999.0  -9999.0  -9999.0  -9999.0  -9999.0  -9999.0  -9999.0  -9999.0  -9999.0  -9999.0  -9999.0  -9999.0  -9999.0  -9999.0  -9999.0  -9999.0  -9999.0  -9999.0  -9999.0  -9999.0  -9999.0  -9999.0  -9999.0  -9999.0  -9999.0  -9999.0  -9999.0  -9999.0  -9999.0  -9999.0  -9999.0  -9999.0  -9999.0  -9999.0  -9999.0  -9999.0  -9999.0  -9999.0  -9999.0  -9999.0  -9999.0  -9999.0  -9999.0  -9999.0  -9999.0  -9999.0  -9999.0  -9999.0  -9999.0  -9999.0  -9999.0  -9999.0  -9999.0  -9999.0  -9999.0  -9999.0  -9999.0  -9999.0  -9999.0  -9999.0  -9999.0  -9999.0  -9999.0  -9999.0  -9999.0  -9999.0  -9999.0  -9999.0  -9999.0  -9999.0  -9999.0  -9999.0  -9999.0  -9999.0  -9999.0  -9999.0  -9999.0
