ncols                  80
nrows                 72
xllcorner      4374000.0
yllcorner      5656000.0
cellsize            500
NODATA_value       -9999
-9999.0  -9999.0  -9999.0  -9999.0  -9999.0  -9999.0  -9999.0  -9999.0  -9999.0  -9999.0  -9999.0  -9999.0  0.743279704046  0.664520955392  -9999.0  -9999.0  -9999.0  -9999.0  -9999.0  -9999.0  -9999.0  -9999.0  -9999.0  -9999.0  -9999.0  -9999.0  -9999.0  -9999.0  -9999.0  -9999.0  -9999.0  -9999.0  -9999.0  -9999.0  -9999.0  -9999.0  -9999.0  -9999.0  -9999.0  -9999.0  -9999.0  -9999.0  -9999.0  -9999.0  -9999.0  -9999.0  -9999.0  -9999.0  -9999.0  -9999.0  -9999.0  -9999.0  -9999.0  -9999.0  -9999.0  -9999.0  -9999.0  -9999.0  -9999.0  -9999.0  -9999.0  -9999.0  -9999.0  -9999.0  -9999.0  -9999.0  -9999.0  -9999.0  -9999.0  -9999.0  -9999.0  -9999.0  -9999.0  -9999.0  -9999.0  -9999.0  -9999.0  -9999.0  -9999.0  -9999.0
-9999.0  -9999.0  -9999.0  -9999.0  -9999.0  -9999.0  -9999.0  -9999.0  -9999.0  -9999.0  -9999.0  -9999.0  1.56830137522  3.53492607162  0.58095089124  -9999.0  0.498060559381  -9999.0  -9999.0  -9999.0  -9999.0  -9999.0  -9999.0  -9999.0  -9999.0  -9999.0  -9999.0  -9999.0  -9999.0  -9999.0  -9999.0  -9999.0  -9999.0  -9999.0  -9999.0  -9999.0  -9999.0  -9999.0  -9999.0  -9999.0  -9999.0  -9999.0  -9999.0  -9999.0  -9999.0  -9999.0  -9999.0  -9999.0  -9999.0  -9999.0  -9999.0  -9999.0  -9999.0  -9999.0  -9999.0  -9999.0  -9999.0  -9999.0  -9999.0  -9999.0  -9999.0  -9999.0  -9999.0  -9999.0  -9999.0  -9999.0  -9999.0  -9999.0  -9999.0  -9999.0  -9999.0  -9999.0  -9999.0  -9999.0  -9999.0  -9999.0  -9999.0  -9999.0  -9999.0  -9999.0
-9999.0  -9999.0  -9999.0  -9999.0  -9999.0  -9999.0  -9999.0  -9999.0  -9999.0  -9999.0  0.720141846815  0.706878296152  0.759734991772  0.758794073208  4.93476737576  5.52965734862  1.3877360759  0.447380584079  -9999.0  -9999.0  -9999.0  -9999.0  -9999.0  -9999.0  -9999.0  -9999.0  -9999.0  -9999.0  -9999.0  -9999.0  -9999.0  -9999.0  -9999.0  -9999.0  -9999.0  -9999.0  -9999.0  -9999.0  -9999.0  -9999.0  -9999.0  -9999.0  -9999.0  -9999.0  -9999.0  -9999.0  -9999.0  -9999.0  -9999.0  -9999.0  -9999.0  -9999.0  -9999.0  -9999.0  -9999.0  -9999.0  -9999.0  -9999.0  -9999.0  -9999.0  -9999.0  -9999.0  -9999.0  -9999.0  -9999.0  -9999.0  -9999.0  -9999.0  -9999.0  -9999.0  -9999.0  -9999.0  -9999.0  -9999.0  -9999.0  -9999.0  -9999.0  -9999.0  -9999.0  -9999.0
-9999.0  -9999.0  -9999.0  -9999.0  -9999.0  -9999.0  -9999.0  -9999.0  -9999.0  0.692083262508  1.41778795153  2.82729537944  1.44731399477  0.697363811551  1.35762334646  6.17037297182  8.58245039841  0.491093069771  -9999.0  0.709641729235  -9999.0  -9999.0  -9999.0  -9999.0  0.958738970772  0.494871060088  -9999.0  -9999.0  -9999.0  -9999.0  -9999.0  -9999.0  -9999.0  -9999.0  -9999.0  -9999.0  -9999.0  -9999.0  -9999.0  -9999.0  -9999.0  -9999.0  -9999.0  -9999.0  -9999.0  -9999.0  -9999.0  -9999.0  -9999.0  -9999.0  -9999.0  -9999.0  -9999.0  -9999.0  -9999.0  -9999.0  -9999.0  -9999.0  -9999.0  -9999.0  -9999.0  -9999.0  -9999.0  -9999.0  -9999.0  -9999.0  -9999.0  -9999.0  -9999.0  -9999.0  -9999.0  -9999.0  -9999.0  -9999.0  -9999.0  -9999.0  -9999.0  -9999.0  -9999.0  -9999.0
-9999.0  -9999.0  -9999.0  -9999.0  -9999.0  -9999.0  -9999.0  -9999.0  0.845890126103  2.29968809862  2.97283128866  3.64283053171  4.92708628534  0.619734384438  2.57063123953  3.17023389377  12.8953106799  0.592084429557  0.561780393081  1.30490050686  1.88143169379  0.61131803221  -9999.0  2.4674395282  2.02995834362  0.552878413816  -9999.0  -9999.0  -9999.0  -9999.0  -9999.0  -9999.0  -9999.0  -9999.0  -9999.0  -9999.0  -9999.0  -9999.0  -9999.0  -9999.0  -9999.0  -9999.0  -9999.0  -9999.0  -9999.0  -9999.0  -9999.0  -9999.0  -9999.0  -9999.0  -9999.0  -9999.0  -9999.0  -9999.0  -9999.0  -9999.0  -9999.0  -9999.0  -9999.0  -9999.0  -9999.0  -9999.0  -9999.0  -9999.0  -9999.0  -9999.0  -9999.0  -9999.0  -9999.0  -9999.0  -9999.0  -9999.0  -9999.0  -9999.0  -9999.0  -9999.0  -9999.0  -9999.0  -9999.0  -9999.0
-9999.0  -9999.0  -9999.0  -9999.0  -9999.0  -9999.0  0.781194629245  0.695801565312  0.68534736751  0.706640363799  0.738668175117  5.13420927419  10.7570651828  11.4315453376  11.9637804933  0.508601450215  13.9988578461  14.5733832277  1.14454146115  0.590050779916  2.44409882023  4.23971961921  0.599933685378  4.2937291745  0.620172612337  0.623729067104  0.628964868314  -9999.0  -9999.0  -9999.0  -9999.0  -9999.0  -9999.0  -9999.0  -9999.0  -9999.0  -9999.0  -9999.0  -9999.0  -9999.0  -9999.0  -9999.0  -9999.0  -9999.0  -9999.0  -9999.0  -9999.0  -9999.0  -9999.0  -9999.0  -9999.0  -9999.0  -9999.0  -9999.0  -9999.0  -9999.0  -9999.0  -9999.0  -9999.0  -9999.0  -9999.0  -9999.0  -9999.0  -9999.0  -9999.0  -9999.0  -9999.0  -9999.0  -9999.0  -9999.0  -9999.0  -9999.0  -9999.0  -9999.0  -9999.0  -9999.0  -9999.0  -9999.0  -9999.0  -9999.0
-9999.0  -9999.0  -9999.0  -9999.0  -9999.0  -9999.0  1.56414301894  2.29326467137  5.17074908449  7.19262075987  0.612146989899  0.630986848117  0.614036188844  1.81273741799  14.3322041338  0.482464509015  15.1056229104  17.2928213966  1.71045407601  1.10800264191  4.76727254322  0.587809838985  4.85258178183  1.12928997563  0.566286376214  1.17011466523  1.25227989396  0.630053185131  0.619792123426  0.594713954278  0.654056521146  1.30506814297  -9999.0  -9999.0  -9999.0  -9999.0  -9999.0  -9999.0  -9999.0  -9999.0  -9999.0  -9999.0  -9999.0  -9999.0  -9999.0  -9999.0  -9999.0  -9999.0  -9999.0  -9999.0  -9999.0  -9999.0  -9999.0  -9999.0  -9999.0  -9999.0  -9999.0  -9999.0  -9999.0  -9999.0  -9999.0  -9999.0  -9999.0  -9999.0  -9999.0  -9999.0  -9999.0  -9999.0  -9999.0  -9999.0  -9999.0  -9999.0  -9999.0  -9999.0  -9999.0  -9999.0  -9999.0  -9999.0  -9999.0  -9999.0
-9999.0  -9999.0  -9999.0  -9999.0  -9999.0  0.875073707314  1.67532287094  0.792486377106  1.54091144899  7.97248471411  9.32818689647  10.6480823582  34.5423411637  0.607746221373  14.9385524239  54.4268279238  54.8568236808  72.9675473141  0.512342612908  1.61856703113  5.29783130562  0.522994166642  11.2198056111  5.82796924062  3.58534687496  3.0132427161  0.608409281063  1.84241771968  1.78805920133  1.18728793241  0.568114975038  1.89559268395  0.555283604439  0.54142566331  -9999.0  -9999.0  -9999.0  -9999.0  -9999.0  -9999.0  -9999.0  -9999.0  -9999.0  -9999.0  -9999.0  -9999.0  -9999.0  -9999.0  -9999.0  -9999.0  -9999.0  -9999.0  -9999.0  -9999.0  -9999.0  -9999.0  -9999.0  -9999.0  -9999.0  -9999.0  -9999.0  -9999.0  -9999.0  -9999.0  -9999.0  -9999.0  -9999.0  -9999.0  -9999.0  -9999.0  -9999.0  -9999.0  -9999.0  -9999.0  -9999.0  -9999.0  -9999.0  -9999.0  -9999.0  -9999.0
-9999.0  -9999.0  -9999.0  -9999.0  -9999.0  0.865694904117  2.49685835352  4.9865106471  5.73673013095  11.3627213161  12.0634610654  14.302655977  23.3007641078  36.4903402501  37.8137978148  38.4489486038  1.09473832941  74.9578499699  75.9496226339  78.6753480599  97.3581779234  12.8559244035  11.7962251777  4.14829176548  0.539183891557  3.50450721576  2.39183202243  0.521496400785  2.3214550002  0.508778499889  1.07017966308  2.96083533782  3.49887224856  1.06596053168  0.526045672691  0.50469320166  -9999.0  -9999.0  -9999.0  -9999.0  0.451843116599  0.398276553447  -9999.0  -9999.0  -9999.0  -9999.0  -9999.0  -9999.0  -9999.0  -9999.0  -9999.0  -9999.0  -9999.0  -9999.0  -9999.0  -9999.0  -9999.0  -9999.0  -9999.0  -9999.0  -9999.0  -9999.0  -9999.0  -9999.0  -9999.0  -9999.0  -9999.0  -9999.0  -9999.0  -9999.0  -9999.0  -9999.0  -9999.0  -9999.0  -9999.0  -9999.0  -9999.0  -9999.0  -9999.0  -9999.0
-9999.0  -9999.0  -9999.0  -9999.0  -9999.0  0.821784126024  0.778478684428  3.32581440264  4.10023416343  4.90927891871  0.767156416166  1.51010845946  8.4918374662  1.56984688559  0.733465531352  0.651811313085  0.588187429885  0.67434245642  0.614759367691  0.646716075652  97.9340692364  99.5192617402  0.511071700202  1.57038267078  1.07118746836  4.02373524631  1.05443314898  0.503331013497  2.87587630809  0.993292564318  2.40873934896  6.07314367757  5.62006279743  1.59024875291  1.54494667451  0.528301004069  0.519853471166  -9999.0  -9999.0  0.515121024014  0.985072003959  2.21719329568  0.41988614588  -9999.0  -9999.0  -9999.0  -9999.0  -9999.0  -9999.0  -9999.0  -9999.0  -9999.0  -9999.0  -9999.0  -9999.0  -9999.0  -9999.0  -9999.0  -9999.0  -9999.0  -9999.0  -9999.0  -9999.0  -9999.0  -9999.0  -9999.0  -9999.0  -9999.0  -9999.0  -9999.0  -9999.0  -9999.0  -9999.0  -9999.0  -9999.0  -9999.0  -9999.0  -9999.0  -9999.0  -9999.0
-9999.0  -9999.0  -9999.0  -9999.0  -9999.0  -9999.0  0.86560107066  0.897867629711  1.64266135636  2.42093943556  5.48546700867  7.00784367866  7.80368338532  0.827087276028  0.619102938926  8.4258672929  10.3621477055  10.950067438  13.4249335279  13.973085485  0.549602533738  100.081390769  102.651567239  2.03129464855  0.312623702197  4.46004035896  9.84028611486  3.86745952655  0.952759574891  0.473361076001  9.42866587333  6.5680693694  0.476983071286  0.472108777491  2.02934278269  1.54550260308  0.496258981702  0.478319729594  0.506634910046  1.007950252  0.48373418317  2.69171974238  3.1611939932  0.435078260712  -9999.0  -9999.0  -9999.0  -9999.0  0.496636938322  0.460945228794  0.135672335188  -9999.0  -9999.0  -9999.0  -9999.0  -9999.0  -9999.0  -9999.0  -9999.0  -9999.0  -9999.0  -9999.0  -9999.0  -9999.0  -9999.0  -9999.0  -9999.0  -9999.0  -9999.0  -9999.0  -9999.0  -9999.0  -9999.0  -9999.0  -9999.0  -9999.0  -9999.0  -9999.0  -9999.0  -9999.0
-9999.0  -9999.0  -9999.0  -9999.0  -9999.0  -9999.0  -9999.0  0.841223267887  0.714427187182  1.53570273318  2.34937712122  0.765113988006  0.702042200693  4.40457061126  5.78940449865  7.21818929288  0.685245272071  1.27563882315  0.652665474802  14.555627281  32.0949312465  32.5613316626  136.261649034  0.512969215942  0.911466030368  0.276136955064  10.3098577484  0.483859194931  1.43575435181  0.466604264338  9.90287272233  10.3783499149  0.958246493811  0.936489055038  5.0772628059  2.54445670488  0.983436236447  0.506105130882  1.00753579022  1.50103831496  2.44593339392  0.453615495489  3.98526092664  4.34737992231  0.313620701067  0.344871859819  0.359945554231  0.31224664655  0.288961184804  1.3111868887  0.499493856734  0.30947240241  -9999.0  -9999.0  -9999.0  -9999.0  -9999.0  -9999.0  -9999.0  -9999.0  -9999.0  -9999.0  -9999.0  -9999.0  -9999.0  -9999.0  -9999.0  -9999.0  -9999.0  -9999.0  -9999.0  -9999.0  -9999.0  -9999.0  -9999.0  -9999.0  -9999.0  -9999.0  -9999.0  -9999.0
-9999.0  -9999.0  -9999.0  -9999.0  -9999.0  -9999.0  -9999.0  -9999.0  1.52205427243  2.16049075708  0.744516824491  1.53548441644  2.27651882352  3.76438541403  0.748717985124  0.70726344382  0.599373994725  0.605168450496  0.543443992838  16.3570886143  0.655545031116  1.26164571232  138.0175673  139.084411737  0.407703581644  1.73822592267  12.4793557259  0.939251734875  1.8561527144  0.861522742172  1.2736900555  12.186049701  1.38537186507  7.31726296362  5.96552813517  0.445473949201  2.43188565773  0.9840509326  1.46707720735  0.453112442086  2.89643108344  3.73973562238  4.0475331099  4.33267479504  5.52222620977  0.595838350619  0.629873638552  0.553797091988  0.506067044027  1.59486245798  0.313294847133  1.13172217361  1.40926794141  -9999.0  -9999.0  -9999.0  -9999.0  -9999.0  -9999.0  -9999.0  -9999.0  -9999.0  -9999.0  -9999.0  -9999.0  -9999.0  -9999.0  -9999.0  -9999.0  -9999.0  -9999.0  -9999.0  -9999.0  -9999.0  -9999.0  -9999.0  -9999.0  -9999.0  -9999.0  -9999.0
-9999.0  -9999.0  -9999.0  -9999.0  -9999.0  -9999.0  -9999.0  -9999.0  0.811165528294  3.76692350008  4.48288062344  0.714313974088  1.40838471733  0.691243522881  0.634361489286  0.622827821254  8.00630809144  10.7403007255  13.2623110463  15.8569888514  0.647708753221  0.626420564073  0.604930041409  141.681267028  142.800507019  143.206991369  16.6573558065  3.72017610429  3.23737008349  0.403918085466  1.66450495842  14.260256611  0.400945663094  7.72724249538  0.445140086877  3.14770637825  2.91623698916  0.467877126951  1.92602719678  0.907189180735  1.35289022091  0.378550007535  0.277750911605  4.61266135502  4.8608054432  5.76945461294  0.89690098188  0.802603499283  0.744209352221  1.93520089823  2.57340388884  0.318590868578  1.71143724731  0.335035836153  0.622457724514  0.299180816437  -9999.0  -9999.0  -9999.0  -9999.0  -9999.0  -9999.0  -9999.0  -9999.0  -9999.0  -9999.0  -9999.0  -9999.0  -9999.0  -9999.0  -9999.0  -9999.0  -9999.0  -9999.0  -9999.0  -9999.0  -9999.0  -9999.0  -9999.0  -9999.0
-9999.0  -9999.0  -9999.0  -9999.0  -9999.0  -9999.0  -9999.0  -9999.0  -9999.0  0.857400562879  5.26483012809  5.96073237694  2.10355559249  3.50063903052  4.80411480452  5.48004369309  0.7163839285  2.11898157922  1.41766190287  0.748350734849  0.702711693526  0.609824298201  1.20990956831  2.04887577624  0.655873351061  160.983582041  161.396833778  0.361451518997  0.31892881912  0.806656685633  1.20068845555  15.4424869429  0.788128155955  8.08270924434  4.78699358687  3.95748646729  0.442461906015  0.895362555531  2.33944720659  0.413558349387  1.75415933258  0.776511890691  0.463889435464  0.205428614498  5.51853202737  11.4847471464  1.07071987345  0.982704687184  0.99603115446  0.263943007386  2.83394528103  0.251543955315  2.28657255892  0.289128697732  0.913886657754  1.38908595758  0.134360430176  0.139111229373  0.180618139092  0.198125208889  0.118311898092  -9999.0  -9999.0  0.0729268372831  0.0418579538335  -9999.0  -9999.0  -9999.0  -9999.0  -9999.0  -9999.0  -9999.0  -9999.0  -9999.0  -9999.0  -9999.0  -9999.0  -9999.0  -9999.0  -9999.0
-9999.0  -9999.0  -9999.0  -9999.0  -9999.0  -9999.0  -9999.0  -9999.0  -9999.0  -9999.0  0.722254695675  7.41185563135  0.686558405317  1.38126680666  2.01792264462  3.27770015849  0.651887644127  1.37831233684  0.673936603358  0.620867974545  0.583576500662  1.15601646801  0.517577908907  0.551582663781  1.02372711459  0.584828609233  161.882885102  162.644490059  163.765411295  1.55283740255  0.397667614126  0.793194547386  15.8581757414  14.8259968403  5.64129152436  0.419047388121  1.75791942377  1.32282673832  2.75415528993  0.824953019889  3.34882723546  1.18009189648  0.768179066885  0.137449409386  0.226628282674  11.7789910508  12.0237632335  14.2784067375  1.83741927978  0.552698050986  3.12168936985  3.65412508738  6.18306198118  0.566688095166  0.260785171147  1.55589483344  1.82202086059  0.131997918537  0.252403572339  0.492455938126  0.232378473439  0.114475068676  0.11077522617  0.142486231431  0.0849132575239  0.0398079292669  -9999.0  -9999.0  -9999.0  -9999.0  -9999.0  -9999.0  -9999.0  -9999.0  -9999.0  -9999.0  -9999.0  -9999.0  -9999.0  -9999.0
-9999.0  -9999.0  -9999.0  -9999.0  -9999.0  -9999.0  -9999.0  -9999.0  -9999.0  -9999.0  -9999.0  0.414331411298  8.27388241798  0.665713909064  1.29021778192  5.81889229592  0.649273622717  0.638573908144  0.553628192085  1.19613575012  0.583269263301  2.31816717033  3.35078836244  3.81959381027  1.44276159233  1.76941300785  0.374949047006  0.496894160124  0.446633682935  166.118255528  167.245073545  16.2086232063  15.5424752881  15.1889884387  0.727763122719  0.350179382722  2.1427604712  5.67380218659  3.14675468832  1.21073383603  4.94321621158  1.6335709504  1.27530443316  0.273155967421  0.108307329298  0.103580964001  0.130704781393  15.0258764944  17.6512470226  0.272427190277  0.237783723745  0.27414789752  6.45054763039  7.26532989429  0.468429640185  0.187909579308  1.91327117043  0.199085892002  0.52133671357  1.11333952664  1.4490688331  1.6684296116  0.43891954862  0.236900497322  0.150704835773  0.0857426669873  0.0869291709835  -9999.0  -9999.0  -9999.0  -9999.0  -9999.0  -9999.0  -9999.0  -9999.0  -9999.0  -9999.0  -9999.0  -9999.0  -9999.0
-9999.0  -9999.0  -9999.0  -9999.0  -9999.0  -9999.0  -9999.0  -9999.0  -9999.0  -9999.0  -9999.0  0.373464344156  9.16223090753  11.2736286354  0.631558713075  7.06760216195  0.591095840223  0.55722852265  1.11056334696  2.87845336  0.556409222172  0.594749768566  0.499805452867  4.81424138432  5.28525387097  7.55426996083  8.33823400744  8.7362084113  9.08038819879  9.4504673953  177.07849066  193.903223894  210.014324457  210.262616633  0.284690506805  0.347333718316  6.44847677544  6.06381789696  0.384809838619  0.378848199387  5.35846745491  7.38798793308  0.311298631814  3.54880856542  3.30273988734  0.66526295493  0.305253727797  0.536022117923  0.293025219859  18.09986129  0.226909737801  0.718314722285  0.883586760817  8.71424645726  9.30637773991  9.66394224741  11.676246668  0.0891318487616  0.0707960921329  0.0620271709931  0.060199530692  1.82857442604  2.36380296528  0.104983310085  0.361156189996  0.140653858013  0.154759991441  0.0339892713123  0.0270607683513  -9999.0  -9999.0  -9999.0  -9999.0  -9999.0  -9999.0  -9999.0  -9999.0  -9999.0  -9999.0  -9999.0
-9999.0  -9999.0  -9999.0  -9999.0  -9999.0  -9999.0  -9999.0  -9999.0  -9999.0  -9999.0  -9999.0  0.776280599928  1.49136448978  11.9625229452  13.1443370992  0.600335579012  8.21153194859  0.502836779435  1.55142493078  3.39446353871  1.07103977365  0.51133658164  1.06419268458  0.437723169392  0.841384541148  0.408760038328  0.362005698013  0.273226497177  0.237716081641  0.202958740322  0.1791548793  0.265825156499  0.356829430092  0.395655285365  211.175935355  7.3623821442  6.82647222797  0.179430324113  1.0786790084  0.265026741247  0.261796775152  7.73386153253  12.3839974109  3.96156117357  3.04962766225  0.424762689542  0.159817636048  0.13486553528  0.344568812153  18.678196708  19.0948960455  0.220195881271  0.225056821794  0.202845717101  0.1426313779  0.253724117168  12.0500175932  12.2302691545  12.3890354374  0.156125551769  0.0932031372227  0.0704030546477  2.44035461401  2.61192585266  0.419590109486  0.0759051469411  0.222393064525  0.0738111970579  0.0519558359055  -9999.0  -9999.0  -9999.0  -9999.0  -9999.0  -9999.0  -9999.0  -9999.0  -9999.0  -9999.0  -9999.0
-9999.0  -9999.0  -9999.0  -9999.0  -9999.0  -9999.0  -9999.0  -9999.0  -9999.0  -9999.0  -9999.0  -9999.0  0.628563981644  9.28911291802  23.0686739288  25.0479631606  33.8298427706  34.374711046  7.56815830486  5.5145249083  1.59305631683  0.501862496125  2.0517170213  2.52635550254  3.78757980492  0.841641953185  0.75739717634  0.67777045529  1.3038584697  0.583048437168  0.536137137566  0.280577664416  0.137836689761  0.149919166442  211.445716101  219.036395579  219.299663381  0.171352799897  2.71046022761  1.2660209469  0.380908492875  13.6483851896  0.918969559264  0.481021685243  2.01532905932  0.405426276222  0.267121906413  0.482200095319  0.663111059241  0.873006570263  19.4349493933  0.155677604595  0.131718645697  0.131084003738  0.101871660895  0.0913716310602  0.23803428156  0.272898399187  12.8095805843  13.4140952897  0.358344711803  0.170458519012  0.106644412206  0.0798289099194  3.22363387629  4.21214686731  0.823350533643  0.330151450397  0.166526136466  -9999.0  -9999.0  -9999.0  -9999.0  -9999.0  -9999.0  -9999.0  -9999.0  -9999.0  -9999.0  -9999.0
-9999.0  -9999.0  -9999.0  -9999.0  -9999.0  -9999.0  -9999.0  -9999.0  -9999.0  -9999.0  -9999.0  0.718172902376  7.10625549467  8.62319634432  1.37995319631  0.443962237212  0.95999273484  35.8951127371  36.4136787093  44.5021578335  0.456881341436  0.953095299292  0.414391431999  0.421484359424  4.19828926656  5.44923657868  6.56817346032  0.362486522453  1.66277432  2.59722400956  1.48562796998  0.619350228664  0.398561676699  0.306119813962  0.290622496798  0.139369409858  219.470753583  219.592079576  222.553843811  0.598720761237  0.327007840818  13.9307822029  0.944628197673  0.493555042484  0.558349503486  0.554685681453  0.461306082935  0.756494506691  2.10152228658  3.20529359227  22.8047704893  0.113480331545  0.34249498859  0.232194157646  0.19415503823  0.0974791749636  0.102811843835  0.0976785949159  0.0413189081099  13.4832430246  0.0336876924432  0.135560787688  0.0677040793484  0.0490968516244  0.0743746854491  4.30267430739  0.175058162807  0.0596581398791  0.066999088308  0.0286560610133  -9999.0  -9999.0  -9999.0  -9999.0  -9999.0  -9999.0  -9999.0  -9999.0  -9999.0  -9999.0
-9999.0  -9999.0  -9999.0  -9999.0  -9999.0  -9999.0  -9999.0  -9999.0  -9999.0  -9999.0  -9999.0  0.741112478241  5.05646337316  0.786561597413  0.656713757797  3.59923436778  4.18623357908  4.77326299625  5.28980234844  61.0202198399  61.4767994338  62.4012586637  69.3771051377  70.6119548632  71.2636659467  71.6914349593  78.9643067519  79.8345985723  80.202391434  83.2053442718  85.0935524389  85.4371175828  86.4212932303  0.62121843801  0.484046030947  0.0807690879711  0.0751511966915  219.746390485  223.474352538  0.807289229245  16.2394557334  15.9413124608  1.73385251742  0.405107577456  0.412493382237  0.391749518614  0.399746902701  0.802995026526  1.11542262961  0.285763302286  22.9605765877  23.1271412041  23.8420770952  23.9742680989  24.2914755497  24.5027155078  0.0873818087248  0.0977662603248  0.0723816964007  13.5548753469  13.6436286339  13.8394158749  14.0301342826  0.0802563839345  4.6547681807  4.51167726867  0.102412169304  1.80166746365  1.75467430558  0.0907167740279  0.0588116444074  -9999.0  -9999.0  -9999.0  -9999.0  -9999.0  -9999.0  -9999.0  -9999.0  -9999.0
-9999.0  -9999.0  -9999.0  -9999.0  -9999.0  -9999.0  -9999.0  -9999.0  -9999.0  -9999.0  -9999.0  2.65444283046  3.50182153736  1.59712820601  2.35550461785  0.745618767719  8.37392433502  9.00489909298  10.2465287464  10.7092053978  3.98825657285  67.1602183956  67.5839916858  0.371453099159  0.225604136  0.18784841518  0.438591976743  0.195748983485  0.134651129096  0.12186274443  0.153191756498  85.7080539969  86.7239043407  87.6970747023  88.4747113116  88.7806123021  0.114855873365  0.0339898853833  240.266551961  16.6849209849  16.5570259162  0.343799624596  0.315344706332  0.274230074289  0.68939705018  0.670040317878  0.302264544737  0.307696407501  0.278283358786  0.556224522099  0.714270795428  0.100611416613  0.181260927742  0.0789879834308  0.043085891017  24.5619568774  24.7305708733  24.9297308027  25.115232774  25.214858481  25.3295228073  25.3746596574  0.0442175424222  14.1735473844  0.0956793603571  6.68045928175  1.94577659901  0.153914660485  1.63533358558  1.43386401488  0.0715035776283  -9999.0  -9999.0  -9999.0  -9999.0  -9999.0  -9999.0  -9999.0  -9999.0  -9999.0
-9999.0  -9999.0  -9999.0  -9999.0  -9999.0  -9999.0  -9999.0  -9999.0  -9999.0  -9999.0  -9999.0  -9999.0  1.80407085594  0.829446284374  0.734272474217  7.10940811926  7.77517577087  0.661107931099  2.53442161381  3.10752176773  3.58406919272  0.538435393701  0.350648372356  9.99540452362  10.2644841456  10.5133414134  26.7180206233  26.8831898146  27.1348147583  28.6992000569  29.4233509965  29.5264852169  0.113184144506  0.123030984612  0.144189142952  88.9587996036  0.0693542539754  242.65619849  242.55423973  2.18617838638  2.01432981035  1.27661166686  0.316790794364  0.551149843283  0.972065307109  0.953963530826  0.57986791403  0.291295286593  0.563977164088  0.551656058182  0.950279946524  0.135204240535  0.306601508174  0.522288029835  0.612518229906  0.66400891362  0.0463052935747  0.0467822414343  0.0452554038812  0.0462317860737  0.058593978842  25.4556185992  25.5603086689  39.7754797757  39.8247376691  7.38172406408  0.601648846851  0.398569723772  0.111740682604  1.3092162062  1.25127141206  -9999.0  -9999.0  -9999.0  -9999.0  -9999.0  -9999.0  -9999.0  -9999.0  -9999.0
-9999.0  -9999.0  -9999.0  -9999.0  -9999.0  -9999.0  -9999.0  -9999.0  -9999.0  -9999.0  -9999.0  -9999.0  0.938602391746  2.56966639322  3.34663991388  5.65947254247  0.655506032713  1.33989899398  1.96431984831  7.71536799053  8.18296154222  8.48345626407  8.88330494434  9.34004056206  14.2067340608  15.4287646401  16.0204569985  0.21030460917  1.27596202356  1.46460386727  29.0678519899  29.6788997415  29.9842593529  30.301833954  30.543502353  119.593502259  0.0864306028312  243.034288648  0.190274410243  0.0865100389516  1.70274264873  1.51054708359  0.195216290482  0.79498393303  1.22182078469  1.19514399677  0.798608967079  1.30790394801  2.06948980447  0.772008261682  1.92822737161  0.15319859582  0.206122944896  0.0277484410395  0.0209921164847  0.737852868938  0.760515003281  0.0770565940386  0.0810639751624  0.126451394533  0.0435454604187  0.0472920972843  0.0434506212729  53.2220696871  53.1749829347  13.2225575467  0.176185279689  0.97312261509  0.764945813057  0.494172091481  1.21169455858  0.908378222254  -9999.0  -9999.0  -9999.0  -9999.0  -9999.0  -9999.0  -9999.0  -9999.0
-9999.0  -9999.0  -9999.0  -9999.0  -9999.0  -9999.0  -9999.0  -9999.0  -9999.0  -9999.0  -9999.0  -9999.0  0.877095755921  1.72671137946  0.773484753367  1.55811852711  0.655149822842  5.23805068839  6.4816725388  7.13012120737  0.570518390309  1.06782742727  11.121496126  13.5025977189  13.8568043874  0.843145458724  0.714956114108  0.986846428306  0.148394369233  0.124824445778  0.228960997521  0.114883525701  16.4952519431  16.6434320414  16.7133191312  119.784847104  243.986112815  243.109779909  0.116132588553  0.0650810086366  0.0584365553708  0.330147655616  0.282433978366  0.934620776555  1.421471756  2.86561273647  0.247411481129  0.244745664898  2.26713217229  2.47432709387  4.77122454431  4.86425868353  5.09868942447  5.14909990611  0.0417799061627  0.0658915612261  0.791276696059  55.1014542752  54.2087785038  54.0595456749  53.8197444669  0.041055692731  53.5279482193  0.0908812025155  0.0733105327681  5.61135516151  1.53967887783  1.47230734944  0.276534717974  0.311206646472  0.221289648212  0.843064276166  -9999.0  -9999.0  -9999.0  -9999.0  -9999.0  -9999.0  -9999.0  -9999.0
-9999.0  -9999.0  -9999.0  -9999.0  -9999.0  -9999.0  -9999.0  -9999.0  -9999.0  -9999.0  -9999.0  -9999.0  -9999.0  0.783563727735  1.59390475324  2.42360052269  3.83797072242  0.749877461832  0.650250366406  4.77631192628  5.34462016527  10.2049070369  10.7814165616  1.57775864143  0.490799411506  0.406419170948  0.330851563015  15.6837353668  15.870508728  16.0265822262  16.1399384935  16.3667349937  1.82727469379  1.92867543553  18.7198209513  382.607077529  0.607983772109  0.419828733124  0.197389908372  0.0596374901371  0.0466821413251  0.435668840809  0.464737044614  1.02278392149  0.0469843496332  2.94044677274  0.38209663578  0.370368430637  0.0487403055064  0.0267664804946  0.0219762252452  0.0282730125638  0.0235223351321  5.17515284214  63.7324906279  58.4374713374  58.276825261  55.1430923058  0.0342576581802  0.0424614174349  0.0521764083946  53.590352996  0.12330629093  0.0540088328399  0.0627841166224  0.0616073778138  3.94296813036  3.8208206722  0.499842989424  0.259276418526  0.336927395732  0.336976324317  -9999.0  -9999.0  -9999.0  -9999.0  -9999.0  -9999.0  -9999.0  -9999.0
-9999.0  -9999.0  -9999.0  -9999.0  -9999.0  -9999.0  -9999.0  -9999.0  -9999.0  -9999.0  -9999.0  -9999.0  -9999.0  -9999.0  0.781376622366  1.52445623878  2.17764969368  2.82618618202  3.48070329819  4.16314649835  1.91424979639  3.19171972825  0.559939252473  0.52993367131  13.5503171293  14.5297282008  14.9610299202  15.4090311743  0.269138896928  0.455632506197  1.2912407921  1.47355236693  1.6519793968  0.14319483593  0.0807108154056  383.025804901  0.174834465121  0.157526508846  0.0785461712935  0.258957368739  0.117264290916  0.0592793619103  1.54145960991  1.59154739139  0.0318743293881  2.97893448516  3.38268994954  0.395496907699  65.1648451734  65.0933057661  65.03778432  64.9128318377  64.8560940288  63.9778089244  63.9317065395  0.131242844305  3.10339612503  2.95738886764  2.81941740219  2.78702346679  1.66173825364  1.62994255221  1.55325398881  0.40165691426  0.365448743181  0.244722067984  0.0679948014117  3.65640386658  3.25624926254  0.231020240473  0.417691516171  0.17944691975  -9999.0  -9999.0  -9999.0  -9999.0  -9999.0  -9999.0  -9999.0  -9999.0
-9999.0  -9999.0  -9999.0  -9999.0  -9999.0  -9999.0  -9999.0  -9999.0  -9999.0  -9999.0  -9999.0  -9999.0  -9999.0  -9999.0  0.185271653707  0.40786089713  0.661306879648  6.21763034975  6.88371614695  0.685754310131  0.639861995131  0.634557573572  11.3970673084  12.5689929096  0.541788223052  0.549910979302  0.388032135626  1.64429422505  2.03859376191  0.849540148281  1.07604071629  10.1118554184  10.3690074903  10.8342045766  16.3353162306  399.501137164  0.181104720423  0.0557118206995  0.406461571431  0.336602789732  0.0544907211891  0.173945916936  0.23014989988  1.64611834192  1.68885770113  5.15853424067  3.40362291926  0.43045131499  66.1594655407  0.346815257379  64.9870118684  64.9522899982  0.825666243756  0.0496657947818  0.102926724285  0.0602823183837  0.0657382403685  0.112266675656  0.055116193777  1.09594434186  0.930774558847  0.053332648662  1.1238884248  0.124617305879  0.0787662278137  0.184760744816  0.0856717559119  0.316975795101  2.53225686649  2.11451907937  0.175814479664  0.215121792677  0.0989210853446  -9999.0  -9999.0  -9999.0  -9999.0  -9999.0  -9999.0  -9999.0
-9999.0  -9999.0  -9999.0  -9999.0  -9999.0  -9999.0  -9999.0  -9999.0  -9999.0  -9999.0  -9999.0  -9999.0  -9999.0  -9999.0  0.927431626591  1.52633817613  3.13598269001  5.49362442118  7.48041783247  8.97704429652  9.61275031017  10.2667838413  10.8746031544  0.563615825723  0.47350412602  0.917394214833  0.819862192719  0.434939849351  8.92710240448  9.30669671816  9.65043955253  9.97245373162  4.98039472556  5.14701895487  5.39107608883  399.62873616  0.33504805385  0.215917279383  0.697678294194  0.0781803217539  0.121922216477  0.0664150090623  0.0519175589118  0.285759942156  0.0342444850734  0.0353013761887  71.5392958351  66.3508612364  66.3113222689  0.166201580691  0.323686255073  0.204826955859  0.0402817807642  0.729245631211  0.177253605343  0.148612805935  0.115901662614  0.0833111193366  0.0490343368093  0.124763427004  0.886452790631  0.746547876596  0.614261565487  0.947446142608  0.906231106148  0.876554807313  0.0532888292146  0.165236077436  0.195044052938  1.54101508676  1.16667816944  0.648210693883  0.0829884400925  -9999.0  -9999.0  -9999.0  -9999.0  -9999.0  -9999.0  -9999.0
-9999.0  -9999.0  -9999.0  -9999.0  -9999.0  -9999.0  -9999.0  -9999.0  -9999.0  -9999.0  -9999.0  -9999.0  -9999.0  -9999.0  0.642450273722  0.607838160326  1.19874363273  1.80283578634  0.787770011719  0.80750424922  1.4707808114  2.11056625144  3.24911339029  3.81700721174  4.27840742742  5.6824780235  6.08134761133  6.53513907522  0.379536295358  4.04071543279  4.34258456415  4.59476080012  0.171197541591  0.068845822382  0.140509501267  405.142116815  405.262704002  405.818660118  0.958642118317  0.181812005258  0.181744902315  0.0409482562083  0.0919473264792  0.329049124324  0.396804080279  0.0634570724447  71.6998873651  0.0497346691099  0.0856611371024  0.0994370309567  0.0679667309458  0.130594893777  0.0519826530846  0.521242566717  0.39423169676  0.283691170422  0.14364063088  0.102102946544  0.0582210894958  0.0735539647661  0.0878870708648  0.0895891118801  0.567410398645  0.440339747405  0.319451370128  0.193392252342  0.838557652808  0.665693926916  0.165606399946  0.210409137782  0.185496221371  0.331382120213  0.140628066523  -9999.0  -9999.0  -9999.0  -9999.0  -9999.0  -9999.0  -9999.0
-9999.0  -9999.0  -9999.0  -9999.0  -9999.0  -9999.0  -9999.0  -9999.0  -9999.0  -9999.0  -9999.0  -9999.0  -9999.0  -9999.0  -9999.0  0.584018104711  1.13930705956  0.536643736466  1.11526294665  6.91554023271  7.51607562288  8.11728764433  0.571121655297  0.572405948725  1.03244467454  1.51102019522  2.26627433138  2.67768820518  2.94513489683  3.29893703776  0.274823523858  0.227594196701  4.91376297212  5.01838659189  5.12243877992  5.24082371318  4.27390624338  410.584525354  412.215198731  412.305978244  412.563901578  412.862810836  412.993811958  0.0293765133817  0.428516193425  71.728556523  0.0575448856744  0.029568603361  0.0370673627232  0.0394045131049  0.0708619864713  0.0701451843843  0.0420699309118  0.0730167265919  0.0656928124564  0.103497409101  0.0445870799039  0.0315927653723  0.120313227912  0.0875908507919  0.0482507637165  0.0469123173993  0.0550326095852  0.0605969025169  0.0711099775829  0.127614014679  0.148399863479  0.311794535776  0.0834755959193  0.306591840634  0.113336299884  0.113469246162  -9999.0  -9999.0  -9999.0  -9999.0  -9999.0  -9999.0  -9999.0  -9999.0
-9999.0  -9999.0  -9999.0  -9999.0  -9999.0  -9999.0  -9999.0  -9999.0  -9999.0  -9999.0  -9999.0  -9999.0  -9999.0  -9999.0  -9999.0  -9999.0  1.68440612671  2.23759636902  3.90416409973  5.18638175061  0.678911581541  9.51117818583  10.0678588736  10.5767752682  0.475572137039  0.924135459092  0.36511015828  2.99498792825  3.21509984843  3.57219655613  3.9346879241  4.65830656903  4.80470646817  0.0948138720681  3.80328225739  4.04057819852  4.16220772233  4.63901010195  0.552450427468  0.327975467352  0.171925098754  0.150016628519  413.132829871  413.179658842  413.848696684  71.7541151482  0.177967440203  0.099372182492  0.0662445728219  0.0232802138752  0.219034274972  0.117782678303  0.0367472331641  0.216081461889  0.185441698704  0.031019661348  0.240631436705  0.217670568249  0.157044728755  0.0325283667134  0.0988447856404  0.0739396135592  0.0285835776211  0.0986873030978  0.0699061038972  0.109958687804  0.106095754976  0.0569614038454  0.140976867446  1.2238127812  0.690628410368  0.442136930022  0.185532964996  -9999.0  -9999.0  -9999.0  -9999.0  -9999.0  -9999.0  -9999.0
-9999.0  -9999.0  -9999.0  -9999.0  -9999.0  -9999.0  -9999.0  -9999.0  -9999.0  -9999.0  -9999.0  -9999.0  -9999.0  -9999.0  -9999.0  -9999.0  0.56659381355  2.79808488157  3.3862463036  0.719706446021  0.639273635477  1.30816506328  1.88462536465  13.0012731126  0.469777226563  1.89390012338  2.28426237858  2.66427572818  0.254477590123  0.56709748234  0.701446686822  3.03526182874  3.34458826005  3.46673763731  0.128228759162  0.11243566175  0.128973277093  0.237681995588  0.101345146238  0.102923570136  0.103974874478  0.0983463063385  0.0977476402884  0.203971034756  413.903699002  485.772875338  0.212924361009  0.0704669783236  0.0224380511499  0.711617779312  0.66034920431  0.402876472975  0.36347094395  0.272847079447  0.0716521700404  0.0471990061918  0.263543725658  0.114962876401  0.0899788768278  0.0275616347434  0.131217525142  0.270317942417  0.222688622166  0.143109747367  0.0689319508394  0.301552634104  0.222169154379  0.108973468641  1.48409615061  1.44464447315  0.123961792987  0.11231143127  0.0977089263454  0.088844605464  -9999.0  -9999.0  -9999.0  -9999.0  -9999.0  -9999.0
-9999.0  -9999.0  -9999.0  -9999.0  -9999.0  -9999.0  -9999.0  -9999.0  -9999.0  -9999.0  -9999.0  -9999.0  -9999.0  -9999.0  -9999.0  0.497686679888  1.55444201886  0.499818285475  0.75058904858  0.738650427263  1.39432743223  2.03815570655  2.5941031879  16.0608426408  16.5018257317  0.459064573124  0.851484913241  1.25315048487  1.52589533783  1.81248824015  2.66276286545  2.90795443826  0.156077303135  0.133586271382  0.0899030419378  0.0543484681782  0.100633830188  0.131261476246  0.146831730951  0.188108598177  0.338478600836  0.142962703379  0.039194059044  0.0376097272637  0.036227396537  0.0668602997686  487.821108326  1.76418708849  0.838028024879  0.0705361994345  0.0320661287236  0.0262888982875  0.0939270146972  0.0648564557903  0.0331430230361  0.0327762707043  0.333653604092  0.48316039646  0.53078959563  0.0213522581761  0.477292186121  0.319632786111  0.0415106606249  0.0342911733655  0.0786386508355  0.65472323291  0.292696848059  0.158723148688  1.53802713157  0.0596167296437  0.0675749511093  0.386622091385  0.193676976451  0.333377981859  0.148003009142  -9999.0  -9999.0  -9999.0  -9999.0  -9999.0
-9999.0  -9999.0  -9999.0  -9999.0  -9999.0  -9999.0  -9999.0  -9999.0  -9999.0  -9999.0  -9999.0  -9999.0  -9999.0  -9999.0  0.544709391679  1.01153524631  3.51815065278  0.447832614146  1.36581731658  2.06850731941  2.68947500391  0.663704261678  1.20243748535  1.74118763701  18.651828563  0.420711582895  0.774744659174  1.14598268025  0.337359642435  0.661742347751  0.790891158154  1.00543077277  30.1935981124  30.444724857  30.6561421342  31.5490418785  31.7859573922  32.3878741742  0.202301911225  0.473094578144  0.412409422394  34.1336057618  34.2055587973  0.0343256077075  0.0595193219755  0.083792707152  487.863569549  1.63268800831  0.709127549642  0.669869490844  0.586320546154  0.53638525712  0.124644088412  0.030309830183  0.0585613158917  0.0294454830472  0.0347988397533  0.0715370221513  0.570669988926  1.11118416766  0.515529531663  0.113757381776  0.0781656475074  0.0468282360449  0.897404823525  0.76567789322  0.0512664557457  1.81281401758  1.59872555262  0.114435478533  0.706177351673  0.455926978007  0.494506128738  0.427000657222  0.0881065020121  -9999.0  -9999.0  -9999.0  -9999.0  -9999.0
-9999.0  -9999.0  -9999.0  -9999.0  -9999.0  -9999.0  -9999.0  -9999.0  -9999.0  -9999.0  -9999.0  -9999.0  -9999.0  -9999.0  0.548203261475  1.65167063639  5.69605997869  8.34562453051  0.370175140178  10.6699947917  13.8246181465  0.605145706017  1.13168326293  1.67862522378  23.3185187623  23.6967259058  0.26841773459  1.68909313945  1.94073242909  2.19466560235  28.3821973349  28.8210895087  29.0723088234  0.11540669806  0.657155836558  0.777994738558  0.277690113318  0.38170635329  32.9290010542  33.54884795  33.6218936588  33.687688504  34.2719672512  0.0318901308634  0.0289066932813  0.136566391272  487.910116208  0.0478374093466  0.0177871374067  0.0510377399315  0.0200519351097  0.480953696294  0.415803324695  0.247184178629  0.178507992172  0.0769650932575  0.0340510094979  0.105487883042  0.0282824653732  1.13523597312  0.171715021453  0.142937577364  0.0266854759682  0.0753372554736  0.935849380621  0.0298777376954  0.025590701898  1.84031079435  0.0423657241314  0.813436056875  0.766552668437  0.674359085198  0.620984835535  0.0607349083214  0.229274916623  0.0738246451548  -9999.0  -9999.0  -9999.0  -9999.0
-9999.0  -9999.0  -9999.0  -9999.0  -9999.0  -9999.0  -9999.0  -9999.0  -9999.0  -9999.0  -9999.0  -9999.0  -9999.0  -9999.0  -9999.0  -9999.0  1.10470054454  2.20064752661  9.75667808813  10.2647162631  14.2502082842  14.7191646738  0.58173186143  1.16482853798  2.62848108664  24.008915766  24.6071923551  24.8084398749  0.150185469615  25.5630332326  26.0167004041  0.28051960728  0.120156781261  0.231532364923  0.442346797947  0.105959545529  0.19844942729  0.405411791926  0.487910094026  0.0908688949507  0.055063853852  0.103203735971  34.7320721292  34.8746330553  34.9000408179  35.1177829869  487.952859298  0.0308416835524  0.011142176939  0.0128647362656  0.0123822629424  0.0128379491798  0.0109855549333  0.0201901976606  0.0247724385647  0.0622752101192  0.036629223691  0.0369312647005  0.175878550107  1.39269751968  1.5987184202  1.63886524624  1.77330199532  0.0295779376016  0.965959982044  0.107719390371  0.0473331445002  1.86924672175  1.94396000896  0.854752364798  0.908966441261  0.727502159782  0.422730991017  0.365674152104  0.304223219772  -9999.0  -9999.0  -9999.0  -9999.0  -9999.0
-9999.0  -9999.0  -9999.0  -9999.0  -9999.0  -9999.0  -9999.0  -9999.0  -9999.0  -9999.0  -9999.0  -9999.0  -9999.0  -9999.0  -9999.0  -9999.0  0.569903160874  0.551367055469  0.517819821836  0.988676196076  0.400532351558  15.5268092298  15.9339769436  0.51763348446  1.00815456323  0.405362115887  0.287054463789  0.270705431939  25.2570699895  0.141235883236  0.298791328823  0.164450053827  0.133191101513  0.105551297472  0.074525895604  0.0790603427576  0.249887442444  0.349140567846  0.0621863666566  0.0505224658732  0.114240415977  0.199387472471  0.288357929239  0.0921883065821  34.9518310431  35.1445492567  487.98739661  0.0992962444567  0.0394946639129  0.0071763294548  0.0180684428062  0.00584895172827  0.0046894429371  0.0254332339295  0.12707843998  0.0823612854445  0.0198972504159  0.0200098414067  0.0486887434034  0.0244139376889  0.0257147066621  0.0354638281756  0.03933643359  3.02526517192  1.10465373662  0.0293366029304  0.0479912844504  0.0225613918557  4.41868755439  2.44842628574  2.41491839082  0.785631859247  0.514047251938  0.0498172514607  -9999.0  -9999.0  -9999.0  -9999.0  -9999.0  -9999.0
-9999.0  -9999.0  -9999.0  -9999.0  -9999.0  -9999.0  -9999.0  -9999.0  -9999.0  -9999.0  -9999.0  -9999.0  -9999.0  -9999.0  -9999.0  -9999.0  -9999.0  -9999.0  0.538365505983  1.45770394032  1.83301495245  2.22487091062  16.3241493115  16.7439270866  17.1316080422  17.5377263822  17.7959806337  18.3467832869  18.4818733784  18.6068987604  18.7124651589  0.107586390405  0.0994938215741  0.105156355224  0.345085554613  0.0933279998128  0.0893770227292  0.0636193409356  0.185957446142  0.0729405507011  0.0547133807819  0.0499096606293  0.0433416186106  0.086463746315  0.126742613213  35.4049572633  523.529195771  0.0270702439457  0.0530961176698  0.00554403877281  0.0249436584785  0.0140928737158  0.00944893907099  0.256214216845  0.212105629354  0.0626144540727  0.0407189209813  0.0894347071225  0.0215925126061  0.0650298128886  0.043220034088  0.0964108327358  0.034924496049  0.0456590897234  3.06201171415  3.17085682011  5.48529301452  5.45309450474  5.41793060161  0.0392142009373  0.670950474818  0.627951993588  0.0738425479416  -9999.0  -9999.0  -9999.0  -9999.0  -9999.0  -9999.0  -9999.0
-9999.0  -9999.0  -9999.0  -9999.0  -9999.0  -9999.0  -9999.0  -9999.0  -9999.0  -9999.0  -9999.0  -9999.0  -9999.0  -9999.0  -9999.0  -9999.0  -9999.0  -9999.0  -9999.0  0.417575345908  3.46477652485  6.59987012092  6.97811454655  0.611799189849  1.12856593887  1.61780547397  1.95341608257  4.45489388088  4.57345651094  0.113560584334  0.111884879645  18.9430596761  19.1297648525  19.2186817369  0.403448704803  0.0436807770427  0.123489037254  0.18207997277  0.572458443996  0.711030151885  0.816469510289  0.0948630744443  0.132986843868  0.0468583459569  0.0955916697035  0.0506903519259  523.628343993  0.0208822877748  0.0958770193528  0.0293604286554  0.0744660786467  0.199249267041  0.225149716569  0.498360381586  0.242884225684  0.222361431191  0.159593416473  0.143284841407  0.0365312575279  0.0798647262187  0.12361502462  0.110450715852  0.0142581367995  8.94040798834  8.88607368407  8.85321325037  5.59306606813  0.0595189397389  0.900896824289  0.643253031487  0.424632735117  0.264402196388  0.0447490746821  -9999.0  -9999.0  -9999.0  -9999.0  -9999.0  -9999.0  -9999.0
-9999.0  -9999.0  -9999.0  -9999.0  -9999.0  -9999.0  -9999.0  -9999.0  -9999.0  -9999.0  -9999.0  -9999.0  -9999.0  -9999.0  -9999.0  -9999.0  -9999.0  -9999.0  0.48697135324  1.58054867544  3.0617111604  3.96718305384  9.73731664344  10.2404572356  1.04754169679  1.54458462845  1.94002126439  2.26067525003  4.70023291687  4.93523350648  8.62160218382  8.89554119347  9.00988961675  19.2957880531  19.8610836184  0.11009562538  0.0846360019992  0.0770433306675  0.145989533931  0.0666849290537  0.952979803338  1.00355986053  0.173738127463  0.232910847199  0.0509769250784  107.084412969  107.18968465  630.877652381  631.019047086  0.0250475969491  0.127345331351  0.036375160506  0.0314146133388  0.561286909466  0.828877267912  0.203611022725  0.181063625667  0.0366267719528  0.0194823048017  0.0986436142448  9.16801557217  9.02953180487  9.01189297839  8.97601225714  0.0394883824436  0.0398447531108  0.0445459388463  0.0631031519682  0.204461377764  0.136834442732  0.124335584252  0.185898550681  0.0563426242918  -9999.0  -9999.0  -9999.0  -9999.0  -9999.0  -9999.0  -9999.0
-9999.0  -9999.0  -9999.0  -9999.0  -9999.0  -9999.0  -9999.0  -9999.0  -9999.0  -9999.0  -9999.0  -9999.0  -9999.0  -9999.0  -9999.0  -9999.0  -9999.0  -9999.0  -9999.0  0.574944387529  0.550241113472  1.01390219615  2.36063505219  10.6732712939  0.545183524474  0.536461646841  0.916611162099  1.32558989757  3.09365567231  3.30222404954  0.165066782027  0.18452467946  9.14984491486  9.22141940827  29.1631083039  29.2327448275  0.0357392148729  0.0310864422429  0.0270970749297  0.0273585619189  0.0364011124364  105.992544763  106.348028511  106.652531011  106.788846501  107.030063243  0.0625841124963  0.227835010002  0.261431716268  631.379112929  631.412187308  631.454238498  631.517802871  631.614253217  0.872939021777  0.0166593132868  0.0722563582136  0.0572364263258  0.0152244649897  0.113788648245  9.22652879632  0.0396897917569  0.0201760013882  0.1642404216  0.145456128368  0.119894228777  0.0936939260214  0.0575817831746  0.0796610839144  0.0742463630491  0.0644180864282  0.0692518451574  -9999.0  -9999.0  -9999.0  -9999.0  -9999.0  -9999.0  -9999.0  -9999.0
-9999.0  -9999.0  -9999.0  -9999.0  -9999.0  -9999.0  -9999.0  -9999.0  -9999.0  -9999.0  -9999.0  -9999.0  -9999.0  -9999.0  -9999.0  -9999.0  -9999.0  -9999.0  -9999.0  -9999.0  0.48421928161  0.51732846538  0.93408793843  12.4757617835  12.8873897867  0.51836809907  0.899585680953  1.32404930669  1.60661674222  0.227653055727  0.435149086894  26.6444533503  26.7352704137  26.8670147574  27.7305958756  57.0577594616  103.966556682  104.072306672  104.168557055  104.262344033  104.763356302  104.934727021  0.307107269903  0.129244633199  0.0832096932139  0.154036218996  0.114071425401  0.181969204592  0.0566811371591  1.32302716314  1.43808901931  1.53156609306  1.54861854621  631.644716485  632.566385815  632.708766788  0.0915499577198  0.0142652400241  0.157853991341  0.130699872515  9.26408857112  0.0192201350186  0.365628532799  0.178465372648  0.155185379403  0.112437497952  0.0581625421538  0.0920949349711  0.0477963703812  -9999.0  -9999.0  -9999.0  -9999.0  -9999.0  -9999.0  -9999.0  -9999.0  -9999.0  -9999.0  -9999.0
-9999.0  -9999.0  -9999.0  -9999.0  -9999.0  -9999.0  -9999.0  -9999.0  -9999.0  -9999.0  -9999.0  -9999.0  -9999.0  -9999.0  -9999.0  -9999.0  -9999.0  -9999.0  -9999.0  -9999.0  -9999.0  0.493126997038  0.931167612917  1.37440056595  13.2470478099  0.398572060041  17.7737003701  18.2088978331  18.4273177389  18.6529314829  25.7529431923  26.002910869  0.0966745666492  0.627915774021  0.75822706017  0.102094692465  46.8125705608  46.6199009558  0.0590732780748  0.141233944073  0.406008581879  0.0953093360605  0.105428018001  0.0662385373354  0.0574740085317  0.0433097395447  0.0541133656732  1.1494121201  1.20872906233  1.2823281311  0.084694093254  0.0700042843168  1.57962518095  1.603263701  1.6168358026  632.74265085  632.776999582  0.197777573418  0.171148694132  9.68073038373  9.66697343059  0.384710054083  0.0406986714496  0.020516601583  0.310576956736  0.268545039062  0.211175718345  0.138613320223  0.0723735194673  0.0328716205554  -9999.0  -9999.0  -9999.0  -9999.0  -9999.0  -9999.0  -9999.0  -9999.0  -9999.0  -9999.0
-9999.0  -9999.0  -9999.0  -9999.0  -9999.0  -9999.0  -9999.0  -9999.0  -9999.0  -9999.0  -9999.0  -9999.0  -9999.0  -9999.0  -9999.0  -9999.0  -9999.0  -9999.0  -9999.0  -9999.0  -9999.0  0.435538472819  0.397950546011  2.08918676031  16.1629049419  16.9830311541  17.401808773  0.369223492979  6.50133244608  6.71360769354  6.82746237661  0.219055924424  0.342253893825  0.429197318526  10.3222146858  10.3998658878  10.4684119295  46.494381893  29.9314229195  0.0792249614352  0.0908373811239  0.0856138373709  0.0662563675126  0.709265536742  0.842650011829  0.957689550019  1.02542262948  1.09022243114  9.76229969458  9.80699859958  9.89203807424  10.0843357693  10.6652237873  10.6839744402  12.3194518911  0.0140972952644  632.80940122  632.845678242  0.213630341802  9.69276710607  0.0294636358124  0.0152903705866  0.0600267952906  0.477100385538  0.460338160104  0.103900911798  0.0515874557537  0.165030209788  0.115967405215  0.0324756878622  0.0275056163905  0.0269487491648  -9999.0  -9999.0  -9999.0  -9999.0  -9999.0  -9999.0  -9999.0  -9999.0
-9999.0  -9999.0  -9999.0  -9999.0  -9999.0  -9999.0  -9999.0  -9999.0  -9999.0  -9999.0  -9999.0  -9999.0  -9999.0  -9999.0  -9999.0  -9999.0  -9999.0  -9999.0  -9999.0  -9999.0  -9999.0  -9999.0  0.842590338436  1.29311953362  0.429761830863  0.530682013216  5.3201667668  5.69390738485  5.91524787622  2.09484551154  2.24543252954  2.41714185766  2.53772545256  10.1403032425  10.2670629791  5.85004968863  16.4119790205  16.4961294382  29.8699350228  0.178466707604  0.0942862017932  0.0605290879067  0.492473281467  0.581839667185  0.0493241002582  0.0446312289445  9.53833811926  9.65812587695  9.71784781668  0.074751526831  0.130411936216  10.6134925067  0.0290558833818  0.135789656223  0.150622685379  12.4987989955  12.5142076822  12.6978320314  645.791122031  9.73642343351  0.6118205847  0.597329034599  0.576620757531  0.494777588969  0.0232831604046  0.254931183497  0.217337249392  0.0773386249367  0.0337621084957  0.057615599836  0.131100574129  0.0749999589713  -9999.0  -9999.0  -9999.0  -9999.0  -9999.0  -9999.0  -9999.0  -9999.0
-9999.0  -9999.0  -9999.0  -9999.0  -9999.0  -9999.0  -9999.0  -9999.0  -9999.0  -9999.0  -9999.0  -9999.0  -9999.0  -9999.0  -9999.0  -9999.0  -9999.0  -9999.0  -9999.0  -9999.0  -9999.0  -9999.0  0.420617031002  0.828408883853  3.43988112816  3.90382547968  4.36512113296  1.68535696075  1.94669777796  0.16760273719  7.21048978132  7.35339572495  7.49516060491  0.122280198219  5.62251367335  5.75757117117  0.090310712487  29.4033072931  0.206111877979  0.10276792078  0.269177352955  0.363904718646  0.0699503375294  0.0550271326133  8.89367712941  9.43073614358  9.50238589129  0.0747507607874  0.164564767062  0.20580079844  0.234379274214  0.457717177261  0.0512189225067  0.112060489852  0.0221956612257  0.0435928862789  12.6641338654  12.6819640745  645.829597961  656.261799669  0.658075778196  0.0311198241053  0.0181528656914  0.0387432655947  0.0170974352507  0.278938083512  0.159224547455  0.121082285886  0.399856990102  0.357690956521  0.25061985601  0.0593416813972  0.0288583611606  -9999.0  -9999.0  -9999.0  -9999.0  -9999.0  -9999.0  -9999.0
-9999.0  -9999.0  -9999.0  -9999.0  -9999.0  -9999.0  -9999.0  -9999.0  -9999.0  -9999.0  -9999.0  -9999.0  -9999.0  -9999.0  -9999.0  -9999.0  -9999.0  -9999.0  -9999.0  -9999.0  -9999.0  -9999.0  0.410994770433  1.2826380246  2.22202263735  0.517985858744  0.980356587066  1.37351404503  6.52640707814  6.754551417  6.90576378259  0.126765457615  4.84835997364  5.27123789026  5.404875535  0.0789687263276  28.9911678203  29.2309518079  0.111440757776  0.0973618497285  0.200969487513  0.0791922639243  8.4968828536  8.64185116042  8.7380447347  0.354657966912  0.433448401469  0.0671334365688  0.120517915766  0.0538942090024  0.355867434531  0.0572763762413  0.0304994311442  0.0304744931431  0.0315505872497  0.0641450082622  0.0874314201272  53.6082477708  53.6731881241  710.023481241  710.055827381  710.091166627  0.0256348070762  0.593693140997  0.541436617651  0.228877155272  0.212816533942  0.0298106050259  0.482498589866  0.0380641303877  0.0319329180356  0.0257913442087  0.113336475766  0.0510598373506  -9999.0  -9999.0  -9999.0  -9999.0  -9999.0  -9999.0
-9999.0  -9999.0  -9999.0  -9999.0  -9999.0  -9999.0  -9999.0  -9999.0  -9999.0  -9999.0  -9999.0  -9999.0  -9999.0  -9999.0  -9999.0  -9999.0  -9999.0  -9999.0  -9999.0  -9999.0  -9999.0  -9999.0  -9999.0  0.434183055122  0.490741178533  0.57791449745  4.7950844332  5.1637999884  6.23031660575  0.25199518342  4.2409772538  4.61060439399  0.149905808735  0.315255407162  0.0997044569926  28.6912617814  0.132606095434  0.317343684288  0.392386519336  0.456421789434  7.98944456452  8.25852767543  8.35803215368  0.102506411102  0.19140887766  0.269784170567  0.045210125369  0.0392084553177  27.6166432794  27.6589495522  27.6942364306  28.0761462165  28.1219244294  28.1663458924  28.1934703236  46.9788080451  47.0147330799  53.5882667637  0.0435590680797  0.0474415821524  0.0800285242932  710.20557728  710.311672122  710.958763511  710.991819665  0.0295637464373  0.0152241298293  0.545632638335  0.525804447605  0.025100071505  0.0660593914263  0.502826420457  0.324264994394  0.284504455541  0.074734231753  -9999.0  -9999.0  -9999.0  -9999.0  -9999.0
-9999.0  -9999.0  -9999.0  -9999.0  -9999.0  -9999.0  -9999.0  -9999.0  -9999.0  -9999.0  -9999.0  -9999.0  -9999.0  -9999.0  -9999.0  -9999.0  -9999.0  -9999.0  -9999.0  -9999.0  -9999.0  -9999.0  -9999.0  0.336779243042  0.910344005801  2.05173201738  4.36593541298  0.452123106509  0.781589153659  3.60273777665  3.8356036551  0.196176025361  6.51917664017  6.66633505793  28.3570300235  28.474314835  0.107249260002  0.199029692498  0.900025052012  7.21829085788  7.47792842262  0.196697868005  0.0929765473048  0.0726774158228  24.788923172  24.9514728651  25.0805086389  25.2049221133  27.5780397339  0.13719294787  28.0339301111  0.0756043357987  0.0491890615099  0.0776606720917  18.7044008262  18.7624341295  6.37384280747  6.52765219332  0.101845739963  0.0496563760529  0.057724490904  0.0307358344874  0.0471581700382  0.0200876267722  749.856297585  749.92022674  0.709571118166  0.578386186116  0.0203567292797  0.769072157912  0.714809607073  0.604039567428  0.0547961238422  0.0708202463261  0.0821714565714  -9999.0  -9999.0  -9999.0  -9999.0  -9999.0
-9999.0  -9999.0  -9999.0  -9999.0  -9999.0  -9999.0  -9999.0  -9999.0  -9999.0  -9999.0  -9999.0  -9999.0  -9999.0  -9999.0  -9999.0  -9999.0  -9999.0  -9999.0  -9999.0  -9999.0  -9999.0  -9999.0  -9999.0  -9999.0  0.657057656035  1.2818428138  1.80269763927  2.90912982629  3.24826683976  5.40628908897  6.02335759431  6.21167506264  6.36777223521  21.4124250187  21.5683138488  0.0826015866731  0.731857661328  0.838291594707  6.14255649473  6.24290327516  0.154905656865  0.0521848556394  24.3925513048  24.5510162254  24.648991795  0.0891648375024  2.13918275566  2.2181537304  2.30707239065  0.0735543014706  0.0542428872262  0.0331034807037  0.0268973182284  18.5431182282  18.5892442789  0.0408761972127  6.33388974641  6.09644072129  6.05871010355  0.0394430224925  0.0320657477012  0.042657465694  0.0644457815638  38.7459023457  38.8244549839  750.663431105  0.0749784049329  0.021213405423  0.814473041829  0.0282167498203  0.142349023027  0.0992426934704  0.0502642526568  -9999.0  -9999.0  -9999.0  -9999.0  -9999.0  -9999.0  -9999.0
-9999.0  -9999.0  -9999.0  -9999.0  -9999.0  -9999.0  -9999.0  -9999.0  -9999.0  -9999.0  -9999.0  -9999.0  -9999.0  -9999.0  -9999.0  -9999.0  -9999.0  -9999.0  -9999.0  -9999.0  -9999.0  -9999.0  -9999.0  -9999.0  0.580840630101  1.87048608126  2.43142642854  3.59670413414  4.60743290827  5.06933155121  0.3427373669  5.37712209746  20.9589305831  21.2597637905  0.247976310993  0.413115591451  0.660265097265  5.92931689243  6.05602050321  15.952432218  16.169973133  24.2595746202  24.354568428  0.105742268737  1.774918215  1.9667081956  2.07535449157  0.0821037205116  16.8157131321  16.8913069659  17.1265674449  18.0688781068  18.3843397882  18.4574598098  0.0482396398292  0.105024169403  0.152325769069  5.26299382219  5.98795043123  0.458892408004  0.414642091789  0.0465953900463  0.039048198395  38.6577818573  0.0581069589942  0.0352558457749  750.729039179  0.0117648700025  0.012130042641  1.0142474715  0.178924863348  0.0360308836286  0.0325439802377  -9999.0  -9999.0  -9999.0  -9999.0  -9999.0  -9999.0  -9999.0
-9999.0  -9999.0  -9999.0  -9999.0  -9999.0  -9999.0  -9999.0  -9999.0  -9999.0  -9999.0  -9999.0  -9999.0  -9999.0  -9999.0  -9999.0  -9999.0  -9999.0  -9999.0  -9999.0  -9999.0  -9999.0  -9999.0  -9999.0  -9999.0  0.675187306988  0.643252933601  2.46227161279  3.03593347609  0.538113557473  4.56242408702  5.00006252051  0.363777314696  14.9062446489  0.35677453741  2.61912413392  5.65366435538  5.83020473889  15.0830752351  15.2097901185  15.8657320874  0.168084883919  8.02825490336  0.0841274841021  0.151499840125  1.70634754475  0.113029638618  3.78781016247  16.6678939185  0.0880710719029  0.178757843705  0.763285828765  0.0875354196806  0.142364350039  0.0731229819897  0.0577687148281  4.68301278704  5.06022058343  5.21810571154  0.213817723905  0.142399711125  0.248053004804  0.0692419130572  38.4905777568  38.5518780435  0.0374851428863  0.0206427069572  0.00961734578292  750.816907236  752.051262037  1.18983366905  0.159769182079  0.13876254789  0.0731310512378  -9999.0  -9999.0  -9999.0  -9999.0  -9999.0  -9999.0  -9999.0
-9999.0  -9999.0  -9999.0  -9999.0  -9999.0  -9999.0  -9999.0  -9999.0  -9999.0  -9999.0  -9999.0  -9999.0  -9999.0  -9999.0  -9999.0  -9999.0  -9999.0  -9999.0  -9999.0  -9999.0  -9999.0  -9999.0  -9999.0  -9999.0  -9999.0  0.621661676427  0.669788502111  0.628848322389  3.510786779  4.07757221057  6.6559333958  14.5898194143  0.514680601793  1.56941886935  2.00832977581  2.83767544311  0.645363747533  14.905202101  0.246062771781  0.507553545194  7.67139744232  0.225008557518  1.0986230072  1.32695275009  0.133907951256  0.107197082279  3.72400072756  12.800984478  0.119538878579  0.409987331809  0.68752457669  0.103516831514  0.0742368231151  4.1842968015  4.41093737177  0.163863074717  0.322018525304  0.0880577416599  0.151941392593  0.0837729905735  0.0527459935856  0.0610908066196  38.4412006839  0.195513699927  -9999.0  -9999.0  0.0201445788629  0.0365435707212  752.081622238  752.112136277  752.159522174  0.011944749651  -9999.0  -9999.0  -9999.0  -9999.0  -9999.0  -9999.0  -9999.0  -9999.0
-9999.0  -9999.0  -9999.0  -9999.0  -9999.0  -9999.0  -9999.0  -9999.0  -9999.0  -9999.0  -9999.0  -9999.0  -9999.0  -9999.0  -9999.0  -9999.0  -9999.0  -9999.0  -9999.0  -9999.0  -9999.0  -9999.0  -9999.0  -9999.0  -9999.0  -9999.0  0.569835332603  1.82589992949  2.33717889276  6.21686848315  2.22398560393  7.44851826741  4.77935509212  0.521283156051  1.57045981232  2.49528022943  0.400629679293  14.0448522056  5.461339402  6.75634967456  0.725308326436  0.714853868667  0.236054414617  0.169486221256  3.40527760849  3.51532038928  12.467826164  12.5731197385  0.197313693767  0.307943481592  0.0832914964587  3.4292930564  3.78510400803  4.13674257641  0.171268373558  0.080984628324  0.23449201283  0.0833230756238  0.0631409192757  0.0475777255726  37.8655854021  38.010159776  38.1314286342  0.135432168149  -9999.0  -9999.0  -9999.0  -9999.0  -9999.0  0.00809017857084  752.186550479  752.212767156  -9999.0  -9999.0  -9999.0  -9999.0  -9999.0  -9999.0  -9999.0  -9999.0
-9999.0  -9999.0  -9999.0  -9999.0  -9999.0  -9999.0  -9999.0  -9999.0  -9999.0  -9999.0  -9999.0  -9999.0  -9999.0  -9999.0  -9999.0  -9999.0  -9999.0  -9999.0  -9999.0  -9999.0  -9999.0  -9999.0  -9999.0  -9999.0  -9999.0  -9999.0  0.733986315323  0.642284095218  5.73167607984  0.5455048895  1.77359993453  3.06799569462  4.26981824339  0.582403866653  0.542756289759  0.47740187779  13.124936012  13.6253319513  5.07955576881  0.981838495941  0.492750028054  0.480247021353  3.01117273895  3.30523843577  11.4993550384  11.919205123  12.2347603166  0.137952659384  0.101532603268  3.22321639992  3.28772417862  3.36582252099  0.299660921745  0.180681431184  0.0928727754345  0.088219274228  0.0640878486354  0.434277492072  0.477937629433  37.7914051833  37.8344761271  0.0953129877788  0.0613848286831  0.0684488451057  -9999.0  -9999.0  -9999.0  -9999.0  -9999.0  -9999.0  -9999.0  -9999.0  -9999.0  -9999.0  -9999.0  -9999.0  -9999.0  -9999.0  -9999.0  -9999.0
-9999.0  -9999.0  -9999.0  -9999.0  -9999.0  -9999.0  -9999.0  -9999.0  -9999.0  -9999.0  -9999.0  -9999.0  -9999.0  -9999.0  -9999.0  -9999.0  -9999.0  -9999.0  -9999.0  -9999.0  -9999.0  -9999.0  -9999.0  -9999.0  -9999.0  -9999.0  -9999.0  1.38501815947  4.54407180726  2.52915683774  0.629469322786  2.50706236861  0.601561952175  1.84843178173  2.28700797035  11.6825241948  12.7117578593  4.15792669599  4.63088940731  0.501872318186  2.14709535  2.58926469409  7.23624997212  10.9817059348  11.3319144611  0.285846432193  0.162848569615  2.62800993041  2.89950392396  3.15936163025  0.0808941997696  0.145161079614  0.219643873853  0.0799500731363  0.159005895538  0.257441407285  0.308875967722  0.39155516886  0.0561970396864  37.2164449431  0.115656218448  0.0514303353555  -9999.0  -9999.0  -9999.0  -9999.0  -9999.0  -9999.0  -9999.0  -9999.0  -9999.0  -9999.0  -9999.0  -9999.0  -9999.0  -9999.0  -9999.0  -9999.0  -9999.0  -9999.0
-9999.0  -9999.0  -9999.0  -9999.0  -9999.0  -9999.0  -9999.0  -9999.0  -9999.0  -9999.0  -9999.0  -9999.0  -9999.0  -9999.0  -9999.0  -9999.0  -9999.0  -9999.0  -9999.0  -9999.0  -9999.0  -9999.0  -9999.0  -9999.0  -9999.0  -9999.0  -9999.0  0.739435458423  0.657930215415  1.2272124915  0.665973699307  1.24728826925  1.30719599055  7.37438521868  7.83977567445  1.13227018672  0.558793890544  3.70430828884  1.12873103541  1.69105368495  5.952059462  6.40164883342  6.86529514931  3.38707186451  1.24071526286  1.75976626623  2.12368436083  2.54749322764  0.199666890153  0.142065736109  24.3952467507  24.4852682464  24.5498860044  0.0537978508054  0.0978502861668  0.0531141184578  0.0407552335304  35.8307027801  36.1439119321  0.835033722101  0.729316718226  0.0746431998971  -9999.0  -9999.0  -9999.0  -9999.0  -9999.0  -9999.0  -9999.0  -9999.0  -9999.0  -9999.0  -9999.0  -9999.0  -9999.0  -9999.0  -9999.0  -9999.0  -9999.0  -9999.0
-9999.0  -9999.0  -9999.0  -9999.0  -9999.0  -9999.0  -9999.0  -9999.0  -9999.0  -9999.0  -9999.0  -9999.0  -9999.0  -9999.0  -9999.0  -9999.0  -9999.0  -9999.0  -9999.0  -9999.0  -9999.0  -9999.0  -9999.0  -9999.0  -9999.0  -9999.0  -9999.0  -9999.0  -9999.0  0.524995231404  0.555842763751  0.703246510047  2.78669192085  6.82533799435  3.41895996535  0.608302060247  2.55138438961  3.15765983586  0.546207360319  5.00961152722  5.4964323062  1.54821506814  2.45555810594  0.480914819577  0.805549464351  0.322681541326  0.192505638583  0.184461757944  24.0687644119  24.215642721  24.3187819033  0.565337576733  25.2403812137  25.3193444673  25.3871027546  25.4528528474  25.5667467152  35.7934877727  35.9071719742  0.182798456274  0.649116117347  0.185873483095  -9999.0  -9999.0  -9999.0  -9999.0  -9999.0  -9999.0  -9999.0  -9999.0  -9999.0  -9999.0  -9999.0  -9999.0  -9999.0  -9999.0  -9999.0  -9999.0  -9999.0  -9999.0
-9999.0  -9999.0  -9999.0  -9999.0  -9999.0  -9999.0  -9999.0  -9999.0  -9999.0  -9999.0  -9999.0  -9999.0  -9999.0  -9999.0  -9999.0  -9999.0  -9999.0  -9999.0  -9999.0  -9999.0  -9999.0  -9999.0  -9999.0  -9999.0  -9999.0  -9999.0  -9999.0  -9999.0  -9999.0  -9999.0  -9999.0  0.74818085306  1.44516431276  1.42581680146  1.42191924418  1.3559922055  2.02117818217  3.32681079373  3.87143242972  4.51524782865  0.521668385484  1.06390496468  0.458339449837  0.377834686765  15.8193016027  18.9625201408  19.6059255125  19.8668124815  23.9460534037  0.174993892016  0.30887095659  0.4865196955  3.33330539523  3.42561414599  3.50564748913  7.71020602513  9.40225834401  10.1518884514  0.0958308727891  0.0994312666356  0.387637692797  0.105483626272  -9999.0  -9999.0  -9999.0  -9999.0  -9999.0  -9999.0  -9999.0  -9999.0  -9999.0  -9999.0  -9999.0  -9999.0  -9999.0  -9999.0  -9999.0  -9999.0  -9999.0  -9999.0
-9999.0  -9999.0  -9999.0  -9999.0  -9999.0  -9999.0  -9999.0  -9999.0  -9999.0  -9999.0  -9999.0  -9999.0  -9999.0  -9999.0  -9999.0  -9999.0  -9999.0  -9999.0  -9999.0  -9999.0  -9999.0  -9999.0  -9999.0  -9999.0  -9999.0  -9999.0  -9999.0  -9999.0  -9999.0  -9999.0  -9999.0  -9999.0  0.728717451004  0.731188604843  0.717405797006  0.688304197954  1.37520893926  2.72414510165  2.71833412998  3.29259800031  3.75953203501  8.71358412821  9.16846387273  15.2463810282  15.5933665688  2.90430287551  0.319111885596  3.62039967622  3.85924884516  1.36871414038  2.62460597978  3.05277780412  3.23057018913  0.146887728193  4.14114292303  8.04648964711  9.34723489697  0.121825076301  0.578205639722  0.0965196811859  0.306350357297  -9999.0  -9999.0  -9999.0  -9999.0  -9999.0  -9999.0  -9999.0  -9999.0  -9999.0  -9999.0  -9999.0  -9999.0  -9999.0  -9999.0  -9999.0  -9999.0  -9999.0  -9999.0  -9999.0
-9999.0  -9999.0  -9999.0  -9999.0  -9999.0  -9999.0  -9999.0  -9999.0  -9999.0  -9999.0  -9999.0  -9999.0  -9999.0  -9999.0  -9999.0  -9999.0  -9999.0  -9999.0  -9999.0  -9999.0  -9999.0  -9999.0  -9999.0  -9999.0  -9999.0  -9999.0  -9999.0  -9999.0  -9999.0  -9999.0  -9999.0  -9999.0  -9999.0  -9999.0  -9999.0  0.733573837818  0.692495986538  0.711964847443  2.08611763354  1.99077437086  3.84827157249  4.50201481734  0.546046807362  5.60501266605  2.13671855335  2.56166033169  2.33946892211  3.37770102822  0.854852373934  0.281784940786  1.09965163213  0.260601913569  2.24594660682  2.67943331436  3.86863543218  0.18402073001  0.760791568006  0.286527905235  0.366726143956  0.111086812077  0.209050074302  -9999.0  -9999.0  -9999.0  -9999.0  -9999.0  -9999.0  -9999.0  -9999.0  -9999.0  -9999.0  -9999.0  -9999.0  -9999.0  -9999.0  -9999.0  -9999.0  -9999.0  -9999.0  -9999.0
-9999.0  -9999.0  -9999.0  -9999.0  -9999.0  -9999.0  -9999.0  -9999.0  -9999.0  -9999.0  -9999.0  -9999.0  -9999.0  -9999.0  -9999.0  -9999.0  -9999.0  -9999.0  -9999.0  -9999.0  -9999.0  -9999.0  -9999.0  -9999.0  -9999.0  -9999.0  -9999.0  -9999.0  -9999.0  -9999.0  -9999.0  -9999.0  -9999.0  -9999.0  -9999.0  -9999.0  -9999.0  0.691461332117  0.65078263461  1.33623236747  1.26030385771  3.29131395993  4.47697909485  1.20042493581  1.67307441093  1.21965323227  2.0074129251  0.709030221592  0.613660603703  0.623343440727  0.246088620985  1.36726778498  2.05063485244  0.242920087359  0.986161785848  0.365485242838  0.221389173134  0.125642921879  0.118548017916  0.129423131058  -9999.0  -9999.0  -9999.0  -9999.0  -9999.0  -9999.0  -9999.0  -9999.0  -9999.0  -9999.0  -9999.0  -9999.0  -9999.0  -9999.0  -9999.0  -9999.0  -9999.0  -9999.0  -9999.0  -9999.0
-9999.0  -9999.0  -9999.0  -9999.0  -9999.0  -9999.0  -9999.0  -9999.0  -9999.0  -9999.0  -9999.0  -9999.0  -9999.0  -9999.0  -9999.0  -9999.0  -9999.0  -9999.0  -9999.0  -9999.0  -9999.0  -9999.0  -9999.0  -9999.0  -9999.0  -9999.0  -9999.0  -9999.0  -9999.0  -9999.0  -9999.0  -9999.0  -9999.0  -9999.0  -9999.0  -9999.0  -9999.0  -9999.0  -9999.0  0.648438513418  1.39333824035  2.70877019059  0.622563663783  0.607548454805  0.411626865028  0.845200129432  0.407101028962  0.360909216033  0.323547552434  0.331431687099  0.591517613196  1.15814459352  0.497600473109  0.544025063965  0.775268268986  0.186252404418  0.101930878272  -9999.0  -9999.0  -9999.0  -9999.0  -9999.0  -9999.0  -9999.0  -9999.0  -9999.0  -9999.0  -9999.0  -9999.0  -9999.0  -9999.0  -9999.0  -9999.0  -9999.0  -9999.0  -9999.0  -9999.0  -9999.0  -9999.0  -9999.0
-9999.0  -9999.0  -9999.0  -9999.0  -9999.0  -9999.0  -9999.0  -9999.0  -9999.0  -9999.0  -9999.0  -9999.0  -9999.0  -9999.0  -9999.0  -9999.0  -9999.0  -9999.0  -9999.0  -9999.0  -9999.0  -9999.0  -9999.0  -9999.0  -9999.0  -9999.0  -9999.0  -9999.0  -9999.0  -9999.0  -9999.0  -9999.0  -9999.0  -9999.0  -9999.0  -9999.0  -9999.0  -9999.0  -9999.0  -9999.0  0.701900665466  0.634846851401  -9999.0  -9999.0  -9999.0  -9999.0  -9999.0  -9999.0  -9999.0  -9999.0  0.303272244373  0.276049488171  0.217377753236  0.250793991737  -9999.0  -9999.0  -9999.0  -9999.0  -9999.0  -9999.0  -9999.0  -9999.0  -9999.0  -9999.0  -9999.0  -9999.0  -9999.0  -9999.0  -9999.0  -9999.0  -9999.0  -9999.0  -9999.0  -9999.0  -9999.0  -9999.0  -9999.0  -9999.0  -9999.0  -9999.0
-9999.0  -9999.0  -9999.0  -9999.0  -9999.0  -9999.0  -9999.0  -9999.0  -9999.0  -9999.0  -9999.0  -9999.0  -9999.0  -9999.0  -9999.0  -9999.0  -9999.0  -9999.0  -9999.0  -9999.0  -9999.0  -9999.0  -9999.0  -9999.0  -9999.0  -9999.0  -9999.0  -9999.0  -9999.0  -9999.0  -9999.0  -9999.0  -9999.0  -9999.0  -9999.0  -9999.0  -9999.0  -9999.0  -9999.0  -9999.0  -9999.0  -9999.0  -9999.0  -9999.0  -9999.0  -9999.0  -9999.0  -9999.0  -9999.0  -9999.0  -9999.0  -9999.0  -9999.0  -9999.0  -9999.0  -9999.0  -9999.0  -9999.0  -9999.0  -9999.0  -9999.0  -9999.0  -9999.0  -9999.0  -9999.0  -9999.0  -9999.0  -9999.0  -9999.0  -9999.0  -9999.0  -9999.0  -9999.0  -9999.0  -9999.0  -9999.0  -9999.0  -9999.0  -9999.0  -9999.0
-9999.0  -9999.0  -9999.0  -9999.0  -9999.0  -9999.0  -9999.0  -9999.0  -9999.0  -9999.0  -9999.0  -9999.0  -9999.0  -9999.0  -9999.0  -9999.0  -9999.0  -9999.0  -9999.0  -9999.0  -9999.0  -9999.0  -9999.0  -9999.0  -9999.0  -9999.0  -9999.0  -9999.0  -9999.0  -9999.0  -9999.0  -9999.0  -9999.0  -9999.0  -9999.0  -9999.0  -9999.0  -9999.0  -9999.0  -9999.0  -9999.0  -9999.0  -9999.0  -9999.0  -9999.0  -9999.0  -9999.0  -9999.0  -9999.0  -9999.0  -9999.0  -9999.0  -9999.0  -9999.0  -9999.0  -9999.0  -9999.0  -9999.0  -9999.0  -9999.0  -9999.0  -9999.0  -9999.0  -9999.0  -9999.0  -9999.0  -9999.0  -9999.0  -9999.0  -9999.0  -9999.0  -9999.0  -9999.0  -9999.0  -9999.0  -9999.0  -9999.0  -9999.0  -9999.0  -9999.0
-9999.0  -9999.0  -9999.0  -9999.0  -9999.0  -9999.0  -9999.0  -9999.0  -9999.0  -9999.0  -9999.0  -9999.0  -9999.0  -9999.0  -9999.0  -9999.0  -9999.0  -9999.0  -9999.0  -9999.0  -9999.0  -9999.0  -9999.0  -9999.0  -9999.0  -9999.0  -9999.0  -9999.0  -9999.0  -9999.0  -9999.0  -9999.0  -9999.0  -9999.0  -9999.0  -9999.0  -9999.0  -9999.0  -9999.0  -9999.0  -9999.0  -9999.0  -9999.0  -9999.0  -9999.0  -9999.0  -9999.0  -9999.0  -9999.0  -9999.0  -9999.0  -9999.0  -9999.0  -9999.0  -9999.0  -9999.0  -9999.0  -9999.0  -9999.0  -9999.0  -9999.0  -9999.0  -9999.0  -9999.0  -9999.0  -9999.0  -9999.0  -9999.0  -9999.0  -9999.0  -9999.0  -9999.0  -9999.0  -9999.0  -9999.0  -9999.0  -9999.0  -9999.0  -9999.0  -9999.0
-9999.0  -9999.0  -9999.0  -9999.0  -9999.0  -9999.0  -9999.0  -9999.0  -9999.0  -9999.0  -9999.0  -9999.0  -9999.0  -9999.0  -9999.0  -9999.0  -9999.0  -9999.0  -9999.0  -9999.0  -9999.0  -9999.0  -9999.0  -9999.0  -9999.0  -9999.0  -9999.0  -9999.0  -9999.0  -9999.0  -9999.0  -9999.0  -9999.0  -9999.0  -9999.0  -9999.0  -9999.0  -9999.0  -9999.0  -9999.0  -9999.0  -9999.0  -9999.0  -9999.0  -9999.0  -9999.0  -9999.0  -9999.0  -9999.0  -9999.0  -9999.0  -9999.0  -9999.0  -9999.0  -9999.0  -9999.0  -9999.0  -9999.0  -9999.0  -9999.0  -9999.0  -9999.0  -9999.0  -9999.0  -9999.0  -9999.0  -9999.0  -9999.0  -9999.0  -9999.0  -9999.0  -9999.0  -9999.0  -9999.0  -9999.0  -9999.0  -9999.0  -9999.0  -9999.0  -9999.0
-9999.0  -9999.0  -9999.0  -9999.0  -9999.0  -9999.0  -9999.0  -9999.0  -9999.0  -9999.0  -9999.0  -9999.0  -9999.0  -9999.0  -9999.0  -9999.0  -9999.0  -9999.0  -9999.0  -9999.0  -9999.0  -9999.0  -9999.0  -9999.0  -9999.0  -9999.0  -9999.0  -9999.0  -9999.0  -9999.0  -9999.0  -9999.0  -9999.0  -9999.0  -9999.0  -9999.0  -9999.0  -9999.0  -9999.0  -9999.0  -9999.0  -9999.0  -9999.0  -9999.0  -9999.0  -9999.0  -9999.0  -9999.0  -9999.0  -9999.0  -9999.0  -9999.0  -9999.0  -9999.0  -9999.0  -9999.0  -9999.0  -9999.0  -9999.0  -9999.0  -9999.0  -9999.0  -9999.0  -9999.0  -9999.0  -9999.0  -9999.0  -9999.0  -9999.0  -9999.0  -9999.0  -9999.0  -9999.0  -9999.0  -9999.0  -9999.0  -9999.0  -9999.0  -9999.0  -9999.0
-9999.0  -9999.0  -9999.0  -9999.0  -9999.0  -9999.0  -9999.0  -9999.0  -9999.0  -9999.0  -9999.0  -9999.0  -9999.0  -9999.0  -9999.0  -9999.0  -9999.0  -9999.0  -9999.0  -9999.0  -9999.0  -9999.0  -9999.0  -9999.0  -9999.0  -9999.0  -9999.0  -9999.0  -9999.0  -9999.0  -9999.0  -9999.0  -9999.0  -9999.0  -9999.0  -9999.0  -9999.0  -9999.0  -9999.0  -9999.0  -9999.0  -9999.0  -9999.0  -9999.0  -9999.0  -9999.0  -9999.0  -9999.0  -9999.0  -9999.0  -9999.0  -9999.0  -9999.0  -9999.0  -9999.0  -9999.0  -9999.0  -9999.0  -9999.0  -9999.0  -9999.0  -9999.0  -9999.0  -9999.0  -9999.0  -9999.0  -9999.0  -9999.0  -9999.0  -9999.0  -9999.0  -9999.0  -9999.0  -9999.0  -9999.0  -9999.0  -9999.0  -9999.0  -9999.0  -9999.0
