ncols                  80
nrows                 72
xllcorner      4374000.0
yllcorner      5656000.0
cellsize            500
NODATA_value       -9999
-9999.0  -9999.0  -9999.0  -9999.0  -9999.0  -9999.0  -9999.0  -9999.0  -9999.0  -9999.0  -9999.0  -9999.0  0.964115575516  0.740271257286  -9999.0  -9999.0  -9999.0  -9999.0  -9999.0  -9999.0  -9999.0  -9999.0  -9999.0  -9999.0  -9999.0  -9999.0  -9999.0  -9999.0  -9999.0  -9999.0  -9999.0  -9999.0  -9999.0  -9999.0  -9999.0  -9999.0  -9999.0  -9999.0  -9999.0  -9999.0  -9999.0  -9999.0  -9999.0  -9999.0  -9999.0  -9999.0  -9999.0  -9999.0  -9999.0  -9999.0  -9999.0  -9999.0  -9999.0  -9999.0  -9999.0  -9999.0  -9999.0  -9999.0  -9999.0  -9999.0  -9999.0  -9999.0  -9999.0  -9999.0  -9999.0  -9999.0  -9999.0  -9999.0  -9999.0  -9999.0  -9999.0  -9999.0  -9999.0  -9999.0  -9999.0  -9999.0  -9999.0  -9999.0  -9999.0  -9999.0
-9999.0  -9999.0  -9999.0  -9999.0  -9999.0  -9999.0  -9999.0  -9999.0  -9999.0  -9999.0  -9999.0  -9999.0  1.95056775446  4.11700819391  0.625634646843  -9999.0  0.49703475127  -9999.0  -9999.0  -9999.0  -9999.0  -9999.0  -9999.0  -9999.0  -9999.0  -9999.0  -9999.0  -9999.0  -9999.0  -9999.0  -9999.0  -9999.0  -9999.0  -9999.0  -9999.0  -9999.0  -9999.0  -9999.0  -9999.0  -9999.0  -9999.0  -9999.0  -9999.0  -9999.0  -9999.0  -9999.0  -9999.0  -9999.0  -9999.0  -9999.0  -9999.0  -9999.0  -9999.0  -9999.0  -9999.0  -9999.0  -9999.0  -9999.0  -9999.0  -9999.0  -9999.0  -9999.0  -9999.0  -9999.0  -9999.0  -9999.0  -9999.0  -9999.0  -9999.0  -9999.0  -9999.0  -9999.0  -9999.0  -9999.0  -9999.0  -9999.0  -9999.0  -9999.0  -9999.0  -9999.0
-9999.0  -9999.0  -9999.0  -9999.0  -9999.0  -9999.0  -9999.0  -9999.0  -9999.0  -9999.0  0.981255327562  0.936994287464  0.965818440956  0.940737085209  5.904273392  6.57662960572  1.3698323232  0.431960559169  -9999.0  -9999.0  -9999.0  -9999.0  -9999.0  -9999.0  -9999.0  -9999.0  -9999.0  -9999.0  -9999.0  -9999.0  -9999.0  -9999.0  -9999.0  -9999.0  -9999.0  -9999.0  -9999.0  -9999.0  -9999.0  -9999.0  -9999.0  -9999.0  -9999.0  -9999.0  -9999.0  -9999.0  -9999.0  -9999.0  -9999.0  -9999.0  -9999.0  -9999.0  -9999.0  -9999.0  -9999.0  -9999.0  -9999.0  -9999.0  -9999.0  -9999.0  -9999.0  -9999.0  -9999.0  -9999.0  -9999.0  -9999.0  -9999.0  -9999.0  -9999.0  -9999.0  -9999.0  -9999.0  -9999.0  -9999.0  -9999.0  -9999.0  -9999.0  -9999.0  -9999.0  -9999.0
-9999.0  -9999.0  -9999.0  -9999.0  -9999.0  -9999.0  -9999.0  -9999.0  -9999.0  0.949325439732  1.92607602817  3.81418241686  1.86877511377  0.910764212399  1.79955906784  7.44704395876  9.90595313778  0.517240257839  -9999.0  0.929323215823  -9999.0  -9999.0  -9999.0  -9999.0  0.941732915875  0.477239518532  -9999.0  -9999.0  -9999.0  -9999.0  -9999.0  -9999.0  -9999.0  -9999.0  -9999.0  -9999.0  -9999.0  -9999.0  -9999.0  -9999.0  -9999.0  -9999.0  -9999.0  -9999.0  -9999.0  -9999.0  -9999.0  -9999.0  -9999.0  -9999.0  -9999.0  -9999.0  -9999.0  -9999.0  -9999.0  -9999.0  -9999.0  -9999.0  -9999.0  -9999.0  -9999.0  -9999.0  -9999.0  -9999.0  -9999.0  -9999.0  -9999.0  -9999.0  -9999.0  -9999.0  -9999.0  -9999.0  -9999.0  -9999.0  -9999.0  -9999.0  -9999.0  -9999.0  -9999.0  -9999.0
-9999.0  -9999.0  -9999.0  -9999.0  -9999.0  -9999.0  -9999.0  -9999.0  1.03880005205  2.97652655669  3.89554308981  4.83015559258  6.58981809927  0.888511811531  3.5412055182  4.40580308881  15.6700693346  0.74187393962  0.806001059477  1.78109072561  2.60337406509  0.850122678146  -9999.0  2.52868440654  2.07346778519  0.590112004729  -9999.0  -9999.0  -9999.0  -9999.0  -9999.0  -9999.0  -9999.0  -9999.0  -9999.0  -9999.0  -9999.0  -9999.0  -9999.0  -9999.0  -9999.0  -9999.0  -9999.0  -9999.0  -9999.0  -9999.0  -9999.0  -9999.0  -9999.0  -9999.0  -9999.0  -9999.0  -9999.0  -9999.0  -9999.0  -9999.0  -9999.0  -9999.0  -9999.0  -9999.0  -9999.0  -9999.0  -9999.0  -9999.0  -9999.0  -9999.0  -9999.0  -9999.0  -9999.0  -9999.0  -9999.0  -9999.0  -9999.0  -9999.0  -9999.0  -9999.0  -9999.0  -9999.0  -9999.0  -9999.0
-9999.0  -9999.0  -9999.0  -9999.0  -9999.0  -9999.0  1.06194934431  0.981377926053  0.944991473102  0.956050149358  0.960589596384  6.76769156546  14.2908209455  15.2151282765  16.0374515221  0.809663025941  17.2712330243  18.0773727933  1.64723074303  0.839146897317  3.41190127082  5.92115304073  0.797839974492  4.89234894307  0.855423399188  0.820744112416  0.885036195318  -9999.0  -9999.0  -9999.0  -9999.0  -9999.0  -9999.0  -9999.0  -9999.0  -9999.0  -9999.0  -9999.0  -9999.0  -9999.0  -9999.0  -9999.0  -9999.0  -9999.0  -9999.0  -9999.0  -9999.0  -9999.0  -9999.0  -9999.0  -9999.0  -9999.0  -9999.0  -9999.0  -9999.0  -9999.0  -9999.0  -9999.0  -9999.0  -9999.0  -9999.0  -9999.0  -9999.0  -9999.0  -9999.0  -9999.0  -9999.0  -9999.0  -9999.0  -9999.0  -9999.0  -9999.0  -9999.0  -9999.0  -9999.0  -9999.0  -9999.0  -9999.0  -9999.0  -9999.0
-9999.0  -9999.0  -9999.0  -9999.0  -9999.0  -9999.0  2.11581695524  3.12488415856  7.07163413214  9.8821296292  0.891942135161  0.927343639881  0.891026053088  2.59958140748  19.4427204175  0.778321331059  18.8849075661  22.0437241688  2.45044438546  1.61289118481  6.69806212984  0.827237863394  5.70709653152  1.6150398333  0.807692315054  1.60681966834  1.74511491658  0.870844130452  0.889071599924  0.876288490764  0.904117417936  1.81443734209  -9999.0  -9999.0  -9999.0  -9999.0  -9999.0  -9999.0  -9999.0  -9999.0  -9999.0  -9999.0  -9999.0  -9999.0  -9999.0  -9999.0  -9999.0  -9999.0  -9999.0  -9999.0  -9999.0  -9999.0  -9999.0  -9999.0  -9999.0  -9999.0  -9999.0  -9999.0  -9999.0  -9999.0  -9999.0  -9999.0  -9999.0  -9999.0  -9999.0  -9999.0  -9999.0  -9999.0  -9999.0  -9999.0  -9999.0  -9999.0  -9999.0  -9999.0  -9999.0  -9999.0  -9999.0  -9999.0  -9999.0  -9999.0
-9999.0  -9999.0  -9999.0  -9999.0  -9999.0  1.09177825985  2.15181130526  1.0486234113  2.04487607652  10.8834385147  12.7407338128  14.5999443857  46.2664825646  0.85670113588  20.2927361812  73.2075278501  73.8415376416  96.9562337021  0.683567484992  2.39102613245  7.47983031446  0.776753375246  14.731153796  8.22833241901  4.99535168166  4.18202076385  0.85749050788  2.59726387873  2.60751236914  1.74072665798  0.849806724998  2.68662797298  0.845953973098  0.838696164779  -9999.0  -9999.0  -9999.0  -9999.0  -9999.0  -9999.0  -9999.0  -9999.0  -9999.0  -9999.0  -9999.0  -9999.0  -9999.0  -9999.0  -9999.0  -9999.0  -9999.0  -9999.0  -9999.0  -9999.0  -9999.0  -9999.0  -9999.0  -9999.0  -9999.0  -9999.0  -9999.0  -9999.0  -9999.0  -9999.0  -9999.0  -9999.0  -9999.0  -9999.0  -9999.0  -9999.0  -9999.0  -9999.0  -9999.0  -9999.0  -9999.0  -9999.0  -9999.0  -9999.0  -9999.0  -9999.0
-9999.0  -9999.0  -9999.0  -9999.0  -9999.0  1.096146275  3.21523238103  6.41589749067  7.43208456696  14.7566795206  15.730407992  18.7370074471  30.807983916  48.803412697  50.5482136528  51.3495493097  1.51158615304  99.6474768766  101.039585624  104.993999855  130.358183153  17.1066306565  15.5510975711  5.80943405748  0.800294638457  5.00310476589  3.38880423151  0.768728901004  3.40526010287  0.78252615327  1.61137413639  4.32129551158  5.14149518562  1.65316564572  0.802299823272  0.807850791335  -9999.0  -9999.0  -9999.0  -9999.0  0.519116110537  0.445913604621  -9999.0  -9999.0  -9999.0  -9999.0  -9999.0  -9999.0  -9999.0  -9999.0  -9999.0  -9999.0  -9999.0  -9999.0  -9999.0  -9999.0  -9999.0  -9999.0  -9999.0  -9999.0  -9999.0  -9999.0  -9999.0  -9999.0  -9999.0  -9999.0  -9999.0  -9999.0  -9999.0  -9999.0  -9999.0  -9999.0  -9999.0  -9999.0  -9999.0  -9999.0  -9999.0  -9999.0  -9999.0  -9999.0
-9999.0  -9999.0  -9999.0  -9999.0  -9999.0  1.07606908074  1.04311438431  4.25407251094  5.27825749912  6.32589442529  1.01549704045  2.01896011447  11.3704621994  2.03624624349  0.956072394116  0.889750439906  0.800642930645  0.884813063756  0.854383390754  0.866002821451  131.167673279  133.505151935  0.771634838082  2.35817520965  1.59518714289  5.77578978485  1.54579789487  0.748673125761  4.20906197275  1.53667527159  3.69680892175  9.09087769251  8.39192194563  2.44102033695  2.38414182828  0.818228239461  0.815427219386  -9999.0  -9999.0  0.81857322172  1.17719440031  2.55766920297  0.471865576376  -9999.0  -9999.0  -9999.0  -9999.0  -9999.0  -9999.0  -9999.0  -9999.0  -9999.0  -9999.0  -9999.0  -9999.0  -9999.0  -9999.0  -9999.0  -9999.0  -9999.0  -9999.0  -9999.0  -9999.0  -9999.0  -9999.0  -9999.0  -9999.0  -9999.0  -9999.0  -9999.0  -9999.0  -9999.0  -9999.0  -9999.0  -9999.0  -9999.0  -9999.0  -9999.0  -9999.0  -9999.0
-9999.0  -9999.0  -9999.0  -9999.0  -9999.0  -9999.0  1.10369871461  1.0865709644  2.14908418246  3.21024580936  7.34957308886  9.40750966414  10.4285488096  1.07864757474  0.884669201737  11.4588118927  14.0897530625  14.9282302892  18.4145388921  19.2344398323  0.804448362169  134.305833591  138.195282376  3.1092575194  0.654296135644  6.50732459458  14.4339767811  5.67937806019  1.48672415759  0.750629521792  14.2605486446  9.85290529048  0.730174193127  0.736968412175  3.13160694276  2.40951325004  0.772955573376  0.753814905085  0.798631309  1.60336804778  0.779984071598  3.11279025973  3.86239539789  0.718348327289  -9999.0  -9999.0  -9999.0  -9999.0  0.814049998854  0.779178807564  0.235897151593  -9999.0  -9999.0  -9999.0  -9999.0  -9999.0  -9999.0  -9999.0  -9999.0  -9999.0  -9999.0  -9999.0  -9999.0  -9999.0  -9999.0  -9999.0  -9999.0  -9999.0  -9999.0  -9999.0  -9999.0  -9999.0  -9999.0  -9999.0  -9999.0  -9999.0  -9999.0  -9999.0  -9999.0  -9999.0
-9999.0  -9999.0  -9999.0  -9999.0  -9999.0  -9999.0  -9999.0  1.08738511686  1.01812480639  2.08542819611  3.13504501944  1.03762379853  0.959148029195  5.94890759739  7.8102000416  9.70739458125  0.898728089191  1.79894374  0.882712441618  20.067730624  43.9031487279  44.4199671507  184.040256059  0.77944442254  1.94366464356  0.623980381833  15.147958319  0.733084594039  2.24687743253  0.740349798125  14.9897635819  15.7173148809  1.46574092882  1.47056910897  7.88180155004  3.96849327852  1.53173799206  0.779949868005  1.59741604877  2.39141297226  3.91292759899  0.73300886812  5.27845453391  5.95886285168  0.634018717508  0.673520565433  0.703201034073  0.653017303547  0.630434549526  2.27018947409  0.903839925842  0.604510293099  -9999.0  -9999.0  -9999.0  -9999.0  -9999.0  -9999.0  -9999.0  -9999.0  -9999.0  -9999.0  -9999.0  -9999.0  -9999.0  -9999.0  -9999.0  -9999.0  -9999.0  -9999.0  -9999.0  -9999.0  -9999.0  -9999.0  -9999.0  -9999.0  -9999.0  -9999.0  -9999.0  -9999.0
-9999.0  -9999.0  -9999.0  -9999.0  -9999.0  -9999.0  -9999.0  -9999.0  2.11540199001  3.11169937357  1.03368356149  2.08394132601  3.07171510333  5.04928497564  1.0013119095  0.978507782982  0.88012883675  0.890869078484  0.827901821005  22.1689389009  0.885915940019  1.744401801  186.346041351  188.007680618  0.833734494495  3.61473383786  19.4586577192  1.4506397565  2.91708657775  1.37911576289  2.0385013095  18.5127119242  2.13712229238  11.4438657121  9.31223888057  0.728527681991  3.81647379608  1.53958343583  2.34683723113  0.746708421096  4.63310315621  6.04457745334  6.65309030865  7.23526799269  8.36858003874  1.21512606065  1.28358322327  1.19691860101  1.14302824329  2.85278858873  0.602889478426  2.1255243255  2.6932200425  -9999.0  -9999.0  -9999.0  -9999.0  -9999.0  -9999.0  -9999.0  -9999.0  -9999.0  -9999.0  -9999.0  -9999.0  -9999.0  -9999.0  -9999.0  -9999.0  -9999.0  -9999.0  -9999.0  -9999.0  -9999.0  -9999.0  -9999.0  -9999.0  -9999.0  -9999.0  -9999.0
-9999.0  -9999.0  -9999.0  -9999.0  -9999.0  -9999.0  -9999.0  -9999.0  1.08529833683  5.25531731553  6.27291220828  1.02027483711  2.00617223213  0.985851543429  0.937164608151  0.922941637181  11.341709865  15.0609535432  18.4054823585  21.6162327784  0.806782012122  0.870301385333  0.910523531859  191.718477613  193.435754138  194.203248963  26.1431824295  5.80012442027  5.05837244879  0.642552177334  2.67642314881  21.8414796255  0.649931872587  12.1006431949  0.719888924759  4.94784522768  4.58569085565  0.750727745633  3.09127995034  1.48768513963  2.21782134206  0.674668909744  0.576416884565  7.81122280234  8.34896713143  8.90500285883  1.86039210997  1.75054348172  1.68768829283  3.47586671152  4.68833538598  0.603679569791  3.27942971881  0.62502219531  1.20420461904  0.591731493475  -9999.0  -9999.0  -9999.0  -9999.0  -9999.0  -9999.0  -9999.0  -9999.0  -9999.0  -9999.0  -9999.0  -9999.0  -9999.0  -9999.0  -9999.0  -9999.0  -9999.0  -9999.0  -9999.0  -9999.0  -9999.0  -9999.0  -9999.0  -9999.0
-9999.0  -9999.0  -9999.0  -9999.0  -9999.0  -9999.0  -9999.0  -9999.0  -9999.0  1.08361782752  7.31255134196  8.32336387526  2.99957017455  4.96155698078  6.82571362352  7.75331380552  0.933486927518  2.84284543044  1.869443148  0.9368460251  0.92996711057  0.8724141564  1.73384704991  2.9755563823  1.03828794807  222.197941414  223.039564425  0.766272348891  0.592905501619  1.3022611163  1.94490038912  23.747191039  1.27481154495  12.6935154064  7.65097780117  6.29686352445  0.721176700333  1.45812344311  3.78433281199  0.690317194933  2.89462202541  1.33111866258  1.0333831874  0.491063095766  9.84621006709  19.2019040932  2.27589916718  2.17711038942  2.20273701405  0.520357654844  5.20776099441  0.509553759783  4.40554068975  0.566803632112  1.77824234022  2.81348244591  0.362230065811  0.372476270919  0.452416550547  0.467235313848  0.329806579245  -9999.0  -9999.0  0.239558154369  0.186458174472  -9999.0  -9999.0  -9999.0  -9999.0  -9999.0  -9999.0  -9999.0  -9999.0  -9999.0  -9999.0  -9999.0  -9999.0  -9999.0  -9999.0  -9999.0
-9999.0  -9999.0  -9999.0  -9999.0  -9999.0  -9999.0  -9999.0  -9999.0  -9999.0  -9999.0  0.997991489183  10.3315358576  0.990934531415  1.96860795836  2.87458608474  4.68908493441  0.9299607914  1.90688321488  0.938722362837  0.903287509097  0.855929817905  1.69602837708  0.780891533161  0.865980592905  1.80178374385  1.01742139136  223.865799605  225.407180929  227.609700151  2.59907471276  0.655478363521  1.30618381786  24.4170501684  23.5744426396  9.03874207415  0.688587416279  2.87561427778  2.16433355291  4.47926830146  1.38222768838  5.57566755281  1.99408654195  1.60333360123  0.408080232559  0.519708833477  19.7869815147  20.2978540315  25.2016647209  3.81562378212  1.06860338974  5.76459118367  6.81522391144  11.7272673238  1.11112597167  0.535090552555  3.23895163844  3.95814335922  0.357437234585  0.690110231072  1.2381909215  0.650170019386  0.321335648384  0.315731512612  0.485675322337  0.386199581813  0.188157371147  -9999.0  -9999.0  -9999.0  -9999.0  -9999.0  -9999.0  -9999.0  -9999.0  -9999.0  -9999.0  -9999.0  -9999.0  -9999.0  -9999.0
-9999.0  -9999.0  -9999.0  -9999.0  -9999.0  -9999.0  -9999.0  -9999.0  -9999.0  -9999.0  -9999.0  0.541876272644  11.5278491392  0.949899942038  1.84914772211  8.35532522827  0.934624001122  0.930870285611  0.844906862584  1.78059288141  0.866789492322  3.42141578741  4.98146795422  5.70935415186  2.49496452096  3.20097757886  0.800104629462  0.961925065292  0.872032799096  231.661852594  233.617458379  24.9896809086  24.7220651093  24.1539644234  1.2333962983  0.602712807818  3.52789633379  9.32163422122  5.14315427326  2.04230084947  8.2487881022  3.53651133925  2.93644003589  0.824478146536  0.361960175556  0.341961857359  0.386438825021  27.0183804179  32.4250281541  0.519627970508  0.491731149654  0.524168615633  12.247926471  13.8624873341  0.993800246732  0.4452789092  4.26387447052  0.620844436995  1.57670681581  3.1260581182  4.07537524863  4.68686761068  1.32886438419  0.753177199555  0.626589303382  0.393242373561  0.244813449292  -9999.0  -9999.0  -9999.0  -9999.0  -9999.0  -9999.0  -9999.0  -9999.0  -9999.0  -9999.0  -9999.0  -9999.0  -9999.0
-9999.0  -9999.0  -9999.0  -9999.0  -9999.0  -9999.0  -9999.0  -9999.0  -9999.0  -9999.0  -9999.0  0.508017201997  12.7656401139  15.6922558835  0.909614255939  10.1720227258  0.877975537102  0.852426832117  1.70009865272  4.34664252359  0.850065380603  0.87992532855  0.774617859359  7.24228781173  7.98066257017  11.9557315305  13.4532201166  14.2314287289  14.9753199281  15.8493400863  250.21799317  276.5678826  302.518170939  303.020542108  0.594306313924  0.611339463645  10.628593653  9.98055170897  0.652232538788  0.648959889356  8.87935197161  13.0419674044  0.553825375549  6.53504376154  6.02255369332  1.7174041924  0.825188480042  1.33661786417  0.583106168767  33.4248790986  0.509041322232  1.50945684336  1.92305582518  17.2133072818  18.5848579564  19.460720961  24.0675382028  0.330177931143  0.296113825228  0.267522841979  0.24864475196  5.24213870614  6.84477254937  0.291573873979  1.49506173935  0.617957302407  0.457910764241  0.155214475904  0.132936921565  -9999.0  -9999.0  -9999.0  -9999.0  -9999.0  -9999.0  -9999.0  -9999.0  -9999.0  -9999.0  -9999.0
-9999.0  -9999.0  -9999.0  -9999.0  -9999.0  -9999.0  -9999.0  -9999.0  -9999.0  -9999.0  -9999.0  1.04017714497  2.00570576248  16.6438553028  18.3964961641  0.875871589142  11.7066513542  0.783732723493  2.4107464728  5.14899094049  1.65775911612  0.805498969268  1.61873031628  0.699089881099  1.36206761548  0.683639610067  0.644391946639  0.58321299289  0.532926435088  0.514193732922  0.531256977306  0.694560037035  0.789857529905  0.858892100855  305.086566908  12.8010802102  11.7127607393  0.50813697422  1.88802869366  0.519902102639  0.440850997406  13.631266775  21.9551806128  7.17068003754  5.22869077749  0.973129027337  0.431862588211  0.400491876118  0.886101058656  34.815210523  35.7729166751  0.497897364299  0.513878826273  0.508687613182  0.402044672917  0.742120199473  25.1126385406  25.7567226788  26.3696014575  0.602941184306  0.315448778927  0.277623852509  7.11213394746  7.63601588719  1.70206047015  0.226723187948  0.657209332865  0.304005544689  0.2518593717  -9999.0  -9999.0  -9999.0  -9999.0  -9999.0  -9999.0  -9999.0  -9999.0  -9999.0  -9999.0  -9999.0
-9999.0  -9999.0  -9999.0  -9999.0  -9999.0  -9999.0  -9999.0  -9999.0  -9999.0  -9999.0  -9999.0  -9999.0  0.942509598436  12.2036278624  31.5161423874  34.2418703487  46.7394503159  47.3838963875  11.463757547  8.44306297312  2.47639711709  0.797971544723  3.19170217777  3.95065488629  6.00664239232  1.39433253531  1.31142711719  1.26007256579  2.44798833899  1.15998835672  1.16020905895  0.581549186325  0.460293526276  0.520024478705  305.771592365  319.015415176  319.593312603  0.51654273564  5.17580832965  2.22160088542  0.643965485247  23.8724270921  1.34340305116  0.691168919075  2.89048535732  0.644230706024  0.564546823854  1.06582258325  1.50343525106  1.97749974731  36.5972335862  0.393839591007  0.353024877537  0.35533785828  0.305180907354  0.347980791635  0.848746792671  1.03513804229  27.9167718828  30.1171558232  1.29104247732  0.636954372935  0.345477414213  0.276151002766  9.91780756158  13.2655748076  2.87175178182  1.40701732308  0.834101570727  -9999.0  -9999.0  -9999.0  -9999.0  -9999.0  -9999.0  -9999.0  -9999.0  -9999.0  -9999.0  -9999.0
-9999.0  -9999.0  -9999.0  -9999.0  -9999.0  -9999.0  -9999.0  -9999.0  -9999.0  -9999.0  -9999.0  1.00506841555  9.27781754552  11.2571836746  1.85531624313  0.570927113655  1.33074444195  49.5426762664  50.2272562107  62.3281421027  0.745410515865  1.53701644947  0.688280213313  0.699126895743  6.68400614439  8.75424342721  10.6954819133  0.621300487598  3.06497911018  4.8306054958  2.91517633477  1.17295863657  0.992584569793  0.966720810507  0.955824531147  0.514167374006  320.070946915  320.444545303  326.454123343  1.09436431709  0.573250675998  24.2860225881  1.45147429205  0.736908975494  0.773955619022  0.766282462783  0.710877278391  1.30950451359  3.68818801678  6.17479678603  43.1769406931  0.30553933533  0.925877519196  0.63158870265  0.559714487644  0.271549596554  0.313822280087  0.318360845581  0.23416423268  30.5437153582  0.17580904621  0.516015718702  0.249382785692  0.240350075391  0.219638063698  13.5139977433  0.542746308351  0.228533767877  0.371090706462  0.166230429606  -9999.0  -9999.0  -9999.0  -9999.0  -9999.0  -9999.0  -9999.0  -9999.0  -9999.0  -9999.0
-9999.0  -9999.0  -9999.0  -9999.0  -9999.0  -9999.0  -9999.0  -9999.0  -9999.0  -9999.0  -9999.0  1.02350686697  6.34142261024  1.00638389186  0.920396129634  4.64548310058  5.47710644  6.32178417946  7.13029585575  84.3798913274  85.083451229  86.5351167277  97.1018788697  99.2027796731  100.424682112  101.115222032  113.344765853  115.013165954  115.640225869  121.137458192  124.704899912  125.296422889  127.412697447  1.53238297291  1.43752558911  0.389723355183  0.377169498849  320.900633618  328.461294345  1.61634904171  27.9172009329  27.4117245562  2.74238452773  0.666151989238  0.674560059898  0.654629297769  0.644822741448  1.2951305974  1.8733613615  0.567772928427  43.5617227281  43.9675590188  45.879227779  46.2199300661  47.1014765363  47.6749735078  0.245197050839  0.283932104432  0.243760741346  30.7900493378  31.1709370487  31.9037541069  32.7687936331  0.427682208214  14.5302527896  14.0785434209  0.280287638055  5.36861531022  5.17876670255  0.444521872494  0.264670203729  -9999.0  -9999.0  -9999.0  -9999.0  -9999.0  -9999.0  -9999.0  -9999.0  -9999.0
-9999.0  -9999.0  -9999.0  -9999.0  -9999.0  -9999.0  -9999.0  -9999.0  -9999.0  -9999.0  -9999.0  3.22619475563  4.27591413117  2.02196352593  2.98333587143  0.950576871829  10.7315614323  11.6003689495  13.3295352573  14.1115811405  5.78687235762  93.4807294181  94.1703104256  0.686964622365  0.532684100196  0.489528392479  1.05000852738  0.524386166702  0.440216571878  0.42662365315  0.455102796138  125.86006313  127.988861521  130.065092455  131.985759501  133.40374546  0.654859681003  0.224133803458  357.672258276  28.8381221315  28.4466495298  0.600858947685  0.560611052903  0.524835008234  1.21505564254  1.19710898188  0.557761336658  0.56002218747  0.532839389274  1.09878108714  1.48271998683  0.28700874649  0.53306049477  0.22746238947  0.177872464592  47.8749680638  48.3656702242  48.9374019698  49.4909225403  49.7811600206  50.2049188379  50.3852715703  0.171865428659  33.291935528  0.300185526409  20.5297529505  5.72986479773  0.412239276851  4.57037379125  3.86426915323  0.29417393945  -9999.0  -9999.0  -9999.0  -9999.0  -9999.0  -9999.0  -9999.0  -9999.0  -9999.0
-9999.0  -9999.0  -9999.0  -9999.0  -9999.0  -9999.0  -9999.0  -9999.0  -9999.0  -9999.0  -9999.0  -9999.0  2.1681589158  1.03449907875  0.976700266852  9.00154156831  9.88804497641  0.893391897205  3.5065351861  4.34177708783  5.1095336901  0.82767753454  0.668815456242  14.5402576939  15.1066964635  15.6558293656  40.2100861673  40.6585162958  41.4785288041  45.2301648861  47.6098468995  47.9976298175  0.392079366752  0.406155507728  0.396886769955  133.986575295  0.287769055418  362.777452969  362.371486264  4.32698657786  3.84107230726  2.30071790217  0.579199346669  1.04790410722  1.75049762167  1.73210236837  1.09174276056  0.539162363755  1.06271229699  1.07268190514  1.97190222225  0.362076271825  0.903626400491  1.48360164898  1.8589704845  2.06420841913  0.193378043916  0.194695988898  0.19003689281  0.192694464171  0.215934103709  50.641854022  51.0539015426  84.5365756256  84.6784367196  22.1107409589  1.3182622782  0.899687065376  0.368204288589  3.31629501815  3.04894463217  -9999.0  -9999.0  -9999.0  -9999.0  -9999.0  -9999.0  -9999.0  -9999.0  -9999.0
-9999.0  -9999.0  -9999.0  -9999.0  -9999.0  -9999.0  -9999.0  -9999.0  -9999.0  -9999.0  -9999.0  -9999.0  1.09895481284  3.1060699495  4.09002625942  7.08509445928  0.897799152578  1.8113285864  2.67764724308  10.3309582418  11.1073032205  11.7662289846  12.4882447325  13.2606158107  20.6253339318  22.8543438688  24.0915533952  0.529691319665  2.91402172723  3.39840448022  46.4153610727  48.4283739223  49.3042654985  50.1960683791  51.0114217488  185.305074449  0.224934286585  364.118309574  0.816333003038  0.371656419743  3.27936769235  2.80468702814  0.458728813122  1.54654570264  2.24928119881  2.21345177169  1.54284211144  2.53010363883  4.01301865899  1.53935016048  3.95236747538  0.379432472381  0.627003112082  0.145302594848  0.114490842337  2.39819460018  2.51057659105  0.328461972177  0.336442016289  0.513220701803  0.171661595395  0.177209307556  0.212075759979  120.662672119  120.531004927  35.5205730795  0.376993440619  2.01942814401  1.58048470566  1.0550679027  2.83344650216  1.98048511069  -9999.0  -9999.0  -9999.0  -9999.0  -9999.0  -9999.0  -9999.0  -9999.0
-9999.0  -9999.0  -9999.0  -9999.0  -9999.0  -9999.0  -9999.0  -9999.0  -9999.0  -9999.0  -9999.0  -9999.0  1.04232311743  2.07470402487  0.999011320559  2.00709928388  0.912352802248  6.82282038106  8.58588490303  9.48448568821  0.84307234914  1.64211579417  15.4111623761  19.263130995  19.9510989868  1.51685199152  1.41454818653  2.04414522071  0.439634769642  0.408706194197  0.772624605584  0.355150997224  22.9320148137  23.3357117301  23.65211408  185.732901839  367.020688312  364.492736255  0.581222479077  0.260068950818  0.237879803324  1.03102027566  0.795354172543  1.95074704407  2.71124334748  5.42753621264  0.502105086105  0.501127772958  4.46405236239  4.92820184459  9.72073085559  10.0233014019  10.7983970024  11.0681936353  0.236627464685  0.364898341916  2.62481942255  127.584195115  124.539584557  123.891683662  123.010144499  0.156632076956  121.955096578  0.315682180231  0.203510258079  12.8465401182  3.26517230167  3.00402199526  0.530402976274  0.566248406229  0.516166785075  1.68559931151  -9999.0  -9999.0  -9999.0  -9999.0  -9999.0  -9999.0  -9999.0  -9999.0
-9999.0  -9999.0  -9999.0  -9999.0  -9999.0  -9999.0  -9999.0  -9999.0  -9999.0  -9999.0  -9999.0  -9999.0  -9999.0  1.01912130621  2.03840127934  3.05652702123  4.94034055422  0.975856837084  0.904754277569  5.99195909167  6.83547004073  13.8719173754  14.7329901683  2.43374010201  0.804653633107  0.745156836285  0.693380606798  20.4189188528  20.9316429726  21.4086189458  21.8038255215  22.5465186024  4.30966001725  4.66243458171  28.6027504671  581.566110603  2.11204282004  1.69194522493  0.872924205274  0.230511663789  0.203532988377  1.49844906799  1.66291479725  2.37637921476  0.218291162613  5.71255189314  0.867386423591  0.853980489509  0.203926496251  0.137086574764  0.118700078493  0.116824580532  0.123385137765  11.2292115712  151.661491655  139.876565034  139.515562494  127.720444888  0.169294072797  0.155930527002  0.226706300403  122.204725924  0.514145757692  0.229572183527  0.240351595818  0.234433841732  9.11409627004  8.63377315022  0.995499171304  0.510223731868  0.599565264819  0.596245689329  -9999.0  -9999.0  -9999.0  -9999.0  -9999.0  -9999.0  -9999.0  -9999.0
-9999.0  -9999.0  -9999.0  -9999.0  -9999.0  -9999.0  -9999.0  -9999.0  -9999.0  -9999.0  -9999.0  -9999.0  -9999.0  -9999.0  0.985809878492  1.8053284034  2.53910695584  3.2873332497  4.18915953944  5.1122464364  2.71962866328  4.52415896963  0.856910950105  0.826019879234  16.7253052902  18.3032232572  19.0330071527  19.8018772039  0.61079794073  1.11627589935  2.91983419516  3.44407009665  3.90359931778  0.427187998547  0.286541649842  582.572768264  0.409786146355  0.480132877173  0.231860741807  0.953488795647  0.461375928014  0.213908760749  4.25678725869  4.42316556816  0.136901458785  5.86181562846  6.86024483747  1.00731428986  157.804987038  157.482555874  157.210776858  156.671623739  156.45285417  152.570537871  152.406454669  0.264717699246  11.7060103067  11.0787572989  10.4737713108  10.3122966122  5.69752832378  5.53360513534  5.17218612153  1.62600032094  1.44478255348  0.964337133316  0.253037309709  8.24771581432  7.21489244359  0.473240701164  0.909008004922  0.411451323637  -9999.0  -9999.0  -9999.0  -9999.0  -9999.0  -9999.0  -9999.0  -9999.0
-9999.0  -9999.0  -9999.0  -9999.0  -9999.0  -9999.0  -9999.0  -9999.0  -9999.0  -9999.0  -9999.0  -9999.0  -9999.0  -9999.0  0.184174655532  0.422512686134  0.730991459988  6.51242079691  7.45434865458  0.948108565486  0.915537218988  0.907483198868  13.4164880983  15.1529322036  0.842360853481  0.85226270297  0.717444332416  2.98126619421  3.71156344985  1.8566867381  2.39716268702  17.0185682743  17.5904633141  18.5113184929  29.5092411728  612.316845484  0.387635450099  0.193186970878  1.45877501754  1.21046088232  0.189040199439  0.600167991727  0.77933745462  4.61764963846  4.77441853676  12.0395154239  6.99102397291  1.17975104545  161.264777107  1.47890566201  156.962297002  156.824758634  3.67001650791  0.248452083845  0.568401591368  0.296407948828  0.348750238516  0.476224510169  0.238250143921  4.46522976224  3.76141157692  0.23945756454  3.40458464381  0.527802942346  0.310191749626  0.716531153232  0.354039130811  0.795370799138  5.76777638001  4.9186989247  0.385524734818  0.623290686725  0.316626014277  -9999.0  -9999.0  -9999.0  -9999.0  -9999.0  -9999.0  -9999.0
-9999.0  -9999.0  -9999.0  -9999.0  -9999.0  -9999.0  -9999.0  -9999.0  -9999.0  -9999.0  -9999.0  -9999.0  -9999.0  -9999.0  0.943319229552  1.54329458122  3.2385216993  5.63716777158  8.11880454316  9.89011945885  10.7979739935  11.7129377967  12.5980627321  0.854843543138  0.79339894864  1.56408222808  1.4804555353  0.780182113901  14.7003907878  15.4136035142  16.0709496149  16.7025374221  9.65454354248  10.179008315  10.6830476962  612.512194289  0.663586895051  0.481877075922  2.12380331387  0.251204669804  0.347143864009  0.177743283527  0.165724667919  0.938446300072  0.126778028114  0.135221818616  174.086798954  161.947318363  161.812760888  0.611176534542  1.3529827218  0.884527039142  0.215748980796  3.27945765403  0.949393895085  0.754134366134  0.557110855484  0.3888197009  0.221204197055  0.510931908582  3.54991245756  2.997368221  2.47152958377  2.64268010684  2.44490031281  2.28434254035  0.231842814071  0.413128048711  0.41892786396  3.64702400981  2.85005057629  1.71014009218  0.258254975904  -9999.0  -9999.0  -9999.0  -9999.0  -9999.0  -9999.0  -9999.0
-9999.0  -9999.0  -9999.0  -9999.0  -9999.0  -9999.0  -9999.0  -9999.0  -9999.0  -9999.0  -9999.0  -9999.0  -9999.0  -9999.0  0.657965403689  0.60558870018  1.18469164909  1.81392634173  0.913036404945  1.01654235677  1.96291887687  2.89848198853  4.69103314205  5.57205024815  6.35809203135  8.73821632031  9.48647874129  10.3039295036  0.737942640751  7.37523835376  8.0206837004  8.62626923  0.501963661497  0.304171230951  0.542877157618  623.683510981  623.870634156  624.902939518  2.84373572908  0.519553220809  0.570584925902  0.156890306846  0.293633607219  1.0709644427  1.31177112888  0.24545170055  174.697361589  0.194967225274  0.337198849889  0.382604489336  0.270137379458  0.510216773454  0.206993909039  2.12032517338  1.67292204848  1.24556042238  0.64350797915  0.450904775208  0.250681168254  0.283526702788  0.316983516752  0.319662610354  2.24884570408  1.70505312341  1.17201455787  0.629610699109  2.09548682789  1.53172837217  0.386475856706  0.452071243193  0.387608578695  0.801902019485  0.435731930905  -9999.0  -9999.0  -9999.0  -9999.0  -9999.0  -9999.0  -9999.0
-9999.0  -9999.0  -9999.0  -9999.0  -9999.0  -9999.0  -9999.0  -9999.0  -9999.0  -9999.0  -9999.0  -9999.0  -9999.0  -9999.0  -9999.0  0.567650550697  1.12433908251  0.558413329636  1.17098972026  7.41927940153  8.24927835421  9.16366538605  0.889555285917  0.889409902429  1.67729674363  2.49532436624  3.97940358293  4.74282752753  5.21284287187  5.92014259959  0.607125554814  0.575089248458  9.66003155371  9.94685134201  10.1909302777  10.4261272806  8.75603442868  634.621044638  638.897066762  639.100121169  639.855896396  640.755509246  641.163781387  0.122743508711  1.42505332415  174.81152866  0.294491324774  0.151668308873  0.148999851658  0.137047369145  0.243733254202  0.256164672266  0.151192352369  0.23587271258  0.230141379124  0.431989962026  0.202540338706  0.157145876418  0.591616945211  0.423312297657  0.230284321804  0.225931121807  0.252669626382  0.266964628115  0.291111761923  0.348997378764  0.356064759501  0.760350460768  0.261884563007  0.724765740003  0.30231301047  0.305973119739  -9999.0  -9999.0  -9999.0  -9999.0  -9999.0  -9999.0  -9999.0  -9999.0
-9999.0  -9999.0  -9999.0  -9999.0  -9999.0  -9999.0  -9999.0  -9999.0  -9999.0  -9999.0  -9999.0  -9999.0  -9999.0  -9999.0  -9999.0  -9999.0  1.67510828116  2.28710528051  4.11032826645  5.57516416206  0.809449165545  10.960510262  11.8411422045  12.6903541775  0.827792597021  1.63817717161  0.7413332046  5.54810493349  5.98845740474  6.66181422263  7.33522318745  8.98686303783  9.23661692684  0.162371725424  7.85240086786  8.32016173572  8.53507240221  9.52178924267  1.23810749464  0.784384788696  0.488019269102  0.473223441923  641.639212512  641.811940293  644.25669511  174.922242575  0.786255903404  0.390815076693  0.256917723769  0.0859155998542  0.777521576088  0.423268731672  0.131956555542  0.755036602639  0.644389140143  0.117494700016  1.17568193086  1.06163209218  0.765188528371  0.158213813985  0.493446905543  0.364345807735  0.148542425387  0.396870905908  0.24749743496  0.311430346212  0.301320774479  0.201540320407  0.454894233945  3.16521130296  1.7422435152  1.09829585032  0.435772652737  -9999.0  -9999.0  -9999.0  -9999.0  -9999.0  -9999.0  -9999.0
-9999.0  -9999.0  -9999.0  -9999.0  -9999.0  -9999.0  -9999.0  -9999.0  -9999.0  -9999.0  -9999.0  -9999.0  -9999.0  -9999.0  -9999.0  -9999.0  0.614232531163  2.89011544852  3.53593251378  0.855122232105  0.948764230416  1.91416043465  2.82433149124  16.3759489109  0.830400420532  3.32249548988  4.0839955421  4.84305739527  0.460662962952  1.08972563783  1.48013753431  6.28909429673  7.04276201529  7.23459923689  0.226631598816  0.240304913996  0.298062985144  0.545916934288  0.240114680942  0.259196378868  0.414259555004  0.376805512322  0.412532751299  0.908407848471  644.456760094  819.873375242  0.966436099382  0.212963135184  0.0832622662602  2.49332322296  2.30397116894  1.39227177171  1.25666528502  0.948058352595  0.23077739479  0.169115868004  1.28951854349  0.567318077855  0.444561970512  0.138429266764  0.633205851211  1.11792553437  0.936947868002  0.582573753256  0.237651367416  0.879860151104  0.6187708606  0.38698905708  3.90158550581  3.75251031097  0.320937624293  0.295978936198  0.270874139534  0.249801793828  -9999.0  -9999.0  -9999.0  -9999.0  -9999.0  -9999.0
-9999.0  -9999.0  -9999.0  -9999.0  -9999.0  -9999.0  -9999.0  -9999.0  -9999.0  -9999.0  -9999.0  -9999.0  -9999.0  -9999.0  -9999.0  0.498221346188  1.67715613886  0.561922627356  0.984418535858  1.04004427877  2.00482870035  2.95128242711  3.77189879563  20.7660879216  21.5776901685  0.83391773972  1.60572010205  2.38289519738  2.97255203358  3.62827587089  5.6070145473  6.04840187932  0.490402645556  0.389896037518  0.354598517105  0.424392266033  0.443711040781  0.45696649107  0.398831951867  0.502548102279  1.38044056101  0.634920967558  0.180202991623  0.171668580723  0.182153520639  0.340879247979  827.529399728  6.46625134288  2.89504687403  0.202530785294  0.0866458608309  0.078492352332  0.30254501314  0.216495858139  0.114461184521  0.1132043031  1.53512175123  2.23298799341  2.43978495322  0.0969871339465  2.03127450762  1.2905116464  0.143264045374  0.12252673746  0.252812298805  1.84474018884  0.803350492837  0.531457493163  4.05907817654  0.170146075986  0.198248900386  1.04949252984  0.530275271162  0.879391062699  0.371215810753  -9999.0  -9999.0  -9999.0  -9999.0  -9999.0
-9999.0  -9999.0  -9999.0  -9999.0  -9999.0  -9999.0  -9999.0  -9999.0  -9999.0  -9999.0  -9999.0  -9999.0  -9999.0  -9999.0  0.530616285013  1.01262127191  3.72926117394  0.529793151182  1.80298947961  2.8277939193  3.79960015549  0.985518563821  1.86977579844  2.61672992239  24.7777581447  0.795428807792  1.52861982136  2.28359914755  0.706741691969  1.40417548789  1.87912517704  2.31858366244  49.4263414866  50.1872634298  50.8755556888  53.7793580804  55.0967798018  57.5265604664  0.595314465798  1.38762074621  1.68225300181  64.3083833076  64.6567119815  0.15771174523  0.290353885622  0.416653736479  827.662521315  6.03425048602  2.88931975658  2.78820303563  2.10227930971  1.80353323189  0.400988013519  0.0927665298392  0.191180668234  0.101491779945  0.10424112732  0.228876236811  2.57338531148  4.8471467055  2.17529642685  0.399502788183  0.273402432813  0.148083890138  2.61389844146  2.21116486624  0.195684324792  4.94676562315  4.23190747062  0.327403207086  1.98262203182  1.25468463264  1.35849012009  1.14856032357  0.254287016336  -9999.0  -9999.0  -9999.0  -9999.0  -9999.0
-9999.0  -9999.0  -9999.0  -9999.0  -9999.0  -9999.0  -9999.0  -9999.0  -9999.0  -9999.0  -9999.0  -9999.0  -9999.0  -9999.0  0.547662028896  1.64554362071  5.91361472166  8.69319900917  0.469612759038  11.4799598294  15.8898711803  0.952073555192  1.83899915046  2.63779931632  32.2619878187  32.894179305  0.67716350364  3.65836024526  4.30708691282  4.90550804201  44.4944857591  45.9187288275  46.694888909  0.365664908048  2.08288679076  2.47205416408  1.08889360366  1.58006292281  59.6725863259  61.7199634763  62.0897805492  62.4345569131  65.0302827724  0.182492764251  0.15510187224  0.693392486365  827.783903472  0.150714170919  0.204209609274  0.601358670285  0.222552914444  1.64858067247  1.28233172677  0.752759350766  0.550196940049  0.23636794911  0.106931243595  0.335493011814  0.0909848611265  4.9522477777  0.592434771334  0.491175112325  0.0848244852696  0.23704590502  2.7257587954  0.092641116079  0.136865605578  5.09807359623  0.120466083524  2.27761414235  2.1516594232  1.88357467963  1.73299997347  0.180486011246  0.680606848148  0.216076504143  -9999.0  -9999.0  -9999.0  -9999.0
-9999.0  -9999.0  -9999.0  -9999.0  -9999.0  -9999.0  -9999.0  -9999.0  -9999.0  -9999.0  -9999.0  -9999.0  -9999.0  -9999.0  -9999.0  -9999.0  1.14559398678  2.29416485865  10.312304168  10.910590142  16.404930036  17.0189228677  0.928521365517  1.85420021843  4.34251828123  33.4301758499  34.8046924412  35.3923756848  0.482488757321  37.5812583174  39.0770635975  0.92382049266  0.370764658776  0.728182819407  1.41089395449  0.334000086241  0.667404251463  1.46930384956  1.8372810791  0.339325233578  0.219754346736  0.434893295586  66.7238047775  67.2981290843  67.4288103941  68.4748915773  827.8897056  0.0906119930764  0.14414558182  0.166973353587  0.157932827367  0.162321081038  0.13771545451  0.256448374488  0.0674518638417  0.183784879863  0.113606131085  0.121758117846  0.578640929361  5.79185721773  6.53783689529  6.65593331725  7.0767102724  0.092182134335  2.81882334339  0.448758309656  0.261897232847  5.19988969241  5.42055270848  2.39248304754  2.54408459184  2.08540806591  1.26425861643  1.09407139816  0.911720799739  -9999.0  -9999.0  -9999.0  -9999.0  -9999.0
-9999.0  -9999.0  -9999.0  -9999.0  -9999.0  -9999.0  -9999.0  -9999.0  -9999.0  -9999.0  -9999.0  -9999.0  -9999.0  -9999.0  -9999.0  -9999.0  0.597654659615  0.582110593049  0.583022029187  1.22602484248  0.536868258028  18.0812764481  18.6459609897  0.846289088563  1.70676234478  0.831899523699  0.712705560625  0.693130945891  36.639462321  0.5062578488  1.01617964153  0.492007997905  0.398766503997  0.350111984565  0.271779025184  0.28283336421  0.856456276607  1.17183587148  0.222177850826  0.192049717142  0.409271524239  0.678208094649  0.937989225817  0.289147290494  67.6359749955  68.6080589248  827.953761087  0.519825245342  0.349444912471  0.0970376298473  0.232180703488  0.0762194375638  0.0558915795641  0.318197636043  0.350975566267  0.235597745568  0.053409212283  0.0561220631615  0.204236297593  0.131497998374  0.0881722842073  0.0970782011206  0.102973587882  10.8268992125  3.35060618293  0.0795691951326  0.136641526514  0.0650422028881  12.5169585878  7.02122861003  6.92924917277  2.23944349259  1.56418293746  0.139865881179  -9999.0  -9999.0  -9999.0  -9999.0  -9999.0  -9999.0
-9999.0  -9999.0  -9999.0  -9999.0  -9999.0  -9999.0  -9999.0  -9999.0  -9999.0  -9999.0  -9999.0  -9999.0  -9999.0  -9999.0  -9999.0  -9999.0  -9999.0  -9999.0  0.575544449056  1.749149363  2.21398212319  2.72917445722  19.1504701393  19.6678483871  20.2063191888  20.8752574166  21.5494900329  22.9385026289  23.4247530151  23.9045244436  24.3131157522  0.357378631351  0.333965536951  0.347473052555  1.19922023369  0.314496895956  0.295535811756  0.233592116044  0.669347212404  0.254887360244  0.192156908057  0.17812916765  0.152977229271  0.305262309947  0.432792544497  69.4746445103  898.023452433  0.0755448602928  0.171368402513  0.0792711217561  0.317022383429  0.17853801504  0.112390106241  0.938209088883  0.570992892039  0.169482775941  0.113441264665  0.320119583724  0.0626856287752  0.209673933395  0.146328539702  0.267424394894  0.093239631926  0.116733790225  10.9222962021  11.2221552013  15.2176171847  15.1344683267  15.0414888973  0.105474655205  1.9919702206  1.87208121974  0.141396206257  -9999.0  -9999.0  -9999.0  -9999.0  -9999.0  -9999.0  -9999.0
-9999.0  -9999.0  -9999.0  -9999.0  -9999.0  -9999.0  -9999.0  -9999.0  -9999.0  -9999.0  -9999.0  -9999.0  -9999.0  -9999.0  -9999.0  -9999.0  -9999.0  -9999.0  -9999.0  0.469981853639  3.80477714814  7.57333708388  8.1284521035  0.819810238884  1.66998480092  2.53861064631  3.27617423458  8.12295018422  8.52139700913  0.382655327882  0.375382243056  25.0573943834  25.7154402801  26.0231345201  1.43363887695  0.208063338879  0.520632080273  0.760604334702  2.24573860784  2.73107331844  3.09973328411  0.337902569353  0.466223714052  0.153296637639  0.298252436957  0.150447188309  898.270952238  0.0699736558607  0.301342065062  0.165523783317  0.546459749535  1.02338695274  1.17588167595  2.15427737516  0.711267715539  0.664668093415  0.507308655031  0.465290326264  0.100436020375  0.247143878405  0.340576696442  0.307430612693  0.0423773684931  27.2226821402  27.0611354165  26.9765658805  15.5127790264  0.143681818576  2.27695097307  1.65056247251  1.10333070726  0.696774720492  0.121783877647  -9999.0  -9999.0  -9999.0  -9999.0  -9999.0  -9999.0  -9999.0
-9999.0  -9999.0  -9999.0  -9999.0  -9999.0  -9999.0  -9999.0  -9999.0  -9999.0  -9999.0  -9999.0  -9999.0  -9999.0  -9999.0  -9999.0  -9999.0  -9999.0  -9999.0  0.533518050389  1.71329698533  3.34430651112  4.35731595842  11.2541890801  11.9439223188  1.7929405147  2.67165262088  3.45036470782  4.18808474488  8.97879324087  9.779416966  17.6585426875  18.3202052189  18.6861989224  26.3291946396  28.5237839459  0.508990948956  0.337387231364  0.320366818685  0.604904580982  0.265906313324  3.59592974389  3.77201524913  0.610786837497  0.835148738377  0.174044542806  190.059641836  190.35154983  1088.76420164  1089.14634503  0.0680748922283  0.692929469483  0.0917094205055  0.0839047903629  2.33382790539  3.11417144598  0.618984352323  0.56343584473  0.0940954838591  0.0498164659219  0.295041271381  27.8523792719  27.4759979675  27.4299810503  27.3238903745  0.11997196886  0.126639654285  0.14417370835  0.154142412173  0.493575474974  0.331384774484  0.308224851655  0.465377812963  0.146897508295  -9999.0  -9999.0  -9999.0  -9999.0  -9999.0  -9999.0  -9999.0
-9999.0  -9999.0  -9999.0  -9999.0  -9999.0  -9999.0  -9999.0  -9999.0  -9999.0  -9999.0  -9999.0  -9999.0  -9999.0  -9999.0  -9999.0  -9999.0  -9999.0  -9999.0  -9999.0  0.617552869407  0.598510374674  1.12172847882  2.65116412804  12.4587024558  0.915529330331  0.905351407963  1.67730163131  2.46300862495  6.1162708739  6.69092906746  0.436895534796  0.430947032096  19.1321011422  19.4564514799  48.3138088736  48.611082623  0.181726355195  0.159987658039  0.131003885369  0.132281846439  0.138144516937  186.700197468  187.734317995  188.808164769  189.202650457  189.867875083  0.160315607773  0.585046872319  0.707481291835  1090.06032598  1090.08945305  1090.23630307  1090.42005151  1090.56328057  3.25495311712  0.044368885087  0.180055880502  0.143871386191  0.035362668633  0.330200988036  27.9991370929  0.104247974292  0.0575597987035  0.513480879409  0.459878692618  0.377706950833  0.294086349289  0.166438571042  0.189159512341  0.179342343891  0.15803325199  0.167478276557  -9999.0  -9999.0  -9999.0  -9999.0  -9999.0  -9999.0  -9999.0  -9999.0
-9999.0  -9999.0  -9999.0  -9999.0  -9999.0  -9999.0  -9999.0  -9999.0  -9999.0  -9999.0  -9999.0  -9999.0  -9999.0  -9999.0  -9999.0  -9999.0  -9999.0  -9999.0  -9999.0  -9999.0  0.541459835809  0.570744269585  1.05191480379  14.5149776564  15.1050197128  0.893817189125  1.65983998143  2.46013804489  3.11721013851  0.595019334131  1.10351048069  37.4064447063  37.7731963748  38.1722071877  40.9445120095  89.9129829647  179.557197971  179.990882675  180.374856033  180.742267223  182.27008611  182.756921424  0.854603438606  0.379053833531  0.220403671179  0.41379497652  0.288460901895  0.460676762632  0.140421864487  3.44029378709  3.70439843539  3.90194014273  3.95600166208  1090.60726376  1093.98186689  1094.30828079  0.239560935875  0.040549009368  0.438389027232  0.371623296014  28.0855915604  0.0451614494171  1.06591628281  0.487451410631  0.421477871963  0.298079211283  0.155833388019  0.248606000226  0.129571565689  -9999.0  -9999.0  -9999.0  -9999.0  -9999.0  -9999.0  -9999.0  -9999.0  -9999.0  -9999.0  -9999.0
-9999.0  -9999.0  -9999.0  -9999.0  -9999.0  -9999.0  -9999.0  -9999.0  -9999.0  -9999.0  -9999.0  -9999.0  -9999.0  -9999.0  -9999.0  -9999.0  -9999.0  -9999.0  -9999.0  -9999.0  -9999.0  0.552991490171  1.05712361648  1.56464874383  15.5433695173  0.662227677921  21.6470227019  22.4697875395  23.0893407925  23.6440810511  35.2804030494  35.8152443887  0.401558921573  2.02512467708  2.44609543232  0.369830159041  89.2141157358  88.5547279753  0.202153639959  0.462438132883  1.21192119419  0.263911975323  0.264111214683  0.189884652632  0.15359578255  0.119230272649  0.134139682688  3.00725185234  3.14241212547  3.30658952106  0.16491961911  0.126116476537  4.0278900189  4.09486150042  4.13116057441  1094.33418556  1094.36072634  0.545377838768  0.472774129882  29.2664555849  29.2328906071  1.10791709359  0.101911016722  0.0521870005399  0.765886973177  0.663564506226  0.53658990944  0.364740202182  0.196357793272  0.0906082742874  -9999.0  -9999.0  -9999.0  -9999.0  -9999.0  -9999.0  -9999.0  -9999.0  -9999.0  -9999.0
-9999.0  -9999.0  -9999.0  -9999.0  -9999.0  -9999.0  -9999.0  -9999.0  -9999.0  -9999.0  -9999.0  -9999.0  -9999.0  -9999.0  -9999.0  -9999.0  -9999.0  -9999.0  -9999.0  -9999.0  -9999.0  0.49781889977  0.465782702884  2.42478767493  19.0118926584  20.2071882459  20.8860412555  0.78834329583  10.2096983105  10.8048327272  11.083123801  0.508131676533  0.937641886958  1.30463373745  21.4106309412  21.6904581979  21.9312301549  88.1211208448  51.9010421472  0.252526266979  0.254683359223  0.244602354338  0.18240760863  1.88480739747  2.23422989845  2.53996467833  2.70410338211  2.8618509387  21.3401120833  21.4497999926  21.6313268709  22.0782500172  23.4631422381  23.51285885  27.6948712596  0.0381042592254  1094.38110955  1094.41396416  0.587713242178  29.2953326472  0.0669156484205  0.0332572523081  0.147970313659  1.15901562422  1.11597405802  0.240481407977  0.124305852342  0.431418710549  0.311232601167  0.0896823296564  0.0783160069395  0.0769991776212  -9999.0  -9999.0  -9999.0  -9999.0  -9999.0  -9999.0  -9999.0  -9999.0
-9999.0  -9999.0  -9999.0  -9999.0  -9999.0  -9999.0  -9999.0  -9999.0  -9999.0  -9999.0  -9999.0  -9999.0  -9999.0  -9999.0  -9999.0  -9999.0  -9999.0  -9999.0  -9999.0  -9999.0  -9999.0  -9999.0  0.973648374906  1.49391898984  0.585722481573  0.90927941575  7.32359577475  8.14277405829  8.78503169385  4.42024173549  4.95880237923  5.50971597346  5.90984440784  20.7922569955  21.1661034276  13.4971439447  35.7191675699  35.9891663552  51.6972624944  0.501837594408  0.249901183916  0.175490146606  1.30960034635  1.52843273561  0.121970024273  0.1122352971  20.8483880268  21.1148912724  21.2382607904  0.207551007801  0.314254681895  23.2605140682  0.128825378171  0.365129894842  0.401374459843  28.1683215486  28.2038752472  28.6685026065  1123.6894856  29.3942988456  1.47046451815  1.43715577363  1.39427142654  1.19895784946  0.0540925770358  0.625265037174  0.547471995748  0.180740837492  0.0834516269112  0.15416623889  0.349382190072  0.195126521906  -9999.0  -9999.0  -9999.0  -9999.0  -9999.0  -9999.0  -9999.0  -9999.0
-9999.0  -9999.0  -9999.0  -9999.0  -9999.0  -9999.0  -9999.0  -9999.0  -9999.0  -9999.0  -9999.0  -9999.0  -9999.0  -9999.0  -9999.0  -9999.0  -9999.0  -9999.0  -9999.0  -9999.0  -9999.0  -9999.0  0.489864460676  0.968419613669  4.21623939147  4.83239907444  5.58978955562  3.18229294812  3.87388009206  0.564469881973  13.5272899868  14.0377664673  14.5129904896  0.406847555893  12.8007965108  13.1877487801  0.285746830805  50.3741677375  0.578734445395  0.288800217239  0.708490977245  0.959236955246  0.179144039659  0.144900248523  19.4424404139  20.608728652  20.7665287428  0.166457127006  0.339541310289  0.431734920107  0.517485964033  1.03053692819  0.13147389709  0.29978302274  0.0586840041899  0.114799536022  28.5890840459  28.6316665848  1123.72251712  1154.79185567  1.64651760279  0.119926179675  0.0570987499642  0.0871341067847  0.0427971407269  0.678622941584  0.364627861625  0.278371535169  1.00409920964  0.903144319949  0.633180772689  0.141133663297  0.0807173177157  -9999.0  -9999.0  -9999.0  -9999.0  -9999.0  -9999.0  -9999.0
-9999.0  -9999.0  -9999.0  -9999.0  -9999.0  -9999.0  -9999.0  -9999.0  -9999.0  -9999.0  -9999.0  -9999.0  -9999.0  -9999.0  -9999.0  -9999.0  -9999.0  -9999.0  -9999.0  -9999.0  -9999.0  -9999.0  0.482381952062  1.54032044667  2.74640833606  0.715545077818  1.57328413177  2.41799576444  11.2683557116  11.9220246441  12.4606542811  0.50188844295  10.2045079761  11.6646579716  12.0785257261  0.325539293541  49.188406584  49.8227813401  0.290841673551  0.265411696862  0.514208957517  0.202395212728  18.5083028449  18.8587874247  19.0540753667  0.751525644204  0.912659108735  0.138816514063  0.243702467243  0.105854351733  0.749164293091  0.107230901743  0.0759911295598  0.0802069035707  0.0825261024277  0.168428101676  0.224592906564  81.3999825333  81.5207954174  1236.42872653  1236.50684126  1236.56815093  0.0826031525934  1.37887467106  1.26498754916  0.509406162341  0.475788312661  0.0612605517968  1.18668644449  0.0833154161143  0.0772518072087  0.0644608399093  0.289196418783  0.122848176361  -9999.0  -9999.0  -9999.0  -9999.0  -9999.0  -9999.0
-9999.0  -9999.0  -9999.0  -9999.0  -9999.0  -9999.0  -9999.0  -9999.0  -9999.0  -9999.0  -9999.0  -9999.0  -9999.0  -9999.0  -9999.0  -9999.0  -9999.0  -9999.0  -9999.0  -9999.0  -9999.0  -9999.0  -9999.0  0.54968273238  0.634132234985  0.82576784772  7.37830299394  8.17572296794  10.5248414064  0.688651837135  8.07811416721  9.25571637888  0.509249442081  1.02936614851  0.38234575657  48.1938153456  0.387798403789  0.966036017019  1.18992053695  1.40301165827  17.2404191454  17.9453446256  18.1667636747  0.224129474314  0.407947588303  0.572501998983  0.0939771520727  0.0836165165586  42.6311439812  42.7127709164  42.7779545071  43.4503243971  43.5330122217  43.6353100559  43.698422445  70.2752185705  70.3413646524  81.3601568212  0.0763853754257  0.0883965834107  0.148230520741  1236.72575849  1236.94055069  1238.37310494  1238.38059297  0.0696079318713  0.0400143562205  1.32508254959  1.2814768556  0.0581701931003  0.160889922279  1.20308560396  0.75496484716  0.655695927335  0.178258164155  -9999.0  -9999.0  -9999.0  -9999.0  -9999.0
-9999.0  -9999.0  -9999.0  -9999.0  -9999.0  -9999.0  -9999.0  -9999.0  -9999.0  -9999.0  -9999.0  -9999.0  -9999.0  -9999.0  -9999.0  -9999.0  -9999.0  -9999.0  -9999.0  -9999.0  -9999.0  -9999.0  -9999.0  0.48362619927  1.34420317291  2.9250542984  6.55736069052  0.856793465505  1.62772190032  6.18518855971  6.84814642034  0.609948252347  11.9407563234  12.4596305068  46.9903977685  47.4013449603  0.338120982691  0.636989084638  2.85196702482  14.8969678306  15.6805590594  0.505044097558  0.2247345533  0.171733400159  37.5740270269  37.8789583994  38.1201001555  38.3572400199  42.5564490447  0.243307004104  43.372739931  0.132579278375  0.0847683828006  0.152627373842  26.4354014781  26.5318166849  10.6810865058  10.9403074059  0.172886289659  0.0841770389639  0.097984849692  0.0831756789039  0.124504672669  0.0460701999167  1294.99441808  1295.08195292  1.67042199452  1.40041286241  0.0432587289896  1.81486251081  1.69621528568  1.43360544748  0.126343131357  0.156520083831  0.18665360575  -9999.0  -9999.0  -9999.0  -9999.0  -9999.0
-9999.0  -9999.0  -9999.0  -9999.0  -9999.0  -9999.0  -9999.0  -9999.0  -9999.0  -9999.0  -9999.0  -9999.0  -9999.0  -9999.0  -9999.0  -9999.0  -9999.0  -9999.0  -9999.0  -9999.0  -9999.0  -9999.0  -9999.0  -9999.0  1.03526673883  1.99062503179  2.84933449051  4.59920633353  5.38619407774  8.8516270179  10.3276571972  10.8637346928  11.4042211918  33.6309105673  34.1097098986  0.34956475211  2.21061496823  2.57249795648  11.4182641562  11.7770640767  0.49706137234  0.194679682898  36.643859573  37.0876677413  37.2756447596  0.167174176372  3.78961079737  3.93028434154  4.08233566452  0.128444786279  0.0936069566413  0.0687375019249  0.0666924039426  26.1234116064  26.2206074303  0.0692955919413  10.6147666565  10.1851992228  10.1225772382  0.0664914436681  0.0743714945212  0.103075296322  0.154553260334  56.3390055526  56.592424821  1296.78778945  0.155123501612  0.0497497876995  1.91098301362  0.0570746286615  0.325380850269  0.227066624187  0.117370468672  -9999.0  -9999.0  -9999.0  -9999.0  -9999.0  -9999.0  -9999.0
-9999.0  -9999.0  -9999.0  -9999.0  -9999.0  -9999.0  -9999.0  -9999.0  -9999.0  -9999.0  -9999.0  -9999.0  -9999.0  -9999.0  -9999.0  -9999.0  -9999.0  -9999.0  -9999.0  -9999.0  -9999.0  -9999.0  -9999.0  -9999.0  0.989422856483  2.9524457722  3.73870666126  5.46979421632  7.1826293075  8.06720520522  0.763102038239  8.57473122205  32.4121378896  33.1044399433  0.593535547429  1.10626796744  1.92949102825  10.7245198334  11.0926018387  23.9975344377  24.5118314659  36.330275921  36.5087938057  0.268154898577  3.13818529418  3.49717982938  3.67511017415  0.137026087604  22.9949626952  23.1172939816  23.5104943922  25.2047271883  25.8263576666  25.9576133504  0.119526425322  0.211164700114  0.286860070991  8.76066950201  10.0035074224  0.829998077302  0.759407047673  0.0928593003782  0.0963832175537  56.1326862737  0.207904694253  0.0926258570321  1296.879582  0.0232703128766  0.0249460972473  2.35267282532  0.40270703469  0.077900966492  0.0758922950588  -9999.0  -9999.0  -9999.0  -9999.0  -9999.0  -9999.0  -9999.0
-9999.0  -9999.0  -9999.0  -9999.0  -9999.0  -9999.0  -9999.0  -9999.0  -9999.0  -9999.0  -9999.0  -9999.0  -9999.0  -9999.0  -9999.0  -9999.0  -9999.0  -9999.0  -9999.0  -9999.0  -9999.0  -9999.0  -9999.0  -9999.0  1.04517575492  1.00268080794  3.77159555323  4.54550201588  0.856768796532  6.94779999721  7.77314870254  0.773769857284  22.3554326072  0.739189687336  4.63291402753  9.84501906277  10.3485966346  21.9225160505  22.2913080766  23.6940224627  0.342523717223  11.6156512499  0.226193096438  0.410852618974  3.00226465884  0.207146347049  5.31011855869  22.7517267888  0.156485789651  0.305109724999  1.3419196093  0.176271348547  0.249974930136  0.157066993943  0.0906395997564  7.84748805569  8.44252112975  8.68942760431  0.329967138162  0.221077074396  0.411752763073  0.133732274819  55.8082060578  55.8903149408  0.126831138822  0.0492130317156  0.0205136544785  1297.00824718  1299.79100729  2.75541837954  0.368825015448  0.321601431486  0.174379329696  -9999.0  -9999.0  -9999.0  -9999.0  -9999.0  -9999.0  -9999.0
-9999.0  -9999.0  -9999.0  -9999.0  -9999.0  -9999.0  -9999.0  -9999.0  -9999.0  -9999.0  -9999.0  -9999.0  -9999.0  -9999.0  -9999.0  -9999.0  -9999.0  -9999.0  -9999.0  -9999.0  -9999.0  -9999.0  -9999.0  -9999.0  -9999.0  0.976959149791  1.00994300229  0.984837367018  5.16961262589  6.08142822574  10.0456417063  21.647928066  0.826641100763  2.50388663791  3.26237018447  4.64046869045  1.21903248439  21.412749444  0.519171878401  1.01081478559  10.9486461611  0.389254395898  1.66833860503  2.11177808405  0.282390565363  0.200074295191  5.19100494302  17.2938537277  0.204799911034  0.727065751362  1.22174275085  0.200460451055  0.129374177443  7.04440646675  7.41459855551  0.262720459936  0.510220437556  0.138593340505  0.232998222418  0.127283827984  0.0989260625806  0.0924196258404  55.7345403899  0.248980373857  -9999.0  -9999.0  0.0513051848259  0.0901540393861  1299.78797446  1299.78525545  1299.91451661  0.0868969052499  -9999.0  -9999.0  -9999.0  -9999.0  -9999.0  -9999.0  -9999.0  -9999.0
-9999.0  -9999.0  -9999.0  -9999.0  -9999.0  -9999.0  -9999.0  -9999.0  -9999.0  -9999.0  -9999.0  -9999.0  -9999.0  -9999.0  -9999.0  -9999.0  -9999.0  -9999.0  -9999.0  -9999.0  -9999.0  -9999.0  -9999.0  -9999.0  -9999.0  -9999.0  0.838345374863  2.58341092792  3.32796102508  9.29099668596  3.16760991713  10.8060497114  6.98631649173  0.835864460037  2.42278987319  3.91351037241  0.646086425881  19.6550316807  7.67986108632  9.57894437996  1.01862745567  1.01462977954  0.354844151068  0.319437446005  4.60431639136  4.8080645637  16.7098561255  16.8973715205  0.357306925467  0.550457899246  0.146693727485  5.6445699325  6.35448636473  6.96194626175  0.279825161019  0.129953966882  0.372425762703  0.131694293849  0.0984317902827  0.0727331131591  54.8892676589  55.1618803996  55.3185050366  0.167684448003  -9999.0  -9999.0  -9999.0  -9999.0  -9999.0  0.0181659699625  1299.90553669  1299.909012  -9999.0  -9999.0  -9999.0  -9999.0  -9999.0  -9999.0  -9999.0  -9999.0
-9999.0  -9999.0  -9999.0  -9999.0  -9999.0  -9999.0  -9999.0  -9999.0  -9999.0  -9999.0  -9999.0  -9999.0  -9999.0  -9999.0  -9999.0  -9999.0  -9999.0  -9999.0  -9999.0  -9999.0  -9999.0  -9999.0  -9999.0  -9999.0  -9999.0  -9999.0  1.05928442508  0.990539526376  8.61654105843  0.72044749742  2.50548678328  4.43649063637  6.19814954297  0.878386681145  0.805791932239  0.753779422264  18.2533381925  18.9796333674  7.09462542292  1.36107878143  0.616412739453  0.611847738674  3.95151622468  4.38352227138  15.1350540467  15.7669847791  16.2998321812  0.236932324094  0.184640628699  5.26276693303  5.38486362089  5.52997326788  0.613542426925  0.322917853142  0.153528117479  0.146806558604  0.103565491194  0.833645583626  0.902467625118  54.7289268028  54.8134601701  0.197141767329  0.07867809925  0.0833817592572  -9999.0  -9999.0  -9999.0  -9999.0  -9999.0  -9999.0  -9999.0  -9999.0  -9999.0  -9999.0  -9999.0  -9999.0  -9999.0  -9999.0  -9999.0  -9999.0
-9999.0  -9999.0  -9999.0  -9999.0  -9999.0  -9999.0  -9999.0  -9999.0  -9999.0  -9999.0  -9999.0  -9999.0  -9999.0  -9999.0  -9999.0  -9999.0  -9999.0  -9999.0  -9999.0  -9999.0  -9999.0  -9999.0  -9999.0  -9999.0  -9999.0  -9999.0  -9999.0  2.04659143679  6.88398170816  3.87871376414  0.91676070679  3.65935638936  0.890159305202  2.7124560359  3.43185280157  16.2659203228  17.6633772762  5.76150560726  6.44148989851  0.677013835882  2.85298297231  3.4303532904  9.59003683955  14.4087368084  14.8585763314  0.38952666244  0.278998366027  4.11190552638  4.62045335457  5.13515947065  0.175166466869  0.319162088235  0.477221490843  0.156545122338  0.335485149672  0.535664668547  0.627368594221  0.763074828027  0.0860426657613  53.6351914454  0.191198815876  0.119121192548  -9999.0  -9999.0  -9999.0  -9999.0  -9999.0  -9999.0  -9999.0  -9999.0  -9999.0  -9999.0  -9999.0  -9999.0  -9999.0  -9999.0  -9999.0  -9999.0  -9999.0  -9999.0
-9999.0  -9999.0  -9999.0  -9999.0  -9999.0  -9999.0  -9999.0  -9999.0  -9999.0  -9999.0  -9999.0  -9999.0  -9999.0  -9999.0  -9999.0  -9999.0  -9999.0  -9999.0  -9999.0  -9999.0  -9999.0  -9999.0  -9999.0  -9999.0  -9999.0  -9999.0  -9999.0  1.04682017246  0.989819147297  1.91450633686  0.929270534006  1.82932380553  1.85221057408  10.1107542979  10.721102498  1.52648952461  0.786276404095  5.06453472085  1.50040633775  2.25427426068  7.93218833629  8.5217087133  9.10334462814  4.33047649378  1.61196920055  2.47940806992  3.18139911368  3.9426389247  0.357020515866  0.278922192033  32.5123914737  32.7077843689  32.8512556281  0.124907556816  0.220575707064  0.114652848963  0.0825558839102  51.1969378613  51.8071199165  1.389336073  1.2156114212  0.116201326152  -9999.0  -9999.0  -9999.0  -9999.0  -9999.0  -9999.0  -9999.0  -9999.0  -9999.0  -9999.0  -9999.0  -9999.0  -9999.0  -9999.0  -9999.0  -9999.0  -9999.0  -9999.0
-9999.0  -9999.0  -9999.0  -9999.0  -9999.0  -9999.0  -9999.0  -9999.0  -9999.0  -9999.0  -9999.0  -9999.0  -9999.0  -9999.0  -9999.0  -9999.0  -9999.0  -9999.0  -9999.0  -9999.0  -9999.0  -9999.0  -9999.0  -9999.0  -9999.0  -9999.0  -9999.0  -9999.0  -9999.0  0.905955612431  0.88407954841  0.954097303745  3.78790458305  9.25689813194  4.57487863546  0.859471693067  3.47292907579  4.29302637022  0.740937744486  6.68972840779  7.31758483225  2.01159515767  3.17551455934  0.596662048705  1.06505117244  0.472086154317  0.356063077761  0.349006810678  31.8534703284  32.1367550233  32.3391273052  1.04417610434  34.0914954879  34.2502090722  34.3841158507  34.5126033769  34.7379832967  51.129847981  51.3436792887  0.372634226581  1.09180539611  0.293103265689  -9999.0  -9999.0  -9999.0  -9999.0  -9999.0  -9999.0  -9999.0  -9999.0  -9999.0  -9999.0  -9999.0  -9999.0  -9999.0  -9999.0  -9999.0  -9999.0  -9999.0  -9999.0
-9999.0  -9999.0  -9999.0  -9999.0  -9999.0  -9999.0  -9999.0  -9999.0  -9999.0  -9999.0  -9999.0  -9999.0  -9999.0  -9999.0  -9999.0  -9999.0  -9999.0  -9999.0  -9999.0  -9999.0  -9999.0  -9999.0  -9999.0  -9999.0  -9999.0  -9999.0  -9999.0  -9999.0  -9999.0  -9999.0  -9999.0  0.962892974275  1.9543989956  1.93916999783  1.88564284203  1.83669390368  2.71110639794  4.43716731315  5.18536410404  5.99418787008  0.691445968816  1.39960565575  0.602433530078  0.541683754795  20.1536059186  24.3269973397  25.2094711962  25.6214688763  31.6047571072  0.318570294237  0.571579897513  0.885259765302  5.19392880933  5.36847582067  5.51127717398  12.1576771346  14.9147426564  16.2486310976  0.201083299414  0.206795024321  0.665770207059  0.168428169847  -9999.0  -9999.0  -9999.0  -9999.0  -9999.0  -9999.0  -9999.0  -9999.0  -9999.0  -9999.0  -9999.0  -9999.0  -9999.0  -9999.0  -9999.0  -9999.0  -9999.0  -9999.0
-9999.0  -9999.0  -9999.0  -9999.0  -9999.0  -9999.0  -9999.0  -9999.0  -9999.0  -9999.0  -9999.0  -9999.0  -9999.0  -9999.0  -9999.0  -9999.0  -9999.0  -9999.0  -9999.0  -9999.0  -9999.0  -9999.0  -9999.0  -9999.0  -9999.0  -9999.0  -9999.0  -9999.0  -9999.0  -9999.0  -9999.0  -9999.0  0.995336415829  0.988867383777  0.954683111803  0.924339962093  1.83486393947  3.59684485265  3.4032067599  4.15883274038  4.79137209562  11.0354403231  11.6184102701  19.3139078393  19.7960868502  3.79930738164  0.439287334315  5.2463836595  5.61339093789  2.11735550946  4.05759548236  4.72612347901  5.00364870974  0.238219816652  6.52837103942  12.6867027157  14.8105771943  0.206951303877  0.981754756167  0.173027337159  0.510354760807  -9999.0  -9999.0  -9999.0  -9999.0  -9999.0  -9999.0  -9999.0  -9999.0  -9999.0  -9999.0  -9999.0  -9999.0  -9999.0  -9999.0  -9999.0  -9999.0  -9999.0  -9999.0  -9999.0
-9999.0  -9999.0  -9999.0  -9999.0  -9999.0  -9999.0  -9999.0  -9999.0  -9999.0  -9999.0  -9999.0  -9999.0  -9999.0  -9999.0  -9999.0  -9999.0  -9999.0  -9999.0  -9999.0  -9999.0  -9999.0  -9999.0  -9999.0  -9999.0  -9999.0  -9999.0  -9999.0  -9999.0  -9999.0  -9999.0  -9999.0  -9999.0  -9999.0  -9999.0  -9999.0  0.970532715434  0.902180317919  0.88895682519  2.60755496222  2.48652382554  4.8313331054  5.61520440787  0.6903823355  7.09036451008  2.73580161756  3.32309471391  3.3308414695  4.86215255275  1.33004920567  0.426452234795  1.68380038885  0.397117840187  3.57792766352  4.25587194821  6.091085914  0.291360530225  1.24905814988  0.459197183443  0.596259263214  0.184706557007  0.348925454319  -9999.0  -9999.0  -9999.0  -9999.0  -9999.0  -9999.0  -9999.0  -9999.0  -9999.0  -9999.0  -9999.0  -9999.0  -9999.0  -9999.0  -9999.0  -9999.0  -9999.0  -9999.0  -9999.0
-9999.0  -9999.0  -9999.0  -9999.0  -9999.0  -9999.0  -9999.0  -9999.0  -9999.0  -9999.0  -9999.0  -9999.0  -9999.0  -9999.0  -9999.0  -9999.0  -9999.0  -9999.0  -9999.0  -9999.0  -9999.0  -9999.0  -9999.0  -9999.0  -9999.0  -9999.0  -9999.0  -9999.0  -9999.0  -9999.0  -9999.0  -9999.0  -9999.0  -9999.0  -9999.0  -9999.0  -9999.0  0.879803004303  0.823860273779  1.66669638794  1.60179879616  4.1822977945  5.67197610316  1.49682702368  2.11477065041  1.76690043831  2.85209125688  1.04887586138  0.942754682747  0.930761868649  0.391202392991  2.13257056541  3.25900675088  0.368575362952  1.51880911768  0.589599799535  0.387115156577  0.206069199679  0.194113182069  0.207079503654  -9999.0  -9999.0  -9999.0  -9999.0  -9999.0  -9999.0  -9999.0  -9999.0  -9999.0  -9999.0  -9999.0  -9999.0  -9999.0  -9999.0  -9999.0  -9999.0  -9999.0  -9999.0  -9999.0  -9999.0
-9999.0  -9999.0  -9999.0  -9999.0  -9999.0  -9999.0  -9999.0  -9999.0  -9999.0  -9999.0  -9999.0  -9999.0  -9999.0  -9999.0  -9999.0  -9999.0  -9999.0  -9999.0  -9999.0  -9999.0  -9999.0  -9999.0  -9999.0  -9999.0  -9999.0  -9999.0  -9999.0  -9999.0  -9999.0  -9999.0  -9999.0  -9999.0  -9999.0  -9999.0  -9999.0  -9999.0  -9999.0  -9999.0  -9999.0  0.832275491275  1.7431270085  3.41310569639  0.775300824797  0.768361986434  0.603765655632  1.22458053544  0.557115596739  0.530399294826  0.497151603538  0.490535984487  0.901559393626  1.77915470426  0.805597907615  0.830832542815  1.19343633752  0.305951324383  0.188205325006  -9999.0  -9999.0  -9999.0  -9999.0  -9999.0  -9999.0  -9999.0  -9999.0  -9999.0  -9999.0  -9999.0  -9999.0  -9999.0  -9999.0  -9999.0  -9999.0  -9999.0  -9999.0  -9999.0  -9999.0  -9999.0  -9999.0  -9999.0
-9999.0  -9999.0  -9999.0  -9999.0  -9999.0  -9999.0  -9999.0  -9999.0  -9999.0  -9999.0  -9999.0  -9999.0  -9999.0  -9999.0  -9999.0  -9999.0  -9999.0  -9999.0  -9999.0  -9999.0  -9999.0  -9999.0  -9999.0  -9999.0  -9999.0  -9999.0  -9999.0  -9999.0  -9999.0  -9999.0  -9999.0  -9999.0  -9999.0  -9999.0  -9999.0  -9999.0  -9999.0  -9999.0  -9999.0  -9999.0  0.866111531927  0.822678311852  -9999.0  -9999.0  -9999.0  -9999.0  -9999.0  -9999.0  -9999.0  -9999.0  0.457451680028  0.431875408243  0.376616190366  0.389771375061  -9999.0  -9999.0  -9999.0  -9999.0  -9999.0  -9999.0  -9999.0  -9999.0  -9999.0  -9999.0  -9999.0  -9999.0  -9999.0  -9999.0  -9999.0  -9999.0  -9999.0  -9999.0  -9999.0  -9999.0  -9999.0  -9999.0  -9999.0  -9999.0  -9999.0  -9999.0
-9999.0  -9999.0  -9999.0  -9999.0  -9999.0  -9999.0  -9999.0  -9999.0  -9999.0  -9999.0  -9999.0  -9999.0  -9999.0  -9999.0  -9999.0  -9999.0  -9999.0  -9999.0  -9999.0  -9999.0  -9999.0  -9999.0  -9999.0  -9999.0  -9999.0  -9999.0  -9999.0  -9999.0  -9999.0  -9999.0  -9999.0  -9999.0  -9999.0  -9999.0  -9999.0  -9999.0  -9999.0  -9999.0  -9999.0  -9999.0  -9999.0  -9999.0  -9999.0  -9999.0  -9999.0  -9999.0  -9999.0  -9999.0  -9999.0  -9999.0  -9999.0  -9999.0  -9999.0  -9999.0  -9999.0  -9999.0  -9999.0  -9999.0  -9999.0  -9999.0  -9999.0  -9999.0  -9999.0  -9999.0  -9999.0  -9999.0  -9999.0  -9999.0  -9999.0  -9999.0  -9999.0  -9999.0  -9999.0  -9999.0  -9999.0  -9999.0  -9999.0  -9999.0  -9999.0  -9999.0
-9999.0  -9999.0  -9999.0  -9999.0  -9999.0  -9999.0  -9999.0  -9999.0  -9999.0  -9999.0  -9999.0  -9999.0  -9999.0  -9999.0  -9999.0  -9999.0  -9999.0  -9999.0  -9999.0  -9999.0  -9999.0  -9999.0  -9999.0  -9999.0  -9999.0  -9999.0  -9999.0  -9999.0  -9999.0  -9999.0  -9999.0  -9999.0  -9999.0  -9999.0  -9999.0  -9999.0  -9999.0  -9999.0  -9999.0  -9999.0  -9999.0  -9999.0  -9999.0  -9999.0  -9999.0  -9999.0  -9999.0  -9999.0  -9999.0  -9999.0  -9999.0  -9999.0  -9999.0  -9999.0  -9999.0  -9999.0  -9999.0  -9999.0  -9999.0  -9999.0  -9999.0  -9999.0  -9999.0  -9999.0  -9999.0  -9999.0  -9999.0  -9999.0  -9999.0  -9999.0  -9999.0  -9999.0  -9999.0  -9999.0  -9999.0  -9999.0  -9999.0  -9999.0  -9999.0  -9999.0
-9999.0  -9999.0  -9999.0  -9999.0  -9999.0  -9999.0  -9999.0  -9999.0  -9999.0  -9999.0  -9999.0  -9999.0  -9999.0  -9999.0  -9999.0  -9999.0  -9999.0  -9999.0  -9999.0  -9999.0  -9999.0  -9999.0  -9999.0  -9999.0  -9999.0  -9999.0  -9999.0  -9999.0  -9999.0  -9999.0  -9999.0  -9999.0  -9999.0  -9999.0  -9999.0  -9999.0  -9999.0  -9999.0  -9999.0  -9999.0  -9999.0  -9999.0  -9999.0  -9999.0  -9999.0  -9999.0  -9999.0  -9999.0  -9999.0  -9999.0  -9999.0  -9999.0  -9999.0  -9999.0  -9999.0  -9999.0  -9999.0  -9999.0  -9999.0  -9999.0  -9999.0  -9999.0  -9999.0  -9999.0  -9999.0  -9999.0  -9999.0  -9999.0  -9999.0  -9999.0  -9999.0  -9999.0  -9999.0  -9999.0  -9999.0  -9999.0  -9999.0  -9999.0  -9999.0  -9999.0
-9999.0  -9999.0  -9999.0  -9999.0  -9999.0  -9999.0  -9999.0  -9999.0  -9999.0  -9999.0  -9999.0  -9999.0  -9999.0  -9999.0  -9999.0  -9999.0  -9999.0  -9999.0  -9999.0  -9999.0  -9999.0  -9999.0  -9999.0  -9999.0  -9999.0  -9999.0  -9999.0  -9999.0  -9999.0  -9999.0  -9999.0  -9999.0  -9999.0  -9999.0  -9999.0  -9999.0  -9999.0  -9999.0  -9999.0  -9999.0  -9999.0  -9999.0  -9999.0  -9999.0  -9999.0  -9999.0  -9999.0  -9999.0  -9999.0  -9999.0  -9999.0  -9999.0  -9999.0  -9999.0  -9999.0  -9999.0  -9999.0  -9999.0  -9999.0  -9999.0  -9999.0  -9999.0  -9999.0  -9999.0  -9999.0  -9999.0  -9999.0  -9999.0  -9999.0  -9999.0  -9999.0  -9999.0  -9999.0  -9999.0  -9999.0  -9999.0  -9999.0  -9999.0  -9999.0  -9999.0
-9999.0  -9999.0  -9999.0  -9999.0  -9999.0  -9999.0  -9999.0  -9999.0  -9999.0  -9999.0  -9999.0  -9999.0  -9999.0  -9999.0  -9999.0  -9999.0  -9999.0  -9999.0  -9999.0  -9999.0  -9999.0  -9999.0  -9999.0  -9999.0  -9999.0  -9999.0  -9999.0  -9999.0  -9999.0  -9999.0  -9999.0  -9999.0  -9999.0  -9999.0  -9999.0  -9999.0  -9999.0  -9999.0  -9999.0  -9999.0  -9999.0  -9999.0  -9999.0  -9999.0  -9999.0  -9999.0  -9999.0  -9999.0  -9999.0  -9999.0  -9999.0  -9999.0  -9999.0  -9999.0  -9999.0  -9999.0  -9999.0  -9999.0  -9999.0  -9999.0  -9999.0  -9999.0  -9999.0  -9999.0  -9999.0  -9999.0  -9999.0  -9999.0  -9999.0  -9999.0  -9999.0  -9999.0  -9999.0  -9999.0  -9999.0  -9999.0  -9999.0  -9999.0  -9999.0  -9999.0
-9999.0  -9999.0  -9999.0  -9999.0  -9999.0  -9999.0  -9999.0  -9999.0  -9999.0  -9999.0  -9999.0  -9999.0  -9999.0  -9999.0  -9999.0  -9999.0  -9999.0  -9999.0  -9999.0  -9999.0  -9999.0  -9999.0  -9999.0  -9999.0  -9999.0  -9999.0  -9999.0  -9999.0  -9999.0  -9999.0  -9999.0  -9999.0  -9999.0  -9999.0  -9999.0  -9999.0  -9999.0  -9999.0  -9999.0  -9999.0  -9999.0  -9999.0  -9999.0  -9999.0  -9999.0  -9999.0  -9999.0  -9999.0  -9999.0  -9999.0  -9999.0  -9999.0  -9999.0  -9999.0  -9999.0  -9999.0  -9999.0  -9999.0  -9999.0  -9999.0  -9999.0  -9999.0  -9999.0  -9999.0  -9999.0  -9999.0  -9999.0  -9999.0  -9999.0  -9999.0  -9999.0  -9999.0  -9999.0  -9999.0  -9999.0  -9999.0  -9999.0  -9999.0  -9999.0  -9999.0
