ncols                  80
nrows                 72
xllcorner      4374000.0
yllcorner      5656000.0
cellsize            500
NODATA_value       -9999
-9999.0  -9999.0  -9999.0  -9999.0  -9999.0  -9999.0  -9999.0  -9999.0  -9999.0  -9999.0  -9999.0  -9999.0  0.58988754753  0.806914911676  -9999.0  -9999.0  -9999.0  -9999.0  -9999.0  -9999.0  -9999.0  -9999.0  -9999.0  -9999.0  -9999.0  -9999.0  -9999.0  -9999.0  -9999.0  -9999.0  -9999.0  -9999.0  -9999.0  -9999.0  -9999.0  -9999.0  -9999.0  -9999.0  -9999.0  -9999.0  -9999.0  -9999.0  -9999.0  -9999.0  -9999.0  -9999.0  -9999.0  -9999.0  -9999.0  -9999.0  -9999.0  -9999.0  -9999.0  -9999.0  -9999.0  -9999.0  -9999.0  -9999.0  -9999.0  -9999.0  -9999.0  -9999.0  -9999.0  -9999.0  -9999.0  -9999.0  -9999.0  -9999.0  -9999.0  -9999.0  -9999.0  -9999.0  -9999.0  -9999.0  -9999.0  -9999.0  -9999.0  -9999.0  -9999.0  -9999.0
-9999.0  -9999.0  -9999.0  -9999.0  -9999.0  -9999.0  -9999.0  -9999.0  -9999.0  -9999.0  -9999.0  -9999.0  1.0059058683  3.14620638338  0.712450762496  -9999.0  0.68725384794  -9999.0  -9999.0  -9999.0  -9999.0  -9999.0  -9999.0  -9999.0  -9999.0  -9999.0  -9999.0  -9999.0  -9999.0  -9999.0  -9999.0  -9999.0  -9999.0  -9999.0  -9999.0  -9999.0  -9999.0  -9999.0  -9999.0  -9999.0  -9999.0  -9999.0  -9999.0  -9999.0  -9999.0  -9999.0  -9999.0  -9999.0  -9999.0  -9999.0  -9999.0  -9999.0  -9999.0  -9999.0  -9999.0  -9999.0  -9999.0  -9999.0  -9999.0  -9999.0  -9999.0  -9999.0  -9999.0  -9999.0  -9999.0  -9999.0  -9999.0  -9999.0  -9999.0  -9999.0  -9999.0  -9999.0  -9999.0  -9999.0  -9999.0  -9999.0  -9999.0  -9999.0  -9999.0  -9999.0
-9999.0  -9999.0  -9999.0  -9999.0  -9999.0  -9999.0  -9999.0  -9999.0  -9999.0  -9999.0  0.391287712333  0.377431944609  0.397077783693  0.388417259174  3.87960223331  4.49118280476  1.89573970295  0.60341476986  -9999.0  -9999.0  -9999.0  -9999.0  -9999.0  -9999.0  -9999.0  -9999.0  -9999.0  -9999.0  -9999.0  -9999.0  -9999.0  -9999.0  -9999.0  -9999.0  -9999.0  -9999.0  -9999.0  -9999.0  -9999.0  -9999.0  -9999.0  -9999.0  -9999.0  -9999.0  -9999.0  -9999.0  -9999.0  -9999.0  -9999.0  -9999.0  -9999.0  -9999.0  -9999.0  -9999.0  -9999.0  -9999.0  -9999.0  -9999.0  -9999.0  -9999.0  -9999.0  -9999.0  -9999.0  -9999.0  -9999.0  -9999.0  -9999.0  -9999.0  -9999.0  -9999.0  -9999.0  -9999.0  -9999.0  -9999.0  -9999.0  -9999.0  -9999.0  -9999.0  -9999.0  -9999.0
-9999.0  -9999.0  -9999.0  -9999.0  -9999.0  -9999.0  -9999.0  -9999.0  -9999.0  0.375373737964  0.770418119465  1.52716092714  0.765559062976  0.372051347122  0.728653737147  4.84201282412  8.0599196324  0.661452823368  -9999.0  0.385969747639  -9999.0  -9999.0  -9999.0  -9999.0  1.28669944564  0.66091358267  -9999.0  -9999.0  -9999.0  -9999.0  -9999.0  -9999.0  -9999.0  -9999.0  -9999.0  -9999.0  -9999.0  -9999.0  -9999.0  -9999.0  -9999.0  -9999.0  -9999.0  -9999.0  -9999.0  -9999.0  -9999.0  -9999.0  -9999.0  -9999.0  -9999.0  -9999.0  -9999.0  -9999.0  -9999.0  -9999.0  -9999.0  -9999.0  -9999.0  -9999.0  -9999.0  -9999.0  -9999.0  -9999.0  -9999.0  -9999.0  -9999.0  -9999.0  -9999.0  -9999.0  -9999.0  -9999.0  -9999.0  -9999.0  -9999.0  -9999.0  -9999.0  -9999.0  -9999.0  -9999.0
-9999.0  -9999.0  -9999.0  -9999.0  -9999.0  -9999.0  -9999.0  -9999.0  0.417655457669  1.1852786739  1.54598160864  1.91191548429  2.64648357054  0.343995096953  1.38181347174  1.71792068834  10.8529416132  0.462082032759  0.340369195128  0.722555728084  1.05174850231  0.342616777306  -9999.0  3.25133581401  2.65580775997  0.705557651052  -9999.0  -9999.0  -9999.0  -9999.0  -9999.0  -9999.0  -9999.0  -9999.0  -9999.0  -9999.0  -9999.0  -9999.0  -9999.0  -9999.0  -9999.0  -9999.0  -9999.0  -9999.0  -9999.0  -9999.0  -9999.0  -9999.0  -9999.0  -9999.0  -9999.0  -9999.0  -9999.0  -9999.0  -9999.0  -9999.0  -9999.0  -9999.0  -9999.0  -9999.0  -9999.0  -9999.0  -9999.0  -9999.0  -9999.0  -9999.0  -9999.0  -9999.0  -9999.0  -9999.0  -9999.0  -9999.0  -9999.0  -9999.0  -9999.0  -9999.0  -9999.0  -9999.0  -9999.0  -9999.0
-9999.0  -9999.0  -9999.0  -9999.0  -9999.0  -9999.0  0.406894449323  0.377631656588  0.371523539697  0.376789082952  0.380807874364  2.68120641522  5.69528386967  6.05775343682  6.28847796865  0.184142496368  11.4174195907  11.7375829408  0.653115575258  0.330906998259  1.3744746615  2.37807957487  0.410637247586  4.5989611078  0.382525977258  0.448829238211  0.392218266485  -9999.0  -9999.0  -9999.0  -9999.0  -9999.0  -9999.0  -9999.0  -9999.0  -9999.0  -9999.0  -9999.0  -9999.0  -9999.0  -9999.0  -9999.0  -9999.0  -9999.0  -9999.0  -9999.0  -9999.0  -9999.0  -9999.0  -9999.0  -9999.0  -9999.0  -9999.0  -9999.0  -9999.0  -9999.0  -9999.0  -9999.0  -9999.0  -9999.0  -9999.0  -9999.0  -9999.0  -9999.0  -9999.0  -9999.0  -9999.0  -9999.0  -9999.0  -9999.0  -9999.0  -9999.0  -9999.0  -9999.0  -9999.0  -9999.0  -9999.0  -9999.0  -9999.0  -9999.0
-9999.0  -9999.0  -9999.0  -9999.0  -9999.0  -9999.0  0.815698832936  1.20938236182  2.75286620562  3.85695507771  0.343919787293  0.355422668646  0.340712919125  0.969710483699  7.55949154581  0.242550054768  12.0171887624  13.1658881774  0.921142515397  0.629667298222  2.68231622423  0.326965473186  4.9235509307  0.683148136275  0.354460262333  0.796079469317  0.775962598377  0.373052215589  0.373139122893  0.365245956043  0.386421216391  0.774225246077  -9999.0  -9999.0  -9999.0  -9999.0  -9999.0  -9999.0  -9999.0  -9999.0  -9999.0  -9999.0  -9999.0  -9999.0  -9999.0  -9999.0  -9999.0  -9999.0  -9999.0  -9999.0  -9999.0  -9999.0  -9999.0  -9999.0  -9999.0  -9999.0  -9999.0  -9999.0  -9999.0  -9999.0  -9999.0  -9999.0  -9999.0  -9999.0  -9999.0  -9999.0  -9999.0  -9999.0  -9999.0  -9999.0  -9999.0  -9999.0  -9999.0  -9999.0  -9999.0  -9999.0  -9999.0  -9999.0  -9999.0  -9999.0
-9999.0  -9999.0  -9999.0  -9999.0  -9999.0  0.437832715618  0.851677634764  0.411044134142  0.805597897116  4.25582555753  4.97995716791  5.6992135067  18.0691529288  0.300325801344  7.89011865071  28.3944594723  28.5998360594  42.1237418778  0.225328126968  0.918051849189  2.98889296067  0.304281655186  8.83322141725  3.59364547658  2.26920519992  1.92311587108  0.378986988194  1.11368101204  1.08942744529  0.726320853079  0.355583753153  1.14049711389  0.354994330171  0.350973403356  -9999.0  -9999.0  -9999.0  -9999.0  -9999.0  -9999.0  -9999.0  -9999.0  -9999.0  -9999.0  -9999.0  -9999.0  -9999.0  -9999.0  -9999.0  -9999.0  -9999.0  -9999.0  -9999.0  -9999.0  -9999.0  -9999.0  -9999.0  -9999.0  -9999.0  -9999.0  -9999.0  -9999.0  -9999.0  -9999.0  -9999.0  -9999.0  -9999.0  -9999.0  -9999.0  -9999.0  -9999.0  -9999.0  -9999.0  -9999.0  -9999.0  -9999.0  -9999.0  -9999.0  -9999.0  -9999.0
-9999.0  -9999.0  -9999.0  -9999.0  -9999.0  0.439056908781  1.28259732775  2.55389370017  2.95345925716  5.87647901066  6.25358222196  7.42849265984  12.0601818439  18.9741976856  19.6561647087  19.9615784352  0.555298311236  43.0910375257  43.5656055295  45.0732688339  58.0937942437  9.75200520506  9.15793678693  2.59086741509  0.31812872501  2.15450609644  1.46313847089  0.33805144042  1.41454743852  0.283588108552  0.627175475586  1.79150393734  2.12910484575  0.685258119888  0.344732724022  0.337538208688  -9999.0  -9999.0  -9999.0  -9999.0  0.612830414676  0.560243298141  -9999.0  -9999.0  -9999.0  -9999.0  -9999.0  -9999.0  -9999.0  -9999.0  -9999.0  -9999.0  -9999.0  -9999.0  -9999.0  -9999.0  -9999.0  -9999.0  -9999.0  -9999.0  -9999.0  -9999.0  -9999.0  -9999.0  -9999.0  -9999.0  -9999.0  -9999.0  -9999.0  -9999.0  -9999.0  -9999.0  -9999.0  -9999.0  -9999.0  -9999.0  -9999.0  -9999.0  -9999.0  -9999.0
-9999.0  -9999.0  -9999.0  -9999.0  -9999.0  0.426533608228  0.41314737078  1.71083476872  2.11571690106  2.53274938242  0.398391879062  0.789942097186  4.38576837425  0.731372778666  0.373378327117  0.345008362491  0.309827370825  0.313929393827  0.300465222276  0.337562565974  58.380194561  59.2972067611  0.302471478337  0.933068013998  0.634046126462  2.47046413304  0.67609836498  0.331816239312  1.75064914986  0.572741116749  1.40073466756  3.76876945222  3.49023561975  1.02818348696  1.03410032638  0.343351576833  0.345389180356  -9999.0  -9999.0  0.347008309725  1.22010833131  2.95570343263  0.594976491026  -9999.0  -9999.0  -9999.0  -9999.0  -9999.0  -9999.0  -9999.0  -9999.0  -9999.0  -9999.0  -9999.0  -9999.0  -9999.0  -9999.0  -9999.0  -9999.0  -9999.0  -9999.0  -9999.0  -9999.0  -9999.0  -9999.0  -9999.0  -9999.0  -9999.0  -9999.0  -9999.0  -9999.0  -9999.0  -9999.0  -9999.0  -9999.0  -9999.0  -9999.0  -9999.0  -9999.0  -9999.0
-9999.0  -9999.0  -9999.0  -9999.0  -9999.0  -9999.0  0.444112038278  0.445429774762  0.85580367065  1.2726337685  2.85392641056  3.66161811287  4.02225264435  0.356759376401  0.330475833713  4.46089012851  5.48466251272  5.80776770268  7.15062633339  7.46391602558  0.313414946856  59.612438025  61.0489792412  1.12693433569  0.0818374901426  2.69823093931  6.08867513654  2.40217107261  0.609666318551  0.300538836893  5.76425881188  4.07769539934  0.314610443054  0.305837166453  1.34813560274  1.00738261212  0.341255698991  0.340086200175  0.338283570801  0.678901675854  0.328949222462  3.59310431771  3.93833429395  0.337593027693  -9999.0  -9999.0  -9999.0  -9999.0  0.380532564285  0.366390356524  0.0945988266217  -9999.0  -9999.0  -9999.0  -9999.0  -9999.0  -9999.0  -9999.0  -9999.0  -9999.0  -9999.0  -9999.0  -9999.0  -9999.0  -9999.0  -9999.0  -9999.0  -9999.0  -9999.0  -9999.0  -9999.0  -9999.0  -9999.0  -9999.0  -9999.0  -9999.0  -9999.0  -9999.0  -9999.0  -9999.0
-9999.0  -9999.0  -9999.0  -9999.0  -9999.0  -9999.0  -9999.0  0.435912476989  0.349023869476  0.773447922075  1.19104976056  0.407056031425  0.336664523371  2.29719555144  3.04297085259  3.7986032934  0.35420346935  0.689429563974  0.341300870595  7.78258664737  18.4825677452  19.0581589727  80.9122138518  0.295815576697  0.269335252503  0.0817124197059  6.39058395852  0.301479988585  0.913893930526  0.299581897102  6.07538737093  6.38149470892  0.626076696231  0.610318230788  3.3416161427  1.67191044622  0.668836923681  0.333159165514  0.676266524666  1.01213923972  1.6738502281  0.338658332296  4.62311672016  4.96651342745  0.328802286225  0.342369314753  0.352039126323  0.336124180815  0.326723846954  1.08284281245  0.406032077731  0.268918589435  -9999.0  -9999.0  -9999.0  -9999.0  -9999.0  -9999.0  -9999.0  -9999.0  -9999.0  -9999.0  -9999.0  -9999.0  -9999.0  -9999.0  -9999.0  -9999.0  -9999.0  -9999.0  -9999.0  -9999.0  -9999.0  -9999.0  -9999.0  -9999.0  -9999.0  -9999.0  -9999.0  -9999.0
-9999.0  -9999.0  -9999.0  -9999.0  -9999.0  -9999.0  -9999.0  -9999.0  0.787552142734  1.10716584083  0.405522855144  0.822292689381  1.21244251494  1.95504364389  0.389882596111  0.379519358572  0.33515816396  0.339844780151  0.315666056619  10.0488805526  0.347103356153  0.679447166835  82.2649415693  83.3422385786  0.410491320219  1.0733485183  7.76944928545  0.589158902887  1.19694764352  0.587331565  0.864846168867  7.58243990697  0.913777582925  4.82195961128  3.92042376193  0.277110158152  1.6160446692  0.646125357924  0.987245463638  0.309662137354  1.99998407399  2.67076680655  2.99136726079  3.30299440564  6.24250791736  0.641378892658  0.66163925735  0.634645646627  0.614957433924  1.38699367758  0.301036731198  0.980479344528  1.25961540405  -9999.0  -9999.0  -9999.0  -9999.0  -9999.0  -9999.0  -9999.0  -9999.0  -9999.0  -9999.0  -9999.0  -9999.0  -9999.0  -9999.0  -9999.0  -9999.0  -9999.0  -9999.0  -9999.0  -9999.0  -9999.0  -9999.0  -9999.0  -9999.0  -9999.0  -9999.0  -9999.0
-9999.0  -9999.0  -9999.0  -9999.0  -9999.0  -9999.0  -9999.0  -9999.0  0.430415205876  1.95792609003  2.35492999959  0.397651214885  0.779843069418  0.381858032075  0.358920263947  0.352720715557  4.39516513859  5.90471776018  7.60069448438  9.43273254288  0.458361405591  0.338668134971  0.392444265914  85.4656184041  86.8372499158  87.3446933142  10.5985818394  2.41234485696  2.09269180963  0.291733113851  1.15194309438  9.02513329727  0.293749612375  5.11668880216  0.290084798842  2.05502375758  1.93346365094  0.309026432713  1.29584755841  0.616974838123  0.92355407378  0.324207586594  0.300922240648  3.61252536187  3.91203486492  6.54121417424  0.970067072907  0.935771879056  0.911948117075  1.69505394907  2.2985548291  0.300328212983  1.53296228985  0.273504583242  0.53174971034  0.262956977438  -9999.0  -9999.0  -9999.0  -9999.0  -9999.0  -9999.0  -9999.0  -9999.0  -9999.0  -9999.0  -9999.0  -9999.0  -9999.0  -9999.0  -9999.0  -9999.0  -9999.0  -9999.0  -9999.0  -9999.0  -9999.0  -9999.0  -9999.0  -9999.0
-9999.0  -9999.0  -9999.0  -9999.0  -9999.0  -9999.0  -9999.0  -9999.0  -9999.0  0.436404716267  2.76774938409  3.16081069471  1.16527643169  1.92919117098  2.64897634016  3.01062391608  0.368695493922  1.17079364273  0.771953871354  0.380483171182  0.372625677382  0.350608454954  0.703254258238  1.22246321486  0.571253299792  99.095555179  99.5406613116  0.406450980392  0.30044902034  0.565647897922  0.840627601681  9.87150970137  0.567715212608  5.39502509948  3.16751163523  2.60096287045  0.298526185414  0.602683781057  1.58709343386  0.289652048312  1.21140515203  0.615976381123  0.451202625875  0.113915825194  4.43564293507  11.2524376734  1.2330652374  1.20041323843  1.18882865913  0.274388843025  2.57157797373  0.269398919215  2.0860326033  0.254171194025  0.787739015467  1.28702921392  0.213856096669  0.2160748494  0.22018548328  0.217555040092  0.196012921369  -9999.0  -9999.0  0.114544783916  0.0263662567999  -9999.0  -9999.0  -9999.0  -9999.0  -9999.0  -9999.0  -9999.0  -9999.0  -9999.0  -9999.0  -9999.0  -9999.0  -9999.0  -9999.0  -9999.0
-9999.0  -9999.0  -9999.0  -9999.0  -9999.0  -9999.0  -9999.0  -9999.0  -9999.0  -9999.0  0.39298371915  3.93175271597  0.376651285261  0.739203388754  1.09014344394  1.82191596146  0.390095866357  0.798326116024  0.39602248761  0.378302953047  0.358349945357  0.712241843531  0.336741817213  0.381605684027  0.830006921904  0.50477651785  100.093576328  100.998588216  102.182531492  1.14880295317  0.276256666555  0.550298583751  10.1505232152  9.97403461511  3.74151240823  0.285487238302  1.19022057962  0.895727765105  1.87914861885  0.58056313395  2.40705326903  0.904498170768  0.692388051536  0.0398955299397  0.12471867978  11.5371249055  11.8258144474  14.5303550692  2.01783232248  0.554300121826  2.85947085464  3.40869200279  5.75463099407  0.508079518928  0.239735654347  1.52114081359  1.94702541377  0.21172792156  0.41017960843  0.632233825677  0.387429541809  0.192012196435  0.186669795417  0.194745223472  0.0514408325262  0.0267408193366  -9999.0  -9999.0  -9999.0  -9999.0  -9999.0  -9999.0  -9999.0  -9999.0  -9999.0  -9999.0  -9999.0  -9999.0  -9999.0  -9999.0
-9999.0  -9999.0  -9999.0  -9999.0  -9999.0  -9999.0  -9999.0  -9999.0  -9999.0  -9999.0  -9999.0  0.167028675742  4.27228784557  0.350510580797  0.698102047788  3.26276257436  0.389824819886  0.387894690171  0.334453351213  0.713745048722  0.33402672816  1.37821961473  2.03668202573  2.35567816614  1.1570905185  1.5499173848  0.443475360566  0.456348600434  0.487432958303  104.154549753  105.046757611  10.4140171179  10.5085035518  10.2423934736  0.568711940804  0.278265592684  1.46487281254  3.89931819457  2.1604449749  0.860993000149  3.5473473741  1.12076996422  0.851490994297  0.0741468201593  0.0356534167359  0.0459966582968  0.0827624424821  14.9541455498  17.7551724695  0.260975766168  0.253881072021  0.25144800597  5.99473285182  6.72685920336  0.429911059216  0.157103344831  2.0305680394  0.246379392632  0.696361297227  1.42643643981  1.95988268791  2.33217047064  0.713217541154  0.362271431137  0.118298519189  0.0505027889034  0.152867057886  -9999.0  -9999.0  -9999.0  -9999.0  -9999.0  -9999.0  -9999.0  -9999.0  -9999.0  -9999.0  -9999.0  -9999.0  -9999.0
-9999.0  -9999.0  -9999.0  -9999.0  -9999.0  -9999.0  -9999.0  -9999.0  -9999.0  -9999.0  -9999.0  0.175545934672  4.71083532008  5.8605258557  0.351885832308  3.97519566332  0.365112952177  0.347758200854  0.660866677316  1.7059304717  0.326982808456  0.340796103257  0.320377683434  3.00635036977  3.31694557962  5.17750668964  5.89692409554  6.19515771256  6.59087803153  6.96577919256  112.490767031  123.537934319  134.712617219  135.149572732  0.306592470383  0.267381254271  4.44933992908  4.17679892687  0.276234106107  0.257149437507  3.78354050443  5.18147239153  0.217835904606  1.70235550516  1.59345274939  0.181820459654  0.130286207179  0.212961781464  0.267606871048  18.2994667887  0.275727004879  0.741722594267  0.98156609878  8.1902456876  8.65219903313  8.90709538687  10.96160905  0.0256943972812  0.0250707800322  0.0256689107624  0.0278046633834  2.46291244805  3.34091723576  0.177514387062  0.278736295382  0.0912574525085  0.287376747327  0.0320637668602  0.0171173330172  -9999.0  -9999.0  -9999.0  -9999.0  -9999.0  -9999.0  -9999.0  -9999.0  -9999.0  -9999.0  -9999.0
-9999.0  -9999.0  -9999.0  -9999.0  -9999.0  -9999.0  -9999.0  -9999.0  -9999.0  -9999.0  -9999.0  0.411353464017  0.794157289335  6.23563176951  6.91527535613  0.342449924124  4.950829974  0.332687365316  0.995111260388  2.02025466735  0.639517256064  0.311588737271  0.641058284189  0.309905802016  0.585284301226  0.274471302711  0.224828990313  0.12523862404  0.0892823660654  0.0771200264751  0.077427723563  0.144185522927  0.243312958722  0.402086504406  136.293357173  5.7742068717  5.15264050986  0.329727009502  0.800532325014  0.196224731151  0.154134013877  5.44643652486  7.92166326222  1.98677377774  1.52247137389  0.0956630987721  0.0452256200166  0.0412441461543  0.250016995837  18.8247385129  19.3840128243  0.285714308293  0.284398758376  0.152655163619  0.0377378152397  0.0578003413267  11.0355122453  11.0811958523  11.125327621  0.0429834845988  0.0193616424278  0.0239217800222  3.38833042605  3.62797343626  0.338500354132  0.119501529041  0.414630914786  0.0880657348538  0.0323973782674  -9999.0  -9999.0  -9999.0  -9999.0  -9999.0  -9999.0  -9999.0  -9999.0  -9999.0  -9999.0  -9999.0
-9999.0  -9999.0  -9999.0  -9999.0  -9999.0  -9999.0  -9999.0  -9999.0  -9999.0  -9999.0  -9999.0  -9999.0  0.364116457744  4.87742196316  12.1481842447  13.2011163814  18.5358412881  19.1332166693  4.86530269168  3.29213089676  0.956802585323  0.308439759216  1.25040873081  1.54751201166  2.4104109587  0.558176032328  0.497157767556  0.400806496817  0.760880621672  0.344738157899  0.321210286882  0.137285568594  0.0328499155851  0.0673005656934  136.636449414  142.633819273  143.0840843  0.359331974019  2.38775825307  0.897377433345  0.277816248675  8.7752007851  0.59455696549  0.305035495402  1.15820918149  0.180702549039  0.191723047369  0.38409396532  0.614820210515  0.875990132129  19.8932840143  0.250262074057  0.231032392181  0.230989945819  0.151090981768  0.0447497258872  0.159534838088  0.16728971016  11.3378602089  11.4752137393  0.0789415266613  0.0426709147399  0.0189457116299  0.0247844144366  4.15853115452  5.50563267893  1.07259521561  0.321314713709  0.109302103709  -9999.0  -9999.0  -9999.0  -9999.0  -9999.0  -9999.0  -9999.0  -9999.0  -9999.0  -9999.0  -9999.0
-9999.0  -9999.0  -9999.0  -9999.0  -9999.0  -9999.0  -9999.0  -9999.0  -9999.0  -9999.0  -9999.0  0.393210056974  3.71498848478  4.50849945277  0.732458969291  0.18983900876  0.453143431717  19.9097488546  20.3677873521  25.7906344251  0.2888024306  0.594985505047  0.273343757476  0.277622353362  2.68420906845  3.5157696239  4.26133293878  0.25840560056  1.02026266201  1.61987500345  0.959168348047  0.389192974553  0.19590624561  0.117962922577  0.158386379049  0.117526424045  143.479723237  143.850535779  146.884792539  0.515484376438  0.262169640348  9.22932237242  0.616200670043  0.31610545459  0.334172562728  0.330933283291  0.310870747785  0.503219529133  1.62739819985  2.77752789503  22.9189063024  0.216991461441  0.648481748772  0.434975390773  0.342196956388  0.18455971553  0.105644324752  0.0371417746873  0.0158493874934  11.5036480042  0.0189070679425  0.0259856357284  0.0109661283831  0.0127216983102  0.0966668092975  5.65785890389  0.177491005722  0.0287401715791  0.0481034547886  0.0216230817157  -9999.0  -9999.0  -9999.0  -9999.0  -9999.0  -9999.0  -9999.0  -9999.0  -9999.0  -9999.0
-9999.0  -9999.0  -9999.0  -9999.0  -9999.0  -9999.0  -9999.0  -9999.0  -9999.0  -9999.0  -9999.0  0.40201984271  2.57051146408  0.406145975122  0.36043663877  1.84760825147  2.17170020974  2.50844860251  2.81954444205  34.5627598945  34.7938960165  35.3203589171  39.2886645145  40.0266379073  40.4026120323  40.6859793151  45.2822276824  45.7861179376  46.0377817282  47.897599653  49.1328255976  49.3877684965  49.9436575527  0.362128135548  0.240304846484  0.0333261365913  0.0765408762887  144.160085082  148.038463531  0.805264025615  11.2073452546  10.9129799959  1.20973416083  0.298074106545  0.302862248495  0.293317965526  0.286035677303  0.576164878763  0.851244457469  0.280590013297  23.1660820955  23.4214310253  24.7402319926  24.9710170979  25.5329629473  25.9293629219  0.178044854604  0.142320041819  0.0560819228548  11.5354347745  11.580907467  11.6351463421  11.6935279857  0.0264110093884  6.17879907727  5.99007917868  0.163472655921  1.59160574831  1.53501192181  0.0564744244806  0.0331054135269  -9999.0  -9999.0  -9999.0  -9999.0  -9999.0  -9999.0  -9999.0  -9999.0  -9999.0
-9999.0  -9999.0  -9999.0  -9999.0  -9999.0  -9999.0  -9999.0  -9999.0  -9999.0  -9999.0  -9999.0  1.3241156649  1.7487546615  0.811100173598  1.19860110417  0.381814764753  4.41102458294  4.77222892727  5.47734685734  5.65469547256  2.23197459249  37.9255497911  38.1527458601  0.175606253953  0.0959704418514  0.0556959521199  0.163854232424  0.0671923976961  0.033218640494  0.0292861290493  0.0528936156237  49.5024735288  50.0969049425  50.7607367629  51.2803978614  51.5784808781  0.111598961673  0.0674123569958  160.140936264  11.7708908121  11.5086115897  0.264449093274  0.269837543172  0.270342866724  0.576665121514  0.568746087865  0.255318680271  0.254823173181  0.249219761177  0.526723147228  0.750311997974  0.204983091605  0.379979812759  0.128495808641  0.022700341533  25.9753461838  26.2312542778  26.493041294  26.6792252738  26.7785381744  26.8317049158  26.8544259536  0.0211532289623  11.8334105942  0.0993759463361  8.09822990949  1.77634529893  0.208253569882  1.45444597477  1.2561972256  0.0360477753049  -9999.0  -9999.0  -9999.0  -9999.0  -9999.0  -9999.0  -9999.0  -9999.0  -9999.0
-9999.0  -9999.0  -9999.0  -9999.0  -9999.0  -9999.0  -9999.0  -9999.0  -9999.0  -9999.0  -9999.0  -9999.0  0.894067073424  0.416953885983  0.388219042759  3.6856457548  4.06700401284  0.36639110654  1.45155432328  1.76026147206  1.98972889158  0.258561515522  0.222632167739  5.52871685744  5.71376114167  5.86551292617  16.4410146285  16.5123343575  16.5821010039  17.4813308666  17.7110813507  17.7404484719  0.0264437042663  0.0281674652515  0.0531620679491  52.0650173593  0.1555399588  162.619812  162.221203457  1.83340607768  1.56831071163  1.04859693145  0.2656375092  0.534503127474  0.84695941079  0.841827711911  0.5099375426  0.246632363178  0.493155564025  0.493789683915  0.97745382515  0.125719796117  0.497851453684  0.828387874925  0.876530762698  0.90178969738  0.0231245904894  0.0233050707267  0.0223826520267  0.0227437371334  0.0265808728919  26.8941415345  26.9718854315  38.8166509175  38.8390678447  8.75215771066  0.567711395325  0.421815519887  0.115254440755  1.18861552566  1.14764005775  -9999.0  -9999.0  -9999.0  -9999.0  -9999.0  -9999.0  -9999.0  -9999.0  -9999.0
-9999.0  -9999.0  -9999.0  -9999.0  -9999.0  -9999.0  -9999.0  -9999.0  -9999.0  -9999.0  -9999.0  -9999.0  0.460159638434  1.27081699872  1.67869040451  2.90714021703  0.382883081664  0.769412609498  1.12361074508  4.22308191509  4.43118239772  4.49686925654  4.73543708319  5.07215476679  9.16550321841  10.1179659116  10.4644471014  0.0637924190707  0.816017802651  0.865906813888  17.59875699  17.7856076613  17.8556060284  17.9254189072  18.0166196466  70.3258541543  0.431843885843  163.545876907  0.159626217383  0.0458582735967  1.31244510587  1.21890593056  0.126771026292  0.754592991841  1.07828086851  1.0736772691  0.733383878851  1.2013143797  1.9056071234  0.714533263703  1.90395460081  0.121975139693  0.149210166007  0.0215975524775  0.018971734115  0.947681054939  0.964470230411  0.0414440657818  0.040264110191  0.0614783896471  0.0204940971487  0.0299676365735  0.0635051619845  52.7813032918  52.7473480299  13.8347585696  0.128726126959  0.872923161535  0.680274713028  0.459553289545  1.12111031936  0.781998379941  -9999.0  -9999.0  -9999.0  -9999.0  -9999.0  -9999.0  -9999.0  -9999.0
-9999.0  -9999.0  -9999.0  -9999.0  -9999.0  -9999.0  -9999.0  -9999.0  -9999.0  -9999.0  -9999.0  -9999.0  0.428330534565  0.850379125036  0.401236650019  0.811432717393  0.363081030915  2.77440841313  3.51236643553  3.8765247336  0.335865056123  0.589791566831  7.16705818351  8.62955645976  8.87360303199  0.644774462362  0.572779012098  0.731528831901  0.0428909611942  0.0386154743521  0.0742427683038  0.0674874300703  14.0003025514  14.0931041529  14.1971655988  70.6353257948  164.67604835  163.608642336  0.0717035269514  0.0325529451501  0.0299079952031  0.179518073427  0.153917483026  0.80445545334  1.22313196781  2.52863958535  0.232038627157  0.232188901275  2.05804758758  2.207057991  4.44202292337  4.54571889261  4.71887515748  4.76125594547  0.0348190046651  0.0559579605574  1.04554817753  55.0678034923  53.9304819777  53.8363336265  53.5967436763  0.0537556097306  53.2385027297  0.117871494301  0.0566129324814  4.93937348802  1.35312948414  1.29415713776  0.222592571516  0.237588606367  0.227660419019  0.735132324003  -9999.0  -9999.0  -9999.0  -9999.0  -9999.0  -9999.0  -9999.0  -9999.0
-9999.0  -9999.0  -9999.0  -9999.0  -9999.0  -9999.0  -9999.0  -9999.0  -9999.0  -9999.0  -9999.0  -9999.0  -9999.0  0.405492907932  0.818954996482  1.23542031696  1.9964065245  0.415242457238  0.382710263465  3.56963430825  3.91584599085  6.7107651459  7.0418746769  0.93244283857  0.33404158713  0.323573739123  0.302888808621  13.5956061869  13.7130126879  13.7692263986  13.8080933009  13.9241813382  1.22218739882  1.3949608574  15.7614662218  251.223880963  0.695059211257  0.505956830225  0.150363210755  0.0518832954997  0.0318257023114  0.240178543093  0.265044964746  0.855468644687  0.0243718984515  2.56672175965  0.315128354264  0.306171247332  0.0262030222074  0.0205628027255  0.0204077091144  0.0648054400554  0.0212417771066  4.78257543021  63.195402475  58.3410753345  58.1200585616  55.1800654582  0.0252479399466  0.0971725517478  0.0467247074515  53.3474321053  0.181662301259  0.0738639119849  0.137915530458  0.117920965818  3.43750601736  3.25981594101  0.421355724038  0.216190248664  0.251123243413  0.249322093834  -9999.0  -9999.0  -9999.0  -9999.0  -9999.0  -9999.0  -9999.0  -9999.0
-9999.0  -9999.0  -9999.0  -9999.0  -9999.0  -9999.0  -9999.0  -9999.0  -9999.0  -9999.0  -9999.0  -9999.0  -9999.0  -9999.0  0.39714765638  1.05380879274  1.72346026775  2.42024107519  2.80408684767  3.1983630534  1.1371034785  1.86306465111  0.32821925613  0.322943536535  12.064331339  12.704830519  13.01465972  13.3406080716  0.22842775478  0.369606719018  0.978058350573  1.02713471573  1.09788325805  0.181430159658  0.2926842749  251.990625959  0.225191224759  0.259242756754  0.121251029493  0.273070167184  0.124584476198  0.0958018498089  1.19800266305  1.36242857012  0.0722333167598  2.66730602697  3.00000554116  0.319508525825  64.9789071023  64.9335829087  64.889073123  64.7204401655  64.5846795749  63.4304938306  63.3222420864  0.118394327613  2.83708829178  2.7165039291  2.62814484857  2.60378655472  2.01316651031  1.98991875823  1.93935622512  0.925019726554  0.871455290516  0.576735050182  0.117450389629  3.09994734475  2.65218888563  0.200177306347  0.433015094097  0.206199611218  -9999.0  -9999.0  -9999.0  -9999.0  -9999.0  -9999.0  -9999.0  -9999.0
-9999.0  -9999.0  -9999.0  -9999.0  -9999.0  -9999.0  -9999.0  -9999.0  -9999.0  -9999.0  -9999.0  -9999.0  -9999.0  -9999.0  0.20770931369  0.462242228482  0.68627797244  7.12879052605  7.52274485964  0.398166335852  0.384814103035  0.3632245159  10.7135351606  11.4093126009  0.336543334583  0.331154191563  0.296309533802  1.16271397562  1.4436733178  0.663113474836  0.780470420867  6.60245800993  6.75453197193  7.2305145828  11.3437377364  263.516684353  0.255070605  0.113000583798  0.452771031607  0.360330731845  0.100636955928  0.304713970194  0.413338009008  1.48548907908  1.60662269528  4.80952771194  3.04409552162  0.343280984894  66.6499666851  0.941282298823  64.8347377614  64.7808090076  1.03515467739  0.114010276557  0.0272761839122  0.0128346388832  0.0465459555524  0.0671735271306  0.0328422263989  0.567998564227  0.471759414108  0.0312585967798  0.97847320715  0.206515031707  0.159206194977  0.42151358232  0.205027595297  0.377033876348  2.09625312747  1.82279433486  0.178543865105  0.360369421508  0.181513441853  -9999.0  -9999.0  -9999.0  -9999.0  -9999.0  -9999.0  -9999.0
-9999.0  -9999.0  -9999.0  -9999.0  -9999.0  -9999.0  -9999.0  -9999.0  -9999.0  -9999.0  -9999.0  -9999.0  -9999.0  -9999.0  1.10258491722  1.81008929024  3.63681439969  6.54597022873  8.23432239049  9.27659956212  9.64761571077  10.022024107  10.3809873212  0.345167222904  0.31926470117  0.618414856498  0.588873353406  0.294023727809  5.76585636538  6.04098027466  6.30135364572  6.53930714637  3.28385571617  3.35430602978  3.72497054829  263.669700062  0.452316652327  0.318740433351  0.820365697127  0.0773264292876  0.301430672309  0.178990860255  0.101958628561  0.557357330614  0.0983390769507  0.101958680181  72.006144043  67.1080644253  66.9996599118  0.358495872322  0.898218576949  0.521709163366  0.0846147201467  0.730855184271  0.147809016565  0.115348782241  0.0827326313485  0.0566465017844  0.0309237839492  0.0686348083202  0.443600849495  0.37378797095  0.306994825864  0.721320745295  0.691706995423  0.66473536708  0.109409973992  0.213172787603  0.138509532354  1.296835338  1.08262009345  0.756356180967  0.144861857649  -9999.0  -9999.0  -9999.0  -9999.0  -9999.0  -9999.0  -9999.0
-9999.0  -9999.0  -9999.0  -9999.0  -9999.0  -9999.0  -9999.0  -9999.0  -9999.0  -9999.0  -9999.0  -9999.0  -9999.0  -9999.0  0.770532805681  0.747970653219  1.47443538668  2.20245471736  0.480291662331  0.369075180889  0.753306195648  1.12670272156  1.81936516804  2.16788853643  2.50023744864  3.45390928108  3.7524160577  4.05677126257  0.259549758762  2.81388522926  3.01258698592  3.11989124657  0.0475687264077  0.0103303663689  0.0333140524739  267.312374473  267.45956372  268.19678392  1.03847144878  0.153960045127  0.426136138786  0.105829940649  0.191485248618  0.660918011342  0.844716770614  0.188172762767  72.5185355623  0.199077912088  0.210620138237  0.212506038033  0.234020063644  0.330096748189  0.148390392911  0.547102088272  0.327333930979  0.200831178465  0.0916176898061  0.062923935972  0.033317623979  0.0370227073621  0.0389273276924  0.0392532652567  0.277661232114  0.211183735251  0.145950158622  0.0773156170642  0.614445546044  0.465820276403  0.200972084504  0.176389447799  0.0865228136017  0.314075168244  0.189157670651  -9999.0  -9999.0  -9999.0  -9999.0  -9999.0  -9999.0  -9999.0
-9999.0  -9999.0  -9999.0  -9999.0  -9999.0  -9999.0  -9999.0  -9999.0  -9999.0  -9999.0  -9999.0  -9999.0  -9999.0  -9999.0  -9999.0  0.724600857219  1.42339231961  0.669602384046  1.33839756199  8.33494429433  8.81246112434  9.18635643367  0.352003013584  0.346912421091  0.679837956962  1.0020573182  1.60061699608  1.88658930973  2.03118072467  2.28269932158  0.21210619976  0.136689289343  3.27368586252  3.28629420367  3.35388622098  3.45774777803  3.14460819428  271.791129314  273.502757488  273.58042523  274.07951087  274.465673727  274.8005157  0.108872393245  0.939434619121  72.6300835751  0.268135363046  0.136992090136  0.205801751919  0.189050865954  0.303605185735  0.1871064349  0.105011308904  0.136296477077  0.095431271473  0.0817199619929  0.0298903600787  0.0239829732809  0.0798529814402  0.0561542322409  0.0293244640372  0.0288481105719  0.0311155704234  0.0326566199562  0.0349665926556  0.0368785381166  0.0377133532285  0.238889651611  0.0607264443698  0.310605446422  0.167480892831  0.129303211928  -9999.0  -9999.0  -9999.0  -9999.0  -9999.0  -9999.0  -9999.0  -9999.0
-9999.0  -9999.0  -9999.0  -9999.0  -9999.0  -9999.0  -9999.0  -9999.0  -9999.0  -9999.0  -9999.0  -9999.0  -9999.0  -9999.0  -9999.0  -9999.0  2.11116365766  2.81444054412  4.92471584895  6.32411653277  0.688380471751  10.2663281796  10.6169753625  10.96617305  0.342543619723  0.675258588379  0.306395459923  2.25228869605  2.3868213446  2.60176362574  2.79727699241  3.23085009415  3.25231073859  0.0180304248731  2.66905653167  2.89427381559  3.03709068392  3.44921601845  0.542533257178  0.340504502319  0.187601215934  0.176381335885  275.111631706  275.298718047  276.979893942  72.7621176904  0.782165335582  0.395352333324  0.290121172621  0.0707778873875  0.689555187625  0.30100031819  0.0950922847727  0.471419968138  0.388114925738  0.0687327116549  0.170463113383  0.151987266134  0.105609606149  0.0236674602417  0.0675112691833  0.0488298163667  0.0205984876596  0.0439372165743  0.0232226464774  0.0246703546394  0.0238288310442  0.0225764931258  0.0844868101553  1.42186479675  0.9356224049  0.570009035349  0.236419563105  -9999.0  -9999.0  -9999.0  -9999.0  -9999.0  -9999.0  -9999.0
-9999.0  -9999.0  -9999.0  -9999.0  -9999.0  -9999.0  -9999.0  -9999.0  -9999.0  -9999.0  -9999.0  -9999.0  -9999.0  -9999.0  -9999.0  -9999.0  0.738186952502  3.53385480102  4.26799688479  0.696883668778  0.377198039601  0.748815988322  1.0884803929  12.4048046739  0.341066460061  1.36756171644  1.68216674597  1.99025219305  0.141038346178  0.344511647297  0.40396236534  2.15718640504  2.32782687463  2.43167626173  0.108151221939  0.0908231145001  0.0869797048091  0.15847227288  0.0585700282183  0.0634209540873  0.140364791736  0.102616205949  0.145685796021  0.593201683731  277.176912611  350.442676727  0.968589492655  0.123294595549  0.0918955506748  1.90473086447  1.75214491063  0.951366152772  0.833123721018  0.593406822838  0.132288976264  0.0969754066944  0.188909381088  0.0865418612714  0.0667092293673  0.0208370669099  0.116829309416  0.215418639778  0.117115220932  0.0688538320558  0.0216148796386  0.0843254720062  0.0603358268605  0.0627758781374  1.79062175868  1.76539273658  0.189521318945  0.179055451918  0.168783750797  0.158901653527  -9999.0  -9999.0  -9999.0  -9999.0  -9999.0  -9999.0
-9999.0  -9999.0  -9999.0  -9999.0  -9999.0  -9999.0  -9999.0  -9999.0  -9999.0  -9999.0  -9999.0  -9999.0  -9999.0  -9999.0  -9999.0  0.652275364874  2.06707234548  0.679447051422  0.559741582351  0.421039127234  0.817158588891  1.19741101558  1.65828024652  14.6753069276  15.0062510465  0.33897854511  0.654088583004  0.968190460444  1.16437180875  1.33504014693  1.77314935684  2.05696219721  0.0298518303093  0.0858811514545  0.0895733936385  0.148889059036  0.13701168917  0.130633202717  0.110574238479  0.122257245254  0.672001906522  0.327747805964  0.248102039699  0.246097483922  0.173654877081  0.32136729074  357.165796237  5.65627049215  2.49766814483  0.362281794345  0.171074474418  0.12070937409  0.325031942712  0.193896663886  0.0851719445271  0.084476977203  0.333401005736  0.441359700389  0.476352478837  0.0166378706622  0.426341739964  0.272683692385  0.0208814233317  0.0199777063094  0.0860653871661  0.393069755033  0.190830813904  0.145782346499  1.89121308756  0.122321610816  0.137239882231  0.668562922309  0.338498663778  0.546945876444  0.218637346749  -9999.0  -9999.0  -9999.0  -9999.0  -9999.0
-9999.0  -9999.0  -9999.0  -9999.0  -9999.0  -9999.0  -9999.0  -9999.0  -9999.0  -9999.0  -9999.0  -9999.0  -9999.0  -9999.0  0.680863238221  1.32475951003  4.72989526351  0.675144159138  1.26441918276  1.67565730289  2.06562408045  0.399855987337  0.757589815376  1.32493267196  16.9008998531  0.324457730014  0.625431218042  0.920176131873  0.260282654449  0.499622627427  0.530037010007  0.745411562838  26.8575386367  27.0689544055  27.287650382  28.4745565948  28.8848087077  29.8191966516  0.277449106981  0.558356414613  0.81328663198  33.0728279769  33.4814363443  0.227576781286  0.351981131813  0.476057966809  357.373116475  5.46882360639  2.41397416233  2.20138882029  2.02538638752  1.86655454304  0.431714524463  0.122596845467  0.185513736741  0.0776487440959  0.0736974269975  0.0971833174562  0.49713229848  0.974409271463  0.461369426763  0.05880769737  0.0397518931253  0.0467193456112  0.755736203166  0.584111088411  0.112918484855  2.29755589272  2.01511673563  0.237448731244  1.32285818399  0.809102172359  0.863026038625  0.720041919897  0.167644563878  -9999.0  -9999.0  -9999.0  -9999.0  -9999.0
-9999.0  -9999.0  -9999.0  -9999.0  -9999.0  -9999.0  -9999.0  -9999.0  -9999.0  -9999.0  -9999.0  -9999.0  -9999.0  -9999.0  0.689946559831  2.09378035094  7.51143955643  11.1496748215  0.622966491469  14.6414691913  17.3479550953  0.378892247527  0.732458742986  1.23959112  20.5792498256  21.0746594242  0.291929818061  1.5041132961  1.76259660189  1.92297181858  25.5720373651  25.7862662233  26.0513235974  0.147535269561  0.840317335434  0.999893466456  0.487726096467  0.699186502787  30.8409583682  31.7400482418  31.932423278  32.1191582304  33.7571350956  0.135029685557  0.126373617462  0.727071834912  357.616777437  0.320167450208  0.000451762727705  0.00229455195851  0.0010209214596  1.58961258848  1.55742534177  0.930463378377  0.617032063748  0.227669231701  0.0817616596664  0.129939910958  0.0152637191388  0.987453890616  0.0915343679938  0.0742825699909  0.0142167721904  0.0636177988524  0.784864247087  0.0156832161752  0.00789301013344  2.31914120382  0.0600827528649  1.55385517389  1.45102724811  1.25615540862  1.13873111438  0.134195097885  0.472018740748  0.154522225651  -9999.0  -9999.0  -9999.0  -9999.0
-9999.0  -9999.0  -9999.0  -9999.0  -9999.0  -9999.0  -9999.0  -9999.0  -9999.0  -9999.0  -9999.0  -9999.0  -9999.0  -9999.0  -9999.0  -9999.0  1.47169748069  2.97459522802  13.2490157701  13.9829196543  18.0052090345  18.662700217  0.373303419621  0.745906829432  1.88140595081  21.6574305163  22.3142554459  22.583541029  0.230598525004  23.3956991062  23.5934469206  0.151565363201  0.149106041833  0.288349620198  0.569465633571  0.141377718411  0.292059422935  0.669867343011  0.847702351669  0.163489655947  0.125540344394  0.254957103406  34.5707620155  34.8075851056  34.9216478192  35.9308908045  357.830168884  0.297462646085  0.000298418469529  0.000766166876595  0.000711838225606  0.000733806431676  0.000622499488195  0.0011444477883  0.125018237367  0.237204244203  0.10807767917  0.0830434879746  0.237513566875  1.24805806513  1.35733480861  1.37765072921  1.47237645432  0.0155445104848  0.80067531749  0.0465516650175  0.0149020318671  2.33658413909  2.41394283018  1.62795691838  1.74343772159  1.38404705582  0.896093777368  0.767686652142  0.632559469436  -9999.0  -9999.0  -9999.0  -9999.0  -9999.0
-9999.0  -9999.0  -9999.0  -9999.0  -9999.0  -9999.0  -9999.0  -9999.0  -9999.0  -9999.0  -9999.0  -9999.0  -9999.0  -9999.0  -9999.0  -9999.0  0.771783925585  0.758210760806  0.742426839697  1.46180905218  0.653045970265  19.9610426776  20.5644663589  0.408562113986  0.752032648346  0.348457690084  0.30720194766  0.300765675175  23.014336993  0.0497398695073  0.0993447458936  0.104538391619  0.151202408325  0.140161578884  0.119462226756  0.123125794444  0.377207704409  0.513219602065  0.109343287628  0.0994388332774  0.213501626605  0.347722517795  0.419502692335  0.0966709550368  35.0611678844  36.0520012  358.004220477  0.49972087133  0.0046687698133  0.000428861088965  0.0010270056521  0.000325582834482  0.000241587909419  0.00142244427951  0.563691405361  0.332972962041  0.0714934736761  0.0595920172432  0.0831811404863  0.0264876776145  0.0167760467511  0.0180895304062  0.0196195762005  2.40986979894  0.863228074758  0.0152649823446  0.0259334221369  0.0122887330053  6.97818538485  4.54963719226  4.52014813755  1.4458523807  1.14043273977  0.117065484482  -9999.0  -9999.0  -9999.0  -9999.0  -9999.0  -9999.0
-9999.0  -9999.0  -9999.0  -9999.0  -9999.0  -9999.0  -9999.0  -9999.0  -9999.0  -9999.0  -9999.0  -9999.0  -9999.0  -9999.0  -9999.0  -9999.0  -9999.0  -9999.0  0.748937786717  2.15471936525  2.77605828614  3.4144918097  21.1793999003  21.7773329494  22.3604928569  22.912183249  23.2052413003  23.8006829383  23.8597171217  23.9013694321  23.9690533907  0.135923710888  0.130742146128  0.13632884976  0.506214760453  0.133085918119  0.12987800967  0.108749854935  0.322796841275  0.124510923712  0.103384616396  0.0973176740215  0.0854191032107  0.170541716351  0.25129163413  36.578598494  395.250009879  0.194088264055  0.383162955627  0.00033872254517  0.00121259088412  0.000499751560147  0.000488541043034  1.00983454146  0.920018766537  0.244503899234  0.127290834562  0.198356262709  0.0574454867991  0.0993252125574  0.0413962072543  0.0504446619353  0.0177463743478  0.0222340702352  2.42848519881  2.48796395811  7.52666172491  7.48126428865  7.46299762107  0.0201649507833  1.23484985744  1.21233577167  0.0548731660609  -9999.0  -9999.0  -9999.0  -9999.0  -9999.0  -9999.0  -9999.0
-9999.0  -9999.0  -9999.0  -9999.0  -9999.0  -9999.0  -9999.0  -9999.0  -9999.0  -9999.0  -9999.0  -9999.0  -9999.0  -9999.0  -9999.0  -9999.0  -9999.0  -9999.0  -9999.0  0.642364051068  4.97673257109  9.75509534449  10.4105467414  0.640441129081  1.0493397132  1.38992146171  1.67178505282  3.54723898874  3.67447752116  0.12865179205  0.124913858133  24.2353843334  24.4868326137  24.6089552686  0.612020560791  0.101208058218  0.238598089193  0.351810198567  1.05234720288  1.28917620492  1.48820647352  0.18542055938  0.262574527029  0.0895335658972  0.179505711556  0.0929298085708  395.44743109  0.180064080375  0.729768942091  0.182669275694  0.249286885637  1.07825951784  1.16932976977  2.27256116836  0.774937583887  0.668528385158  0.387342660814  0.343252378958  0.0983728625619  0.139966480566  0.0997662715139  0.0638598514728  0.0101167278683  10.3743422635  10.2933989667  10.2445191065  7.61844163137  0.0277164667348  0.436849210203  0.317260365758  0.212879688315  0.133149639016  0.0241966027442  -9999.0  -9999.0  -9999.0  -9999.0  -9999.0  -9999.0  -9999.0
-9999.0  -9999.0  -9999.0  -9999.0  -9999.0  -9999.0  -9999.0  -9999.0  -9999.0  -9999.0  -9999.0  -9999.0  -9999.0  -9999.0  -9999.0  -9999.0  -9999.0  -9999.0  0.701303945974  2.21422297381  4.34660341547  5.69462903003  14.5178817471  15.1731588968  0.709197640992  1.05209140759  1.3387240914  1.61453207783  3.74893532288  3.98339982289  6.35664845924  6.52190768597  6.63408023987  24.7376238927  25.7044953337  0.234989860413  0.14482367873  0.140518390974  0.27447178635  0.12871346213  1.73595883117  1.83146083121  0.348695698856  0.422465750987  0.087837651003  111.895932999  112.096675681  507.71311924  508.698633946  0.18450984607  0.631139449764  0.377038810096  0.269164452684  2.64128985486  3.5307422359  0.565782416347  0.443494800229  0.0977318015792  0.0516123937392  0.189969352116  10.6239193008  10.4836703157  10.453911946  10.4276370532  0.0706384251341  0.0372530036379  0.0286424351924  0.02979244832  0.0937146472225  0.0625955583413  0.0602591195106  0.0912604156569  0.0290738454602  -9999.0  -9999.0  -9999.0  -9999.0  -9999.0  -9999.0  -9999.0
-9999.0  -9999.0  -9999.0  -9999.0  -9999.0  -9999.0  -9999.0  -9999.0  -9999.0  -9999.0  -9999.0  -9999.0  -9999.0  -9999.0  -9999.0  -9999.0  -9999.0  -9999.0  -9999.0  0.783915344055  0.762402664775  1.45572504031  3.47478577702  15.8020097552  0.362385847824  0.358098087764  0.654494917356  0.93569361718  2.02239524351  2.10875621238  0.0528193738675  0.112825560799  6.78621899985  6.9229058825  32.7362944154  32.8392946246  0.0938997744979  0.0848716568077  0.0748112369761  0.07544359543  0.079337423986  110.25503794  110.807167409  111.301980432  111.457346658  111.817349019  0.104228007071  0.390554000741  0.505990382597  509.500281886  509.648898922  509.760556847  509.857251902  509.92727363  3.63850051612  0.0538408847122  0.193153759242  0.151362066691  0.0413100797533  0.231095265505  10.7301353041  0.0564432452134  0.0148241458596  0.11607108349  0.102175335753  0.0809881890602  0.056850395412  0.0311996959492  0.0347757928182  0.0331173676922  0.0308819349441  0.032639462269  -9999.0  -9999.0  -9999.0  -9999.0  -9999.0  -9999.0  -9999.0  -9999.0
-9999.0  -9999.0  -9999.0  -9999.0  -9999.0  -9999.0  -9999.0  -9999.0  -9999.0  -9999.0  -9999.0  -9999.0  -9999.0  -9999.0  -9999.0  -9999.0  -9999.0  -9999.0  -9999.0  -9999.0  0.710803917641  0.737915341683  1.38004968153  18.4954708151  19.1082855839  0.352281894099  0.642193891977  0.928676636343  1.01819426723  0.0649933111627  0.18808337562  35.2304782937  35.3607701976  35.4627625182  36.3474255362  69.2889101052  106.715429354  106.92716665  107.126375334  107.318540313  108.085136345  108.327567424  0.467491857235  0.216209535321  0.12626582236  0.240862280626  0.193541270077  0.303713343668  0.0999764822305  2.04671994733  2.54304505837  2.97995603878  3.05279936258  510.011689132  513.760712001  514.193446228  0.275777221845  0.0601169426928  0.371251180293  0.28204701487  10.8285709376  0.0497731049593  0.500367791905  0.366025389438  0.347091678394  0.224795223063  0.0906020556835  0.0476773100058  0.0247694584809  -9999.0  -9999.0  -9999.0  -9999.0  -9999.0  -9999.0  -9999.0  -9999.0  -9999.0  -9999.0  -9999.0
-9999.0  -9999.0  -9999.0  -9999.0  -9999.0  -9999.0  -9999.0  -9999.0  -9999.0  -9999.0  -9999.0  -9999.0  -9999.0  -9999.0  -9999.0  -9999.0  -9999.0  -9999.0  -9999.0  -9999.0  -9999.0  0.722814485487  1.38893330587  2.05693683639  19.6586301834  0.49943763172  26.0762758639  26.3722904783  26.4364393096  26.5523128548  34.7366073409  34.8933651831  0.144366176636  0.662240969968  0.802837625066  0.149102215732  37.2124434051  36.9357231442  0.0978466460197  0.223013580163  0.591049687913  0.127137890633  0.134910435353  0.109102895924  0.0976599323347  0.0795365600332  0.0924496337876  1.72018241536  1.81778116404  1.93094521422  0.345927137881  0.277941533165  3.23137012416  3.35128488639  3.41113376734  514.281712487  514.372482343  0.54804012153  0.431895776295  11.4904354493  11.4309225327  0.551157702732  0.0491587799849  0.0184911357635  0.467815709926  0.356591494086  0.229710876681  0.074210997368  0.0398228929188  0.0184622159387  -9999.0  -9999.0  -9999.0  -9999.0  -9999.0  -9999.0  -9999.0  -9999.0  -9999.0  -9999.0
-9999.0  -9999.0  -9999.0  -9999.0  -9999.0  -9999.0  -9999.0  -9999.0  -9999.0  -9999.0  -9999.0  -9999.0  -9999.0  -9999.0  -9999.0  -9999.0  -9999.0  -9999.0  -9999.0  -9999.0  -9999.0  0.667560565262  0.628833711073  3.24511370288  24.1547330251  25.268238639  25.7905763873  0.30622757241  8.03138647195  8.07543440411  8.10285375583  0.136817384882  0.294464086883  0.441687309223  8.8267903774  8.94691526437  9.05571983173  36.7295780015  23.1941387335  0.123379635818  0.125594553979  0.120153058644  0.10136775203  0.999870061622  1.21527109378  1.40834782026  1.51654512495  1.62154483551  8.40959356406  8.49618898664  8.56505211076  8.72522891894  9.73792984582  9.80611207622  13.2949251196  0.0619446240868  514.456000995  514.553723713  0.618348872055  11.5447449553  0.0919230667316  0.0419333052222  0.0918123410263  0.817418345451  0.805214858246  0.241475741827  0.122743490348  0.14340081122  0.0629068488208  0.0182796286121  0.0165331737615  0.0162630292765  -9999.0  -9999.0  -9999.0  -9999.0  -9999.0  -9999.0  -9999.0  -9999.0
-9999.0  -9999.0  -9999.0  -9999.0  -9999.0  -9999.0  -9999.0  -9999.0  -9999.0  -9999.0  -9999.0  -9999.0  -9999.0  -9999.0  -9999.0  -9999.0  -9999.0  -9999.0  -9999.0  -9999.0  -9999.0  -9999.0  1.30791669304  1.98917427152  0.661341396095  0.357617911916  7.07714386482  7.40182270813  7.60385830675  1.94723590583  1.9906019755  2.05419723214  2.19005969971  8.56440267188  8.7141184521  4.12034257207  13.3053728299  13.4276752845  23.0941379934  0.246979444193  0.124715288011  0.0949784661861  0.679525302067  0.798816411262  0.0836556935582  0.0789063868931  8.02327235928  8.22292723701  8.32948629339  0.0822706799815  0.115828497905  9.54661984265  0.114502251232  0.511677518728  0.575246640477  13.9937870579  14.0595188355  14.7920419046  530.052593019  11.6985980384  1.09199975894  1.03504810504  0.980879952838  0.832414632913  0.0254097128234  0.355570006476  0.266459896087  0.145981188027  0.0380551297445  0.0328485064494  0.075704668876  0.0421341098203  -9999.0  -9999.0  -9999.0  -9999.0  -9999.0  -9999.0  -9999.0  -9999.0
-9999.0  -9999.0  -9999.0  -9999.0  -9999.0  -9999.0  -9999.0  -9999.0  -9999.0  -9999.0  -9999.0  -9999.0  -9999.0  -9999.0  -9999.0  -9999.0  -9999.0  -9999.0  -9999.0  -9999.0  -9999.0  -9999.0  0.655211708294  1.29729236137  5.28510547465  5.93104662638  6.40196923217  1.64995095705  1.90214783552  0.0504080372389  6.12141613013  6.16863787699  6.22828740657  0.107869805948  3.83737678883  3.99048629761  0.126138438786  22.4644598973  0.265034680834  0.131972093345  0.358713537315  0.483777642234  0.102584676732  0.0869883976393  7.07420766474  7.8347993025  7.95257815424  0.113116440166  0.267085425899  0.339265151917  0.409648770641  0.773008259533  0.189105776785  0.417701690423  0.0898729479959  0.177008788675  14.6499275067  14.7245755733  530.157302574  543.244879726  1.28827708195  0.0948621657263  0.0689378009224  0.0613282367661  0.013841514419  0.369174340607  0.320422503389  0.254152514387  0.301127617404  0.201651619867  0.137029765227  0.0305147950598  0.0180938122233  -9999.0  -9999.0  -9999.0  -9999.0  -9999.0  -9999.0  -9999.0
-9999.0  -9999.0  -9999.0  -9999.0  -9999.0  -9999.0  -9999.0  -9999.0  -9999.0  -9999.0  -9999.0  -9999.0  -9999.0  -9999.0  -9999.0  -9999.0  -9999.0  -9999.0  -9999.0  -9999.0  -9999.0  -9999.0  0.650754509659  2.0140768257  3.38142789254  0.639056778481  0.98326979974  1.33305715101  5.88833529055  5.97580103761  6.02506986581  0.0435512868427  3.36004877688  3.50812851927  3.59784743579  0.051515734934  21.9334036168  22.2167747331  0.135691542845  0.127342171575  0.255778640447  0.110502919536  6.49501056902  6.70184826337  6.82189059789  0.461010010989  0.575709782468  0.10304627687  0.190040195962  0.0876255753101  0.600591495126  0.0916405439453  0.105302671406  0.113636847565  0.118945256252  0.240877745867  0.33488884768  40.2181879777  40.3839051001  583.834469827  583.906049587  583.98828016  0.113088726249  0.929730171906  0.825713182434  0.414175944265  0.403086119038  0.0671566362063  0.414034058787  0.0203318317238  0.0185207300122  0.0155133771597  0.0668149347483  0.0283797148272  -9999.0  -9999.0  -9999.0  -9999.0  -9999.0  -9999.0
-9999.0  -9999.0  -9999.0  -9999.0  -9999.0  -9999.0  -9999.0  -9999.0  -9999.0  -9999.0  -9999.0  -9999.0  -9999.0  -9999.0  -9999.0  -9999.0  -9999.0  -9999.0  -9999.0  -9999.0  -9999.0  -9999.0  -9999.0  0.690195742403  0.698440962148  0.564807098423  4.28785937098  4.61985898335  5.58769706638  0.148714655555  3.17299440711  3.27614172377  0.049592836495  0.104433568589  0.0420342873582  21.7140318939  0.067590560943  0.276559177627  0.374675168755  0.462283036471  5.87146813902  6.16904104729  6.29541461949  0.126212409296  0.240923520389  0.34689060568  0.0749298520339  0.0690645010079  20.3233478248  20.3960383611  20.4588330785  21.0342067028  21.1147604831  21.2342605401  21.3336723147  33.9349868353  34.0172817201  40.1402286441  0.0808810409346  0.0975963110386  0.192289841287  584.265129977  584.67204476  585.7725199  585.847861059  0.0371907161953  0.0106644632682  0.469102701093  0.448981068867  0.0143128637462  0.0686334801934  0.291160158639  0.171159556049  0.147825371448  0.0392410762938  -9999.0  -9999.0  -9999.0  -9999.0  -9999.0
-9999.0  -9999.0  -9999.0  -9999.0  -9999.0  -9999.0  -9999.0  -9999.0  -9999.0  -9999.0  -9999.0  -9999.0  -9999.0  -9999.0  -9999.0  -9999.0  -9999.0  -9999.0  -9999.0  -9999.0  -9999.0  -9999.0  -9999.0  0.612289287894  1.16757041242  2.36265800333  3.95677578957  0.357111481624  0.674953663275  2.84581195233  2.97465198842  0.0492626676853  4.910354314  4.9594691691  21.579363862  21.6250943083  0.0627377942172  0.134398000519  0.558877281766  5.22889342636  5.34456061616  0.225691787633  0.137065800482  0.115371002158  18.0553826072  18.2656723422  18.4483529459  18.6317687894  20.2557755712  0.199635494086  20.9617066462  0.110793591886  0.0817090507004  0.171507135479  12.4351596531  12.5279695308  5.74785681148  6.03891938647  0.201791018109  0.0999274567147  0.110180310187  0.12833465291  0.211539306788  0.0884928042133  618.237255708  618.353722138  0.648106283159  0.494641868716  0.0128246165294  0.687488130431  0.614543895523  0.425115206806  0.0298273548031  0.036048353246  0.0417553945374  -9999.0  -9999.0  -9999.0  -9999.0  -9999.0
-9999.0  -9999.0  -9999.0  -9999.0  -9999.0  -9999.0  -9999.0  -9999.0  -9999.0  -9999.0  -9999.0  -9999.0  -9999.0  -9999.0  -9999.0  -9999.0  -9999.0  -9999.0  -9999.0  -9999.0  -9999.0  -9999.0  -9999.0  -9999.0  0.415496253031  0.80132563024  1.1484773812  2.19695789362  2.52596881827  4.22476920119  4.74495054502  4.82712834958  4.87361367761  16.523013106  16.5735203017  0.0358821862896  0.499095073961  0.541954667734  4.62379089933  4.65929889394  0.0742939768986  0.0321703309599  17.7165452113  17.7658158682  17.8471585202  0.111699245093  1.30714698944  1.41057417343  1.52389896368  0.102129664739  0.0845064500475  0.0712401895281  0.0843052262292  12.0947071492  12.1971525383  0.0714274832604  5.67717760178  5.27655950896  5.2056407451  0.0831978751223  0.127389594213  0.0752363745765  0.151600635421  31.950442331  32.2814766457  619.107402918  0.107053530326  0.0611511199547  0.726919245431  0.0221378947223  0.253522427442  0.135850198681  0.0279253551155  -9999.0  -9999.0  -9999.0  -9999.0  -9999.0  -9999.0  -9999.0
-9999.0  -9999.0  -9999.0  -9999.0  -9999.0  -9999.0  -9999.0  -9999.0  -9999.0  -9999.0  -9999.0  -9999.0  -9999.0  -9999.0  -9999.0  -9999.0  -9999.0  -9999.0  -9999.0  -9999.0  -9999.0  -9999.0  -9999.0  -9999.0  0.392271487931  1.26338070564  1.84943874716  2.7733899327  3.5429953663  3.90926841295  0.286426693329  4.42460420948  16.2359632008  16.472585344  0.192505962346  0.312727548461  0.467025272294  4.53601142175  4.58673292281  12.0870494898  12.2920352845  17.676005374  17.6862197963  0.0272641739938  1.02252146183  1.10096798121  1.21780651235  0.104832702259  10.6467024629  10.7473863388  10.973896447  11.6705737789  11.9617123545  12.0119230852  0.0814448513171  0.171912374082  0.252734985926  4.02613651542  5.05557153814  0.776891193133  0.697171168358  0.0488640085816  0.0725924065734  31.6981803131  0.241050455248  0.168655523275  619.34586163  0.0443907407253  0.0323329540536  1.06839089845  0.327394111064  0.0973395625639  0.0327339863558  -9999.0  -9999.0  -9999.0  -9999.0  -9999.0  -9999.0  -9999.0
-9999.0  -9999.0  -9999.0  -9999.0  -9999.0  -9999.0  -9999.0  -9999.0  -9999.0  -9999.0  -9999.0  -9999.0  -9999.0  -9999.0  -9999.0  -9999.0  -9999.0  -9999.0  -9999.0  -9999.0  -9999.0  -9999.0  -9999.0  -9999.0  0.422596383251  0.404445675193  1.75934348997  2.40171764429  0.420335295242  3.7835948504  4.10805417643  0.309534619402  11.2019695946  0.304660154829  1.91291350766  4.21773585261  4.48268029394  11.2421756054  11.3518601775  12.0484908253  0.177585823778  5.35650808128  0.0166200207083  0.0325970873913  0.990399549038  0.0399494695728  2.2540353948  10.4504903836  0.039909402426  0.143530317137  0.44398044327  0.101386929028  0.0744417639795  0.0737738992616  0.0605023829004  3.72355389662  3.87608347694  3.94850976898  0.164887024745  0.210367403964  0.403089489996  0.0611384069513  31.5016566518  31.5379704035  0.108518486188  0.0985893181278  0.0561011803722  619.713968271  621.291541129  1.46841303079  0.369365301395  0.353761523599  0.154249969255  -9999.0  -9999.0  -9999.0  -9999.0  -9999.0  -9999.0  -9999.0
-9999.0  -9999.0  -9999.0  -9999.0  -9999.0  -9999.0  -9999.0  -9999.0  -9999.0  -9999.0  -9999.0  -9999.0  -9999.0  -9999.0  -9999.0  -9999.0  -9999.0  -9999.0  -9999.0  -9999.0  -9999.0  -9999.0  -9999.0  -9999.0  -9999.0  0.396032811223  0.416899504528  0.402253991942  3.06326455566  3.43726974758  4.7482233821  10.9070366879  0.328532403707  0.983583849049  1.31102463238  2.0185318606  0.588926840397  10.9672808012  0.274460794294  0.535382134736  5.1039043938  0.196762973496  0.818000573412  0.909976476246  0.0204203792501  0.0341107833727  2.21330082537  8.15985681145  0.0376825700098  0.151232923376  0.342076505647  0.0800415274077  0.0348318905496  3.47370925341  3.55619779433  0.0594102761213  0.116720087521  0.0313967362214  0.0850479428474  0.1149981799  0.106686641196  0.0384039547269  31.4679341394  0.105511357746  -9999.0  -9999.0  0.106729971207  0.196146905313  621.370279519  621.444705286  621.597866903  0.0647760330191  -9999.0  -9999.0  -9999.0  -9999.0  -9999.0  -9999.0  -9999.0  -9999.0
-9999.0  -9999.0  -9999.0  -9999.0  -9999.0  -9999.0  -9999.0  -9999.0  -9999.0  -9999.0  -9999.0  -9999.0  -9999.0  -9999.0  -9999.0  -9999.0  -9999.0  -9999.0  -9999.0  -9999.0  -9999.0  -9999.0  -9999.0  -9999.0  -9999.0  -9999.0  0.530539134725  1.67205747152  2.23675821323  4.37138364112  2.01749378733  5.76316408412  3.18386478412  0.326346961029  1.03754461216  1.68794038909  0.29415602629  10.0914693542  3.47294586247  4.35530990312  0.52218723977  0.522636718487  0.235747877227  0.0833491563422  2.11084064148  2.14562884086  8.05226298159  8.08686472192  0.0656300896351  0.101441167823  0.0296119828158  3.1792851269  3.32760981511  3.45488672978  0.0609098986484  0.0294317172034  0.0854570656075  0.0301242904893  0.0240687877688  0.0374412412869  31.2492512023  31.2739071275  31.2892931009  0.0705158557951  -9999.0  -9999.0  -9999.0  -9999.0  -9999.0  0.0518835171121  621.64369432  621.677800451  -9999.0  -9999.0  -9999.0  -9999.0  -9999.0  -9999.0  -9999.0  -9999.0
-9999.0  -9999.0  -9999.0  -9999.0  -9999.0  -9999.0  -9999.0  -9999.0  -9999.0  -9999.0  -9999.0  -9999.0  -9999.0  -9999.0  -9999.0  -9999.0  -9999.0  -9999.0  -9999.0  -9999.0  -9999.0  -9999.0  -9999.0  -9999.0  -9999.0  -9999.0  0.446903807315  0.409677233385  3.75316328033  0.664025567384  1.47187820027  2.08403526494  2.81216948882  0.366629636177  0.352507997454  0.33090533068  9.45952882694  9.78849517026  3.19018133157  0.615164347072  0.280040869993  0.281187287328  1.85376036568  2.07938287237  7.34513747311  7.70023532645  7.97996132308  0.0400851506746  0.033162949418  3.10027433517  3.12588247681  3.15541085482  0.126625049984  0.0666983288876  0.032004703053  0.0308883470819  0.0241801307525  0.199233449548  0.216465702659  31.2256246767  31.232192519  0.0160589620932  0.0058461523429  0.0349324230715  -9999.0  -9999.0  -9999.0  -9999.0  -9999.0  -9999.0  -9999.0  -9999.0  -9999.0  -9999.0  -9999.0  -9999.0  -9999.0  -9999.0  -9999.0  -9999.0
-9999.0  -9999.0  -9999.0  -9999.0  -9999.0  -9999.0  -9999.0  -9999.0  -9999.0  -9999.0  -9999.0  -9999.0  -9999.0  -9999.0  -9999.0  -9999.0  -9999.0  -9999.0  -9999.0  -9999.0  -9999.0  -9999.0  -9999.0  -9999.0  -9999.0  -9999.0  -9999.0  0.859412817375  2.74076158393  1.48176018798  0.367866716671  1.52692905228  0.377735694417  1.13934804079  1.45643073045  8.14071394754  9.0306153323  2.57035484783  2.88468156032  0.303056179664  1.30838615071  1.59417426391  4.47585789251  6.93049967466  7.19117231977  0.251089072016  0.184465567453  2.551984637  2.90176828911  3.07569795194  0.0343272927812  0.0647913861443  0.098016865629  0.0329767534633  0.0795123018727  0.12819593181  0.151374625848  0.181989803393  0.0272685442138  30.9627578555  0.046178807317  0.0112677981344  -9999.0  -9999.0  -9999.0  -9999.0  -9999.0  -9999.0  -9999.0  -9999.0  -9999.0  -9999.0  -9999.0  -9999.0  -9999.0  -9999.0  -9999.0  -9999.0  -9999.0  -9999.0
-9999.0  -9999.0  -9999.0  -9999.0  -9999.0  -9999.0  -9999.0  -9999.0  -9999.0  -9999.0  -9999.0  -9999.0  -9999.0  -9999.0  -9999.0  -9999.0  -9999.0  -9999.0  -9999.0  -9999.0  -9999.0  -9999.0  -9999.0  -9999.0  -9999.0  -9999.0  -9999.0  0.446293349554  0.416245898341  0.65894824933  0.384602933925  0.765280428574  0.775945042131  4.55267118022  5.15050604294  0.994458535712  0.353602109286  2.25534144219  0.684204878278  1.02563224901  3.61008921446  3.90731553941  4.2091220317  2.19107835163  0.868945322862  1.43030287866  1.95057831379  2.48000047856  0.261252183914  0.0719783272  16.0149092733  16.0771310041  16.1168265497  0.0281538004192  0.0530587437693  0.0278299540516  0.0308284250885  29.6817892925  30.3410327269  0.479490476366  0.281639643717  0.0279418018985  -9999.0  -9999.0  -9999.0  -9999.0  -9999.0  -9999.0  -9999.0  -9999.0  -9999.0  -9999.0  -9999.0  -9999.0  -9999.0  -9999.0  -9999.0  -9999.0  -9999.0  -9999.0
-9999.0  -9999.0  -9999.0  -9999.0  -9999.0  -9999.0  -9999.0  -9999.0  -9999.0  -9999.0  -9999.0  -9999.0  -9999.0  -9999.0  -9999.0  -9999.0  -9999.0  -9999.0  -9999.0  -9999.0  -9999.0  -9999.0  -9999.0  -9999.0  -9999.0  -9999.0  -9999.0  -9999.0  -9999.0  0.230436192884  0.362240862454  0.389491694631  1.61494546248  4.18911564134  2.19036912481  0.376091737498  1.5400947185  1.90800018169  0.343871741054  2.9945804891  3.30578365883  0.982414167231  1.58882720882  0.308162190559  0.579578751067  0.289451992789  0.262172976594  0.255424511023  15.6011484165  15.7854755352  15.9724824952  0.864115661693  17.1814396587  17.3778121136  17.5292718067  17.6911480647  17.9149650203  29.6271774133  29.8783029098  0.329740033834  0.240301002256  0.0659826822652  -9999.0  -9999.0  -9999.0  -9999.0  -9999.0  -9999.0  -9999.0  -9999.0  -9999.0  -9999.0  -9999.0  -9999.0  -9999.0  -9999.0  -9999.0  -9999.0  -9999.0  -9999.0
-9999.0  -9999.0  -9999.0  -9999.0  -9999.0  -9999.0  -9999.0  -9999.0  -9999.0  -9999.0  -9999.0  -9999.0  -9999.0  -9999.0  -9999.0  -9999.0  -9999.0  -9999.0  -9999.0  -9999.0  -9999.0  -9999.0  -9999.0  -9999.0  -9999.0  -9999.0  -9999.0  -9999.0  -9999.0  -9999.0  -9999.0  0.403334152978  0.852473524152  0.846444891231  0.832330833935  0.805865495088  1.196630974  1.960722325  2.30688626247  2.66854517446  0.334430557127  0.675804607018  0.310422277982  0.290451949337  8.89946575367  11.0415876378  11.5768914466  11.8407316184  15.3720831078  0.23893017842  0.458288482676  0.702930256509  3.60166040161  3.80292511184  3.98411622108  8.91821863731  10.6890682022  11.5195842616  0.225481287493  0.16129043794  0.142307507111  0.0363663602291  -9999.0  -9999.0  -9999.0  -9999.0  -9999.0  -9999.0  -9999.0  -9999.0  -9999.0  -9999.0  -9999.0  -9999.0  -9999.0  -9999.0  -9999.0  -9999.0  -9999.0  -9999.0
-9999.0  -9999.0  -9999.0  -9999.0  -9999.0  -9999.0  -9999.0  -9999.0  -9999.0  -9999.0  -9999.0  -9999.0  -9999.0  -9999.0  -9999.0  -9999.0  -9999.0  -9999.0  -9999.0  -9999.0  -9999.0  -9999.0  -9999.0  -9999.0  -9999.0  -9999.0  -9999.0  -9999.0  -9999.0  -9999.0  -9999.0  -9999.0  0.434315006133  0.432623936863  0.421058570814  0.406363484587  0.812617220056  1.58570357189  1.4581428801  1.77800230971  2.08223089853  4.7653556011  5.05752593913  8.35511019281  8.64917316231  1.88621256137  0.278549229401  3.02260682607  3.272834613  1.36289381993  2.6808289229  3.17067880412  3.39993777127  0.216019190569  4.76426891811  9.34491146738  10.5229540957  0.215846387722  0.405293221271  0.056672540409  0.10762788017  -9999.0  -9999.0  -9999.0  -9999.0  -9999.0  -9999.0  -9999.0  -9999.0  -9999.0  -9999.0  -9999.0  -9999.0  -9999.0  -9999.0  -9999.0  -9999.0  -9999.0  -9999.0  -9999.0
-9999.0  -9999.0  -9999.0  -9999.0  -9999.0  -9999.0  -9999.0  -9999.0  -9999.0  -9999.0  -9999.0  -9999.0  -9999.0  -9999.0  -9999.0  -9999.0  -9999.0  -9999.0  -9999.0  -9999.0  -9999.0  -9999.0  -9999.0  -9999.0  -9999.0  -9999.0  -9999.0  -9999.0  -9999.0  -9999.0  -9999.0  -9999.0  -9999.0  -9999.0  -9999.0  0.427105793234  0.393778590842  0.386339568328  1.11545804883  1.05755595819  2.03643156704  2.37686095684  0.311463580612  2.9978602373  1.28740017712  1.60141269404  1.85723440677  2.77051433344  0.844364150978  0.26873663372  1.0987520221  0.266040119928  2.50389323683  3.00956771135  4.34634809537  0.206664950493  0.584245200225  0.165876679714  0.132518658094  0.0370251211864  0.0722666892828  -9999.0  -9999.0  -9999.0  -9999.0  -9999.0  -9999.0  -9999.0  -9999.0  -9999.0  -9999.0  -9999.0  -9999.0  -9999.0  -9999.0  -9999.0  -9999.0  -9999.0  -9999.0  -9999.0
-9999.0  -9999.0  -9999.0  -9999.0  -9999.0  -9999.0  -9999.0  -9999.0  -9999.0  -9999.0  -9999.0  -9999.0  -9999.0  -9999.0  -9999.0  -9999.0  -9999.0  -9999.0  -9999.0  -9999.0  -9999.0  -9999.0  -9999.0  -9999.0  -9999.0  -9999.0  -9999.0  -9999.0  -9999.0  -9999.0  -9999.0  -9999.0  -9999.0  -9999.0  -9999.0  -9999.0  -9999.0  0.371245393166  0.349751081952  0.709640513949  0.656540702802  1.70939467642  2.36448636002  0.663852150468  0.971139404568  0.943645467315  1.57141772807  0.627957722098  0.587595516422  0.576308748578  0.270295139868  1.44439425363  2.25652321704  0.262268762532  1.08694589225  0.316264964415  0.0721534829126  0.0330079829422  0.0384374879646  0.0404396108577  -9999.0  -9999.0  -9999.0  -9999.0  -9999.0  -9999.0  -9999.0  -9999.0  -9999.0  -9999.0  -9999.0  -9999.0  -9999.0  -9999.0  -9999.0  -9999.0  -9999.0  -9999.0  -9999.0  -9999.0
-9999.0  -9999.0  -9999.0  -9999.0  -9999.0  -9999.0  -9999.0  -9999.0  -9999.0  -9999.0  -9999.0  -9999.0  -9999.0  -9999.0  -9999.0  -9999.0  -9999.0  -9999.0  -9999.0  -9999.0  -9999.0  -9999.0  -9999.0  -9999.0  -9999.0  -9999.0  -9999.0  -9999.0  -9999.0  -9999.0  -9999.0  -9999.0  -9999.0  -9999.0  -9999.0  -9999.0  -9999.0  -9999.0  -9999.0  0.334929383668  0.693731893086  1.39121958902  0.338871529615  0.336835991929  0.314023161277  0.642202904991  0.316436271266  0.319419227792  0.308013300362  0.301270349982  0.595268720763  1.18181671054  0.559967917432  0.568158929412  0.834463259372  0.146212460284  0.0345834484007  -9999.0  -9999.0  -9999.0  -9999.0  -9999.0  -9999.0  -9999.0  -9999.0  -9999.0  -9999.0  -9999.0  -9999.0  -9999.0  -9999.0  -9999.0  -9999.0  -9999.0  -9999.0  -9999.0  -9999.0  -9999.0  -9999.0  -9999.0
-9999.0  -9999.0  -9999.0  -9999.0  -9999.0  -9999.0  -9999.0  -9999.0  -9999.0  -9999.0  -9999.0  -9999.0  -9999.0  -9999.0  -9999.0  -9999.0  -9999.0  -9999.0  -9999.0  -9999.0  -9999.0  -9999.0  -9999.0  -9999.0  -9999.0  -9999.0  -9999.0  -9999.0  -9999.0  -9999.0  -9999.0  -9999.0  -9999.0  -9999.0  -9999.0  -9999.0  -9999.0  -9999.0  -9999.0  -9999.0  0.373153202816  0.351975306502  -9999.0  -9999.0  -9999.0  -9999.0  -9999.0  -9999.0  -9999.0  -9999.0  0.300433419337  0.291899311814  0.275270744729  0.278565124241  -9999.0  -9999.0  -9999.0  -9999.0  -9999.0  -9999.0  -9999.0  -9999.0  -9999.0  -9999.0  -9999.0  -9999.0  -9999.0  -9999.0  -9999.0  -9999.0  -9999.0  -9999.0  -9999.0  -9999.0  -9999.0  -9999.0  -9999.0  -9999.0  -9999.0  -9999.0
-9999.0  -9999.0  -9999.0  -9999.0  -9999.0  -9999.0  -9999.0  -9999.0  -9999.0  -9999.0  -9999.0  -9999.0  -9999.0  -9999.0  -9999.0  -9999.0  -9999.0  -9999.0  -9999.0  -9999.0  -9999.0  -9999.0  -9999.0  -9999.0  -9999.0  -9999.0  -9999.0  -9999.0  -9999.0  -9999.0  -9999.0  -9999.0  -9999.0  -9999.0  -9999.0  -9999.0  -9999.0  -9999.0  -9999.0  -9999.0  -9999.0  -9999.0  -9999.0  -9999.0  -9999.0  -9999.0  -9999.0  -9999.0  -9999.0  -9999.0  -9999.0  -9999.0  -9999.0  -9999.0  -9999.0  -9999.0  -9999.0  -9999.0  -9999.0  -9999.0  -9999.0  -9999.0  -9999.0  -9999.0  -9999.0  -9999.0  -9999.0  -9999.0  -9999.0  -9999.0  -9999.0  -9999.0  -9999.0  -9999.0  -9999.0  -9999.0  -9999.0  -9999.0  -9999.0  -9999.0
-9999.0  -9999.0  -9999.0  -9999.0  -9999.0  -9999.0  -9999.0  -9999.0  -9999.0  -9999.0  -9999.0  -9999.0  -9999.0  -9999.0  -9999.0  -9999.0  -9999.0  -9999.0  -9999.0  -9999.0  -9999.0  -9999.0  -9999.0  -9999.0  -9999.0  -9999.0  -9999.0  -9999.0  -9999.0  -9999.0  -9999.0  -9999.0  -9999.0  -9999.0  -9999.0  -9999.0  -9999.0  -9999.0  -9999.0  -9999.0  -9999.0  -9999.0  -9999.0  -9999.0  -9999.0  -9999.0  -9999.0  -9999.0  -9999.0  -9999.0  -9999.0  -9999.0  -9999.0  -9999.0  -9999.0  -9999.0  -9999.0  -9999.0  -9999.0  -9999.0  -9999.0  -9999.0  -9999.0  -9999.0  -9999.0  -9999.0  -9999.0  -9999.0  -9999.0  -9999.0  -9999.0  -9999.0  -9999.0  -9999.0  -9999.0  -9999.0  -9999.0  -9999.0  -9999.0  -9999.0
-9999.0  -9999.0  -9999.0  -9999.0  -9999.0  -9999.0  -9999.0  -9999.0  -9999.0  -9999.0  -9999.0  -9999.0  -9999.0  -9999.0  -9999.0  -9999.0  -9999.0  -9999.0  -9999.0  -9999.0  -9999.0  -9999.0  -9999.0  -9999.0  -9999.0  -9999.0  -9999.0  -9999.0  -9999.0  -9999.0  -9999.0  -9999.0  -9999.0  -9999.0  -9999.0  -9999.0  -9999.0  -9999.0  -9999.0  -9999.0  -9999.0  -9999.0  -9999.0  -9999.0  -9999.0  -9999.0  -9999.0  -9999.0  -9999.0  -9999.0  -9999.0  -9999.0  -9999.0  -9999.0  -9999.0  -9999.0  -9999.0  -9999.0  -9999.0  -9999.0  -9999.0  -9999.0  -9999.0  -9999.0  -9999.0  -9999.0  -9999.0  -9999.0  -9999.0  -9999.0  -9999.0  -9999.0  -9999.0  -9999.0  -9999.0  -9999.0  -9999.0  -9999.0  -9999.0  -9999.0
-9999.0  -9999.0  -9999.0  -9999.0  -9999.0  -9999.0  -9999.0  -9999.0  -9999.0  -9999.0  -9999.0  -9999.0  -9999.0  -9999.0  -9999.0  -9999.0  -9999.0  -9999.0  -9999.0  -9999.0  -9999.0  -9999.0  -9999.0  -9999.0  -9999.0  -9999.0  -9999.0  -9999.0  -9999.0  -9999.0  -9999.0  -9999.0  -9999.0  -9999.0  -9999.0  -9999.0  -9999.0  -9999.0  -9999.0  -9999.0  -9999.0  -9999.0  -9999.0  -9999.0  -9999.0  -9999.0  -9999.0  -9999.0  -9999.0  -9999.0  -9999.0  -9999.0  -9999.0  -9999.0  -9999.0  -9999.0  -9999.0  -9999.0  -9999.0  -9999.0  -9999.0  -9999.0  -9999.0  -9999.0  -9999.0  -9999.0  -9999.0  -9999.0  -9999.0  -9999.0  -9999.0  -9999.0  -9999.0  -9999.0  -9999.0  -9999.0  -9999.0  -9999.0  -9999.0  -9999.0
-9999.0  -9999.0  -9999.0  -9999.0  -9999.0  -9999.0  -9999.0  -9999.0  -9999.0  -9999.0  -9999.0  -9999.0  -9999.0  -9999.0  -9999.0  -9999.0  -9999.0  -9999.0  -9999.0  -9999.0  -9999.0  -9999.0  -9999.0  -9999.0  -9999.0  -9999.0  -9999.0  -9999.0  -9999.0  -9999.0  -9999.0  -9999.0  -9999.0  -9999.0  -9999.0  -9999.0  -9999.0  -9999.0  -9999.0  -9999.0  -9999.0  -9999.0  -9999.0  -9999.0  -9999.0  -9999.0  -9999.0  -9999.0  -9999.0  -9999.0  -9999.0  -9999.0  -9999.0  -9999.0  -9999.0  -9999.0  -9999.0  -9999.0  -9999.0  -9999.0  -9999.0  -9999.0  -9999.0  -9999.0  -9999.0  -9999.0  -9999.0  -9999.0  -9999.0  -9999.0  -9999.0  -9999.0  -9999.0  -9999.0  -9999.0  -9999.0  -9999.0  -9999.0  -9999.0  -9999.0
-9999.0  -9999.0  -9999.0  -9999.0  -9999.0  -9999.0  -9999.0  -9999.0  -9999.0  -9999.0  -9999.0  -9999.0  -9999.0  -9999.0  -9999.0  -9999.0  -9999.0  -9999.0  -9999.0  -9999.0  -9999.0  -9999.0  -9999.0  -9999.0  -9999.0  -9999.0  -9999.0  -9999.0  -9999.0  -9999.0  -9999.0  -9999.0  -9999.0  -9999.0  -9999.0  -9999.0  -9999.0  -9999.0  -9999.0  -9999.0  -9999.0  -9999.0  -9999.0  -9999.0  -9999.0  -9999.0  -9999.0  -9999.0  -9999.0  -9999.0  -9999.0  -9999.0  -9999.0  -9999.0  -9999.0  -9999.0  -9999.0  -9999.0  -9999.0  -9999.0  -9999.0  -9999.0  -9999.0  -9999.0  -9999.0  -9999.0  -9999.0  -9999.0  -9999.0  -9999.0  -9999.0  -9999.0  -9999.0  -9999.0  -9999.0  -9999.0  -9999.0  -9999.0  -9999.0  -9999.0
