ncols                  80
nrows                 72
xllcorner      4374000.0
yllcorner      5656000.0
cellsize            500
NODATA_value       -9999
-9999.0  -9999.0  -9999.0  -9999.0  -9999.0  -9999.0  -9999.0  -9999.0  -9999.0  -9999.0  -9999.0  -9999.0  1.01216438242  0.984436288748  -9999.0  -9999.0  -9999.0  -9999.0  -9999.0  -9999.0  -9999.0  -9999.0  -9999.0  -9999.0  -9999.0  -9999.0  -9999.0  -9999.0  -9999.0  -9999.0  -9999.0  -9999.0  -9999.0  -9999.0  -9999.0  -9999.0  -9999.0  -9999.0  -9999.0  -9999.0  -9999.0  -9999.0  -9999.0  -9999.0  -9999.0  -9999.0  -9999.0  -9999.0  -9999.0  -9999.0  -9999.0  -9999.0  -9999.0  -9999.0  -9999.0  -9999.0  -9999.0  -9999.0  -9999.0  -9999.0  -9999.0  -9999.0  -9999.0  -9999.0  -9999.0  -9999.0  -9999.0  -9999.0  -9999.0  -9999.0  -9999.0  -9999.0  -9999.0  -9999.0  -9999.0  -9999.0  -9999.0  -9999.0  -9999.0  -9999.0
-9999.0  -9999.0  -9999.0  -9999.0  -9999.0  -9999.0  -9999.0  -9999.0  -9999.0  -9999.0  -9999.0  -9999.0  1.87513767575  4.60311154671  0.833948813731  -9999.0  0.710762614443  -9999.0  -9999.0  -9999.0  -9999.0  -9999.0  -9999.0  -9999.0  -9999.0  -9999.0  -9999.0  -9999.0  -9999.0  -9999.0  -9999.0  -9999.0  -9999.0  -9999.0  -9999.0  -9999.0  -9999.0  -9999.0  -9999.0  -9999.0  -9999.0  -9999.0  -9999.0  -9999.0  -9999.0  -9999.0  -9999.0  -9999.0  -9999.0  -9999.0  -9999.0  -9999.0  -9999.0  -9999.0  -9999.0  -9999.0  -9999.0  -9999.0  -9999.0  -9999.0  -9999.0  -9999.0  -9999.0  -9999.0  -9999.0  -9999.0  -9999.0  -9999.0  -9999.0  -9999.0  -9999.0  -9999.0  -9999.0  -9999.0  -9999.0  -9999.0  -9999.0  -9999.0  -9999.0  -9999.0
-9999.0  -9999.0  -9999.0  -9999.0  -9999.0  -9999.0  -9999.0  -9999.0  -9999.0  -9999.0  0.836669102331  0.813530953391  0.840084537168  0.812616846395  6.15953721319  7.01262854953  2.01060559995  0.64163535859  -9999.0  -9999.0  -9999.0  -9999.0  -9999.0  -9999.0  -9999.0  -9999.0  -9999.0  -9999.0  -9999.0  -9999.0  -9999.0  -9999.0  -9999.0  -9999.0  -9999.0  -9999.0  -9999.0  -9999.0  -9999.0  -9999.0  -9999.0  -9999.0  -9999.0  -9999.0  -9999.0  -9999.0  -9999.0  -9999.0  -9999.0  -9999.0  -9999.0  -9999.0  -9999.0  -9999.0  -9999.0  -9999.0  -9999.0  -9999.0  -9999.0  -9999.0  -9999.0  -9999.0  -9999.0  -9999.0  -9999.0  -9999.0  -9999.0  -9999.0  -9999.0  -9999.0  -9999.0  -9999.0  -9999.0  -9999.0  -9999.0  -9999.0  -9999.0  -9999.0  -9999.0  -9999.0
-9999.0  -9999.0  -9999.0  -9999.0  -9999.0  -9999.0  -9999.0  -9999.0  -9999.0  0.820028832395  1.64662990384  3.26566097162  1.62055067785  0.788582279471  1.55182956639  7.77230575808  11.3390760428  0.746165193644  -9999.0  0.815072113732  -9999.0  -9999.0  -9999.0  -9999.0  1.38734354256  0.697099898616  -9999.0  -9999.0  -9999.0  -9999.0  -9999.0  -9999.0  -9999.0  -9999.0  -9999.0  -9999.0  -9999.0  -9999.0  -9999.0  -9999.0  -9999.0  -9999.0  -9999.0  -9999.0  -9999.0  -9999.0  -9999.0  -9999.0  -9999.0  -9999.0  -9999.0  -9999.0  -9999.0  -9999.0  -9999.0  -9999.0  -9999.0  -9999.0  -9999.0  -9999.0  -9999.0  -9999.0  -9999.0  -9999.0  -9999.0  -9999.0  -9999.0  -9999.0  -9999.0  -9999.0  -9999.0  -9999.0  -9999.0  -9999.0  -9999.0  -9999.0  -9999.0  -9999.0  -9999.0  -9999.0
-9999.0  -9999.0  -9999.0  -9999.0  -9999.0  -9999.0  -9999.0  -9999.0  0.899054748688  2.57074030664  3.36251532719  4.15659415946  5.65182327102  0.750095265377  3.00352493829  3.7448039723  16.7347610384  0.81629445422  0.733538111893  1.55514698406  2.27392358396  0.742704249327  -9999.0  3.70891689073  3.0212713122  0.849977341817  -9999.0  -9999.0  -9999.0  -9999.0  -9999.0  -9999.0  -9999.0  -9999.0  -9999.0  -9999.0  -9999.0  -9999.0  -9999.0  -9999.0  -9999.0  -9999.0  -9999.0  -9999.0  -9999.0  -9999.0  -9999.0  -9999.0  -9999.0  -9999.0  -9999.0  -9999.0  -9999.0  -9999.0  -9999.0  -9999.0  -9999.0  -9999.0  -9999.0  -9999.0  -9999.0  -9999.0  -9999.0  -9999.0  -9999.0  -9999.0  -9999.0  -9999.0  -9999.0  -9999.0  -9999.0  -9999.0  -9999.0  -9999.0  -9999.0  -9999.0  -9999.0  -9999.0  -9999.0  -9999.0
-9999.0  -9999.0  -9999.0  -9999.0  -9999.0  -9999.0  0.91189141942  0.828765945861  0.813506538717  0.822690774238  0.828764028625  5.81625699891  12.2577359593  13.0406615948  13.6365879585  0.525179814004  18.0356943794  18.7521978013  1.43414240016  0.722564589802  2.979857885  5.17080511292  0.795366153972  6.14226510256  0.77365073358  0.828306745591  0.796344486491  -9999.0  -9999.0  -9999.0  -9999.0  -9999.0  -9999.0  -9999.0  -9999.0  -9999.0  -9999.0  -9999.0  -9999.0  -9999.0  -9999.0  -9999.0  -9999.0  -9999.0  -9999.0  -9999.0  -9999.0  -9999.0  -9999.0  -9999.0  -9999.0  -9999.0  -9999.0  -9999.0  -9999.0  -9999.0  -9999.0  -9999.0  -9999.0  -9999.0  -9999.0  -9999.0  -9999.0  -9999.0  -9999.0  -9999.0  -9999.0  -9999.0  -9999.0  -9999.0  -9999.0  -9999.0  -9999.0  -9999.0  -9999.0  -9999.0  -9999.0  -9999.0  -9999.0  -9999.0
-9999.0  -9999.0  -9999.0  -9999.0  -9999.0  -9999.0  1.81106583431  2.65699141962  5.97638253405  8.38534061633  0.75718082639  0.770436717308  0.745877694543  2.19430170751  16.5219084039  0.604382639292  19.4584743503  22.0854560014  2.06955123936  1.40336312165  5.85451822428  0.724246360843  6.85496861713  1.45003475101  0.735972593771  1.5546912076  1.5706360724  0.780891476471  0.769680333362  0.758521452726  0.792547335111  1.59136572457  -9999.0  -9999.0  -9999.0  -9999.0  -9999.0  -9999.0  -9999.0  -9999.0  -9999.0  -9999.0  -9999.0  -9999.0  -9999.0  -9999.0  -9999.0  -9999.0  -9999.0  -9999.0  -9999.0  -9999.0  -9999.0  -9999.0  -9999.0  -9999.0  -9999.0  -9999.0  -9999.0  -9999.0  -9999.0  -9999.0  -9999.0  -9999.0  -9999.0  -9999.0  -9999.0  -9999.0  -9999.0  -9999.0  -9999.0  -9999.0  -9999.0  -9999.0  -9999.0  -9999.0  -9999.0  -9999.0  -9999.0  -9999.0
-9999.0  -9999.0  -9999.0  -9999.0  -9999.0  0.929170571609  1.81577694757  0.871376640902  1.70821835287  9.23344824058  10.8097439515  12.3662250838  38.3680106119  0.715600184645  17.2579500318  61.0096448  61.5142011986  84.4407182413  0.528480913002  2.08115513352  6.54362014843  0.685447771843  15.0123393212  7.46083551937  4.59754809496  3.86960452402  0.762637779681  2.30924897515  2.25402080504  1.50535321456  0.743099934144  2.3552865704  0.749367734817  0.743815650345  -9999.0  -9999.0  -9999.0  -9999.0  -9999.0  -9999.0  -9999.0  -9999.0  -9999.0  -9999.0  -9999.0  -9999.0  -9999.0  -9999.0  -9999.0  -9999.0  -9999.0  -9999.0  -9999.0  -9999.0  -9999.0  -9999.0  -9999.0  -9999.0  -9999.0  -9999.0  -9999.0  -9999.0  -9999.0  -9999.0  -9999.0  -9999.0  -9999.0  -9999.0  -9999.0  -9999.0  -9999.0  -9999.0  -9999.0  -9999.0  -9999.0  -9999.0  -9999.0  -9999.0  -9999.0  -9999.0
-9999.0  -9999.0  -9999.0  -9999.0  -9999.0  0.923488699157  2.69401410569  5.38352622487  6.21519468317  12.2825880639  13.0794301394  15.5479959018  25.2714006187  40.3288278446  41.7866395357  42.470579194  1.30353814999  86.7167076023  87.8358004049  91.2376954828  115.588412405  17.1039391356  15.7262245166  5.30857514608  0.699112048123  4.47591393069  3.03537110628  0.714902331368  2.95584117156  0.66211768021  1.35148622471  3.76060401646  4.48294856586  1.46248470582  0.721286325748  0.716038097124  -9999.0  -9999.0  -9999.0  -9999.0  0.736265621004  0.645810552814  -9999.0  -9999.0  -9999.0  -9999.0  -9999.0  -9999.0  -9999.0  -9999.0  -9999.0  -9999.0  -9999.0  -9999.0  -9999.0  -9999.0  -9999.0  -9999.0  -9999.0  -9999.0  -9999.0  -9999.0  -9999.0  -9999.0  -9999.0  -9999.0  -9999.0  -9999.0  -9999.0  -9999.0  -9999.0  -9999.0  -9999.0  -9999.0  -9999.0  -9999.0  -9999.0  -9999.0  -9999.0  -9999.0
-9999.0  -9999.0  -9999.0  -9999.0  -9999.0  0.902680076418  0.867327147454  3.55070104476  4.38940396943  5.2515702273  0.835226598253  1.65945910588  9.17480361374  1.58329445708  0.796974823094  0.7598019137  0.705910544231  0.736558835165  0.707349924681  0.747158942065  116.31255935  118.3724226  0.677944704092  2.06761531802  1.39492662422  5.1659695734  1.42574922083  0.699441465291  3.68368759958  1.28833581688  3.07587766886  7.97389887199  7.37629785627  2.18096759176  2.16994854425  0.722623276688  0.720103794707  -9999.0  -9999.0  0.71321297498  1.5744557129  3.56592184949  0.677847094985  -9999.0  -9999.0  -9999.0  -9999.0  -9999.0  -9999.0  -9999.0  -9999.0  -9999.0  -9999.0  -9999.0  -9999.0  -9999.0  -9999.0  -9999.0  -9999.0  -9999.0  -9999.0  -9999.0  -9999.0  -9999.0  -9999.0  -9999.0  -9999.0  -9999.0  -9999.0  -9999.0  -9999.0  -9999.0  -9999.0  -9999.0  -9999.0  -9999.0  -9999.0  -9999.0  -9999.0  -9999.0
-9999.0  -9999.0  -9999.0  -9999.0  -9999.0  -9999.0  0.912222079333  0.913512015268  1.76816709853  2.62462667358  5.921054309  7.59151175527  8.39901523736  0.795487103979  0.73051725304  9.3853575335  11.6290478869  12.3524770872  15.2847642749  15.9886019149  0.701045888633  119.07298152  122.352488816  2.59341942622  0.310380837393  5.73689230831  12.9020947908  5.07371082705  1.34762181383  0.665035746335  12.3553665681  8.65007169798  0.675755903152  0.676093618982  2.85380770307  2.13056088568  0.695666753794  0.713373916692  0.695588808135  1.3975355824  0.680504833392  4.35189712602  5.02904749673  0.670631373696  -9999.0  -9999.0  -9999.0  -9999.0  0.721293113887  0.698275826857  0.185872807097  -9999.0  -9999.0  -9999.0  -9999.0  -9999.0  -9999.0  -9999.0  -9999.0  -9999.0  -9999.0  -9999.0  -9999.0  -9999.0  -9999.0  -9999.0  -9999.0  -9999.0  -9999.0  -9999.0  -9999.0  -9999.0  -9999.0  -9999.0  -9999.0  -9999.0  -9999.0  -9999.0  -9999.0  -9999.0
-9999.0  -9999.0  -9999.0  -9999.0  -9999.0  -9999.0  -9999.0  0.911197963248  0.766442595232  1.62919044839  2.4837515867  0.843680501917  0.755963485548  4.78098084013  6.34713107568  7.92977118674  0.7616466925  1.4882217296  0.740134778708  16.6941198034  37.4941488329  38.2336512194  162.061098228  0.673000945997  0.985576773846  0.310441808089  13.5715518826  0.673314805869  2.02168755581  0.661358186867  13.0283610178  13.6985644357  1.34993483597  1.33684193067  7.06079494366  3.51910842507  1.40994105945  0.712637039346  1.39261894622  2.08525005537  3.4363296488  0.678589065686  6.40276439651  7.0896350544  0.648064387676  0.673802982594  0.684090239432  0.651437111861  0.631455336902  2.08176304692  0.794826718895  0.521694232067  -9999.0  -9999.0  -9999.0  -9999.0  -9999.0  -9999.0  -9999.0  -9999.0  -9999.0  -9999.0  -9999.0  -9999.0  -9999.0  -9999.0  -9999.0  -9999.0  -9999.0  -9999.0  -9999.0  -9999.0  -9999.0  -9999.0  -9999.0  -9999.0  -9999.0  -9999.0  -9999.0  -9999.0
-9999.0  -9999.0  -9999.0  -9999.0  -9999.0  -9999.0  -9999.0  -9999.0  1.62623209084  2.34587425414  0.826076396599  1.66739966681  2.47160073051  4.06112114304  0.811780390441  0.792678601198  0.724182474808  0.735287903777  0.700947135601  19.3820056588  0.734561009633  1.45054404856  164.392809608  166.423058319  0.946460529146  2.84760408317  17.1220100941  1.3189828823  2.64869462162  1.28539833931  1.90665959338  16.3159512348  1.98452718013  10.3253481398  8.35404378223  0.639965970749  3.44773370167  1.38062239412  2.05241817092  0.658348820567  4.11078831793  5.48286255046  6.12044937354  6.74063014623  9.60164099237  1.2625067497  1.29037931645  1.23487006402  1.19204671064  2.68667205391  0.587650676625  1.91215484093  2.46707919526  -9999.0  -9999.0  -9999.0  -9999.0  -9999.0  -9999.0  -9999.0  -9999.0  -9999.0  -9999.0  -9999.0  -9999.0  -9999.0  -9999.0  -9999.0  -9999.0  -9999.0  -9999.0  -9999.0  -9999.0  -9999.0  -9999.0  -9999.0  -9999.0  -9999.0  -9999.0  -9999.0
-9999.0  -9999.0  -9999.0  -9999.0  -9999.0  -9999.0  -9999.0  -9999.0  0.869447544461  4.05945829055  4.87120404992  0.81424705878  1.60954363778  0.79556626415  0.763125436228  0.749807212698  9.25818769751  12.3848948387  15.4937429393  18.610794822  0.819031737831  0.724471290521  0.908123139857  170.307069582  172.615529802  173.639450552  23.4296454121  5.35344179461  4.62603941108  0.638970744128  2.54006779145  19.4861189233  0.640451107733  10.9613156818  0.646604564472  4.39445694998  4.11687706165  0.661535093424  2.70677624806  1.31097120981  1.95677650651  0.68105347902  0.606017285455  7.35673041869  7.94467868721  10.18840752  1.89436301054  1.8240879058  1.77229117958  3.28919334721  4.46749156255  0.586892227394  3.0291816607  0.567045094739  1.10477494352  0.546491103095  -9999.0  -9999.0  -9999.0  -9999.0  -9999.0  -9999.0  -9999.0  -9999.0  -9999.0  -9999.0  -9999.0  -9999.0  -9999.0  -9999.0  -9999.0  -9999.0  -9999.0  -9999.0  -9999.0  -9999.0  -9999.0  -9999.0  -9999.0  -9999.0
-9999.0  -9999.0  -9999.0  -9999.0  -9999.0  -9999.0  -9999.0  -9999.0  -9999.0  0.867938901616  5.69858678263  6.50121859913  2.40602176255  3.99780462594  5.52726339782  6.29521563004  0.774655034097  2.39420283744  1.56788577315  0.773770369196  0.772839073737  0.722001323055  1.48061126652  2.67597959967  1.16455165608  199.248675319  200.223072113  0.909327748522  0.678292811315  1.25328824062  1.8694720142  21.3506841473  1.25107488428  11.5651120063  6.8182119272  5.57049644517  0.645575118843  1.29902236885  3.33443097517  0.624526589129  2.57265028867  1.29820449804  1.00687131793  0.349802831716  9.22671383936  19.9515584844  2.40245205822  2.33856753407  2.32115801657  0.540476723653  5.00461285032  0.52994115084  4.13880714515  0.533637044959  1.64140929968  2.6709532221  0.423291108544  0.430067576322  0.461180844343  0.457432388885  0.389730022013  -9999.0  -9999.0  0.268073269453  0.112107691017  -9999.0  -9999.0  -9999.0  -9999.0  -9999.0  -9999.0  -9999.0  -9999.0  -9999.0  -9999.0  -9999.0  -9999.0  -9999.0  -9999.0  -9999.0
-9999.0  -9999.0  -9999.0  -9999.0  -9999.0  -9999.0  -9999.0  -9999.0  -9999.0  -9999.0  0.798938000013  8.11379093727  0.795696518798  1.59403139296  2.34555303254  3.87783487758  0.793501057725  1.62278390849  0.798703818929  0.780870547316  0.743897431628  1.47848120283  0.705660104964  0.852930101239  1.85600621098  1.07310373105  201.264725106  203.168578691  205.76470972  2.59765928223  0.616019921557  1.2277532799  21.9730226806  21.4634192471  8.08507496792  0.628043692124  2.5733505187  1.93523879721  3.96357924901  1.251630787  5.10933962116  1.91514820605  1.56691686203  0.193286316488  0.369786015891  20.5356402931  21.1102267476  26.3849240442  3.98289813439  1.10035198173  5.56940706968  6.65146634636  11.3108552147  1.06552944912  0.506878125537  3.14391682772  3.98630596832  0.419076988237  0.81200146317  1.30139224058  0.770573092882  0.38183308314  0.374082626833  0.493168154258  0.224338053055  0.109692860387  -9999.0  -9999.0  -9999.0  -9999.0  -9999.0  -9999.0  -9999.0  -9999.0  -9999.0  -9999.0  -9999.0  -9999.0  -9999.0  -9999.0
-9999.0  -9999.0  -9999.0  -9999.0  -9999.0  -9999.0  -9999.0  -9999.0  -9999.0  -9999.0  -9999.0  0.386645247711  8.93158815935  0.735611357444  1.47609021823  6.87226656444  0.789534875213  0.788847590162  0.72639181707  1.51258635395  0.709567644103  2.8976158277  4.29150317461  4.96654705006  2.56557791111  3.41313552795  0.95066228453  1.01813735912  0.988271379562  209.958633573  211.906763159  22.5747803793  22.6465127855  22.0565431185  1.21138209109  0.600332284403  3.17538889373  8.3485423363  4.57229937962  1.85867199507  7.56826017444  2.8281327111  2.24282422714  0.37354428056  0.16851702233  0.184499892665  0.269110829167  27.6297344766  33.2532377751  0.534199091017  0.515034212696  0.526203878355  11.8230306776  13.3742722014  0.93378613051  0.384162153959  4.23015568807  0.564895262678  1.53454784063  3.10462957866  4.19930134652  4.93777819884  1.52283780949  0.824694425869  0.422896409463  0.218855230472  0.307730032464  -9999.0  -9999.0  -9999.0  -9999.0  -9999.0  -9999.0  -9999.0  -9999.0  -9999.0  -9999.0  -9999.0  -9999.0  -9999.0
-9999.0  -9999.0  -9999.0  -9999.0  -9999.0  -9999.0  -9999.0  -9999.0  -9999.0  -9999.0  -9999.0  0.374300069151  9.85595012651  12.1960193973  0.742146829064  8.3495498994  0.747279095323  0.732498661468  1.42809023707  3.64660055295  0.702389604723  0.723073561376  0.676298769318  6.33743841892  7.01049549604  11.0983015148  12.7132605746  13.4666065841  14.3595497886  15.2094676707  228.068332464  252.103243425  276.237278378  277.043765869  0.690092689  0.606682167295  9.55383535769  8.95577903512  0.5994720653  0.586316404574  8.109566221  11.5386658162  0.509945132288  4.44269199615  4.09667347709  0.792818469282  0.474076573734  0.766268247268  0.568631817217  34.3456469508  0.547884242071  1.54126052986  2.02236024361  16.549802307  17.6403768632  18.3295332994  22.6982027704  0.132180728236  0.125984153702  0.123891788641  0.126540932783  5.33870170314  7.19376393756  0.354451649867  0.997480346675  0.368852132477  0.593222368077  0.12225390625  0.083589969559  -9999.0  -9999.0  -9999.0  -9999.0  -9999.0  -9999.0  -9999.0  -9999.0  -9999.0  -9999.0  -9999.0
-9999.0  -9999.0  -9999.0  -9999.0  -9999.0  -9999.0  -9999.0  -9999.0  -9999.0  -9999.0  -9999.0  0.823689635541  1.59375808925  12.955662528  14.3763462876  0.714624051931  9.94741933235  0.690128417273  2.08728795806  4.32112520716  1.37444517649  0.670855622337  1.37586529448  0.654088460711  1.27114846073  0.614707266636  0.544713236644  0.383035647206  0.312345870206  0.304924285429  0.331008532756  0.509203956708  0.699532169993  0.906782967593  279.457857446  12.4515411529  11.0654546927  0.714170815796  1.76802619171  0.440873744614  0.346523179208  12.1097320748  18.2540413849  5.05101069709  3.74607583312  0.422755390367  0.197009780954  0.184141099622  0.655528101019  35.5591520954  36.646498681  0.55532685977  0.557862169498  0.397924683995  0.177463682799  0.307278126648  23.1176510304  23.3766295884  23.6295492705  0.254279633639  0.128889809363  0.120192450332  7.3686461281  7.91401199639  1.17582869659  0.261604132658  0.856136999203  0.285078182375  0.160191688689  -9999.0  -9999.0  -9999.0  -9999.0  -9999.0  -9999.0  -9999.0  -9999.0  -9999.0  -9999.0  -9999.0
-9999.0  -9999.0  -9999.0  -9999.0  -9999.0  -9999.0  -9999.0  -9999.0  -9999.0  -9999.0  -9999.0  -9999.0  0.751223350535  9.70217115128  24.8122028659  26.9962652772  37.6824497069  38.5210865075  9.95941107108  7.0566856147  2.05625200293  0.666195426585  2.69632241172  3.34400751401  5.23506803675  1.24553891143  1.1567595274  1.00112631064  1.92061421684  0.905999680357  0.896194128646  0.401873167442  0.175465903504  0.295548711731  280.19977919  293.064089557  293.914849682  0.763785108541  5.20684749721  1.96445515526  0.595929304149  20.0776540403  1.25569045485  0.640629774107  2.48300206985  0.471509086233  0.483374677772  0.939810216066  1.41928177664  1.94708499098  37.6428502451  0.484293703977  0.447910691272  0.448049906947  0.337516534977  0.165669019941  0.50789585161  0.559188386768  24.4026364391  25.2783703922  0.510714415425  0.256071357745  0.143665958164  0.142266432452  9.5824451938  12.9106190596  2.7550459144  1.11000194117  0.529010240264  -9999.0  -9999.0  -9999.0  -9999.0  -9999.0  -9999.0  -9999.0  -9999.0  -9999.0  -9999.0  -9999.0
-9999.0  -9999.0  -9999.0  -9999.0  -9999.0  -9999.0  -9999.0  -9999.0  -9999.0  -9999.0  -9999.0  0.795581011298  7.37195443958  8.95401705935  1.48968705837  0.424506391804  0.991922965688  40.2037383462  40.9728273008  51.7354880058  0.634148067145  1.29643816509  0.613556573806  0.621695338049  5.84961451917  7.70902279681  9.44767411082  0.581945965055  2.50394574476  3.98377355039  2.42351940421  0.968409349429  0.60633425794  0.510183395003  0.605617316113  0.415960689306  294.682082686  295.409286367  301.976892088  1.12382047129  0.565709342714  20.7184113543  1.28861181949  0.65830012287  0.683758874578  0.677634364259  0.645462378163  1.13863648773  3.52019776836  6.02947125124  44.1621335804  0.416227060526  1.24450820757  0.836133025635  0.702650478516  0.365445479155  0.284196954036  0.158137107868  0.0789259539169  25.4226382891  0.093231205022  0.194242119593  0.0828749396406  0.108194643645  0.243895363449  13.220184491  0.465146109905  0.130470424163  0.237971612657  0.11098310893  -9999.0  -9999.0  -9999.0  -9999.0  -9999.0  -9999.0  -9999.0  -9999.0  -9999.0  -9999.0
-9999.0  -9999.0  -9999.0  -9999.0  -9999.0  -9999.0  -9999.0  -9999.0  -9999.0  -9999.0  -9999.0  0.811846053916  5.04127973566  0.804699986765  0.736259459142  3.68145260756  4.36344783304  5.06948077339  5.74083237382  69.435384668  69.9683821096  71.1432762997  79.7298849819  81.4763729341  82.4256950383  83.0601556412  93.4871719195  94.7431809719  95.3115407523  99.8594308316  102.894804914  103.468007492  104.980856602  1.05670931261  0.892916374006  0.18769990725  0.314772107251  296.077311372  304.450020467  1.75887977353  24.4383995949  23.8613694677  2.51633698558  0.616681083107  0.627364578872  0.619717657889  0.607445279566  1.22455374644  1.8213170046  0.600610934401  44.6430764021  45.1390329535  47.6744226789  48.118404075  49.2462027745  50.020345487  0.345193597206  0.314942884009  0.18642585863  25.5605392545  25.772000076  26.090769457  26.4683239216  0.198890265716  14.3869988203  13.8991812125  0.335138554425  4.30905278349  4.12654579104  0.264572875407  0.147610910101  -9999.0  -9999.0  -9999.0  -9999.0  -9999.0  -9999.0  -9999.0  -9999.0  -9999.0
-9999.0  -9999.0  -9999.0  -9999.0  -9999.0  -9999.0  -9999.0  -9999.0  -9999.0  -9999.0  -9999.0  2.57156953793  3.40006277751  1.59648846905  2.36566403811  0.761236702881  8.63625993663  9.37027090892  10.8112052104  11.2875064263  4.67509877503  76.6832671021  77.2065721911  0.49102427784  0.323938155621  0.226845472276  0.580644281133  0.254845755961  0.166826589117  0.154068831447  0.224139406582  103.825996941  105.406985064  107.057564088  108.501656463  109.632533216  0.50826469793  0.264079275984  330.747897804  25.6087866741  25.0306906354  0.574710255205  0.565725590154  0.549758343023  1.18647475461  1.18142284399  0.559052119753  0.55427699116  0.530206390392  1.12248020046  1.58166598512  0.417859365793  0.782941639468  0.285586973116  0.104458250619  50.182564442  50.7586654417  51.3674384631  51.8697574784  52.1384410805  52.3786757191  52.4828691848  0.099507339616  26.8586568435  0.244588450304  19.4058559512  4.70992123431  0.45303074582  3.74387664841  3.16273595747  0.157312618725  -9999.0  -9999.0  -9999.0  -9999.0  -9999.0  -9999.0  -9999.0  -9999.0  -9999.0
-9999.0  -9999.0  -9999.0  -9999.0  -9999.0  -9999.0  -9999.0  -9999.0  -9999.0  -9999.0  -9999.0  -9999.0  1.73148616189  0.814401778452  0.769939256364  7.18876796406  7.93674033054  0.746200428656  2.92894839102  3.58979416673  4.13867973194  0.615023747804  0.558884247702  11.5317565239  12.0136983032  12.4412346574  33.3177280032  33.5803686238  33.9126054496  36.3608301473  37.3969794027  37.5500928488  0.140642636109  0.147287031376  0.212306218054  110.627597552  0.403764477154  336.26460039  335.459284706  4.1485999052  3.53972635261  2.24248846463  0.559672556333  1.09673314156  1.74551238404  1.73973017266  1.10456025413  0.53911757162  1.06437539508  1.04846227342  2.06251565378  0.275397060946  1.05623155262  1.75801899599  1.97841233667  2.09311021895  0.107292562902  0.108028049121  0.105010008003  0.106457462193  0.121039150415  52.6425122633  52.9212626194  79.8421721255  79.9156424811  20.8563972685  1.26611947028  0.920858389301  0.321698772943  2.86187972408  2.69327847673  -9999.0  -9999.0  -9999.0  -9999.0  -9999.0  -9999.0  -9999.0  -9999.0  -9999.0
-9999.0  -9999.0  -9999.0  -9999.0  -9999.0  -9999.0  -9999.0  -9999.0  -9999.0  -9999.0  -9999.0  -9999.0  0.885423159767  2.50455680178  3.28504720005  5.66513157436  0.751244644576  1.51177740805  2.24010160595  8.33616490785  8.85761160579  9.11081153762  9.69730466002  10.414920322  17.553475747  19.6069482072  20.5315620584  0.255895110127  2.09381725027  2.29182636609  36.8734030863  37.7365413345  38.0683819502  38.3957290017  38.8065351991  149.948582972  0.632885522979  338.077767012  0.591970263575  0.211568850921  2.9836261701  2.67104883352  0.351957074937  1.58116046902  2.24267247742  2.23656956425  1.58629443061  2.6091932321  4.12910963465  1.51688011263  4.02808043242  0.31294815485  0.395083096217  0.105236944449  0.0961164498323  2.31071760271  2.39534397718  0.195868838324  0.191145552006  0.292712955076  0.0985665871402  0.121768818399  0.165187505461  113.145971513  113.066102293  32.9561613563  0.311144106484  1.92315777069  1.50399395202  1.01496388397  2.5661660231  1.76067333024  -9999.0  -9999.0  -9999.0  -9999.0  -9999.0  -9999.0  -9999.0  -9999.0
-9999.0  -9999.0  -9999.0  -9999.0  -9999.0  -9999.0  -9999.0  -9999.0  -9999.0  -9999.0  -9999.0  -9999.0  0.849600052641  1.68157210224  0.781145084731  1.57248875107  0.73668465775  5.43444006298  6.89236183321  7.63464322682  0.705574548024  1.29007033809  13.2344631682  16.3435887895  16.8920275654  1.37971777979  1.29982001714  1.73344858268  0.181710775986  0.171063391635  0.332011886829  0.236591167538  22.1592343756  22.4536788034  22.8169115733  150.457216943  340.843774051  338.347700773  0.345370762046  0.143518667049  0.131666781115  0.619428648604  0.492386768875  1.78551180885  2.61893974871  5.35409386113  0.497489244802  0.496179861174  4.51288973384  4.89843615636  9.70160792295  9.99286114328  10.5013356502  10.7081713415  0.19686261105  0.301576516025  2.59604230857  119.545721946  116.604435034  116.164972278  115.410400624  0.169592870369  114.356104619  0.265990305761  0.130987926618  11.7219050781  3.050318094  2.85281049423  0.493495282691  0.521805574442  0.505997970457  1.57744043045  -9999.0  -9999.0  -9999.0  -9999.0  -9999.0  -9999.0  -9999.0  -9999.0
-9999.0  -9999.0  -9999.0  -9999.0  -9999.0  -9999.0  -9999.0  -9999.0  -9999.0  -9999.0  -9999.0  -9999.0  -9999.0  0.80604923879  1.60500908563  2.40345974837  3.91614948469  0.793127803495  0.746249067016  5.78711771988  6.4857851421  12.17240724  12.853360819  1.93795810577  0.714027748754  0.695546097355  0.654531196667  20.7193614916  21.0766260821  21.2970881929  21.4659666167  21.899379757  3.26177212523  3.69471740857  26.946422869  518.493522507  1.89312524295  1.52513970273  0.592482722371  0.178912048624  0.131789911364  0.8872949932  1.00381047701  2.03127228135  0.119797982474  5.51687113766  0.756999137995  0.736771807568  0.121208441126  0.0984610137441  0.0988107604452  0.180163825104  0.103847258  10.8100776393  141.059522748  129.873575115  129.413361221  119.796679797  0.125217881776  0.239070844944  0.18585939402  114.651424854  0.541000679152  0.238453423866  0.330118582289  0.28736897205  8.27788132269  7.78929194468  0.9297557704  0.476314026018  0.542320278962  0.539531485482  -9999.0  -9999.0  -9999.0  -9999.0  -9999.0  -9999.0  -9999.0  -9999.0
-9999.0  -9999.0  -9999.0  -9999.0  -9999.0  -9999.0  -9999.0  -9999.0  -9999.0  -9999.0  -9999.0  -9999.0  -9999.0  -9999.0  0.789723188381  1.72243442888  2.62087744134  3.55259871426  4.29893457799  5.06001944514  2.23972934259  3.69359498958  0.684216727994  0.673572247839  17.4240982021  18.7686430452  19.4227584122  20.1353570044  0.548904726166  0.946666092726  2.44918812105  2.67985604274  2.93046834519  0.456164871106  0.541861466872  519.830873161  0.409688226753  0.606176547429  0.288207430386  0.754698371338  0.348797911602  0.247708353111  3.26077411346  3.56765502013  0.196165686382  5.75243179315  6.61297053549  0.827226145422  146.693913857  146.463273226  146.246383505  145.645360034  145.281521028  141.624688411  141.409810542  0.227579852249  9.40196476261  8.96420146082  8.54527533687  8.42312224675  5.55271129818  5.43251003905  5.17559750617  2.1279986417  1.93610287403  1.24542211313  0.284289643286  7.42484096362  6.35390003888  0.441911966509  0.900445280953  0.422511551416  -9999.0  -9999.0  -9999.0  -9999.0  -9999.0  -9999.0  -9999.0  -9999.0
-9999.0  -9999.0  -9999.0  -9999.0  -9999.0  -9999.0  -9999.0  -9999.0  -9999.0  -9999.0  -9999.0  -9999.0  -9999.0  -9999.0  0.238819989104  0.54397778536  0.905959690895  8.4021849476  9.17051272921  0.770240548997  0.752435750501  0.729117458537  14.6962321917  16.0870338033  0.681164846938  0.697817076661  0.623889879852  2.5212769305  3.14434101283  1.6031678952  1.95635160002  14.0412136027  14.4588777458  15.4810121608  24.5779901377  544.699098701  0.433919919441  0.270308646953  1.17938358495  0.959969165895  0.226557016042  0.717793073777  0.959974418702  3.84175620025  4.10348061529  11.2542599148  6.73838879985  0.905526598745  150.695735691  2.21040637937  146.012485406  145.836158366  3.3474129705  0.234686952353  0.179616569532  0.0853482788387  0.225945267919  0.310780523526  0.154831422103  2.7543426289  2.29273644351  0.152315531153  2.89681229338  0.558718926917  0.374570367395  0.885803863294  0.431806914803  0.84465314006  5.05753397685  4.3657432618  0.384408884197  0.708954034237  0.355215833391  -9999.0  -9999.0  -9999.0  -9999.0  -9999.0  -9999.0  -9999.0
-9999.0  -9999.0  -9999.0  -9999.0  -9999.0  -9999.0  -9999.0  -9999.0  -9999.0  -9999.0  -9999.0  -9999.0  -9999.0  -9999.0  1.25634534693  2.04808607226  4.24153303474  7.49336209707  10.0612217709  11.8119773583  12.553046713  13.2992998027  14.0195482678  0.688592374842  0.671073317919  1.31906979168  1.26426954062  0.641411136038  12.1074426829  12.7207347611  13.3095000674  13.8561928549  7.50031631514  7.80220997214  8.4569853674  544.946880392  0.745494536829  0.731688594886  2.03162008589  0.181845679279  0.559556278611  0.308426203219  0.226962829491  1.22659579243  0.2221341724  0.232570968786  163.155959312  151.696067756  151.451206993  0.791359339631  2.0633518898  1.29407313808  0.274755735116  2.79511140026  0.743899506394  0.572612760664  0.407075323801  0.275347916795  0.148378254878  0.324931424609  2.15133891321  1.81527627025  1.48987070295  2.14242967766  1.99774587366  1.86948353435  0.290468379422  0.449664948487  0.362612041646  3.19145703521  2.57485067386  1.69682442514  0.299500780382  -9999.0  -9999.0  -9999.0  -9999.0  -9999.0  -9999.0  -9999.0
-9999.0  -9999.0  -9999.0  -9999.0  -9999.0  -9999.0  -9999.0  -9999.0  -9999.0  -9999.0  -9999.0  -9999.0  -9999.0  -9999.0  0.874686894333  0.816976746291  1.59564043115  2.43550378119  0.855722934933  0.779071581581  1.51956649116  2.262390055  3.66803154536  4.36760627932  5.04984777027  7.06412192552  7.71088948965  8.36877042951  0.613996124393  6.10587554636  6.6055568325  6.94628901911  0.20121929569  0.0791988823773  0.176860395051  553.145851415  553.38466658  554.606025427  2.53731697405  0.364651789581  0.844092468208  0.245892168868  0.422481105325  1.43947453165  1.85243589835  0.43561322045  164.250638635  0.376218837365  0.455097598266  0.476811312019  0.450772717923  0.741797514983  0.335533151497  1.86837206655  1.31944845878  0.915448262186  0.445067506686  0.304617455595  0.160976688576  0.174340173777  0.184951685501  0.186177169864  1.34362154417  1.01453676272  0.690110714047  0.359427041308  1.68285564478  1.21233760636  0.41871578333  0.407513967153  0.271098415871  0.754534578396  0.440314983622  -9999.0  -9999.0  -9999.0  -9999.0  -9999.0  -9999.0  -9999.0
-9999.0  -9999.0  -9999.0  -9999.0  -9999.0  -9999.0  -9999.0  -9999.0  -9999.0  -9999.0  -9999.0  -9999.0  -9999.0  -9999.0  -9999.0  0.772626782619  1.53576273954  0.769404939835  1.56995193181  9.76695761171  10.5676798018  11.3115914708  0.703576572836  0.705425360773  1.38552264642  2.0637806332  3.33253305738  3.96639289668  4.30254388761  4.88351936928  0.505164820562  0.395398281944  7.31849822482  7.39926290765  7.56610877128  7.77028804336  6.63859070848  562.1017117  565.943806395  566.11350231  567.110450672  567.971425345  568.704452776  0.244263502739  2.06016079082  164.508512836  0.620098603104  0.315805238666  0.371433415102  0.32995054298  0.563196992684  0.445310148688  0.247528622856  0.304548296463  0.259746093221  0.338377762194  0.144687564473  0.123376477926  0.412346816684  0.286776219467  0.149428653784  0.147608899013  0.156583865541  0.162372163661  0.170199246124  0.182136839407  0.182770642463  0.60884106771  0.199088055174  0.702280353356  0.332164487452  0.292040957193  -9999.0  -9999.0  -9999.0  -9999.0  -9999.0  -9999.0  -9999.0  -9999.0
-9999.0  -9999.0  -9999.0  -9999.0  -9999.0  -9999.0  -9999.0  -9999.0  -9999.0  -9999.0  -9999.0  -9999.0  -9999.0  -9999.0  -9999.0  -9999.0  2.28121714134  3.1038287273  5.55434426565  7.33600666323  0.94427441262  13.0225920943  13.7205954772  14.4203064656  0.696498292872  1.37597281092  0.641043717821  4.63220464684  4.94485186208  5.44473763556  5.94106857447  7.09796859021  7.18245659716  0.0693834037072  5.79026549088  6.20849387697  6.43859015722  7.25286221277  1.07747942531  0.693376985204  0.41448337484  0.39263244689  569.375391326  569.787665752  573.37949695  164.795485914  1.70596469858  0.823954041431  0.575089573921  0.171985722914  1.47883119028  0.708155667266  0.231338798144  1.18115271625  0.974032138528  0.194469186817  0.895322606135  0.791951831788  0.548636060053  0.128105431531  0.370615848306  0.262062825387  0.117256352383  0.243938649731  0.126146826723  0.135911655689  0.129280251716  0.113975376156  0.313476215263  3.13816058915  1.88439093615  1.16024798346  0.462561428257  -9999.0  -9999.0  -9999.0  -9999.0  -9999.0  -9999.0  -9999.0
-9999.0  -9999.0  -9999.0  -9999.0  -9999.0  -9999.0  -9999.0  -9999.0  -9999.0  -9999.0  -9999.0  -9999.0  -9999.0  -9999.0  -9999.0  -9999.0  0.840507672034  3.91897468136  4.77647262397  0.973614947898  0.745314704481  1.48116933567  2.17393573767  17.2957187792  0.690487364302  2.77071462537  3.42338631964  4.06265804051  0.32917966601  0.79733614036  0.996515342961  4.70560475953  5.12222480683  5.30810212707  0.207898980101  0.189721315009  0.205339774831  0.377722478135  0.153523041848  0.162872765981  0.333761373719  0.243193741266  0.338090158273  1.2096820924  573.794277224  739.670130021  2.07207851084  0.232988975252  0.200434822907  4.34337498163  3.97324616883  2.24698178488  1.99194132249  1.46249007633  0.304927802767  0.249257661314  0.998576984306  0.476166033191  0.366829848394  0.116520081347  0.552255758191  0.914772017218  0.638294468528  0.376852651712  0.116888623417  0.424974312325  0.29162191924  0.268293087464  3.94949817597  3.8390480204  0.373305740199  0.348423847204  0.31536039344  0.294909881127  -9999.0  -9999.0  -9999.0  -9999.0  -9999.0  -9999.0
-9999.0  -9999.0  -9999.0  -9999.0  -9999.0  -9999.0  -9999.0  -9999.0  -9999.0  -9999.0  -9999.0  -9999.0  -9999.0  -9999.0  -9999.0  0.694112010386  2.31568304915  0.774333582131  0.912936866592  0.792379754923  1.54422688812  2.27105456361  3.05414595704  21.1605754605  21.8306888847  0.683693307514  1.33289642892  1.98503004602  2.41848760719  2.85470178028  4.00894210249  4.50419262875  0.162754431323  0.240548608206  0.23178418169  0.351945948239  0.32642278364  0.325289812132  0.270924677231  0.307052830845  1.39572609828  0.678330277443  0.427402953425  0.421118309186  0.365259185978  0.693808174042  752.974776158  11.0364734119  5.38833997737  0.576470171329  0.26993623799  0.221789226355  0.689093290045  0.448976795548  0.216860873736  0.215369616904  1.40735058123  1.99865269357  2.20453604608  0.0996691907231  1.82793814811  1.1248175452  0.113830738464  0.103090242096  0.284104529897  1.24133338028  0.557767443606  0.473576785834  4.17556923793  0.257226436143  0.276541083358  1.27581614758  0.630594357051  1.01647096782  0.408807101859  -9999.0  -9999.0  -9999.0  -9999.0  -9999.0
-9999.0  -9999.0  -9999.0  -9999.0  -9999.0  -9999.0  -9999.0  -9999.0  -9999.0  -9999.0  -9999.0  -9999.0  -9999.0  -9999.0  0.722177320969  1.40937250851  5.19745009047  0.763233550143  1.88776644108  2.6699966624  3.4249613066  0.761883471486  1.46579648865  2.31034099119  24.9177109758  0.660067955986  1.28459421546  1.91365934184  0.575756428568  1.1223718344  1.26824605158  1.69654511444  44.8728783459  45.4473729155  46.0034640502  48.7535619905  49.7310308138  51.9057214146  0.650992747041  1.32652071986  1.72781594244  59.2654899332  60.0366201508  0.397566511844  0.686136044572  0.969709292893  753.341320004  10.6565025547  4.56347210879  4.26411601854  3.94435693532  3.6733691101  0.91651620695  0.238086399108  0.42295458781  0.19981961342  0.186686761231  0.298993330682  2.31626766488  4.39222130194  1.98525354423  0.323092183707  0.217476541409  0.16590380091  2.21264135834  1.71051884119  0.246829678507  5.17360349344  4.43638340287  0.49830022091  2.62011321936  1.56213227247  1.63126959796  1.35130350268  0.30356054547  -9999.0  -9999.0  -9999.0  -9999.0  -9999.0
-9999.0  -9999.0  -9999.0  -9999.0  -9999.0  -9999.0  -9999.0  -9999.0  -9999.0  -9999.0  -9999.0  -9999.0  -9999.0  -9999.0  0.725764081186  2.21385386787  8.14227038194  11.9657326774  0.693154130452  15.8552230384  20.0847881447  0.728286050297  1.42251724379  2.2336060637  31.4223579975  32.1708596934  0.605789173555  3.13317046149  3.70117377664  4.10886553515  41.6077401995  42.3193810692  42.9576659722  0.334275083989  1.91897470523  2.28190696557  1.11423445211  1.60446695206  54.2343258237  56.3390363366  56.7790452626  57.2061055203  60.6898019808  0.321012618298  0.303688586715  1.55417753685  753.765730437  0.387179441292  0.0188145634171  0.0533910590638  0.0227614357799  3.20322928519  3.03855097473  1.79877375896  1.25236955129  0.501782354226  0.213893620058  0.430455031528  0.0870854805888  4.48279922912  0.508069609025  0.412217482131  0.0812387993356  0.255687584363  2.33755577921  0.0869932494589  0.0451282512161  5.25941007423  0.162718803587  3.09042231049  2.87831264115  2.39918927151  2.16481489086  0.259017642881  0.861182550628  0.27829039085  -9999.0  -9999.0  -9999.0  -9999.0
-9999.0  -9999.0  -9999.0  -9999.0  -9999.0  -9999.0  -9999.0  -9999.0  -9999.0  -9999.0  -9999.0  -9999.0  -9999.0  -9999.0  -9999.0  -9999.0  1.54985648784  3.12293348289  14.23852379  15.0602881456  20.8160776161  21.6334781948  0.723146031792  1.44416963372  3.5679323926  32.9294148802  34.2075017345  34.7689454383  0.488397792515  36.6025057219  37.2865441834  0.480963880639  0.336638164892  0.656992346481  1.29094050222  0.317794999572  0.660708278178  1.51925166412  1.92748246077  0.370216055708  0.294950756454  0.601370875507  62.5999966087  63.1525858453  63.4300909594  65.6297155285  754.154668688  0.303721954728  0.0127343435186  0.0143747293569  0.0158346508566  0.016320306442  0.0168045648947  0.0309717703774  0.220982026044  0.475286816843  0.24744860684  0.225845164053  0.791387053948  5.41780427208  6.02360953109  6.13865412225  6.57145656277  0.0886473544599  2.42513559271  0.26230268888  0.0867913076763  5.34914753405  5.5988467649  3.26448327367  3.50046659023  2.62693419556  1.6696033872  1.42294486273  1.1618932625  -9999.0  -9999.0  -9999.0  -9999.0  -9999.0
-9999.0  -9999.0  -9999.0  -9999.0  -9999.0  -9999.0  -9999.0  -9999.0  -9999.0  -9999.0  -9999.0  -9999.0  -9999.0  -9999.0  -9999.0  -9999.0  0.806059144162  0.791053634911  0.795594295653  1.64341844418  0.746261540769  23.1092752768  23.8655722839  0.736321768446  1.41832829879  0.689034244025  0.624004107358  0.613239498884  35.7478701461  0.194267493136  0.386569089369  0.301407440673  0.344669858773  0.316983275395  0.270951080511  0.278614899304  0.84966568988  1.15344944292  0.25125163748  0.234787630329  0.499837030622  0.802618420862  0.97511982273  0.22335036608  63.7579100834  65.9165466654  754.466548609  0.675753351553  0.0697615728163  0.00913242477539  0.0237635212874  0.0082095682772  0.00732147628597  0.0394411099984  1.05656727093  0.655111206759  0.158670522645  0.149754536454  0.287535274638  0.119347196231  0.106279207676  0.107487924012  0.114991629818  9.78135112327  2.77786346546  0.0863179230043  0.137660784955  0.064916299133  14.6100324777  8.93881441326  8.83006629478  2.73642580065  2.10565081672  0.219869254773  -9999.0  -9999.0  -9999.0  -9999.0  -9999.0  -9999.0
-9999.0  -9999.0  -9999.0  -9999.0  -9999.0  -9999.0  -9999.0  -9999.0  -9999.0  -9999.0  -9999.0  -9999.0  -9999.0  -9999.0  -9999.0  -9999.0  -9999.0  -9999.0  0.783488185507  2.37343055635  3.04567654527  3.76650166817  24.5704429639  25.272802705  26.0034711117  26.8058422417  27.4093806439  28.643042185  28.859044876  29.0302603284  29.2538584802  0.312671908366  0.29994426288  0.311893770222  1.14860653298  0.299280368213  0.291313036486  0.247460968063  0.738038401361  0.284430382573  0.243711381939  0.230808159002  0.205178012327  0.409702848435  0.606147906654  67.1918134554  822.655362971  0.297998252966  0.626393483404  0.00717103673341  0.0333538594983  0.0194433184442  0.0147837525038  1.96093175327  1.75675277432  0.51384789561  0.309373603223  0.587375300493  0.157009543393  0.371052937194  0.212589674847  0.300261491658  0.104238597382  0.129605957328  9.8864891576  10.2063269049  17.2033297011  17.075310166  16.978069561  0.102494554915  2.39174403811  2.28472855274  0.105087839315  -9999.0  -9999.0  -9999.0  -9999.0  -9999.0  -9999.0  -9999.0
-9999.0  -9999.0  -9999.0  -9999.0  -9999.0  -9999.0  -9999.0  -9999.0  -9999.0  -9999.0  -9999.0  -9999.0  -9999.0  -9999.0  -9999.0  -9999.0  -9999.0  -9999.0  -9999.0  0.662482517967  5.16934453317  10.3694170271  11.1379271335  0.905364448586  1.64892972896  2.33063909922  2.93691692128  6.79067499242  7.09914384529  0.304976375885  0.299978533844  29.8820616399  30.4722029902  30.7488896841  1.38851432584  0.23398860352  0.539783836217  0.796910139602  2.38032182041  2.92187268884  3.39202130456  0.441009917065  0.628594166224  0.214649159891  0.432959401003  0.224209241256  823.138138679  0.286696933312  1.17548594957  0.325938303053  0.526788175048  1.72940604544  1.89994267159  4.01806350903  1.81338735328  1.63591248957  1.09713802013  0.979235916887  0.266693643551  0.479872745316  0.471410452754  0.375379599574  0.0647126638522  28.6399905091  28.3489012835  28.191130365  17.5665237111  0.148198721477  2.11798054837  1.50990391379  0.985053968392  0.610129421399  0.10698242665  -9999.0  -9999.0  -9999.0  -9999.0  -9999.0  -9999.0  -9999.0
-9999.0  -9999.0  -9999.0  -9999.0  -9999.0  -9999.0  -9999.0  -9999.0  -9999.0  -9999.0  -9999.0  -9999.0  -9999.0  -9999.0  -9999.0  -9999.0  -9999.0  -9999.0  0.72650120245  2.29852875559  4.51606449906  5.91817827763  15.4181973262  16.2717680611  1.4069102559  2.08989140523  2.69284908969  3.28980279738  7.34147716222  7.93058508303  13.3564640553  13.7599812142  14.0242567343  31.0393310332  33.2329268  0.533042568616  0.320534638797  0.311847429754  0.609758994249  0.288583469877  3.95390723185  4.18006126869  0.838808838603  1.00147372674  0.191622134322  184.358807316  184.842918881  1008.35080324  1009.94186057  0.287371745084  1.1246826955  0.426171575959  0.359125479822  4.60505190626  6.64543349336  1.45873559782  1.25150833054  0.267556472084  0.143606853135  0.618356590532  29.7107538415  29.1308719412  29.0167496014  28.8454617728  0.228756620179  0.179024587303  0.156160110603  0.158435414897  0.477071794336  0.312646652173  0.283347060477  0.419848411285  0.128103302681  -9999.0  -9999.0  -9999.0  -9999.0  -9999.0  -9999.0  -9999.0
-9999.0  -9999.0  -9999.0  -9999.0  -9999.0  -9999.0  -9999.0  -9999.0  -9999.0  -9999.0  -9999.0  -9999.0  -9999.0  -9999.0  -9999.0  -9999.0  -9999.0  -9999.0  -9999.0  0.815171141012  0.795564645145  1.51399727653  3.61173793797  16.9692365316  0.718548616498  0.71104723508  1.32903760085  1.94082032274  4.43215107707  4.72096633215  0.188990615513  0.275280405475  14.3781496625  14.685660037  48.1666011882  48.3986605603  0.219230139865  0.200001457126  0.179401783186  0.180847747444  0.188678073725  180.539952902  181.828224208  182.999386557  183.34902976  184.185236675  0.250822626975  0.946594797995  1.23379856599  1011.77803072  1012.04007597  1012.26714316  1012.4700222  1012.62916004  6.86770859445  0.142158065342  0.521987587309  0.412701363876  0.10956708127  0.727334443956  30.0830696296  0.23436785935  0.0987886957  0.649282284893  0.556976896954  0.436873665018  0.309645856752  0.167440381867  0.172411096269  0.164928559352  0.145064949877  0.152708837593  -9999.0  -9999.0  -9999.0  -9999.0  -9999.0  -9999.0  -9999.0  -9999.0
-9999.0  -9999.0  -9999.0  -9999.0  -9999.0  -9999.0  -9999.0  -9999.0  -9999.0  -9999.0  -9999.0  -9999.0  -9999.0  -9999.0  -9999.0  -9999.0  -9999.0  -9999.0  -9999.0  -9999.0  0.737836080449  0.767929164217  1.43456481078  19.7755789219  20.5516017097  0.701622087644  1.31872059904  1.93991463131  2.24382451463  0.241897696733  0.568393779426  42.8406518979  43.1467665055  43.3838749611  45.4157210217  94.0462085212  172.47576921  172.958107898  173.415031464  173.858178338  175.589280792  176.134670464  1.08308604734  0.50951997026  0.291864637449  0.5611301798  0.46977706377  0.732462270383  0.245628203654  4.83187552829  5.58311327832  6.18057866161  6.36706987795  1012.84818851  1019.95111736  1021.11463265  0.744087661734  0.156765274993  1.09994834032  0.866581830481  30.3588833406  0.141561117581  1.73714787589  0.973891686128  0.857450376346  0.56684282001  0.253965630071  0.260926561073  0.1305981531  -9999.0  -9999.0  -9999.0  -9999.0  -9999.0  -9999.0  -9999.0  -9999.0  -9999.0  -9999.0  -9999.0
-9999.0  -9999.0  -9999.0  -9999.0  -9999.0  -9999.0  -9999.0  -9999.0  -9999.0  -9999.0  -9999.0  -9999.0  -9999.0  -9999.0  -9999.0  -9999.0  -9999.0  -9999.0  -9999.0  -9999.0  -9999.0  0.749498212945  1.44010649588  2.13360870521  21.1580237697  0.747129165435  28.7913364733  29.435644202  29.6833837154  30.0168483099  41.5439477675  41.9178152976  0.329246934648  1.53575099558  1.84674952747  0.332699885014  77.9401315973  77.3233936831  0.224371830335  0.497208016596  1.32191531676  0.284515837642  0.303978816007  0.257206706977  0.235223334008  0.194549138957  0.225465589292  4.03423387868  4.27333385824  4.54507340879  0.44557487022  0.322259557949  6.63097656209  6.88744146535  7.03388393035  1021.32993595  1021.55525151  1.54285448768  1.25012667182  32.5112345363  32.3629428329  1.87040136156  0.216903622154  0.10072472005  1.26117997898  1.00937379715  0.728769687972  0.398476623059  0.207666076977  0.0957457455754  -9999.0  -9999.0  -9999.0  -9999.0  -9999.0  -9999.0  -9999.0  -9999.0  -9999.0  -9999.0
-9999.0  -9999.0  -9999.0  -9999.0  -9999.0  -9999.0  -9999.0  -9999.0  -9999.0  -9999.0  -9999.0  -9999.0  -9999.0  -9999.0  -9999.0  -9999.0  -9999.0  -9999.0  -9999.0  -9999.0  -9999.0  0.689486104677  0.649863499183  3.35636741532  25.9328140893  27.3973373174  28.1804307764  0.663222503304  10.9540438041  11.1601066837  11.2674327826  0.335834226733  0.700329283895  1.03041018865  17.8346583399  18.1047089906  18.3491836237  76.8497617292  47.6860404936  0.271806276586  0.279702892837  0.270327353754  0.23444816104  2.30823023788  2.82005221984  3.28282830096  3.54217437163  3.79497510121  20.810912478  21.0223270632  21.1795930976  21.5547135553  23.9874695556  24.1600748962  31.3924436254  0.152445354947  1021.75808917  1022.00432997  1.72408364791  32.641748799  0.232050609269  0.105636018578  0.341645088387  2.09600541129  2.01968407805  0.51731498517  0.25649183529  0.540383139759  0.328928405704  0.0947299125765  0.079065922743  0.0776593989257  -9999.0  -9999.0  -9999.0  -9999.0  -9999.0  -9999.0  -9999.0  -9999.0
-9999.0  -9999.0  -9999.0  -9999.0  -9999.0  -9999.0  -9999.0  -9999.0  -9999.0  -9999.0  -9999.0  -9999.0  -9999.0  -9999.0  -9999.0  -9999.0  -9999.0  -9999.0  -9999.0  -9999.0  -9999.0  -9999.0  1.34964402796  2.058307923  0.78950710852  0.730877746774  8.741615404  9.42606177224  9.92076325136  3.76668243729  3.97725985813  4.23716160457  4.56903375478  17.2395790626  17.5793101111  9.97881115823  28.6254194  28.9096390667  47.4481848152  0.562006419664  0.283498096897  0.220254726498  1.5656447275  1.83973706687  0.202782700343  0.19354645694  19.8720884288  20.3537579688  20.6088894689  0.197728537298  0.275141502827  23.5416855345  0.284885231577  1.25158490081  1.40318973417  33.094274001  33.2511404645  35.0295768889  1058.96733417  33.0191972922  2.92913559179  2.7934742914  2.65758198601  2.17418957759  0.100720005023  0.978479110605  0.791194340737  0.338394029901  0.122208609052  0.166536473321  0.360353093941  0.201882297126  -9999.0  -9999.0  -9999.0  -9999.0  -9999.0  -9999.0  -9999.0  -9999.0
-9999.0  -9999.0  -9999.0  -9999.0  -9999.0  -9999.0  -9999.0  -9999.0  -9999.0  -9999.0  -9999.0  -9999.0  -9999.0  -9999.0  -9999.0  -9999.0  -9999.0  -9999.0  -9999.0  -9999.0  -9999.0  -9999.0  0.676154123481  1.33976761399  5.75641749694  6.56207031826  7.34368250676  2.98277490236  3.55490131379  0.228484603381  11.8843209716  12.100001002  12.3371077341  0.298680749112  9.33594058003  9.68358538552  0.285133720158  46.0057644388  0.601166842324  0.297226542627  0.826314657658  1.1105545805  0.238806366542  0.204590358093  17.6299274184  19.4189357669  19.6956800931  0.270164064482  0.652276269581  0.830996607406  0.989046210997  1.87756686431  0.463378071773  1.017397344  0.225099181005  0.443029884284  34.6841785955  34.8676056761  1059.2239604  1095.81240834  3.32354858699  0.176914379238  0.121836952637  0.194202454264  0.072243282174  1.05517814598  0.720488632953  0.55516880686  1.16263599839  0.961464064751  0.653723114155  0.146023981281  0.0786539672824  -9999.0  -9999.0  -9999.0  -9999.0  -9999.0  -9999.0  -9999.0
-9999.0  -9999.0  -9999.0  -9999.0  -9999.0  -9999.0  -9999.0  -9999.0  -9999.0  -9999.0  -9999.0  -9999.0  -9999.0  -9999.0  -9999.0  -9999.0  -9999.0  -9999.0  -9999.0  -9999.0  -9999.0  -9999.0  0.669641872186  2.11891008374  3.72864428933  0.876474934507  1.6009871596  2.32742460204  10.8663257876  11.2050524781  11.4448951257  0.217053997448  7.75247518368  8.45141904105  8.73783527949  0.198449686159  44.7909587771  45.4417704043  0.311600858052  0.292953802347  0.588882614999  0.256873331971  16.2644945706  16.7483218778  17.0281636533  1.07958374399  1.35357733911  0.249342000362  0.461961242912  0.214111792369  1.45295398447  0.223746868936  0.255826738671  0.272125057583  0.281758596326  0.56958705133  0.795292585827  92.2305433135  92.6185925627  1188.91124674  1189.07287206  1189.2498782  0.219984776769  2.48312813573  2.19811399604  0.987323219646  0.929158542334  0.136286774381  1.45729012039  0.100250463207  0.0845267948462  0.0693176997208  0.29091296113  0.125164063052  -9999.0  -9999.0  -9999.0  -9999.0  -9999.0  -9999.0
-9999.0  -9999.0  -9999.0  -9999.0  -9999.0  -9999.0  -9999.0  -9999.0  -9999.0  -9999.0  -9999.0  -9999.0  -9999.0  -9999.0  -9999.0  -9999.0  -9999.0  -9999.0  -9999.0  -9999.0  -9999.0  -9999.0  -9999.0  0.752595024698  0.83912282546  0.889543120901  7.3779836499  8.08758623898  10.2114474804  0.446773032103  6.78196730134  7.33565594284  0.237196503128  0.490852299153  0.192688202986  44.086765736  0.243605890004  0.795422321376  1.0381641502  1.27079396179  14.7022831789  15.5039809793  15.7965994073  0.292150207393  0.560828412474  0.810550579835  0.182403507242  0.170838401383  44.2151686045  44.3938958537  44.5481167839  45.9207783738  46.1185525562  46.4062018577  46.6464665499  76.213623638  76.417150154  92.0483187964  0.189532764054  0.228869939872  0.425088454546  1189.85834475  1190.68831984  1193.53365162  1193.68962894  0.13593595057  0.0633134797177  1.66325152571  1.58876426479  0.0679042761602  0.213674015069  1.21645890277  0.730941315608  0.629317445169  0.163347783588  -9999.0  -9999.0  -9999.0  -9999.0  -9999.0
-9999.0  -9999.0  -9999.0  -9999.0  -9999.0  -9999.0  -9999.0  -9999.0  -9999.0  -9999.0  -9999.0  -9999.0  -9999.0  -9999.0  -9999.0  -9999.0  -9999.0  -9999.0  -9999.0  -9999.0  -9999.0  -9999.0  -9999.0  0.689432885992  1.61194536819  3.41694652201  6.67591489494  0.775536191605  1.4776375599  5.6616276617  6.09378128922  0.295643838509  10.2627440986  10.5147226279  43.4668148007  43.6846347058  0.232785797687  0.468443683879  1.90894151826  12.7194556945  13.2502327598  0.593325051661  0.321767150963  0.274220548732  38.1705397687  38.669331728  39.1057449461  39.548080198  44.0486784726  0.476689792568  45.7429949692  0.262206930691  0.195510350202  0.370755925327  29.1696748217  29.3905617751  14.7893370571  15.4241696602  0.427731097813  0.210338282555  0.230056020708  0.253767512545  0.437374180699  0.189693546478  1262.71747756  1263.01333353  2.09878302967  1.77441851382  0.057126432781  2.15687717554  1.96844006131  1.54545984642  0.129485246531  0.157233367325  0.172855644624  -9999.0  -9999.0  -9999.0  -9999.0  -9999.0
-9999.0  -9999.0  -9999.0  -9999.0  -9999.0  -9999.0  -9999.0  -9999.0  -9999.0  -9999.0  -9999.0  -9999.0  -9999.0  -9999.0  -9999.0  -9999.0  -9999.0  -9999.0  -9999.0  -9999.0  -9999.0  -9999.0  -9999.0  -9999.0  0.866033613059  1.68214867694  2.44186582265  4.24146915483  4.94713731096  8.27785513215  9.5397520221  9.80594050781  10.016027887  32.4878332643  32.7307010648  0.180021825982  1.59606832974  1.79613083411  10.5943776149  10.7480965421  0.343929552261  0.151152909142  37.2064663986  37.4364577432  37.6751872131  0.264404125364  3.75066975454  3.99511397559  4.25977989524  0.241674527976  0.199842884103  0.164379621216  0.157822162641  28.4156877232  28.641936886  0.169119185329  14.6236313267  13.7016088329  13.5406281393  0.174390706553  0.201829822547  0.12305635146  0.295457877157  68.1943928816  68.8016733063  1265.31058738  0.218783838047  0.137487234837  2.30190507907  0.0814795618611  0.53230938446  0.329273731556  0.120852229165  -9999.0  -9999.0  -9999.0  -9999.0  -9999.0  -9999.0  -9999.0
-9999.0  -9999.0  -9999.0  -9999.0  -9999.0  -9999.0  -9999.0  -9999.0  -9999.0  -9999.0  -9999.0  -9999.0  -9999.0  -9999.0  -9999.0  -9999.0  -9999.0  -9999.0  -9999.0  -9999.0  -9999.0  -9999.0  -9999.0  -9999.0  0.829672167946  2.58051469668  3.49182322695  5.1798156074  6.76704622183  7.57133691427  0.66523908603  8.38258309585  31.6238069197  32.2309845784  0.510581283405  0.890018805064  1.43984245868  10.1928494655  10.4219541218  24.3484310036  24.9257126898  37.0016564456  37.0650610766  0.110839785357  2.91668585588  3.25691186743  3.53900817566  0.246492894545  24.4657427072  24.6991738196  25.3097815451  27.4020620626  28.1296031918  28.2379821361  0.181727718027  0.388441759851  0.572544368665  10.9551027593  13.2251736975  1.5527281996  1.37747192578  0.0834932563339  0.122024199446  67.685994698  0.419729646223  0.340278513925  1265.78138153  0.0745319963118  0.0597323106485  3.03457361922  0.678192492512  0.163254408522  0.0974390843291  -9999.0  -9999.0  -9999.0  -9999.0  -9999.0  -9999.0  -9999.0
-9999.0  -9999.0  -9999.0  -9999.0  -9999.0  -9999.0  -9999.0  -9999.0  -9999.0  -9999.0  -9999.0  -9999.0  -9999.0  -9999.0  -9999.0  -9999.0  -9999.0  -9999.0  -9999.0  -9999.0  -9999.0  -9999.0  -9999.0  -9999.0  0.88438996393  0.848659415221  3.44838491067  4.38455552777  0.826941993631  6.88938090226  7.64911466676  0.724676912864  21.8358868911  0.719322490205  4.36155039365  9.38732364139  9.95574465326  22.1891617533  22.5348963974  24.1600338161  0.437448032716  11.9233379434  0.0913684796537  0.211724860921  2.77518022134  0.17944309742  5.46624712769  24.0078671586  0.168994772832  0.421886344442  1.5014394567  0.243809229583  0.239882765785  0.197639265852  0.167513095388  9.75261108122  10.4598091794  10.7787532387  0.519358831072  0.460416788037  0.86881183035  0.121979872418  67.3310525867  67.405808444  0.191067573094  0.203735550965  0.101746078036  1266.47044252  1270.45685572  3.79174535393  0.682011442682  0.619103666384  0.291023734589  -9999.0  -9999.0  -9999.0  -9999.0  -9999.0  -9999.0  -9999.0
-9999.0  -9999.0  -9999.0  -9999.0  -9999.0  -9999.0  -9999.0  -9999.0  -9999.0  -9999.0  -9999.0  -9999.0  -9999.0  -9999.0  -9999.0  -9999.0  -9999.0  -9999.0  -9999.0  -9999.0  -9999.0  -9999.0  -9999.0  -9999.0  -9999.0  0.840343311708  0.884038895531  0.856506854028  5.31936278825  6.12958123916  9.37793617086  21.1499953905  0.763145982323  2.26536065977  2.996113894  4.41649902767  1.29199047341  21.6068410571  0.612762388448  1.19836710312  11.1983406955  0.489142641678  1.99584012557  2.31086765757  0.108100018134  0.164800632328  5.31428567824  18.3848071825  0.177251635682  0.676327306762  1.26777441208  0.221856034801  0.147520840818  8.748867045  9.15098251035  0.291601696143  0.571878755671  0.154419836108  0.316667771828  0.244956540279  0.217143797885  0.0778841526596  67.2652823107  0.216921770733  -9999.0  -9999.0  0.207672213559  0.381632449226  1270.59385839  1270.71603518  1270.97447519  0.099930586959  -9999.0  -9999.0  -9999.0  -9999.0  -9999.0  -9999.0  -9999.0  -9999.0
-9999.0  -9999.0  -9999.0  -9999.0  -9999.0  -9999.0  -9999.0  -9999.0  -9999.0  -9999.0  -9999.0  -9999.0  -9999.0  -9999.0  -9999.0  -9999.0  -9999.0  -9999.0  -9999.0  -9999.0  -9999.0  -9999.0  -9999.0  -9999.0  -9999.0  -9999.0  0.89992615337  2.74729366491  3.63005648188  8.63184875695  3.45582305227  10.9897009087  6.7041569034  0.748941847604  2.26517178272  3.69320690253  0.652911580565  19.7073110446  7.46529781985  9.46895687276  1.22296086293  1.21977959079  0.53552437634  0.268348194365  4.82151795231  4.98876210766  17.8761745267  18.0404385487  0.314389960973  0.484129224575  0.144257187549  7.31778831969  8.0420370601  8.65539987023  0.29551476453  0.144563885042  0.418078149116  0.14855212825  0.119178835415  0.121426231977  66.705991329  66.8276188057  66.9033042708  0.146800165336  -9999.0  -9999.0  -9999.0  -9999.0  -9999.0  0.067535517911  1271.06477894  1271.14670249  -9999.0  -9999.0  -9999.0  -9999.0  -9999.0  -9999.0  -9999.0  -9999.0
-9999.0  -9999.0  -9999.0  -9999.0  -9999.0  -9999.0  -9999.0  -9999.0  -9999.0  -9999.0  -9999.0  -9999.0  -9999.0  -9999.0  -9999.0  -9999.0  -9999.0  -9999.0  -9999.0  -9999.0  -9999.0  -9999.0  -9999.0  -9999.0  -9999.0  -9999.0  0.943348439362  0.872129049157  7.76287686642  0.927625710793  2.62695245892  4.29996589847  5.91921055252  0.804368996303  0.768807834812  0.722456862625  18.3200259193  19.0402287139  6.83876827365  1.39671674772  0.671196150611  0.673461382852  4.12627232641  4.67450702058  15.9065946199  16.7917883068  17.5317718866  0.189598906616  0.158140214435  6.93266814778  7.05743066583  7.19984286566  0.616901257225  0.320133283341  0.153438134217  0.148291230705  0.116223155333  0.976132124555  1.05686972399  66.6311250351  66.6616541037  0.0845380471851  0.0336906566406  0.0726278945632  -9999.0  -9999.0  -9999.0  -9999.0  -9999.0  -9999.0  -9999.0  -9999.0  -9999.0  -9999.0  -9999.0  -9999.0  -9999.0  -9999.0  -9999.0  -9999.0
-9999.0  -9999.0  -9999.0  -9999.0  -9999.0  -9999.0  -9999.0  -9999.0  -9999.0  -9999.0  -9999.0  -9999.0  -9999.0  -9999.0  -9999.0  -9999.0  -9999.0  -9999.0  -9999.0  -9999.0  -9999.0  -9999.0  -9999.0  -9999.0  -9999.0  -9999.0  -9999.0  1.8230857095  5.98130424884  3.30125104308  0.836377264176  3.39102949589  0.813389049663  2.49585524991  3.18703439554  15.9992811023  17.5815959037  5.47487111565  6.16654637042  0.704304632671  2.87494539994  3.52150337303  9.61063326069  14.9240689892  15.5156230479  0.579582440736  0.440808582211  5.46315736584  6.24633729237  6.81222365492  0.167152981765  0.317121014836  0.479274582085  0.159676715194  0.391447683035  0.634128414575  0.747070802492  0.894592678323  0.11209868681  65.4064509261  0.213704449717  0.057248791368  -9999.0  -9999.0  -9999.0  -9999.0  -9999.0  -9999.0  -9999.0  -9999.0  -9999.0  -9999.0  -9999.0  -9999.0  -9999.0  -9999.0  -9999.0  -9999.0  -9999.0  -9999.0
-9999.0  -9999.0  -9999.0  -9999.0  -9999.0  -9999.0  -9999.0  -9999.0  -9999.0  -9999.0  -9999.0  -9999.0  -9999.0  -9999.0  -9999.0  -9999.0  -9999.0  -9999.0  -9999.0  -9999.0  -9999.0  -9999.0  -9999.0  -9999.0  -9999.0  -9999.0  -9999.0  0.94390772625  0.885662385956  1.54496768228  0.866285577764  1.69629531954  1.70654210605  9.4794331201  10.3198606505  1.69515358531  0.761044258672  4.78585651608  1.49682520139  2.23278480959  7.70744723299  8.36629303424  9.02104500403  4.73455752502  1.88069377297  3.05870957192  4.13160979948  5.2198726087  0.528689906329  0.261807693273  34.5167018863  34.7396306687  34.9056178282  0.137647182674  0.262350148377  0.140774299195  0.128924915782  62.0484427421  63.3311465445  1.59334442246  1.23270431212  0.127955141834  -9999.0  -9999.0  -9999.0  -9999.0  -9999.0  -9999.0  -9999.0  -9999.0  -9999.0  -9999.0  -9999.0  -9999.0  -9999.0  -9999.0  -9999.0  -9999.0  -9999.0  -9999.0
-9999.0  -9999.0  -9999.0  -9999.0  -9999.0  -9999.0  -9999.0  -9999.0  -9999.0  -9999.0  -9999.0  -9999.0  -9999.0  -9999.0  -9999.0  -9999.0  -9999.0  -9999.0  -9999.0  -9999.0  -9999.0  -9999.0  -9999.0  -9999.0  -9999.0  -9999.0  -9999.0  -9999.0  -9999.0  0.632890452768  0.820476696968  0.879676774731  3.49465359671  8.69758931363  4.38171986765  0.806647103206  3.24797349663  4.03683749681  0.740463145202  6.366577848  7.0469803288  2.11463507232  3.41962416371  0.667578959043  1.23806922223  0.618613642815  0.547874213403  0.522630989926  33.5570868631  33.9733977024  34.3377675368  1.7009985902  36.995643393  37.3792180237  37.6985446067  38.0258611007  38.5116804006  61.8980230062  62.4021140116  0.679310894772  1.07814018995  0.298567049368  -9999.0  -9999.0  -9999.0  -9999.0  -9999.0  -9999.0  -9999.0  -9999.0  -9999.0  -9999.0  -9999.0  -9999.0  -9999.0  -9999.0  -9999.0  -9999.0  -9999.0  -9999.0
-9999.0  -9999.0  -9999.0  -9999.0  -9999.0  -9999.0  -9999.0  -9999.0  -9999.0  -9999.0  -9999.0  -9999.0  -9999.0  -9999.0  -9999.0  -9999.0  -9999.0  -9999.0  -9999.0  -9999.0  -9999.0  -9999.0  -9999.0  -9999.0  -9999.0  -9999.0  -9999.0  -9999.0  -9999.0  -9999.0  -9999.0  0.916670677224  1.78315173089  1.77169079416  1.73628725628  1.6883500404  2.50718556263  4.13928070235  4.87370350414  5.66250257873  0.708627268333  1.43110769009  0.656614054312  0.611762246513  19.4660822261  24.074633215  25.2194027986  25.7909115808  33.0958009706  0.483649516936  0.912288143931  1.38979373689  7.22511093505  7.5978760516  7.92391794377  17.3037018014  21.1438597236  23.0340909333  0.398207717094  0.342106539423  0.631198753842  0.162676427273  -9999.0  -9999.0  -9999.0  -9999.0  -9999.0  -9999.0  -9999.0  -9999.0  -9999.0  -9999.0  -9999.0  -9999.0  -9999.0  -9999.0  -9999.0  -9999.0  -9999.0  -9999.0
-9999.0  -9999.0  -9999.0  -9999.0  -9999.0  -9999.0  -9999.0  -9999.0  -9999.0  -9999.0  -9999.0  -9999.0  -9999.0  -9999.0  -9999.0  -9999.0  -9999.0  -9999.0  -9999.0  -9999.0  -9999.0  -9999.0  -9999.0  -9999.0  -9999.0  -9999.0  -9999.0  -9999.0  -9999.0  -9999.0  -9999.0  -9999.0  0.908224980802  0.903939249289  0.878006100127  0.850239375325  1.69445394229  3.34862723151  3.21113330003  3.93834947643  4.59824345186  10.5571247401  11.2033093689  18.3215253117  18.9442182264  4.07386021326  0.593969565876  6.24333764809  6.7666513218  2.76391677783  5.38964318476  6.37741161375  6.83684061078  0.418053427365  9.07710503886  18.1332593272  20.8546753043  0.391936690669  1.13835144479  0.200705921134  0.47486154734  -9999.0  -9999.0  -9999.0  -9999.0  -9999.0  -9999.0  -9999.0  -9999.0  -9999.0  -9999.0  -9999.0  -9999.0  -9999.0  -9999.0  -9999.0  -9999.0  -9999.0  -9999.0  -9999.0
-9999.0  -9999.0  -9999.0  -9999.0  -9999.0  -9999.0  -9999.0  -9999.0  -9999.0  -9999.0  -9999.0  -9999.0  -9999.0  -9999.0  -9999.0  -9999.0  -9999.0  -9999.0  -9999.0  -9999.0  -9999.0  -9999.0  -9999.0  -9999.0  -9999.0  -9999.0  -9999.0  -9999.0  -9999.0  -9999.0  -9999.0  -9999.0  -9999.0  -9999.0  -9999.0  0.884455391426  0.842360575808  0.837873325512  2.4365486935  2.32870941364  4.54672522952  5.2965197173  0.680099945775  6.45218554929  2.78228095747  3.45625406285  3.85645337356  5.70637349667  1.69071841384  0.556085484966  2.18936988332  0.535772613723  4.77776911099  5.74621008291  8.28748269498  0.417730752701  1.44503385819  0.49769433239  0.544437895232  0.163361428969  0.316537618531  -9999.0  -9999.0  -9999.0  -9999.0  -9999.0  -9999.0  -9999.0  -9999.0  -9999.0  -9999.0  -9999.0  -9999.0  -9999.0  -9999.0  -9999.0  -9999.0  -9999.0  -9999.0  -9999.0
-9999.0  -9999.0  -9999.0  -9999.0  -9999.0  -9999.0  -9999.0  -9999.0  -9999.0  -9999.0  -9999.0  -9999.0  -9999.0  -9999.0  -9999.0  -9999.0  -9999.0  -9999.0  -9999.0  -9999.0  -9999.0  -9999.0  -9999.0  -9999.0  -9999.0  -9999.0  -9999.0  -9999.0  -9999.0  -9999.0  -9999.0  -9999.0  -9999.0  -9999.0  -9999.0  -9999.0  -9999.0  0.812487354524  0.771691456601  1.56109982258  1.50053175831  3.66287706661  5.07234107516  1.42746633548  2.10051756177  1.96168338005  3.25220510327  1.24827385852  1.1626721237  1.15119057879  0.526095154304  2.75468327318  4.30370183633  0.506619912418  2.07080698973  0.729320135639  0.31804132093  0.173338652204  0.169637291796  0.178390204394  -9999.0  -9999.0  -9999.0  -9999.0  -9999.0  -9999.0  -9999.0  -9999.0  -9999.0  -9999.0  -9999.0  -9999.0  -9999.0  -9999.0  -9999.0  -9999.0  -9999.0  -9999.0  -9999.0  -9999.0
-9999.0  -9999.0  -9999.0  -9999.0  -9999.0  -9999.0  -9999.0  -9999.0  -9999.0  -9999.0  -9999.0  -9999.0  -9999.0  -9999.0  -9999.0  -9999.0  -9999.0  -9999.0  -9999.0  -9999.0  -9999.0  -9999.0  -9999.0  -9999.0  -9999.0  -9999.0  -9999.0  -9999.0  -9999.0  -9999.0  -9999.0  -9999.0  -9999.0  -9999.0  -9999.0  -9999.0  -9999.0  -9999.0  -9999.0  0.76940594578  1.47682385556  2.95456204084  0.721788805862  0.716862823602  0.648591779391  1.31983287003  0.652658118638  0.625983453605  0.595300570737  0.589548351877  1.1345286714  2.25277573112  1.06752873753  1.09488636429  1.5937790751  0.35197378251  0.150435105191  -9999.0  -9999.0  -9999.0  -9999.0  -9999.0  -9999.0  -9999.0  -9999.0  -9999.0  -9999.0  -9999.0  -9999.0  -9999.0  -9999.0  -9999.0  -9999.0  -9999.0  -9999.0  -9999.0  -9999.0  -9999.0  -9999.0  -9999.0
-9999.0  -9999.0  -9999.0  -9999.0  -9999.0  -9999.0  -9999.0  -9999.0  -9999.0  -9999.0  -9999.0  -9999.0  -9999.0  -9999.0  -9999.0  -9999.0  -9999.0  -9999.0  -9999.0  -9999.0  -9999.0  -9999.0  -9999.0  -9999.0  -9999.0  -9999.0  -9999.0  -9999.0  -9999.0  -9999.0  -9999.0  -9999.0  -9999.0  -9999.0  -9999.0  -9999.0  -9999.0  -9999.0  -9999.0  -9999.0  0.787245975129  0.746294496788  -9999.0  -9999.0  -9999.0  -9999.0  -9999.0  -9999.0  -9999.0  -9999.0  0.572511818402  0.555650661868  0.51728583997  0.537579583452  -9999.0  -9999.0  -9999.0  -9999.0  -9999.0  -9999.0  -9999.0  -9999.0  -9999.0  -9999.0  -9999.0  -9999.0  -9999.0  -9999.0  -9999.0  -9999.0  -9999.0  -9999.0  -9999.0  -9999.0  -9999.0  -9999.0  -9999.0  -9999.0  -9999.0  -9999.0
-9999.0  -9999.0  -9999.0  -9999.0  -9999.0  -9999.0  -9999.0  -9999.0  -9999.0  -9999.0  -9999.0  -9999.0  -9999.0  -9999.0  -9999.0  -9999.0  -9999.0  -9999.0  -9999.0  -9999.0  -9999.0  -9999.0  -9999.0  -9999.0  -9999.0  -9999.0  -9999.0  -9999.0  -9999.0  -9999.0  -9999.0  -9999.0  -9999.0  -9999.0  -9999.0  -9999.0  -9999.0  -9999.0  -9999.0  -9999.0  -9999.0  -9999.0  -9999.0  -9999.0  -9999.0  -9999.0  -9999.0  -9999.0  -9999.0  -9999.0  -9999.0  -9999.0  -9999.0  -9999.0  -9999.0  -9999.0  -9999.0  -9999.0  -9999.0  -9999.0  -9999.0  -9999.0  -9999.0  -9999.0  -9999.0  -9999.0  -9999.0  -9999.0  -9999.0  -9999.0  -9999.0  -9999.0  -9999.0  -9999.0  -9999.0  -9999.0  -9999.0  -9999.0  -9999.0  -9999.0
-9999.0  -9999.0  -9999.0  -9999.0  -9999.0  -9999.0  -9999.0  -9999.0  -9999.0  -9999.0  -9999.0  -9999.0  -9999.0  -9999.0  -9999.0  -9999.0  -9999.0  -9999.0  -9999.0  -9999.0  -9999.0  -9999.0  -9999.0  -9999.0  -9999.0  -9999.0  -9999.0  -9999.0  -9999.0  -9999.0  -9999.0  -9999.0  -9999.0  -9999.0  -9999.0  -9999.0  -9999.0  -9999.0  -9999.0  -9999.0  -9999.0  -9999.0  -9999.0  -9999.0  -9999.0  -9999.0  -9999.0  -9999.0  -9999.0  -9999.0  -9999.0  -9999.0  -9999.0  -9999.0  -9999.0  -9999.0  -9999.0  -9999.0  -9999.0  -9999.0  -9999.0  -9999.0  -9999.0  -9999.0  -9999.0  -9999.0  -9999.0  -9999.0  -9999.0  -9999.0  -9999.0  -9999.0  -9999.0  -9999.0  -9999.0  -9999.0  -9999.0  -9999.0  -9999.0  -9999.0
-9999.0  -9999.0  -9999.0  -9999.0  -9999.0  -9999.0  -9999.0  -9999.0  -9999.0  -9999.0  -9999.0  -9999.0  -9999.0  -9999.0  -9999.0  -9999.0  -9999.0  -9999.0  -9999.0  -9999.0  -9999.0  -9999.0  -9999.0  -9999.0  -9999.0  -9999.0  -9999.0  -9999.0  -9999.0  -9999.0  -9999.0  -9999.0  -9999.0  -9999.0  -9999.0  -9999.0  -9999.0  -9999.0  -9999.0  -9999.0  -9999.0  -9999.0  -9999.0  -9999.0  -9999.0  -9999.0  -9999.0  -9999.0  -9999.0  -9999.0  -9999.0  -9999.0  -9999.0  -9999.0  -9999.0  -9999.0  -9999.0  -9999.0  -9999.0  -9999.0  -9999.0  -9999.0  -9999.0  -9999.0  -9999.0  -9999.0  -9999.0  -9999.0  -9999.0  -9999.0  -9999.0  -9999.0  -9999.0  -9999.0  -9999.0  -9999.0  -9999.0  -9999.0  -9999.0  -9999.0
-9999.0  -9999.0  -9999.0  -9999.0  -9999.0  -9999.0  -9999.0  -9999.0  -9999.0  -9999.0  -9999.0  -9999.0  -9999.0  -9999.0  -9999.0  -9999.0  -9999.0  -9999.0  -9999.0  -9999.0  -9999.0  -9999.0  -9999.0  -9999.0  -9999.0  -9999.0  -9999.0  -9999.0  -9999.0  -9999.0  -9999.0  -9999.0  -9999.0  -9999.0  -9999.0  -9999.0  -9999.0  -9999.0  -9999.0  -9999.0  -9999.0  -9999.0  -9999.0  -9999.0  -9999.0  -9999.0  -9999.0  -9999.0  -9999.0  -9999.0  -9999.0  -9999.0  -9999.0  -9999.0  -9999.0  -9999.0  -9999.0  -9999.0  -9999.0  -9999.0  -9999.0  -9999.0  -9999.0  -9999.0  -9999.0  -9999.0  -9999.0  -9999.0  -9999.0  -9999.0  -9999.0  -9999.0  -9999.0  -9999.0  -9999.0  -9999.0  -9999.0  -9999.0  -9999.0  -9999.0
-9999.0  -9999.0  -9999.0  -9999.0  -9999.0  -9999.0  -9999.0  -9999.0  -9999.0  -9999.0  -9999.0  -9999.0  -9999.0  -9999.0  -9999.0  -9999.0  -9999.0  -9999.0  -9999.0  -9999.0  -9999.0  -9999.0  -9999.0  -9999.0  -9999.0  -9999.0  -9999.0  -9999.0  -9999.0  -9999.0  -9999.0  -9999.0  -9999.0  -9999.0  -9999.0  -9999.0  -9999.0  -9999.0  -9999.0  -9999.0  -9999.0  -9999.0  -9999.0  -9999.0  -9999.0  -9999.0  -9999.0  -9999.0  -9999.0  -9999.0  -9999.0  -9999.0  -9999.0  -9999.0  -9999.0  -9999.0  -9999.0  -9999.0  -9999.0  -9999.0  -9999.0  -9999.0  -9999.0  -9999.0  -9999.0  -9999.0  -9999.0  -9999.0  -9999.0  -9999.0  -9999.0  -9999.0  -9999.0  -9999.0  -9999.0  -9999.0  -9999.0  -9999.0  -9999.0  -9999.0
-9999.0  -9999.0  -9999.0  -9999.0  -9999.0  -9999.0  -9999.0  -9999.0  -9999.0  -9999.0  -9999.0  -9999.0  -9999.0  -9999.0  -9999.0  -9999.0  -9999.0  -9999.0  -9999.0  -9999.0  -9999.0  -9999.0  -9999.0  -9999.0  -9999.0  -9999.0  -9999.0  -9999.0  -9999.0  -9999.0  -9999.0  -9999.0  -9999.0  -9999.0  -9999.0  -9999.0  -9999.0  -9999.0  -9999.0  -9999.0  -9999.0  -9999.0  -9999.0  -9999.0  -9999.0  -9999.0  -9999.0  -9999.0  -9999.0  -9999.0  -9999.0  -9999.0  -9999.0  -9999.0  -9999.0  -9999.0  -9999.0  -9999.0  -9999.0  -9999.0  -9999.0  -9999.0  -9999.0  -9999.0  -9999.0  -9999.0  -9999.0  -9999.0  -9999.0  -9999.0  -9999.0  -9999.0  -9999.0  -9999.0  -9999.0  -9999.0  -9999.0  -9999.0  -9999.0  -9999.0
