ncols                  80
nrows                 72
xllcorner      4374000.0
yllcorner      5656000.0
cellsize            500
NODATA_value       -9999
-9999.0  -9999.0  -9999.0  -9999.0  -9999.0  -9999.0  -9999.0  -9999.0  -9999.0  -9999.0  -9999.0  -9999.0  0.934775801205  0.784073096856  -9999.0  -9999.0  -9999.0  -9999.0  -9999.0  -9999.0  -9999.0  -9999.0  -9999.0  -9999.0  -9999.0  -9999.0  -9999.0  -9999.0  -9999.0  -9999.0  -9999.0  -9999.0  -9999.0  -9999.0  -9999.0  -9999.0  -9999.0  -9999.0  -9999.0  -9999.0  -9999.0  -9999.0  -9999.0  -9999.0  -9999.0  -9999.0  -9999.0  -9999.0  -9999.0  -9999.0  -9999.0  -9999.0  -9999.0  -9999.0  -9999.0  -9999.0  -9999.0  -9999.0  -9999.0  -9999.0  -9999.0  -9999.0  -9999.0  -9999.0  -9999.0  -9999.0  -9999.0  -9999.0  -9999.0  -9999.0  -9999.0  -9999.0  -9999.0  -9999.0  -9999.0  -9999.0  -9999.0  -9999.0  -9999.0  -9999.0
-9999.0  -9999.0  -9999.0  -9999.0  -9999.0  -9999.0  -9999.0  -9999.0  -9999.0  -9999.0  -9999.0  -9999.0  1.91176200274  4.17889791591  0.656401066437  -9999.0  0.563426816434  -9999.0  -9999.0  -9999.0  -9999.0  -9999.0  -9999.0  -9999.0  -9999.0  -9999.0  -9999.0  -9999.0  -9999.0  -9999.0  -9999.0  -9999.0  -9999.0  -9999.0  -9999.0  -9999.0  -9999.0  -9999.0  -9999.0  -9999.0  -9999.0  -9999.0  -9999.0  -9999.0  -9999.0  -9999.0  -9999.0  -9999.0  -9999.0  -9999.0  -9999.0  -9999.0  -9999.0  -9999.0  -9999.0  -9999.0  -9999.0  -9999.0  -9999.0  -9999.0  -9999.0  -9999.0  -9999.0  -9999.0  -9999.0  -9999.0  -9999.0  -9999.0  -9999.0  -9999.0  -9999.0  -9999.0  -9999.0  -9999.0  -9999.0  -9999.0  -9999.0  -9999.0  -9999.0  -9999.0
-9999.0  -9999.0  -9999.0  -9999.0  -9999.0  -9999.0  -9999.0  -9999.0  -9999.0  -9999.0  0.902705391438  0.884515879123  0.920228783707  0.909541585586  5.86657222722  6.5302959881  1.56822575053  0.50294047966  -9999.0  -9999.0  -9999.0  -9999.0  -9999.0  -9999.0  -9999.0  -9999.0  -9999.0  -9999.0  -9999.0  -9999.0  -9999.0  -9999.0  -9999.0  -9999.0  -9999.0  -9999.0  -9999.0  -9999.0  -9999.0  -9999.0  -9999.0  -9999.0  -9999.0  -9999.0  -9999.0  -9999.0  -9999.0  -9999.0  -9999.0  -9999.0  -9999.0  -9999.0  -9999.0  -9999.0  -9999.0  -9999.0  -9999.0  -9999.0  -9999.0  -9999.0  -9999.0  -9999.0  -9999.0  -9999.0  -9999.0  -9999.0  -9999.0  -9999.0  -9999.0  -9999.0  -9999.0  -9999.0  -9999.0  -9999.0  -9999.0  -9999.0  -9999.0  -9999.0  -9999.0  -9999.0
-9999.0  -9999.0  -9999.0  -9999.0  -9999.0  -9999.0  -9999.0  -9999.0  -9999.0  0.892811619891  1.7808950872  3.54650194205  1.77232739038  0.861350189772  1.66182146922  7.30989685328  10.0262217194  0.559791331237  -9999.0  0.838550672916  -9999.0  -9999.0  -9999.0  -9999.0  1.0763813768  0.551231094632  -9999.0  -9999.0  -9999.0  -9999.0  -9999.0  -9999.0  -9999.0  -9999.0  -9999.0  -9999.0  -9999.0  -9999.0  -9999.0  -9999.0  -9999.0  -9999.0  -9999.0  -9999.0  -9999.0  -9999.0  -9999.0  -9999.0  -9999.0  -9999.0  -9999.0  -9999.0  -9999.0  -9999.0  -9999.0  -9999.0  -9999.0  -9999.0  -9999.0  -9999.0  -9999.0  -9999.0  -9999.0  -9999.0  -9999.0  -9999.0  -9999.0  -9999.0  -9999.0  -9999.0  -9999.0  -9999.0  -9999.0  -9999.0  -9999.0  -9999.0  -9999.0  -9999.0  -9999.0  -9999.0
-9999.0  -9999.0  -9999.0  -9999.0  -9999.0  -9999.0  -9999.0  -9999.0  1.01185636348  2.85098791485  3.6957272073  4.53981434807  6.11886296243  0.763155320047  3.13578590922  3.84474996808  15.1065919382  0.646061094346  0.638435800609  1.52680786981  2.18782817754  0.704378473824  -9999.0  2.77594424097  2.28376913072  0.622254865333  -9999.0  -9999.0  -9999.0  -9999.0  -9999.0  -9999.0  -9999.0  -9999.0  -9999.0  -9999.0  -9999.0  -9999.0  -9999.0  -9999.0  -9999.0  -9999.0  -9999.0  -9999.0  -9999.0  -9999.0  -9999.0  -9999.0  -9999.0  -9999.0  -9999.0  -9999.0  -9999.0  -9999.0  -9999.0  -9999.0  -9999.0  -9999.0  -9999.0  -9999.0  -9999.0  -9999.0  -9999.0  -9999.0  -9999.0  -9999.0  -9999.0  -9999.0  -9999.0  -9999.0  -9999.0  -9999.0  -9999.0  -9999.0  -9999.0  -9999.0  -9999.0  -9999.0  -9999.0  -9999.0
-9999.0  -9999.0  -9999.0  -9999.0  -9999.0  -9999.0  1.0021852227  0.922987033854  0.883744063738  0.901623679147  0.902238043092  6.35583872139  13.3160792999  14.1386134983  14.7978989603  0.645591558768  16.4135764262  17.0687298364  1.3195192473  0.68484153973  2.83189318502  4.87478027417  0.672743815391  4.85476437917  0.751478412056  0.729950882605  0.782418608323  -9999.0  -9999.0  -9999.0  -9999.0  -9999.0  -9999.0  -9999.0  -9999.0  -9999.0  -9999.0  -9999.0  -9999.0  -9999.0  -9999.0  -9999.0  -9999.0  -9999.0  -9999.0  -9999.0  -9999.0  -9999.0  -9999.0  -9999.0  -9999.0  -9999.0  -9999.0  -9999.0  -9999.0  -9999.0  -9999.0  -9999.0  -9999.0  -9999.0  -9999.0  -9999.0  -9999.0  -9999.0  -9999.0  -9999.0  -9999.0  -9999.0  -9999.0  -9999.0  -9999.0  -9999.0  -9999.0  -9999.0  -9999.0  -9999.0  -9999.0  -9999.0  -9999.0  -9999.0
-9999.0  -9999.0  -9999.0  -9999.0  -9999.0  -9999.0  1.99209152601  2.93595427348  6.61316174493  9.21966759123  0.774602655153  0.79594846556  0.743404108533  2.1948941594  17.632436393  0.561681450688  17.6429484059  20.0566058626  1.89904681133  1.23795120712  5.44900133367  0.650894815783  5.48816991567  1.29745381374  0.65937537033  1.35844149857  1.53805733027  0.763766010065  0.775629294876  0.74483144669  0.817211475468  1.6316853763  -9999.0  -9999.0  -9999.0  -9999.0  -9999.0  -9999.0  -9999.0  -9999.0  -9999.0  -9999.0  -9999.0  -9999.0  -9999.0  -9999.0  -9999.0  -9999.0  -9999.0  -9999.0  -9999.0  -9999.0  -9999.0  -9999.0  -9999.0  -9999.0  -9999.0  -9999.0  -9999.0  -9999.0  -9999.0  -9999.0  -9999.0  -9999.0  -9999.0  -9999.0  -9999.0  -9999.0  -9999.0  -9999.0  -9999.0  -9999.0  -9999.0  -9999.0  -9999.0  -9999.0  -9999.0  -9999.0  -9999.0  -9999.0
-9999.0  -9999.0  -9999.0  -9999.0  -9999.0  1.0751841396  2.07797672691  0.991268760222  1.92093688475  10.1695908201  11.8424581951  13.4902654255  42.9368347462  0.735518815741  18.3311890123  66.9493589289  67.4162614733  88.2981020494  0.516525770937  1.79249658665  6.02631717506  0.566973880143  12.9038018131  6.80759079314  4.26098785167  3.59003041284  0.750502965027  2.25663719734  2.24030153745  1.48752974938  0.714357933703  2.37418925693  0.699971870704  0.679650616993  -9999.0  -9999.0  -9999.0  -9999.0  -9999.0  -9999.0  -9999.0  -9999.0  -9999.0  -9999.0  -9999.0  -9999.0  -9999.0  -9999.0  -9999.0  -9999.0  -9999.0  -9999.0  -9999.0  -9999.0  -9999.0  -9999.0  -9999.0  -9999.0  -9999.0  -9999.0  -9999.0  -9999.0  -9999.0  -9999.0  -9999.0  -9999.0  -9999.0  -9999.0  -9999.0  -9999.0  -9999.0  -9999.0  -9999.0  -9999.0  -9999.0  -9999.0  -9999.0  -9999.0  -9999.0  -9999.0
-9999.0  -9999.0  -9999.0  -9999.0  -9999.0  1.08038744392  3.1352332313  6.22413353145  7.15748862012  14.1145206846  14.9814610483  17.7037675251  28.7250068756  45.1800130443  46.6962734514  47.4171249738  1.21218747272  90.4851371399  91.5397835624  94.526836027  115.786901768  14.6845105678  13.5473481823  4.88679000942  0.612458030155  4.21341603525  2.89761076204  0.597349724855  2.88179637822  0.624782852506  1.31891839262  3.69864083674  4.36506261555  1.32541621446  0.65775251804  0.620309019381  -9999.0  -9999.0  -9999.0  -9999.0  0.50658567398  0.451326930626  -9999.0  -9999.0  -9999.0  -9999.0  -9999.0  -9999.0  -9999.0  -9999.0  -9999.0  -9999.0  -9999.0  -9999.0  -9999.0  -9999.0  -9999.0  -9999.0  -9999.0  -9999.0  -9999.0  -9999.0  -9999.0  -9999.0  -9999.0  -9999.0  -9999.0  -9999.0  -9999.0  -9999.0  -9999.0  -9999.0  -9999.0  -9999.0  -9999.0  -9999.0  -9999.0  -9999.0  -9999.0  -9999.0
-9999.0  -9999.0  -9999.0  -9999.0  -9999.0  1.04940340884  0.990679002371  4.12273799966  5.07250944982  6.05100413602  0.925324173823  1.83133964374  10.4389425521  1.82246458114  0.837836126546  0.756972709668  0.648470636539  0.744833282232  0.661637752675  0.698698259315  116.397798809  118.105111058  0.557907928142  1.75576454482  1.21501846217  4.79690213005  1.21755856145  0.574495471473  3.54488313948  1.22178819835  2.96079246815  7.55042167506  6.99718325429  1.97484139851  1.91198289632  0.658610780441  0.648028264162  -9999.0  -9999.0  0.650618775949  1.10835130818  2.5099436884  0.4798971313  -9999.0  -9999.0  -9999.0  -9999.0  -9999.0  -9999.0  -9999.0  -9999.0  -9999.0  -9999.0  -9999.0  -9999.0  -9999.0  -9999.0  -9999.0  -9999.0  -9999.0  -9999.0  -9999.0  -9999.0  -9999.0  -9999.0  -9999.0  -9999.0  -9999.0  -9999.0  -9999.0  -9999.0  -9999.0  -9999.0  -9999.0  -9999.0  -9999.0  -9999.0  -9999.0  -9999.0  -9999.0
-9999.0  -9999.0  -9999.0  -9999.0  -9999.0  -9999.0  1.0670465411  1.07783810935  2.04675479891  3.02748022646  6.81973409354  8.68861831698  9.61889994877  0.95967376189  0.735846019734  10.1059138372  12.3143576644  12.9822629159  15.7659583177  16.3657177907  0.596069672796  118.714502638  121.597328047  2.29468213697  0.4213435804  5.29236576896  11.6634895448  4.65633979075  1.07266246807  0.535543184487  11.6055044091  8.12312470009  0.558823250409  0.545835707115  2.48735620799  1.9027123276  0.609231614754  0.569193124032  0.623505928938  1.25405088416  0.588111268138  3.04667251473  3.62535626809  0.524850654744  -9999.0  -9999.0  -9999.0  -9999.0  0.645342210491  0.596253075154  0.175024888208  -9999.0  -9999.0  -9999.0  -9999.0  -9999.0  -9999.0  -9999.0  -9999.0  -9999.0  -9999.0  -9999.0  -9999.0  -9999.0  -9999.0  -9999.0  -9999.0  -9999.0  -9999.0  -9999.0  -9999.0  -9999.0  -9999.0  -9999.0  -9999.0  -9999.0  -9999.0  -9999.0  -9999.0  -9999.0
-9999.0  -9999.0  -9999.0  -9999.0  -9999.0  -9999.0  -9999.0  1.05413732012  0.921328226634  1.92598207821  2.89813010792  0.940441434921  0.845228181174  5.36081324562  6.99683874203  8.672452976  0.76958890318  1.46334501624  0.722211649782  17.0104337772  37.5218331053  38.0161632607  160.720556638  0.55987410166  1.19630613156  0.362172743823  12.1728577329  0.532982880178  1.62063714315  0.526544249926  12.1456490888  12.6877343291  1.12372193438  1.08741185994  6.2110779262  3.11677849036  1.1849694923  0.613529411929  1.23761673091  1.85723616598  3.00765680531  0.550641307114  4.63594617064  5.09604537383  0.407853170168  0.447950161722  0.479049467575  0.420637874463  0.400488262073  1.71063651053  0.648425791941  0.415476759465  -9999.0  -9999.0  -9999.0  -9999.0  -9999.0  -9999.0  -9999.0  -9999.0  -9999.0  -9999.0  -9999.0  -9999.0  -9999.0  -9999.0  -9999.0  -9999.0  -9999.0  -9999.0  -9999.0  -9999.0  -9999.0  -9999.0  -9999.0  -9999.0  -9999.0  -9999.0  -9999.0  -9999.0
-9999.0  -9999.0  -9999.0  -9999.0  -9999.0  -9999.0  -9999.0  -9999.0  1.92547471268  2.78550611433  0.933673580968  1.90251198749  2.79558670169  4.57553097746  0.88765519408  0.843093400619  0.699841176091  0.706610692284  0.610826154899  19.2048440449  0.740264560325  1.43211182684  162.671289396  163.841705455  0.46536657691  2.13731798269  14.7646682733  1.02159580569  2.06903969526  0.935574222584  1.37024545323  14.7296540096  1.59288938045  8.76125971425  7.22585194038  0.513362876161  2.9031132905  1.17609338217  1.77432328372  0.525628655074  3.53135213212  4.55014380968  4.93526638086  5.29324819014  6.61046555788  0.768410017284  0.836732087241  0.742289973231  0.699134014239  2.077055342  0.397668781412  1.47622759997  1.83116996534  -9999.0  -9999.0  -9999.0  -9999.0  -9999.0  -9999.0  -9999.0  -9999.0  -9999.0  -9999.0  -9999.0  -9999.0  -9999.0  -9999.0  -9999.0  -9999.0  -9999.0  -9999.0  -9999.0  -9999.0  -9999.0  -9999.0  -9999.0  -9999.0  -9999.0  -9999.0  -9999.0
-9999.0  -9999.0  -9999.0  -9999.0  -9999.0  -9999.0  -9999.0  -9999.0  1.00837438658  4.77665715149  5.68316566019  0.906025655122  1.75720475915  0.848705879314  0.765255869134  0.751535946613  9.68248813976  12.8889803849  15.743052055  18.6583628182  0.70727108785  0.711737185504  0.666027439555  166.838254011  168.097909132  168.546265014  19.3678387735  4.08587549823  3.56378610308  0.420339920115  1.77614555265  16.9383920361  0.42874786177  9.20222060738  0.50360334838  3.7368581832  3.48151453744  0.547767234263  2.31096211041  1.05479402679  1.56955216144  0.452636575094  0.350421105599  5.64496687103  5.96161478086  6.92602623539  1.19078863559  1.07330758266  1.02238978041  2.4998030192  3.31123342566  0.405105466534  2.21017834174  0.408131272848  0.762860536282  0.371683833577  -9999.0  -9999.0  -9999.0  -9999.0  -9999.0  -9999.0  -9999.0  -9999.0  -9999.0  -9999.0  -9999.0  -9999.0  -9999.0  -9999.0  -9999.0  -9999.0  -9999.0  -9999.0  -9999.0  -9999.0  -9999.0  -9999.0  -9999.0  -9999.0
-9999.0  -9999.0  -9999.0  -9999.0  -9999.0  -9999.0  -9999.0  -9999.0  -9999.0  1.02901863401  6.64187319319  7.5271981928  2.61516468369  4.33109759785  5.9010437958  6.71188211007  0.832657752283  2.48952719669  1.64094225947  0.85209600982  0.811941917449  0.71775858241  1.41819691831  2.37950812492  0.736708437988  189.174747722  189.662874447  0.423562351942  0.341073290057  0.836447604908  1.24261943791  18.1806047332  0.833320966798  9.5697932822  5.58053801228  4.66135763007  0.499269590042  1.02494218535  2.7670186657  0.456675628702  2.00757269184  0.892444275866  0.590406189044  0.276477419402  6.81240622277  13.9841497918  1.41257010625  1.30149432651  1.32655555328  0.312187219785  3.63012259047  0.306959918407  2.93121226257  0.344239285897  1.12316634691  1.73517166849  0.193234469191  0.198787983286  0.245414791618  0.254922523864  0.180650679583  -9999.0  -9999.0  0.126363039489  0.0842550707222  -9999.0  -9999.0  -9999.0  -9999.0  -9999.0  -9999.0  -9999.0  -9999.0  -9999.0  -9999.0  -9999.0  -9999.0  -9999.0  -9999.0  -9999.0
-9999.0  -9999.0  -9999.0  -9999.0  -9999.0  -9999.0  -9999.0  -9999.0  -9999.0  -9999.0  0.90608789964  9.34796748618  0.849424820957  1.70606887955  2.47770154861  3.99363185249  0.775307691556  1.63907586081  0.793955311891  0.735379392895  0.687107169225  1.36287989333  0.587525475505  0.641868768785  1.20679146464  0.668710184736  190.206112912  191.0966495  192.383181442  1.62873698867  0.412956510199  0.823285713565  18.6247989756  17.2611782401  6.51639256719  0.457813635188  1.99112552933  1.50223505134  3.22485800034  0.909832561111  3.80345425157  1.33912770446  0.942946639371  0.205544007727  0.295841246364  14.3489973645  14.6529464925  17.6155953537  2.32014139796  0.651435778802  3.98504659868  4.637816368  7.87349085024  0.684724525484  0.316555684243  1.96588239354  2.34813852461  0.189531392079  0.364438710892  0.666661799189  0.354129136809  0.17416523308  0.174691211784  0.248958903239  0.173299215596  0.0831422952168  -9999.0  -9999.0  -9999.0  -9999.0  -9999.0  -9999.0  -9999.0  -9999.0  -9999.0  -9999.0  -9999.0  -9999.0  -9999.0  -9999.0
-9999.0  -9999.0  -9999.0  -9999.0  -9999.0  -9999.0  -9999.0  -9999.0  -9999.0  -9999.0  -9999.0  0.471295722728  10.3383209743  0.815344643675  1.57586601367  7.09917641301  0.793465262912  0.782111277216  0.662903096819  1.42563425934  0.692950712575  2.74559105769  3.92964514563  4.46462506221  1.68092528525  2.08728918791  0.468868564369  0.595606623923  0.54173697731  194.905703477  196.0608394  18.9937153807  18.0227146011  17.6466328804  0.786126634603  0.374634207323  2.40534881527  6.46882939445  3.65020156474  1.32601178864  5.54759126109  2.00420309787  1.61471153505  0.391759081355  0.15177258719  0.14873331262  0.181864195943  18.60230684  21.8771338184  0.312820221659  0.286083228372  0.317399902264  8.18285991726  9.15543380142  0.562722110779  0.229297954006  2.48202900917  0.303862620343  0.790629119283  1.61633030152  2.13151027287  2.46386984583  0.710326961775  0.395061177306  0.289470810547  0.174818759043  0.142128561393  -9999.0  -9999.0  -9999.0  -9999.0  -9999.0  -9999.0  -9999.0  -9999.0  -9999.0  -9999.0  -9999.0  -9999.0  -9999.0
-9999.0  -9999.0  -9999.0  -9999.0  -9999.0  -9999.0  -9999.0  -9999.0  -9999.0  -9999.0  -9999.0  0.428837798952  11.3723516431  13.9671910978  0.767349790535  8.62729345165  0.725615922944  0.677830564337  1.32768265832  3.43670914199  0.658541825116  0.703592473338  0.574918335763  5.61018615392  6.13080858678  8.78276275376  9.72260588078  10.210274171  10.6358870143  11.1265956379  207.657752192  227.447764213  246.201226086  246.501350084  0.329213359957  0.366255439765  7.30382718184  6.88993404051  0.41499046825  0.412006369672  5.96278750912  8.40300567994  0.34077388033  4.24588398656  3.95981452032  0.895451408797  0.420688014694  0.721205043738  0.367956351399  22.4693146304  0.311232751802  0.891638718806  1.1186269407  11.1119123836  11.8549236439  12.2990636518  14.9286813368  0.135679034893  0.117128968487  0.106884780315  0.110114201483  2.73742150156  3.59771074522  0.164683266521  0.690932305577  0.277480976187  0.262438630401  0.0696112874579  0.0594136710544  -9999.0  -9999.0  -9999.0  -9999.0  -9999.0  -9999.0  -9999.0  -9999.0  -9999.0  -9999.0  -9999.0
-9999.0  -9999.0  -9999.0  -9999.0  -9999.0  -9999.0  -9999.0  -9999.0  -9999.0  -9999.0  -9999.0  0.956532512593  1.82145215108  14.8075629279  16.252210681  0.737736653605  9.98080146496  0.599405711965  1.84927656848  4.04291705215  1.26259004195  0.599439571081  1.23816511912  0.498298295794  0.934246077946  0.4420718527  0.395567444532  0.3236857906  0.302350534181  0.278577036627  0.271396605475  0.379652941325  0.468437631565  0.503864617224  247.65910384  8.40151138379  7.8116680171  0.23658716304  1.16786121594  0.298617522893  0.276191456011  8.78439871396  14.2404301136  4.70139198455  3.61494594484  0.558439153689  0.224707324579  0.193052886595  0.468572881453  23.242140636  23.8341986631  0.31275207485  0.333592639114  0.31076876631  0.219355696606  0.394610454983  15.4503350512  15.7177667587  15.9725508051  0.242524318658  0.140861052192  0.115244446263  3.73305668074  4.01131602961  0.79167075195  0.123082530184  0.375948376019  0.144602461069  0.113569497341  -9999.0  -9999.0  -9999.0  -9999.0  -9999.0  -9999.0  -9999.0  -9999.0  -9999.0  -9999.0  -9999.0
-9999.0  -9999.0  -9999.0  -9999.0  -9999.0  -9999.0  -9999.0  -9999.0  -9999.0  -9999.0  -9999.0  -9999.0  0.786151551636  11.1935231121  28.2111576581  30.5800722372  41.2339470962  41.8466075431  8.94890408689  6.53854414216  1.87657023029  0.586060895647  2.3810895907  2.92340286354  4.31604655681  0.918749857806  0.817073395533  0.758882525212  1.47449872916  0.679725322509  0.654010310868  0.330800809618  0.21160640828  0.228871512504  248.021423804  256.640825064  256.937470783  0.235581553362  3.03544778494  1.36881674055  0.410979258898  15.6330169331  1.01434295385  0.531100658494  2.30082278415  0.461172147331  0.337382224249  0.613792575821  0.848730387917  1.11942244193  24.3143128828  0.223682204277  0.197664791773  0.197290137942  0.158403697889  0.150073964036  0.38830738497  0.440570211909  16.6470037276  17.552162499  0.551041935057  0.270918508386  0.172149336513  0.146492358689  5.13795537384  7.05520136178  1.65064657472  0.767844731503  0.453092784581  -9999.0  -9999.0  -9999.0  -9999.0  -9999.0  -9999.0  -9999.0  -9999.0  -9999.0  -9999.0  -9999.0
-9999.0  -9999.0  -9999.0  -9999.0  -9999.0  -9999.0  -9999.0  -9999.0  -9999.0  -9999.0  -9999.0  0.895496595893  8.56014266328  10.3756177749  1.64341475444  0.481885895758  1.06430031956  43.5824631464  44.1530636307  53.6682008103  0.520151907164  1.0983814715  0.459415765175  0.469048620635  4.76892279777  6.1384812837  7.34899744481  0.382121454744  1.85293296489  2.90043007309  1.68400943517  0.68654519778  0.497328895721  0.434922466388  0.428781116955  0.22094974201  257.181328669  257.357629499  260.781901104  0.667667776094  0.360975555136  15.9623685044  1.0803014543  0.567667276228  0.646793116532  0.642477613854  0.545449850093  0.935854072725  2.60829236193  4.04398803035  28.5947127499  0.16400363711  0.505987183771  0.347526669296  0.299337203402  0.150204667343  0.172185549797  0.170128732475  0.0739107908006  17.6731944395  0.0679955201622  0.226347072672  0.0884960590023  0.10062775285  0.122743111203  7.20432644687  0.344984360503  0.133427083041  0.211349695459  0.0897769949609  -9999.0  -9999.0  -9999.0  -9999.0  -9999.0  -9999.0  -9999.0  -9999.0  -9999.0  -9999.0
-9999.0  -9999.0  -9999.0  -9999.0  -9999.0  -9999.0  -9999.0  -9999.0  -9999.0  -9999.0  -9999.0  0.919583512958  6.0111259556  0.932692603278  0.793441410032  4.24734377827  4.94198358455  5.63909183126  6.24232134847  73.3814309672  73.8849860202  74.8984113596  83.1695605504  84.6286681167  85.4290853833  85.9042165498  94.2148957899  95.2492322835  95.6582771654  99.0197231439  101.146176974  101.504062251  102.669079937  0.76323227606  0.665354154033  0.139227787669  0.1392375699  257.584258648  261.894905085  0.937747769586  18.6272604584  18.3039238789  2.01538663711  0.471675275003  0.490829822521  0.466530425663  0.476069144785  0.96162723331  1.36004945204  0.375658700018  28.8185044423  29.060671472  30.1227961681  30.3201713518  30.8089752583  31.1332382449  0.136198913746  0.145888942923  0.117832727787  17.7963521461  17.960436658  18.2923851928  18.623934053  0.175548195208  7.81584220772  7.56562674752  0.181201430639  4.16036407611  4.05990852238  0.282175536537  0.181202703069  -9999.0  -9999.0  -9999.0  -9999.0  -9999.0  -9999.0  -9999.0  -9999.0  -9999.0
-9999.0  -9999.0  -9999.0  -9999.0  -9999.0  -9999.0  -9999.0  -9999.0  -9999.0  -9999.0  -9999.0  3.13172592923  4.1284544769  1.9008634743  2.78978360241  0.876692554004  10.0407395552  10.7991993513  12.27572377  12.8626580122  4.82814301604  80.6192033005  81.1322294536  0.496053667309  0.329419431482  0.295032872636  0.651065734691  0.31257018991  0.221041561246  0.196907560534  0.218806347882  101.848612795  103.03365936  104.180291217  105.156837077  105.67134284  0.220008313736  0.0664231034651  281.229044742  19.1657756381  18.9872873491  0.386196559211  0.373948740539  0.338741425295  0.844074757125  0.821084361293  0.373882303427  0.3773030202  0.338316584085  0.699669471884  0.910179003538  0.159348963348  0.291728175048  0.11469749782  0.0726002378342  31.2271965274  31.4921164938  31.7926018313  32.0911876071  32.2524676646  32.459475095  32.5390857774  0.0805209412656  18.859650845  0.147959120306  12.3906831058  4.42313120727  0.30543070844  3.69032316977  3.17865035205  0.220071839032  -9999.0  -9999.0  -9999.0  -9999.0  -9999.0  -9999.0  -9999.0  -9999.0  -9999.0
-9999.0  -9999.0  -9999.0  -9999.0  -9999.0  -9999.0  -9999.0  -9999.0  -9999.0  -9999.0  -9999.0  -9999.0  2.12372740002  0.977861219602  0.874858392271  8.52092462629  9.32007592662  0.790686243593  3.07920315888  3.75907267908  4.34689125024  0.649006092863  0.460788799455  12.2976129878  12.6602949329  13.0038632985  33.1725777704  33.424108466  33.8427961805  36.2815576737  37.4828565393  37.649658656  0.16783724964  0.183019949204  0.184446390055  105.947249309  0.114618266221  284.14798159  283.983957082  2.59110683558  2.34479705697  1.46382740541  0.369846877877  0.670115243509  1.20019061538  1.18135721337  0.725585126556  0.356010704061  0.688005153261  0.660735611147  1.1887532569  0.169296405633  0.449660523755  0.753511470887  0.905509277683  0.989262097182  0.0790413649117  0.0798599189448  0.0804265929651  0.0822101766357  0.106921038677  32.68402387  32.8799641904  51.7989502643  51.8617053413  13.4646483725  0.951597126716  0.675575797177  0.265333607976  2.7887461926  2.60885946807  -9999.0  -9999.0  -9999.0  -9999.0  -9999.0  -9999.0  -9999.0  -9999.0  -9999.0
-9999.0  -9999.0  -9999.0  -9999.0  -9999.0  -9999.0  -9999.0  -9999.0  -9999.0  -9999.0  -9999.0  -9999.0  1.10452308788  3.06808322831  3.98983432384  6.79286350839  0.814855591123  1.64774489334  2.40277915971  9.27828430339  9.86687201617  10.3090226672  10.8376817627  11.4343580507  17.3598051292  19.0463508992  19.9062142213  0.338419360326  1.95563661432  2.26799552945  36.9303303379  37.9046758251  38.3691974491  38.845208741  39.205436752  145.303756896  0.134912431634  284.795660273  0.351322937692  0.156978575118  1.98978790227  1.73547412056  0.22829029725  0.94607791458  1.48307148405  1.45999769984  0.987705691341  1.60851458845  2.5352059035  0.918410471846  2.34957962055  0.17505314363  0.268091960139  0.0496884794929  0.0403867950177  1.12324858204  1.16376436692  0.130995897666  0.140562834893  0.221932834094  0.0780845094402  0.0818667389138  0.0943820253252  76.1144497901  76.059183294  24.0221129768  0.245106021502  1.64849517657  1.33549975334  0.898958993391  2.46861287781  1.76537915023  -9999.0  -9999.0  -9999.0  -9999.0  -9999.0  -9999.0  -9999.0  -9999.0
-9999.0  -9999.0  -9999.0  -9999.0  -9999.0  -9999.0  -9999.0  -9999.0  -9999.0  -9999.0  -9999.0  -9999.0  1.04442499283  2.06114137959  0.922496360993  1.8747988227  0.805684317733  6.27288866532  7.78764085528  8.57320837387  0.682125655703  1.29234224735  13.4532035813  16.4029023366  16.8802172608  1.16299620516  1.01530122582  1.447329682  0.259638078654  0.225087305497  0.411231371474  0.183682449335  20.2806537734  20.4759720985  20.6030748789  145.538792619  286.133544307  284.935692275  0.224150131071  0.114699036792  0.0995478883956  0.429865042431  0.349940190087  1.12156073033  1.71583823044  3.46101515268  0.289178773574  0.285566732488  2.77196488004  3.02295029178  5.81170402186  5.950751359  6.27390159151  6.36622563908  0.084730905332  0.132879331055  1.22170658063  79.5650853289  78.1742067535  77.8868479739  77.4599996595  0.0750076730036  76.860078052  0.178251192672  0.108948383468  10.2412609599  2.5822416746  2.43330185146  0.445830383265  0.499352542203  0.444034138783  1.5461646392  -9999.0  -9999.0  -9999.0  -9999.0  -9999.0  -9999.0  -9999.0  -9999.0
-9999.0  -9999.0  -9999.0  -9999.0  -9999.0  -9999.0  -9999.0  -9999.0  -9999.0  -9999.0  -9999.0  -9999.0  -9999.0  0.964363949597  1.91708456418  2.87909226462  4.58358151655  0.900554007045  0.794433661125  5.65866571598  6.35037263294  12.2971734304  12.9952003553  1.91921134926  0.64822223383  0.578215045402  0.495203901215  18.9057444958  19.2146890247  19.498847811  19.7130966414  20.1004440874  2.69394257264  2.86988631351  23.6024022983  455.394275377  0.957341255224  0.763114687769  0.367407660709  0.102610386888  0.0805282984512  0.624714657334  0.681438138107  1.26615440301  0.0716750747993  3.56173980267  0.449330001678  0.435036717202  0.0685915745983  0.0424323550919  0.039805275058  0.0493830754361  0.04557162334  6.42458171941  94.5683323436  87.9505953979  87.7462981111  79.6457083269  0.0861700699469  0.0954436704661  0.135319640209  77.0255880622  0.343834746665  0.146232947494  0.172569329217  0.170110001133  7.38374866474  7.02921230192  0.818544869637  0.425603634121  0.565314414876  0.564325969497  -9999.0  -9999.0  -9999.0  -9999.0  -9999.0  -9999.0  -9999.0  -9999.0
-9999.0  -9999.0  -9999.0  -9999.0  -9999.0  -9999.0  -9999.0  -9999.0  -9999.0  -9999.0  -9999.0  -9999.0  -9999.0  -9999.0  0.930047812262  1.76347036022  2.50130172461  3.26756774428  4.07340412423  4.9065641004  2.38222383296  3.92962020853  0.685143930974  0.658653133222  16.0308773641  17.3056427821  17.8698189459  18.4831261113  0.403644578666  0.70571566587  1.90396786915  2.20889240204  2.46950029743  0.23308544577  0.155903289316  455.929299629  0.195937385329  0.257746489055  0.124697084313  0.40156399638  0.188154404572  0.10171652118  2.04757202555  2.13639971959  0.0549845486565  3.62897005843  4.12082230127  0.478741238338  97.5139402946  97.4079770098  97.319188878  97.1003520817  97.0090350875  94.9195373714  94.8423272654  0.15525441977  8.05016875546  7.7362991305  7.39771472033  7.31762457462  4.20651760477  4.12140792033  3.91121097904  1.23302505824  1.12391758049  0.774783527821  0.194930255051  6.76147938361  5.94455927604  0.375198560316  0.780949043399  0.341722796141  -9999.0  -9999.0  -9999.0  -9999.0  -9999.0  -9999.0  -9999.0  -9999.0
-9999.0  -9999.0  -9999.0  -9999.0  -9999.0  -9999.0  -9999.0  -9999.0  -9999.0  -9999.0  -9999.0  -9999.0  -9999.0  -9999.0  0.199989838317  0.448212060481  0.73998513935  6.96835109907  7.80788037018  0.854434523811  0.804450508511  0.781228365782  13.2876418651  14.7536724068  0.699471601116  0.716930360503  0.532682469154  2.19331781202  2.71068988694  1.2505720151  1.5785362316  13.2475178704  13.5825124193  14.2123804198  21.9848165497  478.066326035  0.196956744075  0.098796350641  0.61684082444  0.509927147447  0.0894168975007  0.289930421553  0.380533461307  2.23765832382  2.31738199043  6.60155203108  4.16743381652  0.528294369534  99.2158470819  0.774339342749  97.2319662893  97.1715049923  2.0005472383  0.127891038873  0.166875470776  0.0868555746407  0.177794613267  0.283562652045  0.1442597584  3.03990494494  2.60795234327  0.149771103758  2.60101122248  0.3954470457  0.247565746533  0.592389254576  0.291505272273  0.650151277775  4.78127866013  4.09819696785  0.321589483198  0.530875244984  0.277107234164  -9999.0  -9999.0  -9999.0  -9999.0  -9999.0  -9999.0  -9999.0
-9999.0  -9999.0  -9999.0  -9999.0  -9999.0  -9999.0  -9999.0  -9999.0  -9999.0  -9999.0  -9999.0  -9999.0  -9999.0  -9999.0  1.0228815152  1.67346110162  3.46438597362  6.10446403036  8.50774389592  10.2354967581  11.0424485662  11.8549620961  12.6194065303  0.714079220327  0.628721796575  1.22349205469  1.1086234921  0.570918974228  11.7014598071  12.197578673  12.6428778207  13.0587652155  6.95507594752  7.21779975798  7.56427622652  478.198731426  0.370969924067  0.275870955313  0.977363682581  0.0984248351052  0.194861539792  0.107018687585  0.0813466135035  0.467918814359  0.0591256173035  0.0639939050073  106.233022537  99.5879983855  99.5227542303  0.341207114211  0.727318741819  0.463107134473  0.0952171393432  1.77728537318  0.453494831736  0.378945601159  0.295612544356  0.214323310629  0.130171344356  0.324329792072  2.48145680521  2.1075547689  1.75502493427  2.0462960637  1.9157728437  1.81044428912  0.179359579775  0.332824271239  0.345635920203  3.04746657864  2.39442664417  1.45588669014  0.225664686062  -9999.0  -9999.0  -9999.0  -9999.0  -9999.0  -9999.0  -9999.0
-9999.0  -9999.0  -9999.0  -9999.0  -9999.0  -9999.0  -9999.0  -9999.0  -9999.0  -9999.0  -9999.0  -9999.0  -9999.0  -9999.0  0.715840683988  0.673764964194  1.31843935586  1.99726243628  0.885029067452  0.928547125117  1.75334773895  2.55543969454  4.02896897863  4.77242158311  5.43503098063  7.3402530924  7.91203202296  8.53144354312  0.524874079966  5.57486458474  5.99799145464  6.38165115422  0.279336378203  0.130307571617  0.222501876116  485.979607787  486.105270087  486.707242003  1.28519672009  0.216349101237  0.286688661124  0.0752872335881  0.143860616963  0.535856071132  0.649270251891  0.114879812023  106.545951466  0.108582042083  0.187216331028  0.211945443243  0.157395352782  0.29675925185  0.121465608174  1.24800135821  0.973790897073  0.718951617518  0.380047956705  0.272257037088  0.158369749877  0.188992757691  0.227544797856  0.230464495667  1.61079273489  1.23239088877  0.865888029212  0.467342874741  1.67975391559  1.24691148317  0.324949339332  0.367141455656  0.329333731284  0.707164598565  0.369827130488  -9999.0  -9999.0  -9999.0  -9999.0  -9999.0  -9999.0  -9999.0
-9999.0  -9999.0  -9999.0  -9999.0  -9999.0  -9999.0  -9999.0  -9999.0  -9999.0  -9999.0  -9999.0  -9999.0  -9999.0  -9999.0  -9999.0  0.645164009973  1.26911615645  0.611135868022  1.25673621169  7.94333724972  8.69590491532  9.47822876796  0.739203443778  0.74320474221  1.40423581646  2.05826944027  3.17657922196  3.74696860291  4.06470065274  4.55211523957  0.377909681956  0.334646743643  7.00052244224  7.15349490359  7.27838614172  7.41892325433  6.02530704403  493.316446079  495.428575497  495.514856535  495.869497254  496.268543612  496.458933286  0.0520548639181  0.701473911592  106.593706126  0.121382316511  0.062876478501  0.081504746974  0.0826176283821  0.142681774629  0.141418648246  0.0890245410126  0.153527981736  0.146772044298  0.251699852129  0.115689420318  0.07979004745  0.34520949575  0.254914818009  0.144440944334  0.140811161924  0.170394167796  0.183667004228  0.214014648824  0.255069456704  0.276541356377  0.61758858309  0.192221397932  0.578454180121  0.249752149646  0.243021701208  -9999.0  -9999.0  -9999.0  -9999.0  -9999.0  -9999.0  -9999.0  -9999.0
-9999.0  -9999.0  -9999.0  -9999.0  -9999.0  -9999.0  -9999.0  -9999.0  -9999.0  -9999.0  -9999.0  -9999.0  -9999.0  -9999.0  -9999.0  -9999.0  1.88747431155  2.54635606575  4.49707896823  6.00220656069  0.805032918441  11.1764272971  11.9135323192  12.6263757961  0.698670961683  1.35850851716  0.567650940434  4.45666228698  4.74520598363  5.20147064174  5.64189997492  6.63800361222  6.81211019712  0.110611179083  5.45059047801  5.74287887601  5.89364736475  6.47707378448  0.705133450218  0.43134672959  0.24515775562  0.229223468636  496.675586811  496.754903916  497.942461168  106.638465956  0.368363741073  0.205359419552  0.137199444035  0.0414783917013  0.44669193965  0.244021430749  0.0788726214469  0.479845594328  0.417339185659  0.0667963865466  0.653424790764  0.600150935422  0.448088416447  0.0898368632256  0.286678928477  0.217590900513  0.0883011021803  0.232670206194  0.143665020374  0.187111768673  0.183091797004  0.126093420313  0.324626647007  2.67801606029  1.58516112505  1.01762224337  0.439064103586  -9999.0  -9999.0  -9999.0  -9999.0  -9999.0  -9999.0  -9999.0
-9999.0  -9999.0  -9999.0  -9999.0  -9999.0  -9999.0  -9999.0  -9999.0  -9999.0  -9999.0  -9999.0  -9999.0  -9999.0  -9999.0  -9999.0  -9999.0  0.686780317661  3.20492757478  3.88576996434  0.85598720492  0.82467043622  1.65610707766  2.40895959625  15.7819838868  0.687120633302  2.76498536447  3.36533797894  3.95111484049  0.307718589965  0.723241840362  0.9494909978  4.45282424812  4.90216571175  5.04649981026  0.154373888776  0.137907997235  0.157387662789  0.293986592568  0.121593842252  0.122527095051  0.171199586195  0.143946471043  0.177652982331  0.43945882341  498.040428461  604.912728579  0.453833477972  0.0995505416053  0.0427195771821  1.50964806854  1.41557492648  0.888531609636  0.805805745794  0.60677174387  0.162494313723  0.1095407386  0.706532187279  0.304450972124  0.244771905099  0.0736169502533  0.369680103028  0.70926544505  0.583850319318  0.354169550088  0.133691846735  0.523699834813  0.378011683334  0.253622986691  3.3013775588  3.20167615495  0.293810652843  0.263493569281  0.240636950678  0.216127536312  -9999.0  -9999.0  -9999.0  -9999.0  -9999.0  -9999.0
-9999.0  -9999.0  -9999.0  -9999.0  -9999.0  -9999.0  -9999.0  -9999.0  -9999.0  -9999.0  -9999.0  -9999.0  -9999.0  -9999.0  -9999.0  0.59366941968  1.91527777923  0.63431484023  0.955572791343  0.954841224895  1.80203127967  2.61584321992  3.3323047486  19.7391590502  20.4026730301  0.686039745001  1.29568753799  1.91451988368  2.30953375272  2.73506194956  3.9472908091  4.2886919208  0.258820857164  0.211630006688  0.161731444231  0.184653396736  0.176102334585  0.211095206548  0.173541291458  0.226349077389  0.601310889035  0.278271789412  0.101708865263  0.0972778192547  0.0901390831589  0.163717055807  609.675035059  4.22529964359  1.78724039646  0.161057350239  0.0739838093818  0.0521555959986  0.201181402396  0.140050375359  0.0734198654509  0.0723532536042  0.863437104003  1.23918733813  1.34813796323  0.0497299819237  1.26428513813  0.830825420483  0.091764268021  0.0732480435796  0.167268260528  1.17588508943  0.525019765316  0.365861318302  3.43159963693  0.145566499738  0.177382620322  0.944122118233  0.479979590914  0.834071220375  0.38119881575  -9999.0  -9999.0  -9999.0  -9999.0  -9999.0
-9999.0  -9999.0  -9999.0  -9999.0  -9999.0  -9999.0  -9999.0  -9999.0  -9999.0  -9999.0  -9999.0  -9999.0  -9999.0  -9999.0  0.630494293722  1.20544984387  4.33489854275  0.609010169102  1.79288739117  2.72094199059  3.57157045774  0.881417889896  1.63471619241  2.35399350641  23.3381825027  0.641319207662  1.20071229226  1.7630224793  0.484209681517  0.954116021723  1.18528473475  1.4896292293  41.9196844033  42.3488531897  42.7058778744  44.5296216062  45.0723276306  46.3322957705  0.25388871334  0.599790903241  0.724869827572  49.6970125796  49.876404824  0.0869298685399  0.144077112759  0.198312665975  609.756518796  4.03780901439  2.04026603496  1.94823507871  1.50348738904  1.27794154099  0.265033847738  0.0634558659736  0.124211587984  0.0627357835175  0.0675426281948  0.135163261784  1.42582557088  2.83327640703  1.35694329353  0.245466953646  0.171309299347  0.0987038589  1.735533739  1.45454411946  0.146956567138  4.08320039484  3.5800947748  0.277597233476  1.76930125279  1.13086729022  1.28710084505  1.09284964157  0.240619010529  -9999.0  -9999.0  -9999.0  -9999.0  -9999.0
-9999.0  -9999.0  -9999.0  -9999.0  -9999.0  -9999.0  -9999.0  -9999.0  -9999.0  -9999.0  -9999.0  -9999.0  -9999.0  -9999.0  0.631001763642  1.92421759257  6.88933324446  10.1949994763  0.546027920504  13.3838186398  17.5942459023  0.825100993358  1.57443146392  2.32026832284  29.9205863029  30.5023943822  0.505609860522  2.78564770792  3.23459053278  3.62278026293  38.8604599554  39.7271685525  40.2353199837  0.241657377671  1.33654684057  1.58555195514  0.635112545106  0.904982774433  47.5576656117  48.5208804305  48.7131853999  48.8894786731  50.0464976952  0.0825603913778  0.0713222176518  0.324844970282  609.833082365  0.118427162802  0.123420433551  0.3705363603  0.158168057883  1.16026811241  0.941463654228  0.569893172371  0.412348529865  0.17908764279  0.0765309981787  0.197931243418  0.0517732120262  2.89548444728  0.364227675751  0.301019688199  0.0526991692669  0.154940413328  1.81515948667  0.0615573901932  0.048160504775  4.15862731916  0.0983302223208  2.03690068206  1.92661272795  1.7810554285  1.64464434784  0.170729156565  0.651548836301  0.205785246975  -9999.0  -9999.0  -9999.0  -9999.0
-9999.0  -9999.0  -9999.0  -9999.0  -9999.0  -9999.0  -9999.0  -9999.0  -9999.0  -9999.0  -9999.0  -9999.0  -9999.0  -9999.0  -9999.0  -9999.0  1.35116512607  2.7170282277  12.0900873333  12.7676597199  18.1849875261  18.8329578466  0.802753960183  1.60449409301  3.73813601527  31.0352671382  32.1351047236  32.5508068677  0.319214699666  34.0596699959  34.9599852938  0.570541463352  0.245971883236  0.466959862611  0.904579578468  0.213949321305  0.414322267567  0.869360377108  1.07493062194  0.205923096045  0.123082782116  0.237579377019  50.9804807839  51.2597389111  51.3166059297  51.8325362922  609.896073406  0.0767508399572  0.0683805931173  0.0929246255758  0.0927911976551  0.0970146589965  0.0819206883282  0.146854201644  0.0549426881339  0.145150896576  0.0876841263642  0.0886361160667  0.364627476879  3.38367334515  3.84350508313  3.92106094037  4.19284098902  0.058641600879  1.87704718552  0.219275502573  0.0948168377483  4.23030825218  4.40160096059  2.13281781134  2.27062739295  1.93303793037  1.21329287689  1.05453301448  0.881516544781  -9999.0  -9999.0  -9999.0  -9999.0  -9999.0
-9999.0  -9999.0  -9999.0  -9999.0  -9999.0  -9999.0  -9999.0  -9999.0  -9999.0  -9999.0  -9999.0  -9999.0  -9999.0  -9999.0  -9999.0  -9999.0  0.710017952193  0.694514173923  0.684460028272  1.37766513662  0.597578743486  20.0221902303  20.6139672392  0.741665000012  1.46306054248  0.701883993892  0.549038047797  0.527792972657  33.4404576548  0.299332352713  0.61312637681  0.314843951625  0.257627021282  0.224868265796  0.16011738494  0.169266950513  0.517213624251  0.715838449245  0.126446088515  0.106555306395  0.237341742149  0.410612484314  0.53579435659  0.149676419275  51.4382341227  51.8954254389  609.935308115  0.311688396033  0.157240784814  0.0425410365042  0.125493600715  0.0338802340968  0.0257524028864  0.17607722017  0.28665832161  0.186607232573  0.0401537441692  0.0398321582444  0.127315908573  0.0742979425302  0.0549169114046  0.0659941720159  0.0755565155454  6.63432619643  2.15638663341  0.056947047155  0.0964465514303  0.0452605592185  10.7292105609  6.27237598068  6.19956554416  2.02568608057  1.48071788514  0.133555169686  -9999.0  -9999.0  -9999.0  -9999.0  -9999.0  -9999.0
-9999.0  -9999.0  -9999.0  -9999.0  -9999.0  -9999.0  -9999.0  -9999.0  -9999.0  -9999.0  -9999.0  -9999.0  -9999.0  -9999.0  -9999.0  -9999.0  -9999.0  -9999.0  0.684854655226  2.00501327804  2.55400940814  3.13408384981  21.1783447946  21.7441897712  22.3072628504  22.9560386255  23.4659512886  24.5295694258  24.8173399556  25.0906736946  25.3113262136  0.215978863224  0.194203032306  0.21295617313  0.724511721984  0.196414173702  0.181362419968  0.130583996432  0.375462437521  0.155534265753  0.110979440167  0.100178398131  0.0835934304482  0.16667534279  0.23981604119  52.3882492675  662.678048019  0.0722490240502  0.139768559056  0.0305889343943  0.162650028875  0.0751934856023  0.0518279864323  0.681503356834  0.468819050604  0.131649300858  0.0817438124698  0.208525176961  0.0458800235001  0.138516501587  0.0920741111828  0.181523758081  0.0664341058485  0.0894298057044  6.70586313496  6.92002852929  13.1708132013  13.1035754243  13.0324281793  0.0852619142898  1.7715052982  1.66971379191  0.106943738259  -9999.0  -9999.0  -9999.0  -9999.0  -9999.0  -9999.0  -9999.0
-9999.0  -9999.0  -9999.0  -9999.0  -9999.0  -9999.0  -9999.0  -9999.0  -9999.0  -9999.0  -9999.0  -9999.0  -9999.0  -9999.0  -9999.0  -9999.0  -9999.0  -9999.0  -9999.0  0.576088430255  4.56127759651  8.93338568475  9.54217342953  0.814168563875  1.5617156828  2.28633371318  2.85118053556  6.72726152696  6.97357409755  0.236599134595  0.228086098986  25.7684083605  26.1524880237  26.3279411039  0.851133921457  0.113283011314  0.301876131423  0.438441593589  1.29397915287  1.58492318701  1.79717912537  0.188650041433  0.260030936007  0.0893065772468  0.178988993324  0.0940786353004  662.828703578  0.0588307044199  0.256314953986  0.0930008008723  0.293701294898  0.655761780526  0.742888012275  1.46189809145  0.532728613549  0.485618333759  0.346795580129  0.316242794511  0.0749268893336  0.167323310043  0.234339103815  0.207873691661  0.0276583572385  20.7920416231  20.6536721203  20.5836519677  13.442888833  0.130669033081  2.08892885823  1.49893891267  1.00498595534  0.630064033376  0.108385216501  -9999.0  -9999.0  -9999.0  -9999.0  -9999.0  -9999.0  -9999.0
-9999.0  -9999.0  -9999.0  -9999.0  -9999.0  -9999.0  -9999.0  -9999.0  -9999.0  -9999.0  -9999.0  -9999.0  -9999.0  -9999.0  -9999.0  -9999.0  -9999.0  -9999.0  0.639734023773  2.04331692092  3.9988264666  5.21694530868  13.3043421428  14.0114756828  1.5237637959  2.24076345491  2.82301634611  3.39084176833  7.23939069301  7.72854033213  13.465492848  13.8664357977  14.0616551304  26.5099428219  27.7991926534  0.293323197773  0.206578258206  0.193078458296  0.362580665987  0.159415322679  2.10051161314  2.20144065826  0.342994520766  0.43934940762  0.0893210124899  165.830011208  166.032296556  828.95301255  829.283677207  0.0675644975414  0.445350830654  0.0956804657517  0.0782135834356  1.61081657469  2.19970699504  0.44280188696  0.389086673095  0.0719743680262  0.0395620440652  0.205199428344  21.2512768307  20.9879578121  20.9536571493  20.8804316156  0.111497818601  0.11427246589  0.131917626471  0.144026596226  0.47049889974  0.316637939086  0.295271043548  0.448222868479  0.140186033204  -9999.0  -9999.0  -9999.0  -9999.0  -9999.0  -9999.0  -9999.0
-9999.0  -9999.0  -9999.0  -9999.0  -9999.0  -9999.0  -9999.0  -9999.0  -9999.0  -9999.0  -9999.0  -9999.0  -9999.0  -9999.0  -9999.0  -9999.0  -9999.0  -9999.0  -9999.0  0.734461928206  0.713464656551  1.35071701868  3.19474085096  14.6044819522  0.785249402151  0.775083267672  1.36792536393  1.97051008159  4.68710318439  5.06268090805  0.259766131747  0.279142924098  14.3474705032  14.5511159804  42.5222142108  42.6717175621  0.095634586435  0.0808598769119  0.0630156908899  0.0638154125846  0.0723750325377  163.828871329  164.520903525  165.07201635  165.272240615  165.740371862  0.11698240865  0.422263375879  0.502983117955  829.943838745  829.971092604  830.072475689  830.158354308  830.242399809  2.29458620661  0.0316999890715  0.139449942482  0.111714805012  0.0292942846043  0.23430549939  21.3714317647  0.0822487909629  0.042107149224  0.437569650387  0.399084084258  0.334304930538  0.267598342487  0.155236317129  0.185063704223  0.172976330224  0.152110274631  0.163908171077  -9999.0  -9999.0  -9999.0  -9999.0  -9999.0  -9999.0  -9999.0  -9999.0
-9999.0  -9999.0  -9999.0  -9999.0  -9999.0  -9999.0  -9999.0  -9999.0  -9999.0  -9999.0  -9999.0  -9999.0  -9999.0  -9999.0  -9999.0  -9999.0  -9999.0  -9999.0  -9999.0  -9999.0  0.655863053348  0.685807607554  1.26668916569  17.091083024  17.7099395827  0.759731883381  1.35309639833  1.97099781597  2.401638251  0.360868825435  0.677480065407  38.4312523976  38.6461754571  38.8540190116  40.5637521734  83.4167200367  159.608097304  159.852854528  160.065288892  160.265299676  161.214442688  161.529252531  0.591206385417  0.254580143651  0.162099475054  0.299447043509  0.210313703949  0.338506995344  0.105588554807  2.50717961455  2.75542302997  2.9557618077  2.98987586248  830.270236086  832.635489658  832.881774124  0.183846531343  0.0296527812444  0.322911246437  0.268772198471  21.4484909934  0.0403193163847  0.96019164171  0.472878639282  0.422285789951  0.298722601478  0.15366997841  0.218428007348  0.115518930686  -9999.0  -9999.0  -9999.0  -9999.0  -9999.0  -9999.0  -9999.0  -9999.0  -9999.0  -9999.0  -9999.0
-9999.0  -9999.0  -9999.0  -9999.0  -9999.0  -9999.0  -9999.0  -9999.0  -9999.0  -9999.0  -9999.0  -9999.0  -9999.0  -9999.0  -9999.0  -9999.0  -9999.0  -9999.0  -9999.0  -9999.0  -9999.0  0.673580639512  1.2856355937  1.90057594925  18.2206568164  0.635108636876  24.8342113476  25.4804579372  25.8375168401  26.1873165609  37.069348952  37.4398572628  0.254149056442  1.28672873091  1.54980548712  0.246895232722  75.9525087058  75.5220164138  0.116269576215  0.279924456593  0.777030132739  0.178103181646  0.194771729641  0.131167182222  0.108629409706  0.0786467883915  0.0989177411425  2.16771839469  2.27576071874  2.41394962358  0.174374777444  0.145975632087  3.06894162917  3.12235212742  3.14848765955  832.902880478  832.926928347  0.405904925927  0.351567449871  22.5122725099  22.4843022003  0.999415570546  0.082491874689  0.0404833381055  0.743569602644  0.639828538653  0.507539875372  0.322304272957  0.164603942098  0.0738935254372  -9999.0  -9999.0  -9999.0  -9999.0  -9999.0  -9999.0  -9999.0  -9999.0  -9999.0  -9999.0
-9999.0  -9999.0  -9999.0  -9999.0  -9999.0  -9999.0  -9999.0  -9999.0  -9999.0  -9999.0  -9999.0  -9999.0  -9999.0  -9999.0  -9999.0  -9999.0  -9999.0  -9999.0  -9999.0  -9999.0  -9999.0  0.61630182108  0.573447539271  2.97936089042  22.394442507  23.6185911271  24.2481997821  0.652215850824  10.0396550364  10.3957381135  10.5617078646  0.33535938887  0.623090589623  0.865718687381  17.9044242728  18.0803772669  18.2229635337  75.2639388299  46.0156118904  0.160904216756  0.170477321062  0.16085019313  0.119122324956  1.33257006744  1.5894706268  1.80758153716  1.93589013837  2.05789080187  17.1923385038  17.2761288572  17.3903140354  17.6629359612  18.7652414529  18.800273705  21.9864158504  0.0275326102819  832.945854801  832.975376473  0.44150164821  22.5360099031  0.060906901491  0.030439169683  0.12412858023  1.13186384375  1.10045076818  0.2469243661  0.12700545502  0.382704862227  0.266248727196  0.0729411126352  0.0632139353262  0.0618916463748  -9999.0  -9999.0  -9999.0  -9999.0  -9999.0  -9999.0  -9999.0  -9999.0
-9999.0  -9999.0  -9999.0  -9999.0  -9999.0  -9999.0  -9999.0  -9999.0  -9999.0  -9999.0  -9999.0  -9999.0  -9999.0  -9999.0  -9999.0  -9999.0  -9999.0  -9999.0  -9999.0  -9999.0  -9999.0  -9999.0  1.20291166156  1.83348452408  0.652311932751  0.783557297877  7.8184205243  8.50217962767  8.97023945789  3.71101750101  4.01866509426  4.35508231385  4.62609023497  17.4880277654  17.7571453454  10.4872702538  28.9147012119  29.102276041  45.8907415751  0.354427015512  0.178912688349  0.112037057604  0.935674066788  1.09935027458  0.0871158352531  0.0798058450404  16.7716197272  16.9971560339  17.1128590633  0.134137043735  0.198631140178  18.6050421465  0.108831700988  0.313674218769  0.342150697284  22.3826193849  22.4124706985  22.8341303766  856.27334465  22.6252159211  1.40860126334  1.37707123551  1.33506432756  1.16340166595  0.0464350635085  0.590556219767  0.508151343404  0.179714487014  0.0760075979639  0.124770995423  0.299539743039  0.173641238377  -9999.0  -9999.0  -9999.0  -9999.0  -9999.0  -9999.0  -9999.0  -9999.0
-9999.0  -9999.0  -9999.0  -9999.0  -9999.0  -9999.0  -9999.0  -9999.0  -9999.0  -9999.0  -9999.0  -9999.0  -9999.0  -9999.0  -9999.0  -9999.0  -9999.0  -9999.0  -9999.0  -9999.0  -9999.0  -9999.0  0.601158809439  1.19004432657  5.00205417189  5.6657224141  6.36997214644  2.8611053909  3.38647377227  0.355516460385  12.0057962984  12.3123062286  12.6005464533  0.274752719598  9.99531309269  10.2765871165  0.192563028036  44.9507076632  0.412242452969  0.202277545427  0.521856226652  0.70153687828  0.126090476698  0.0951470439118  15.5981453388  16.5663088324  16.7067795028  0.141302755201  0.292065469576  0.362604490992  0.426818396385  0.858476852407  0.112158175527  0.261793374825  0.0487380513246  0.0949418639246  22.7669343711  22.803131096  856.309181642  880.52288347  1.5572986247  0.0945460511196  0.0499357740597  0.077431270369  0.0328239572963  0.634270100142  0.369747618835  0.283821830982  0.924147647648  0.818502281639  0.583171320127  0.140778051159  0.0668185285049  -9999.0  -9999.0  -9999.0  -9999.0  -9999.0  -9999.0  -9999.0
-9999.0  -9999.0  -9999.0  -9999.0  -9999.0  -9999.0  -9999.0  -9999.0  -9999.0  -9999.0  -9999.0  -9999.0  -9999.0  -9999.0  -9999.0  -9999.0  -9999.0  -9999.0  -9999.0  -9999.0  -9999.0  -9999.0  0.598481430107  1.87520675583  3.23175065621  0.744762239719  1.49490994923  2.23096625008  10.5692143672  11.0207510059  11.3529557635  0.29243927681  8.30079405986  9.22096915674  9.50435483494  0.189848455845  44.0942258182  44.5772201795  0.221898753674  0.19756301347  0.393476507358  0.150665431172  14.9052007521  15.1639869709  15.3323050129  0.631075156853  0.779145849874  0.123146176092  0.215684487357  0.093557972343  0.64294617095  0.100515295818  0.0696473976654  0.0741790786062  0.0813703185247  0.166720338971  0.220317180858  79.5383400828  79.6626873604  960.315008232  960.376094745  960.426551115  0.0729994433043  1.31028026071  1.20535275992  0.505855843031  0.478938368605  0.0659584853521  1.10755925348  0.0756603986038  0.0668531506941  0.053401121476  0.260601162769  0.119583992098  -9999.0  -9999.0  -9999.0  -9999.0  -9999.0  -9999.0
-9999.0  -9999.0  -9999.0  -9999.0  -9999.0  -9999.0  -9999.0  -9999.0  -9999.0  -9999.0  -9999.0  -9999.0  -9999.0  -9999.0  -9999.0  -9999.0  -9999.0  -9999.0  -9999.0  -9999.0  -9999.0  -9999.0  -9999.0  0.653179705749  0.703242919962  0.817198632419  7.18452961319  7.89393062435  9.96498204247  0.498799990369  6.98437128265  7.7594089647  0.315268644626  0.65846265041  0.232738861858  43.4531205598  0.261300104596  0.679479721852  0.832133802226  0.973929285679  13.906623151  14.4691838592  14.6534625296  0.186702959013  0.342673542616  0.478360267977  0.0745592691135  0.0664443510756  40.4352079389  40.5043526888  40.5608547699  41.2264612485  41.3045194569  41.4055403656  41.4644143507  67.9958892955  68.0620645179  79.5018442234  0.081221348346  0.0957680612933  0.167282725937  960.610281808  960.842904809  962.220292778  962.236521446  0.0598982723854  0.0320465207384  1.23722883902  1.19909864856  0.0485542662432  0.148524626181  1.17181052429  0.768108355626  0.677845771505  0.184579492854  -9999.0  -9999.0  -9999.0  -9999.0  -9999.0
-9999.0  -9999.0  -9999.0  -9999.0  -9999.0  -9999.0  -9999.0  -9999.0  -9999.0  -9999.0  -9999.0  -9999.0  -9999.0  -9999.0  -9999.0  -9999.0  -9999.0  -9999.0  -9999.0  -9999.0  -9999.0  -9999.0  -9999.0  0.579890218998  1.44372525577  3.06719465948  6.46369521329  0.810208124995  1.47769053808  5.6757678878  6.15002947712  0.410396064698  10.3962427699  10.7223239561  42.6922576765  42.9609069528  0.229868296707  0.43184261084  1.96959390381  12.2726405332  12.8357177315  0.429820981147  0.207032904543  0.153084447875  35.9405738184  36.2142544804  36.4276912512  36.6442609763  40.3728613959  0.237258510046  41.1573238277  0.139387379194  0.0850080360182  0.151105022762  26.3885942157  26.4911262012  11.0697406709  11.3592030899  0.19561151872  0.0951101564752  0.115416027193  0.0983043370322  0.143894023792  0.0514385190833  1023.0533793  1023.14248053  1.52017617855  1.30089664605  0.0367558927464  1.79725253269  1.68299659881  1.41629924928  0.125663711307  0.163521340005  0.195727537515  -9999.0  -9999.0  -9999.0  -9999.0  -9999.0
-9999.0  -9999.0  -9999.0  -9999.0  -9999.0  -9999.0  -9999.0  -9999.0  -9999.0  -9999.0  -9999.0  -9999.0  -9999.0  -9999.0  -9999.0  -9999.0  -9999.0  -9999.0  -9999.0  -9999.0  -9999.0  -9999.0  -9999.0  -9999.0  0.944248065883  1.83332645594  2.62327612211  4.31419193696  4.98989935523  8.20614686631  9.40719603517  9.73771693178  10.0547583299  31.3817697567  31.6953889132  0.205822739514  1.59623373181  1.83587408379  10.0016259728  10.1976737461  0.35147357175  0.128308190374  35.2294011828  35.5157235825  35.6793225563  0.153256390329  3.33080610781  3.4618856651  3.61344372691  0.124776769321  0.0892913093696  0.063920882433  0.0569005151482  26.0706725202  26.1748931297  0.0705319584874  10.9999837366  10.5557338935  10.4896282492  0.0739046190892  0.0863069221235  0.0797683223441  0.138117650128  60.4926914418  60.7818271782  1024.71426408  0.13175913017  0.056197275386  1.88468359381  0.0534993097558  0.354155416838  0.24023631638  0.114418268025  -9999.0  -9999.0  -9999.0  -9999.0  -9999.0  -9999.0  -9999.0
-9999.0  -9999.0  -9999.0  -9999.0  -9999.0  -9999.0  -9999.0  -9999.0  -9999.0  -9999.0  -9999.0  -9999.0  -9999.0  -9999.0  -9999.0  -9999.0  -9999.0  -9999.0  -9999.0  -9999.0  -9999.0  -9999.0  -9999.0  -9999.0  0.887191021468  2.73285734598  3.53760124986  5.16090683485  6.72528717543  7.53315440857  0.635121416752  8.08587340453  30.4713639857  31.0487936625  0.478274204998  0.857677762633  1.4319341185  9.52636523016  9.80277735021  23.1751844131  23.6251629687  35.0427748047  35.1413391897  0.171081958569  2.7329761248  3.04578565508  3.22985539236  0.136341970023  23.2396174355  23.3624111129  23.7421787318  25.3576063529  25.8580309889  25.9450468889  0.112293558491  0.211515584197  0.2957110025  9.04450234372  10.3589567153  0.868312599969  0.78775050301  0.064306555916  0.0838093607934  60.2945117033  0.236308882947  0.119878369639  1024.84519822  0.0269667495178  0.0268516002405  2.36236674393  0.442240685674  0.0923856490616  0.0723836901679  -9999.0  -9999.0  -9999.0  -9999.0  -9999.0  -9999.0  -9999.0
-9999.0  -9999.0  -9999.0  -9999.0  -9999.0  -9999.0  -9999.0  -9999.0  -9999.0  -9999.0  -9999.0  -9999.0  -9999.0  -9999.0  -9999.0  -9999.0  -9999.0  -9999.0  -9999.0  -9999.0  -9999.0  -9999.0  -9999.0  -9999.0  0.962109991056  0.917810007729  3.52873754911  4.33631572993  0.796773887712  6.65052879531  7.38001305118  0.683289048455  21.0932153836  0.65973540637  4.07811455847  8.81914305841  9.26448693791  21.3341859297  21.6351199436  22.9600859881  0.329793111326  11.2670299015  0.114764884102  0.253060695602  2.62709676529  0.187585966969  5.15873133499  23.0002770417  0.141009842551  0.293603575406  1.2825860227  0.169391010626  0.19644936929  0.147387375716  0.0885345925668  8.13384798121  8.71679192601  8.9656191778  0.350554740856  0.263556923066  0.491841688962  0.0994812782009  60.0197556707  60.0890079026  0.133575791859  0.0648922871987  0.0286343099037  1025.04358035  1027.88631698  2.80140001761  0.404053283945  0.362960974124  0.187740921533  -9999.0  -9999.0  -9999.0  -9999.0  -9999.0  -9999.0  -9999.0
-9999.0  -9999.0  -9999.0  -9999.0  -9999.0  -9999.0  -9999.0  -9999.0  -9999.0  -9999.0  -9999.0  -9999.0  -9999.0  -9999.0  -9999.0  -9999.0  -9999.0  -9999.0  -9999.0  -9999.0  -9999.0  -9999.0  -9999.0  -9999.0  -9999.0  0.893111391152  0.936921230337  0.901593950047  5.06964056033  5.89669661479  9.52420360787  20.4758917606  0.727471291843  2.17148035065  2.86663314307  4.24487032969  1.10478287722  20.8819898727  0.494699916018  0.981061951231  10.6179773996  0.40338153359  1.68395578476  2.00125038295  0.198237379287  0.183491534992  5.06302515259  17.7173941189  0.199334364515  0.689621336627  1.15734807427  0.179808977363  0.117560413038  7.3642568641  7.71587156217  0.255610904876  0.503646681656  0.140066345046  0.240670076102  0.153595549397  0.121669534763  0.073686995859  59.9612671609  0.217902351075  -9999.0  -9999.0  0.0771691028326  0.134262858926  1027.8994975  1027.90892604  1028.02328734  0.0747421724918  -9999.0  -9999.0  -9999.0  -9999.0  -9999.0  -9999.0  -9999.0  -9999.0
-9999.0  -9999.0  -9999.0  -9999.0  -9999.0  -9999.0  -9999.0  -9999.0  -9999.0  -9999.0  -9999.0  -9999.0  -9999.0  -9999.0  -9999.0  -9999.0  -9999.0  -9999.0  -9999.0  -9999.0  -9999.0  -9999.0  -9999.0  -9999.0  -9999.0  -9999.0  0.832021937098  2.59963487247  3.36330896601  8.84704593586  3.1624126959  10.2350274256  6.39397432548  0.718589600853  2.20999097714  3.58390345713  0.581541107813  19.2838135633  7.41767841422  9.20686816156  1.04166519848  1.04494574628  0.407418734307  0.249016785292  4.5219569861  4.7100117546  17.161995917  17.3375082001  0.334184647954  0.519425170961  0.134683040587  6.01087256808  6.69868093724  7.29943057362  0.274674229908  0.126005373639  0.364615345574  0.131073757996  0.091816913131  0.0703092086636  59.3746722841  59.5135579989  59.6081503448  0.148624019216  -9999.0  -9999.0  -9999.0  -9999.0  -9999.0  0.0224311013241  1028.02330283  1028.02587334  -9999.0  -9999.0  -9999.0  -9999.0  -9999.0  -9999.0  -9999.0  -9999.0
-9999.0  -9999.0  -9999.0  -9999.0  -9999.0  -9999.0  -9999.0  -9999.0  -9999.0  -9999.0  -9999.0  -9999.0  -9999.0  -9999.0  -9999.0  -9999.0  -9999.0  -9999.0  -9999.0  -9999.0  -9999.0  -9999.0  -9999.0  -9999.0  -9999.0  -9999.0  1.01380181684  0.923792486929  8.12618377157  0.77726758258  2.47009969938  4.11323998745  5.68790779524  0.787096698242  0.76565310724  0.70559838191  17.9895021101  18.6889206898  6.8830567583  1.29306299832  0.620118711521  0.618239177783  3.89380586227  4.34794502423  15.4683097967  16.1635736451  16.7649352992  0.239368804147  0.174224540762  5.6703076184  5.77878628318  5.9155141614  0.608296379488  0.325744860707  0.153307480424  0.14472809773  0.09535316782  0.821175063154  0.87457902823  59.2991606214  59.3361076419  0.097148243995  0.0463460593021  0.0742567195571  -9999.0  -9999.0  -9999.0  -9999.0  -9999.0  -9999.0  -9999.0  -9999.0  -9999.0  -9999.0  -9999.0  -9999.0  -9999.0  -9999.0  -9999.0  -9999.0
-9999.0  -9999.0  -9999.0  -9999.0  -9999.0  -9999.0  -9999.0  -9999.0  -9999.0  -9999.0  -9999.0  -9999.0  -9999.0  -9999.0  -9999.0  -9999.0  -9999.0  -9999.0  -9999.0  -9999.0  -9999.0  -9999.0  -9999.0  -9999.0  -9999.0  -9999.0  -9999.0  1.94704958047  6.42183751086  3.58488586083  0.853833006364  3.33523854027  0.789194459892  2.49836102299  3.16319464415  15.940046326  17.3767691727  5.63271071824  6.26859237491  0.659111702229  2.79387354512  3.37462125658  9.67487585642  14.6865421195  15.1653575597  0.447532080077  0.331222382859  4.46040732048  5.03047599817  5.56351675143  0.175676347034  0.318053296816  0.479574992315  0.159045678673  0.338897713872  0.53989920077  0.625208183618  0.763195982508  0.078337198929  58.3028301408  0.183634653649  0.0589589694433  -9999.0  -9999.0  -9999.0  -9999.0  -9999.0  -9999.0  -9999.0  -9999.0  -9999.0  -9999.0  -9999.0  -9999.0  -9999.0  -9999.0  -9999.0  -9999.0  -9999.0  -9999.0
-9999.0  -9999.0  -9999.0  -9999.0  -9999.0  -9999.0  -9999.0  -9999.0  -9999.0  -9999.0  -9999.0  -9999.0  -9999.0  -9999.0  -9999.0  -9999.0  -9999.0  -9999.0  -9999.0  -9999.0  -9999.0  -9999.0  -9999.0  -9999.0  -9999.0  -9999.0  -9999.0  1.01507651934  0.936863370858  1.74115465388  0.867771748782  1.67160968292  1.72558677009  9.89108468104  10.5725724084  1.56213903878  0.768787270229  4.98035518176  1.48796105564  2.21545764356  7.95760863232  8.57976839677  9.1896678205  4.54305889477  1.6799607593  2.62918029483  3.43063260014  4.27908274604  0.408883026094  0.281428268873  33.4377345039  33.6398712463  33.7866116528  0.127618721828  0.22950604694  0.127698003729  0.0881164202288  55.5973294266  56.3926187094  1.52576830338  1.29920788936  0.118019059542  -9999.0  -9999.0  -9999.0  -9999.0  -9999.0  -9999.0  -9999.0  -9999.0  -9999.0  -9999.0  -9999.0  -9999.0  -9999.0  -9999.0  -9999.0  -9999.0  -9999.0  -9999.0
-9999.0  -9999.0  -9999.0  -9999.0  -9999.0  -9999.0  -9999.0  -9999.0  -9999.0  -9999.0  -9999.0  -9999.0  -9999.0  -9999.0  -9999.0  -9999.0  -9999.0  -9999.0  -9999.0  -9999.0  -9999.0  -9999.0  -9999.0  -9999.0  -9999.0  -9999.0  -9999.0  -9999.0  -9999.0  0.777385842899  0.785602693433  0.908732821341  3.66866102148  9.09349973277  4.57406614424  0.827775942867  3.41883793751  4.2259232792  0.736546339511  6.68147816821  7.33704406474  2.09133699859  3.3138400297  0.628245209351  1.10859292364  0.512728314694  0.408351288192  0.390382748135  32.7032689616  33.0214062947  33.2646153907  1.24214872466  35.2855560631  35.5013745772  35.6817720511  35.8583222101  36.1434200983  55.5258783684  55.7975430616  0.478701936778  1.16763518315  0.310733523792  -9999.0  -9999.0  -9999.0  -9999.0  -9999.0  -9999.0  -9999.0  -9999.0  -9999.0  -9999.0  -9999.0  -9999.0  -9999.0  -9999.0  -9999.0  -9999.0  -9999.0  -9999.0
-9999.0  -9999.0  -9999.0  -9999.0  -9999.0  -9999.0  -9999.0  -9999.0  -9999.0  -9999.0  -9999.0  -9999.0  -9999.0  -9999.0  -9999.0  -9999.0  -9999.0  -9999.0  -9999.0  -9999.0  -9999.0  -9999.0  -9999.0  -9999.0  -9999.0  -9999.0  -9999.0  -9999.0  -9999.0  -9999.0  -9999.0  0.939593746822  1.92168782085  1.91376836669  1.87521311086  1.81114967222  2.67698342581  4.42232001451  5.16931286662  5.99303645537  0.705950398114  1.431372435  0.62286082534  0.549107869304  19.9843627091  24.3595590066  25.3254360657  25.7897210149  32.3988124828  0.374605160979  0.68276170805  1.04828501604  6.0972140425  6.30880479826  6.48797345072  14.3672744946  17.6059921759  19.1909498403  0.265930773943  0.260799026269  0.71376730818  0.181741660292  -9999.0  -9999.0  -9999.0  -9999.0  -9999.0  -9999.0  -9999.0  -9999.0  -9999.0  -9999.0  -9999.0  -9999.0  -9999.0  -9999.0  -9999.0  -9999.0  -9999.0  -9999.0
-9999.0  -9999.0  -9999.0  -9999.0  -9999.0  -9999.0  -9999.0  -9999.0  -9999.0  -9999.0  -9999.0  -9999.0  -9999.0  -9999.0  -9999.0  -9999.0  -9999.0  -9999.0  -9999.0  -9999.0  -9999.0  -9999.0  -9999.0  -9999.0  -9999.0  -9999.0  -9999.0  -9999.0  -9999.0  -9999.0  -9999.0  -9999.0  0.983839100114  0.979615469572  0.949376254999  0.914027731437  1.82899528118  3.59950040232  3.38712347128  4.12249488241  4.76447667582  10.9474298832  11.557017289  19.047373755  19.5928909594  3.9653181934  0.509461047679  5.73603208733  6.17064953875  2.42869972293  4.69624844255  5.50268209304  5.85574886166  0.296016269763  7.72929632459  15.0093965658  17.4677849236  0.265865211905  1.11557620532  0.19367713339  0.546407810021  -9999.0  -9999.0  -9999.0  -9999.0  -9999.0  -9999.0  -9999.0  -9999.0  -9999.0  -9999.0  -9999.0  -9999.0  -9999.0  -9999.0  -9999.0  -9999.0  -9999.0  -9999.0  -9999.0
-9999.0  -9999.0  -9999.0  -9999.0  -9999.0  -9999.0  -9999.0  -9999.0  -9999.0  -9999.0  -9999.0  -9999.0  -9999.0  -9999.0  -9999.0  -9999.0  -9999.0  -9999.0  -9999.0  -9999.0  -9999.0  -9999.0  -9999.0  -9999.0  -9999.0  -9999.0  -9999.0  -9999.0  -9999.0  -9999.0  -9999.0  -9999.0  -9999.0  -9999.0  -9999.0  0.977282425306  0.914579667771  0.885180902018  2.58648117817  2.44908971617  4.75860889093  5.54942403962  0.681585839029  6.85538521503  2.78690427917  3.42900977701  3.60322499678  5.29250848854  1.50931350594  0.49496736663  1.95332637418  0.470462895086  4.19835604181  4.99398172827  7.18889598335  0.348110759905  1.41081463589  0.516411555691  0.646359423206  0.196868756945  0.372835745117  -9999.0  -9999.0  -9999.0  -9999.0  -9999.0  -9999.0  -9999.0  -9999.0  -9999.0  -9999.0  -9999.0  -9999.0  -9999.0  -9999.0  -9999.0  -9999.0  -9999.0  -9999.0  -9999.0
-9999.0  -9999.0  -9999.0  -9999.0  -9999.0  -9999.0  -9999.0  -9999.0  -9999.0  -9999.0  -9999.0  -9999.0  -9999.0  -9999.0  -9999.0  -9999.0  -9999.0  -9999.0  -9999.0  -9999.0  -9999.0  -9999.0  -9999.0  -9999.0  -9999.0  -9999.0  -9999.0  -9999.0  -9999.0  -9999.0  -9999.0  -9999.0  -9999.0  -9999.0  -9999.0  -9999.0  -9999.0  0.870762857785  0.809088640202  1.64356352711  1.56892008492  4.01998763329  5.46583365425  1.46841678592  2.12427241988  1.85557821493  3.06598273224  1.14763054541  1.05906426549  1.06242415251  0.456568737473  2.48779320629  3.81977536868  0.431563434493  1.81186476454  0.677122978592  0.400114041101  0.217603437894  0.208089580898  0.223548587483  -9999.0  -9999.0  -9999.0  -9999.0  -9999.0  -9999.0  -9999.0  -9999.0  -9999.0  -9999.0  -9999.0  -9999.0  -9999.0  -9999.0  -9999.0  -9999.0  -9999.0  -9999.0  -9999.0  -9999.0
-9999.0  -9999.0  -9999.0  -9999.0  -9999.0  -9999.0  -9999.0  -9999.0  -9999.0  -9999.0  -9999.0  -9999.0  -9999.0  -9999.0  -9999.0  -9999.0  -9999.0  -9999.0  -9999.0  -9999.0  -9999.0  -9999.0  -9999.0  -9999.0  -9999.0  -9999.0  -9999.0  -9999.0  -9999.0  -9999.0  -9999.0  -9999.0  -9999.0  -9999.0  -9999.0  -9999.0  -9999.0  -9999.0  -9999.0  0.814039273635  1.67870789985  3.29040066825  0.754684941923  0.745431700469  0.617466477971  1.2668172477  0.623107296337  0.583894660964  0.552513544499  0.55651653504  1.04866899922  2.07254663283  0.947722132737  0.986954132215  1.41847853596  0.344709195288  0.190800892416  -9999.0  -9999.0  -9999.0  -9999.0  -9999.0  -9999.0  -9999.0  -9999.0  -9999.0  -9999.0  -9999.0  -9999.0  -9999.0  -9999.0  -9999.0  -9999.0  -9999.0  -9999.0  -9999.0  -9999.0  -9999.0  -9999.0  -9999.0
-9999.0  -9999.0  -9999.0  -9999.0  -9999.0  -9999.0  -9999.0  -9999.0  -9999.0  -9999.0  -9999.0  -9999.0  -9999.0  -9999.0  -9999.0  -9999.0  -9999.0  -9999.0  -9999.0  -9999.0  -9999.0  -9999.0  -9999.0  -9999.0  -9999.0  -9999.0  -9999.0  -9999.0  -9999.0  -9999.0  -9999.0  -9999.0  -9999.0  -9999.0  -9999.0  -9999.0  -9999.0  -9999.0  -9999.0  -9999.0  0.845446848454  0.787799924594  -9999.0  -9999.0  -9999.0  -9999.0  -9999.0  -9999.0  -9999.0  -9999.0  0.532061479634  0.505445110845  0.445937373095  0.471823555334  -9999.0  -9999.0  -9999.0  -9999.0  -9999.0  -9999.0  -9999.0  -9999.0  -9999.0  -9999.0  -9999.0  -9999.0  -9999.0  -9999.0  -9999.0  -9999.0  -9999.0  -9999.0  -9999.0  -9999.0  -9999.0  -9999.0  -9999.0  -9999.0  -9999.0  -9999.0
-9999.0  -9999.0  -9999.0  -9999.0  -9999.0  -9999.0  -9999.0  -9999.0  -9999.0  -9999.0  -9999.0  -9999.0  -9999.0  -9999.0  -9999.0  -9999.0  -9999.0  -9999.0  -9999.0  -9999.0  -9999.0  -9999.0  -9999.0  -9999.0  -9999.0  -9999.0  -9999.0  -9999.0  -9999.0  -9999.0  -9999.0  -9999.0  -9999.0  -9999.0  -9999.0  -9999.0  -9999.0  -9999.0  -9999.0  -9999.0  -9999.0  -9999.0  -9999.0  -9999.0  -9999.0  -9999.0  -9999.0  -9999.0  -9999.0  -9999.0  -9999.0  -9999.0  -9999.0  -9999.0  -9999.0  -9999.0  -9999.0  -9999.0  -9999.0  -9999.0  -9999.0  -9999.0  -9999.0  -9999.0  -9999.0  -9999.0  -9999.0  -9999.0  -9999.0  -9999.0  -9999.0  -9999.0  -9999.0  -9999.0  -9999.0  -9999.0  -9999.0  -9999.0  -9999.0  -9999.0
-9999.0  -9999.0  -9999.0  -9999.0  -9999.0  -9999.0  -9999.0  -9999.0  -9999.0  -9999.0  -9999.0  -9999.0  -9999.0  -9999.0  -9999.0  -9999.0  -9999.0  -9999.0  -9999.0  -9999.0  -9999.0  -9999.0  -9999.0  -9999.0  -9999.0  -9999.0  -9999.0  -9999.0  -9999.0  -9999.0  -9999.0  -9999.0  -9999.0  -9999.0  -9999.0  -9999.0  -9999.0  -9999.0  -9999.0  -9999.0  -9999.0  -9999.0  -9999.0  -9999.0  -9999.0  -9999.0  -9999.0  -9999.0  -9999.0  -9999.0  -9999.0  -9999.0  -9999.0  -9999.0  -9999.0  -9999.0  -9999.0  -9999.0  -9999.0  -9999.0  -9999.0  -9999.0  -9999.0  -9999.0  -9999.0  -9999.0  -9999.0  -9999.0  -9999.0  -9999.0  -9999.0  -9999.0  -9999.0  -9999.0  -9999.0  -9999.0  -9999.0  -9999.0  -9999.0  -9999.0
-9999.0  -9999.0  -9999.0  -9999.0  -9999.0  -9999.0  -9999.0  -9999.0  -9999.0  -9999.0  -9999.0  -9999.0  -9999.0  -9999.0  -9999.0  -9999.0  -9999.0  -9999.0  -9999.0  -9999.0  -9999.0  -9999.0  -9999.0  -9999.0  -9999.0  -9999.0  -9999.0  -9999.0  -9999.0  -9999.0  -9999.0  -9999.0  -9999.0  -9999.0  -9999.0  -9999.0  -9999.0  -9999.0  -9999.0  -9999.0  -9999.0  -9999.0  -9999.0  -9999.0  -9999.0  -9999.0  -9999.0  -9999.0  -9999.0  -9999.0  -9999.0  -9999.0  -9999.0  -9999.0  -9999.0  -9999.0  -9999.0  -9999.0  -9999.0  -9999.0  -9999.0  -9999.0  -9999.0  -9999.0  -9999.0  -9999.0  -9999.0  -9999.0  -9999.0  -9999.0  -9999.0  -9999.0  -9999.0  -9999.0  -9999.0  -9999.0  -9999.0  -9999.0  -9999.0  -9999.0
-9999.0  -9999.0  -9999.0  -9999.0  -9999.0  -9999.0  -9999.0  -9999.0  -9999.0  -9999.0  -9999.0  -9999.0  -9999.0  -9999.0  -9999.0  -9999.0  -9999.0  -9999.0  -9999.0  -9999.0  -9999.0  -9999.0  -9999.0  -9999.0  -9999.0  -9999.0  -9999.0  -9999.0  -9999.0  -9999.0  -9999.0  -9999.0  -9999.0  -9999.0  -9999.0  -9999.0  -9999.0  -9999.0  -9999.0  -9999.0  -9999.0  -9999.0  -9999.0  -9999.0  -9999.0  -9999.0  -9999.0  -9999.0  -9999.0  -9999.0  -9999.0  -9999.0  -9999.0  -9999.0  -9999.0  -9999.0  -9999.0  -9999.0  -9999.0  -9999.0  -9999.0  -9999.0  -9999.0  -9999.0  -9999.0  -9999.0  -9999.0  -9999.0  -9999.0  -9999.0  -9999.0  -9999.0  -9999.0  -9999.0  -9999.0  -9999.0  -9999.0  -9999.0  -9999.0  -9999.0
-9999.0  -9999.0  -9999.0  -9999.0  -9999.0  -9999.0  -9999.0  -9999.0  -9999.0  -9999.0  -9999.0  -9999.0  -9999.0  -9999.0  -9999.0  -9999.0  -9999.0  -9999.0  -9999.0  -9999.0  -9999.0  -9999.0  -9999.0  -9999.0  -9999.0  -9999.0  -9999.0  -9999.0  -9999.0  -9999.0  -9999.0  -9999.0  -9999.0  -9999.0  -9999.0  -9999.0  -9999.0  -9999.0  -9999.0  -9999.0  -9999.0  -9999.0  -9999.0  -9999.0  -9999.0  -9999.0  -9999.0  -9999.0  -9999.0  -9999.0  -9999.0  -9999.0  -9999.0  -9999.0  -9999.0  -9999.0  -9999.0  -9999.0  -9999.0  -9999.0  -9999.0  -9999.0  -9999.0  -9999.0  -9999.0  -9999.0  -9999.0  -9999.0  -9999.0  -9999.0  -9999.0  -9999.0  -9999.0  -9999.0  -9999.0  -9999.0  -9999.0  -9999.0  -9999.0  -9999.0
-9999.0  -9999.0  -9999.0  -9999.0  -9999.0  -9999.0  -9999.0  -9999.0  -9999.0  -9999.0  -9999.0  -9999.0  -9999.0  -9999.0  -9999.0  -9999.0  -9999.0  -9999.0  -9999.0  -9999.0  -9999.0  -9999.0  -9999.0  -9999.0  -9999.0  -9999.0  -9999.0  -9999.0  -9999.0  -9999.0  -9999.0  -9999.0  -9999.0  -9999.0  -9999.0  -9999.0  -9999.0  -9999.0  -9999.0  -9999.0  -9999.0  -9999.0  -9999.0  -9999.0  -9999.0  -9999.0  -9999.0  -9999.0  -9999.0  -9999.0  -9999.0  -9999.0  -9999.0  -9999.0  -9999.0  -9999.0  -9999.0  -9999.0  -9999.0  -9999.0  -9999.0  -9999.0  -9999.0  -9999.0  -9999.0  -9999.0  -9999.0  -9999.0  -9999.0  -9999.0  -9999.0  -9999.0  -9999.0  -9999.0  -9999.0  -9999.0  -9999.0  -9999.0  -9999.0  -9999.0
