ncols                  80
nrows                 72
xllcorner      4374000.0
yllcorner      5656000.0
cellsize            500
NODATA_value       -9999
-9999.0  -9999.0  -9999.0  -9999.0  -9999.0  -9999.0  -9999.0  -9999.0  -9999.0  -9999.0  -9999.0  -9999.0  1.09987576798  0.906560803385  -9999.0  -9999.0  -9999.0  -9999.0  -9999.0  -9999.0  -9999.0  -9999.0  -9999.0  -9999.0  -9999.0  -9999.0  -9999.0  -9999.0  -9999.0  -9999.0  -9999.0  -9999.0  -9999.0  -9999.0  -9999.0  -9999.0  -9999.0  -9999.0  -9999.0  -9999.0  -9999.0  -9999.0  -9999.0  -9999.0  -9999.0  -9999.0  -9999.0  -9999.0  -9999.0  -9999.0  -9999.0  -9999.0  -9999.0  -9999.0  -9999.0  -9999.0  -9999.0  -9999.0  -9999.0  -9999.0  -9999.0  -9999.0  -9999.0  -9999.0  -9999.0  -9999.0  -9999.0  -9999.0  -9999.0  -9999.0  -9999.0  -9999.0  -9999.0  -9999.0  -9999.0  -9999.0  -9999.0  -9999.0  -9999.0  -9999.0
-9999.0  -9999.0  -9999.0  -9999.0  -9999.0  -9999.0  -9999.0  -9999.0  -9999.0  -9999.0  -9999.0  -9999.0  2.19809749416  4.81946753609  0.774677507168  -9999.0  0.639852706567  -9999.0  -9999.0  -9999.0  -9999.0  -9999.0  -9999.0  -9999.0  -9999.0  -9999.0  -9999.0  -9999.0  -9999.0  -9999.0  -9999.0  -9999.0  -9999.0  -9999.0  -9999.0  -9999.0  -9999.0  -9999.0  -9999.0  -9999.0  -9999.0  -9999.0  -9999.0  -9999.0  -9999.0  -9999.0  -9999.0  -9999.0  -9999.0  -9999.0  -9999.0  -9999.0  -9999.0  -9999.0  -9999.0  -9999.0  -9999.0  -9999.0  -9999.0  -9999.0  -9999.0  -9999.0  -9999.0  -9999.0  -9999.0  -9999.0  -9999.0  -9999.0  -9999.0  -9999.0  -9999.0  -9999.0  -9999.0  -9999.0  -9999.0  -9999.0  -9999.0  -9999.0  -9999.0  -9999.0
-9999.0  -9999.0  -9999.0  -9999.0  -9999.0  -9999.0  -9999.0  -9999.0  -9999.0  -9999.0  1.09862826719  1.06015889109  1.08006964433  1.04136576051  6.82300296814  7.63603459129  1.78342037626  0.5681000684  -9999.0  -9999.0  -9999.0  -9999.0  -9999.0  -9999.0  -9999.0  -9999.0  -9999.0  -9999.0  -9999.0  -9999.0  -9999.0  -9999.0  -9999.0  -9999.0  -9999.0  -9999.0  -9999.0  -9999.0  -9999.0  -9999.0  -9999.0  -9999.0  -9999.0  -9999.0  -9999.0  -9999.0  -9999.0  -9999.0  -9999.0  -9999.0  -9999.0  -9999.0  -9999.0  -9999.0  -9999.0  -9999.0  -9999.0  -9999.0  -9999.0  -9999.0  -9999.0  -9999.0  -9999.0  -9999.0  -9999.0  -9999.0  -9999.0  -9999.0  -9999.0  -9999.0  -9999.0  -9999.0  -9999.0  -9999.0  -9999.0  -9999.0  -9999.0  -9999.0  -9999.0  -9999.0
-9999.0  -9999.0  -9999.0  -9999.0  -9999.0  -9999.0  -9999.0  -9999.0  -9999.0  1.06206440905  2.15459559956  4.27132501581  2.0823364425  1.01316374751  2.00504669383  8.61787763546  11.7709867421  0.657387431146  -9999.0  1.05829488179  -9999.0  -9999.0  -9999.0  -9999.0  1.23516781495  0.626763628951  -9999.0  -9999.0  -9999.0  -9999.0  -9999.0  -9999.0  -9999.0  -9999.0  -9999.0  -9999.0  -9999.0  -9999.0  -9999.0  -9999.0  -9999.0  -9999.0  -9999.0  -9999.0  -9999.0  -9999.0  -9999.0  -9999.0  -9999.0  -9999.0  -9999.0  -9999.0  -9999.0  -9999.0  -9999.0  -9999.0  -9999.0  -9999.0  -9999.0  -9999.0  -9999.0  -9999.0  -9999.0  -9999.0  -9999.0  -9999.0  -9999.0  -9999.0  -9999.0  -9999.0  -9999.0  -9999.0  -9999.0  -9999.0  -9999.0  -9999.0  -9999.0  -9999.0  -9999.0  -9999.0
-9999.0  -9999.0  -9999.0  -9999.0  -9999.0  -9999.0  -9999.0  -9999.0  1.15856702774  3.3232678427  4.35342295884  5.38843427361  7.3519471883  0.97898065021  3.92350521389  4.88341282262  18.2544198783  0.859451548991  0.919999164118  2.01112960434  2.94021254407  0.961601615345  -9999.0  3.26662998495  2.67973164374  0.751239770251  -9999.0  -9999.0  -9999.0  -9999.0  -9999.0  -9999.0  -9999.0  -9999.0  -9999.0  -9999.0  -9999.0  -9999.0  -9999.0  -9999.0  -9999.0  -9999.0  -9999.0  -9999.0  -9999.0  -9999.0  -9999.0  -9999.0  -9999.0  -9999.0  -9999.0  -9999.0  -9999.0  -9999.0  -9999.0  -9999.0  -9999.0  -9999.0  -9999.0  -9999.0  -9999.0  -9999.0  -9999.0  -9999.0  -9999.0  -9999.0  -9999.0  -9999.0  -9999.0  -9999.0  -9999.0  -9999.0  -9999.0  -9999.0  -9999.0  -9999.0  -9999.0  -9999.0  -9999.0  -9999.0
-9999.0  -9999.0  -9999.0  -9999.0  -9999.0  -9999.0  1.17103869359  1.08851477812  1.05598011423  1.06731016368  1.07635919449  7.54368523958  15.9237200718  16.9436460233  17.8428328173  0.876479131299  20.0291156843  20.935809561  1.85310603902  0.933865821389  3.85207667267  6.6823601836  0.926118940959  6.06556742657  1.01640021216  0.984859501699  1.06072244494  -9999.0  -9999.0  -9999.0  -9999.0  -9999.0  -9999.0  -9999.0  -9999.0  -9999.0  -9999.0  -9999.0  -9999.0  -9999.0  -9999.0  -9999.0  -9999.0  -9999.0  -9999.0  -9999.0  -9999.0  -9999.0  -9999.0  -9999.0  -9999.0  -9999.0  -9999.0  -9999.0  -9999.0  -9999.0  -9999.0  -9999.0  -9999.0  -9999.0  -9999.0  -9999.0  -9999.0  -9999.0  -9999.0  -9999.0  -9999.0  -9999.0  -9999.0  -9999.0  -9999.0  -9999.0  -9999.0  -9999.0  -9999.0  -9999.0  -9999.0  -9999.0  -9999.0  -9999.0
-9999.0  -9999.0  -9999.0  -9999.0  -9999.0  -9999.0  2.31504735658  3.41110299043  7.74733450438  10.8818802373  0.986486956972  1.01295309257  0.972016368417  2.86670788141  21.6038880359  0.852554926488  21.8113471898  25.29182208  2.71732856589  1.79531017188  7.55616764691  0.931722054117  6.9916769831  1.8820243811  0.95436015371  1.91390545732  2.06834869789  1.00701059352  1.01247751701  0.998805191445  1.04704077857  2.10475460676  -9999.0  -9999.0  -9999.0  -9999.0  -9999.0  -9999.0  -9999.0  -9999.0  -9999.0  -9999.0  -9999.0  -9999.0  -9999.0  -9999.0  -9999.0  -9999.0  -9999.0  -9999.0  -9999.0  -9999.0  -9999.0  -9999.0  -9999.0  -9999.0  -9999.0  -9999.0  -9999.0  -9999.0  -9999.0  -9999.0  -9999.0  -9999.0  -9999.0  -9999.0  -9999.0  -9999.0  -9999.0  -9999.0  -9999.0  -9999.0  -9999.0  -9999.0  -9999.0  -9999.0  -9999.0  -9999.0  -9999.0  -9999.0
-9999.0  -9999.0  -9999.0  -9999.0  -9999.0  1.20234451589  2.35168408305  1.13412901132  2.2236123297  11.9844864834  14.0339990105  16.0685223007  50.1760502161  0.948786348173  22.5425788215  79.8819405591  80.568944442  107.01483857  0.734430562269  2.65976196089  8.43663599501  0.874957692141  17.5054945663  9.61112592213  5.89279102945  4.94764348776  1.02244896256  2.99194943115  2.95938931436  1.97834600991  0.982502141094  3.1172113647  0.986906890196  0.980725979334  -9999.0  -9999.0  -9999.0  -9999.0  -9999.0  -9999.0  -9999.0  -9999.0  -9999.0  -9999.0  -9999.0  -9999.0  -9999.0  -9999.0  -9999.0  -9999.0  -9999.0  -9999.0  -9999.0  -9999.0  -9999.0  -9999.0  -9999.0  -9999.0  -9999.0  -9999.0  -9999.0  -9999.0  -9999.0  -9999.0  -9999.0  -9999.0  -9999.0  -9999.0  -9999.0  -9999.0  -9999.0  -9999.0  -9999.0  -9999.0  -9999.0  -9999.0  -9999.0  -9999.0  -9999.0  -9999.0
-9999.0  -9999.0  -9999.0  -9999.0  -9999.0  1.20061407101  3.50704202163  6.99313834149  8.08726895575  15.9910755773  17.0390062923  20.283296142  33.1663110668  52.8626211328  54.7506794163  55.622682413  1.69203830149  110.007508522  111.530758908  115.940190676  145.428865798  20.1869155533  18.4347491965  6.81738653344  0.916629455157  5.83239137559  3.93324099837  0.909262476462  3.88029022042  0.903236461555  1.86249289379  5.02324292761  5.97966109483  1.93318603411  0.949250733467  0.950260226477  -9999.0  -9999.0  -9999.0  -9999.0  0.633621709477  0.547714093914  -9999.0  -9999.0  -9999.0  -9999.0  -9999.0  -9999.0  -9999.0  -9999.0  -9999.0  -9999.0  -9999.0  -9999.0  -9999.0  -9999.0  -9999.0  -9999.0  -9999.0  -9999.0  -9999.0  -9999.0  -9999.0  -9999.0  -9999.0  -9999.0  -9999.0  -9999.0  -9999.0  -9999.0  -9999.0  -9999.0  -9999.0  -9999.0  -9999.0  -9999.0  -9999.0  -9999.0  -9999.0  -9999.0
-9999.0  -9999.0  -9999.0  -9999.0  -9999.0  1.17993213321  1.13233418864  4.59786214934  5.69946368338  6.82949366242  1.09721335821  2.18112749933  12.121542988  2.1418230644  1.03480845217  0.978492761612  0.896577028898  0.973628379509  0.939516267972  0.956949034396  146.327144702  148.970933267  0.875185140718  2.69285663803  1.82720968838  6.72765628326  1.82387816341  0.892960085042  4.81784101969  1.78918676215  4.29527317541  10.6246871308  9.79825325797  2.87714959636  2.84017513297  0.957183240666  0.958662961747  -9999.0  -9999.0  0.950041955574  1.42649142596  3.12704221047  0.582249578386  -9999.0  -9999.0  -9999.0  -9999.0  -9999.0  -9999.0  -9999.0  -9999.0  -9999.0  -9999.0  -9999.0  -9999.0  -9999.0  -9999.0  -9999.0  -9999.0  -9999.0  -9999.0  -9999.0  -9999.0  -9999.0  -9999.0  -9999.0  -9999.0  -9999.0  -9999.0  -9999.0  -9999.0  -9999.0  -9999.0  -9999.0  -9999.0  -9999.0  -9999.0  -9999.0  -9999.0  -9999.0
-9999.0  -9999.0  -9999.0  -9999.0  -9999.0  -9999.0  1.1866144417  1.17161558016  2.30387078243  3.42365905837  7.80891701106  10.0172152668  11.1084939462  1.10636771278  0.955979073465  12.4170298444  15.3014514104  16.2298099274  20.0396724141  20.9452734217  0.906655184346  149.871848507  154.306429104  3.5468347063  0.750134222301  7.57009055254  16.8092241665  6.57651820478  1.74787504547  0.875322307109  16.6612430568  11.5188841416  0.880448502742  0.87622523529  3.73065126266  2.82759795283  0.925028378264  0.919976669819  0.934694326352  1.86788516262  0.916070212423  3.80689293642  4.70941981434  0.892526996834  -9999.0  -9999.0  -9999.0  -9999.0  0.991894003765  0.953645601395  0.27897782954  -9999.0  -9999.0  -9999.0  -9999.0  -9999.0  -9999.0  -9999.0  -9999.0  -9999.0  -9999.0  -9999.0  -9999.0  -9999.0  -9999.0  -9999.0  -9999.0  -9999.0  -9999.0  -9999.0  -9999.0  -9999.0  -9999.0  -9999.0  -9999.0  -9999.0  -9999.0  -9999.0  -9999.0  -9999.0
-9999.0  -9999.0  -9999.0  -9999.0  -9999.0  -9999.0  -9999.0  1.18717706386  1.06298310661  2.1842485753  3.30973137193  1.11592309863  1.03959669323  6.40075382229  8.45081374871  10.521256617  0.977322480289  1.95109832734  0.963243345455  21.859069762  48.2193506128  48.8433379029  204.794223845  0.889743042954  2.24811727509  0.726127157197  17.6516617574  0.858166837596  2.63478555635  0.865247608077  17.5323007847  18.3971767116  1.75986204777  1.74397947923  9.32724228275  4.67826955006  1.83778645268  0.926113447101  1.87192310972  2.79087599883  4.59491831813  0.893867041268  6.53260854626  7.46152738065  0.871080904638  0.907225100541  0.937525150885  0.885701595462  0.855238705585  2.82159825839  1.08903613758  0.738366178016  -9999.0  -9999.0  -9999.0  -9999.0  -9999.0  -9999.0  -9999.0  -9999.0  -9999.0  -9999.0  -9999.0  -9999.0  -9999.0  -9999.0  -9999.0  -9999.0  -9999.0  -9999.0  -9999.0  -9999.0  -9999.0  -9999.0  -9999.0  -9999.0  -9999.0  -9999.0  -9999.0  -9999.0
-9999.0  -9999.0  -9999.0  -9999.0  -9999.0  -9999.0  -9999.0  -9999.0  2.20838222728  3.2403418847  1.10203081746  2.22117998697  3.27988156957  5.41574636752  1.08518630977  1.05826779439  0.955644690669  0.970443772578  0.914501986805  24.5051633351  0.976432611622  1.92667642353  207.452882786  209.622018497  1.24079719135  4.68575005213  23.2148988022  1.69939212208  3.43875336198  1.64491659579  2.43557822351  21.7730433876  2.57579468402  13.5831681763  11.0324931173  0.856990434557  4.53848743806  1.82252952643  2.75791744492  0.885080482045  5.47149568594  7.25062526401  8.09354518426  8.9084230735  10.789026369  1.67139717406  1.73851983271  1.64591586085  1.57124472985  3.58060815067  0.739009887787  2.57745659386  3.27807086785  -9999.0  -9999.0  -9999.0  -9999.0  -9999.0  -9999.0  -9999.0  -9999.0  -9999.0  -9999.0  -9999.0  -9999.0  -9999.0  -9999.0  -9999.0  -9999.0  -9999.0  -9999.0  -9999.0  -9999.0  -9999.0  -9999.0  -9999.0  -9999.0  -9999.0  -9999.0  -9999.0
-9999.0  -9999.0  -9999.0  -9999.0  -9999.0  -9999.0  -9999.0  -9999.0  1.13790938596  5.49097778598  6.57394644305  1.08691745776  2.14502160611  1.05856971919  1.01332747323  0.994842899412  12.2912275857  16.4265348064  20.1953906855  23.838612338  0.912855202401  0.962120014488  1.1333208588  214.088097924  216.378198198  217.530895054  31.3485934034  6.90683741955  5.97817130577  0.783120271724  3.22002057956  25.7908636774  0.800150633782  14.3889731555  0.854009121492  5.86635120309  5.44602589572  0.886294008036  3.63643227703  1.76046164337  2.62608197007  0.872067867377  0.811145010014  9.71657881061  10.4775365564  11.5483078304  2.53558729832  2.41706871246  2.3190011462  4.34534032991  5.82869487666  0.738123830418  3.98911428558  0.740985953299  1.43886650613  0.71247813475  -9999.0  -9999.0  -9999.0  -9999.0  -9999.0  -9999.0  -9999.0  -9999.0  -9999.0  -9999.0  -9999.0  -9999.0  -9999.0  -9999.0  -9999.0  -9999.0  -9999.0  -9999.0  -9999.0  -9999.0  -9999.0  -9999.0  -9999.0  -9999.0
-9999.0  -9999.0  -9999.0  -9999.0  -9999.0  -9999.0  -9999.0  -9999.0  -9999.0  1.13964576224  7.68074218704  8.75829657074  3.21241596312  5.3284178808  7.35847864887  8.37749620635  1.03132345356  3.1775098689  2.09625265009  1.03709579356  1.0394329858  0.975645443963  1.98358307522  3.50255413566  1.35626976842  251.358402466  252.609498129  1.17152840494  0.83025003187  1.59361776032  2.39079435798  28.1501208793  1.56544465385  15.1297405133  9.12116694361  7.48549484579  0.858247997994  1.72960777164  4.4634972488  0.823188904054  3.43513675823  1.66874664212  1.47491552106  0.707215294926  12.5821807492  24.7707951513  3.11746875541  3.01234314183  2.97411627147  0.648288562465  6.47285515755  0.632952367732  5.36829244499  0.68068997845  2.12627116899  3.40172951511  0.457652880145  0.469626972633  0.546059898134  0.555359715735  0.407577303615  -9999.0  -9999.0  0.315067349947  0.280668944922  -9999.0  -9999.0  -9999.0  -9999.0  -9999.0  -9999.0  -9999.0  -9999.0  -9999.0  -9999.0  -9999.0  -9999.0  -9999.0  -9999.0  -9999.0
-9999.0  -9999.0  -9999.0  -9999.0  -9999.0  -9999.0  -9999.0  -9999.0  -9999.0  -9999.0  1.06217533804  10.8976033158  1.06463528335  2.1198413844  3.11611463565  5.14001954988  1.04625378829  2.15189997425  1.06679848388  1.02824313751  0.978364241706  1.93868858914  0.911829905965  1.08250614674  2.38940939715  1.36923075765  253.768768571  256.085242852  259.330697033  3.30562488261  0.814064965544  1.62217762141  28.9587296954  28.2352459031  10.7798335679  0.825284112784  3.41770959807  2.57123461514  5.29285681645  1.64911747641  6.72642015425  2.4712658374  2.22144696141  0.603381120392  0.714848993889  25.5698026737  26.268027771  33.018330469  4.98687893708  1.33286027607  7.15921343501  8.45983026485  14.4571654449  1.34294967033  0.640006505082  3.94473573594  4.85290312421  0.451239914637  0.864038260492  1.49700812398  0.802849354084  0.396536474684  0.385197587726  0.642253618498  0.573992908272  0.287391671317  -9999.0  -9999.0  -9999.0  -9999.0  -9999.0  -9999.0  -9999.0  -9999.0  -9999.0  -9999.0  -9999.0  -9999.0  -9999.0  -9999.0
-9999.0  -9999.0  -9999.0  -9999.0  -9999.0  -9999.0  -9999.0  -9999.0  -9999.0  -9999.0  -9999.0  0.585368605959  12.2035359112  1.02538685463  2.01140446302  9.19066844043  1.06530206715  1.06376809744  0.946189421443  2.00157167164  0.96760179739  3.86695845457  5.67729912337  6.53617011896  3.2727774217  4.33515585781  1.23581268283  1.33560554149  1.21764170262  264.550972129  267.086787404  29.7167623081  29.7347148481  28.9894139602  1.57360771805  0.76832072638  4.20066065723  11.0682229805  6.08679572114  2.43929892447  9.9372547646  4.8137443013  4.0664936218  1.18248814413  0.519462741114  0.509559025297  0.564376320553  35.5236056209  42.5464337201  0.645724420316  0.599843238861  0.62924167746  15.076060515  17.0221647912  1.18797787373  0.542245632014  5.24633397461  0.81654282345  2.0455228991  3.94463483622  5.11454688001  5.85657724015  1.648337166  0.957498307516  0.883334339056  0.569978474748  0.283322470354  -9999.0  -9999.0  -9999.0  -9999.0  -9999.0  -9999.0  -9999.0  -9999.0  -9999.0  -9999.0  -9999.0  -9999.0  -9999.0
-9999.0  -9999.0  -9999.0  -9999.0  -9999.0  -9999.0  -9999.0  -9999.0  -9999.0  -9999.0  -9999.0  0.554683592815  13.5575403426  16.6962120164  0.987673812228  11.1717329771  0.99483227053  0.950015510253  1.88779310791  4.84233604823  0.950601414477  0.983579185367  0.896176312978  8.32779371401  9.19289626659  14.4236236581  16.5640147908  17.625873673  18.7761376511  19.9900972792  288.190707368  319.977549933  351.650190316  352.445650868  0.847464368165  0.773463842223  12.6361529702  11.8591146215  0.779746421697  0.776796608138  10.7008260502  16.2928228077  0.70025112646  8.31082850183  7.64686173636  2.33883011759  1.16809665273  1.85184629353  0.757787743404  43.8761177561  0.682271096869  1.89625961867  2.43111493645  21.3403612304  23.047932204  24.1359852243  29.8555930772  0.458082701991  0.407948526691  0.370903228786  0.347317362073  6.59618296984  8.56908881549  0.346294481069  2.07842876883  0.871875427417  0.535633437552  0.209646752317  0.191073795873  -9999.0  -9999.0  -9999.0  -9999.0  -9999.0  -9999.0  -9999.0  -9999.0  -9999.0  -9999.0  -9999.0
-9999.0  -9999.0  -9999.0  -9999.0  -9999.0  -9999.0  -9999.0  -9999.0  -9999.0  -9999.0  -9999.0  1.11654556714  2.14809464999  17.7129584595  19.6197992029  0.960049819495  12.9374993567  0.878288178985  2.69598878921  5.73489784178  1.85488996037  0.901919727979  1.8307354879  0.823875009193  1.62901070496  0.820493236386  0.788500308997  0.726774740942  0.689761678037  0.715253374983  0.807494176898  1.03069095807  1.17373845444  1.23133076396  355.471461182  16.0835739143  14.4533776649  0.854982262752  2.29168700242  0.644134394376  0.528206840008  17.034896287  27.572231374  9.09594304227  6.54321014767  1.26594486823  0.589391712021  0.555620593741  1.19495845501  45.7299142739  46.9931753913  0.656028593407  0.667975640501  0.67265939353  0.539979642068  1.03179577738  31.313785848  32.2088433401  33.0418620493  0.79273773838  0.428656679986  0.372912295978  8.91967103834  9.55851662553  2.33593089111  0.262163002027  0.760808915414  0.392005705024  0.357555676868  -9999.0  -9999.0  -9999.0  -9999.0  -9999.0  -9999.0  -9999.0  -9999.0  -9999.0  -9999.0  -9999.0
-9999.0  -9999.0  -9999.0  -9999.0  -9999.0  -9999.0  -9999.0  -9999.0  -9999.0  -9999.0  -9999.0  -9999.0  1.013468428  13.1324776911  33.7396343493  36.6950753344  50.5160573127  51.2698377891  12.8280083951  9.41372573285  2.77363770948  0.893269352533  3.6003376511  4.45750577091  6.91722531599  1.66961749986  1.60137437673  1.55051693779  3.04640315401  1.51071316268  1.58548754021  0.731121609087  0.620875304419  0.770842481539  356.451838126  373.050161329  373.959076498  0.893236347994  6.76089864779  2.719502709  0.788158244935  29.9477616403  1.6437379908  0.843128771764  3.44450856961  0.786413620026  0.724128779124  1.38973986504  1.95743249415  2.57016450449  48.0717796588  0.517743387497  0.454080522009  0.45914704194  0.397748408481  0.503079503188  1.19747284944  1.47658300973  35.2358408229  38.0855597663  1.67466949163  0.817996102992  0.456466335499  0.374426093146  12.6228715583  16.8556861993  3.68816070738  1.94438132876  1.22386737196  -9999.0  -9999.0  -9999.0  -9999.0  -9999.0  -9999.0  -9999.0  -9999.0  -9999.0  -9999.0  -9999.0
-9999.0  -9999.0  -9999.0  -9999.0  -9999.0  -9999.0  -9999.0  -9999.0  -9999.0  -9999.0  -9999.0  1.07720206939  9.99813782005  12.123772925  2.00990223988  0.621600686779  1.46570711812  53.65439827  54.447724032  68.0182909726  0.858079749858  1.74466034856  0.813992593739  0.826564909498  7.73343485053  10.2177573913  12.5879943874  0.76438813116  3.81358288844  6.07690838889  3.77342868668  1.465403731  1.29072132165  1.35965114127  1.45059351007  0.869597612693  374.747522227  375.433340105  383.652875471  1.367915547  0.70513514613  30.45676335  1.69059426122  0.863895287508  0.905199099587  0.897598833587  0.830674922456  1.59524778091  4.53506634649  7.77144895083  56.3592087831  0.387654843479  1.17163803893  0.80079813877  0.704911249412  0.331928474184  0.403812327097  0.437478234079  0.340505314984  38.7114809576  0.229492174975  0.728676168659  0.351418094575  0.279708994887  0.24600230912  17.1273971752  0.679105168527  0.313385836309  0.548446657169  0.243430232299  -9999.0  -9999.0  -9999.0  -9999.0  -9999.0  -9999.0  -9999.0  -9999.0  -9999.0  -9999.0
-9999.0  -9999.0  -9999.0  -9999.0  -9999.0  -9999.0  -9999.0  -9999.0  -9999.0  -9999.0  -9999.0  1.09995473462  6.84114169611  1.08051878343  0.993287913829  5.03533056089  5.95976282273  6.89603124524  7.8116371918  92.3620706217  93.1445343817  94.7865150825  106.904787174  109.447325083  111.00616555  111.845583696  126.459997564  128.542863779  129.327152084  136.224147868  140.804021786  141.539782406  144.230854563  2.05797370556  2.07151372484  0.627788737236  0.712001866617  376.202185839  386.454433622  2.10022086271  34.8086854382  34.1853000967  3.25303002489  0.794654371966  0.809492456154  0.7889386186  0.7750883667  1.56130028398  2.28198633373  0.716790614082  56.8510383027  57.3731583451  59.7885535264  60.2148155653  61.3140492668  62.0141112269  0.286613957551  0.333881375279  0.304878628353  39.0357236517  39.5337959197  40.5468685781  41.6808149541  0.523458912782  18.2566498516  17.7562900012  0.313446209217  6.80568757455  6.57232566233  0.654832823385  0.388087639125  -9999.0  -9999.0  -9999.0  -9999.0  -9999.0  -9999.0  -9999.0  -9999.0  -9999.0
-9999.0  -9999.0  -9999.0  -9999.0  -9999.0  -9999.0  -9999.0  -9999.0  -9999.0  -9999.0  -9999.0  3.48573798849  4.61778958438  2.17869870063  3.22353347031  1.03454124636  11.8271936117  12.8018777273  14.7463858857  15.6200884306  6.59786522371  102.698360883  103.516919604  0.873919981207  0.729821125539  0.676541191716  1.43689195342  0.698983355944  0.596690166599  0.574110902038  0.604485528125  142.247524103  144.948596101  147.667306569  150.322138752  152.808497056  1.23853977883  0.442991938272  423.137824598  36.0393390983  35.4518859273  0.716207468873  0.68552102643  0.654464446906  1.46632516502  1.44787872317  0.668625935122  0.670790386364  0.628917990694  1.33476391265  1.78430914654  0.345349324982  0.627218699147  0.267397499497  0.226232708432  62.2664021134  62.8488878713  63.5181744364  64.1792877922  64.5193067872  65.0558561139  65.2825420132  0.216858952177  42.2729424175  0.327531377619  25.7535196247  7.2033421718  0.471204480789  5.68197395995  4.77758829504  0.415485727535  -9999.0  -9999.0  -9999.0  -9999.0  -9999.0  -9999.0  -9999.0  -9999.0  -9999.0
-9999.0  -9999.0  -9999.0  -9999.0  -9999.0  -9999.0  -9999.0  -9999.0  -9999.0  -9999.0  -9999.0  -9999.0  2.35509006045  1.11396515339  1.05713387238  9.88267878102  10.8837692524  0.994952769177  3.98416853623  4.92026857612  5.80776305396  0.941488185182  0.866018499237  16.6241583449  17.4030153203  18.161162775  46.9274293157  47.582138123  48.7493490652  53.7527127194  57.1355649347  57.6747956252  0.522168004981  0.53809343634  0.517853869183  153.833632532  0.516065058874  429.917729812  429.152751806  5.38247412037  4.65906552096  2.76662790485  0.697860143384  1.29862147474  2.11027017172  2.09447645447  1.30950663788  0.645091087288  1.26604257115  1.25262717363  2.33892377896  0.423508782823  1.06848349646  1.74629711526  2.22932027905  2.49550799237  0.247350145937  0.249071131305  0.240491024171  0.243946846139  0.273859313774  65.6064231379  66.1071823208  108.62852207  108.796619688  27.5421417239  1.51095824856  1.01652765743  0.462036603988  4.00082379726  3.62764876499  -9999.0  -9999.0  -9999.0  -9999.0  -9999.0  -9999.0  -9999.0  -9999.0  -9999.0
-9999.0  -9999.0  -9999.0  -9999.0  -9999.0  -9999.0  -9999.0  -9999.0  -9999.0  -9999.0  -9999.0  -9999.0  1.19963989424  3.41382441085  4.48969371362  7.79877732718  1.03852076172  2.06721172132  3.04536634982  11.4632731614  12.335930721  13.0814694425  13.9757023409  14.9463210213  23.6624242195  26.475376602  28.0885729509  0.706159762129  3.80928413442  4.46028226724  55.4695320961  58.2793868633  59.4179616238  60.563816105  61.7098318697  216.077380257  0.361220549887  432.048423383  1.28158922593  0.580833695256  3.97927581826  3.37349706693  0.554414542071  1.88024715528  2.6813792192  2.65059284683  1.83561820667  3.01323055761  4.76845398044  1.77861502307  4.60883882511  0.451608507597  0.758100722398  0.186169655976  0.143379254136  2.92312837495  3.05834655243  0.412044839011  0.41706410725  0.631598722576  0.207872003861  0.207304504308  0.242224627143  151.966393015  151.825294041  42.6414841147  0.443475109108  2.26307229529  1.7943244678  1.20576677768  3.31244295631  2.30478130029  -9999.0  -9999.0  -9999.0  -9999.0  -9999.0  -9999.0  -9999.0  -9999.0
-9999.0  -9999.0  -9999.0  -9999.0  -9999.0  -9999.0  -9999.0  -9999.0  -9999.0  -9999.0  -9999.0  -9999.0  1.15687775823  2.28847661325  1.08577069116  2.19594747873  1.01102443083  7.52097138859  9.50765682674  10.5156785435  0.95660081436  1.85194597992  17.5303981399  21.947997463  22.7898761009  1.90064893497  1.76856722592  2.5884291711  0.613771251603  0.587362671279  1.12725263469  0.526390620084  27.5855176576  28.1073860323  28.6720964983  216.579295924  436.287674335  432.698725524  0.941669407903  0.389354978441  0.343734336709  1.34084935311  0.998311207265  2.39429729071  3.23086037572  6.46214587655  0.571223416018  0.569933819198  5.29491715052  5.8411219826  11.4241221953  11.7941118053  12.7469694851  13.093733903  0.294953299173  0.45815149453  3.18064215291  160.206078143  156.518842094  155.720969935  154.685467007  0.169837447374  153.462576923  0.351144956518  0.229181658585  14.4144490574  3.66181178119  3.35149862348  0.595762587566  0.64133672564  0.583847985836  1.90324113976  -9999.0  -9999.0  -9999.0  -9999.0  -9999.0  -9999.0  -9999.0  -9999.0
-9999.0  -9999.0  -9999.0  -9999.0  -9999.0  -9999.0  -9999.0  -9999.0  -9999.0  -9999.0  -9999.0  -9999.0  -9999.0  1.11792039655  2.23204669484  3.3417876116  5.42924353492  1.09619411079  1.01945839212  6.90084079689  7.8584565004  15.7821807707  16.7431582517  2.72556821764  0.971160915551  0.938784316604  0.878286175492  24.0996177247  24.7951480176  25.4388373696  25.9983604802  27.0756776686  5.43046442649  5.98713313154  35.1552348575  688.242928411  3.08192701353  2.60930055557  1.36926765336  0.328400090006  0.287474024175  2.03232325778  2.27364240448  2.98079294846  0.291716306765  6.82683688851  1.01210778287  0.998665637935  0.258012502446  0.17618212992  0.152061304285  0.137991882326  0.15515635204  13.3253890673  189.176703772  175.153729706  174.787439195  160.349833989  0.214836260179  0.172600568536  0.283375929954  153.767405199  0.622060738324  0.276507113842  0.275282081754  0.273589848928  10.1790517564  9.59796752389  1.08636041076  0.557633417401  0.669530549852  0.66600819958  -9999.0  -9999.0  -9999.0  -9999.0  -9999.0  -9999.0  -9999.0  -9999.0
-9999.0  -9999.0  -9999.0  -9999.0  -9999.0  -9999.0  -9999.0  -9999.0  -9999.0  -9999.0  -9999.0  -9999.0  -9999.0  -9999.0  1.09723632649  2.05475460888  2.92967342815  3.83151608242  4.85899445063  5.91024959104  3.09681085409  5.0994211274  0.953576566335  0.934893522682  19.6366098418  21.4756520816  22.346096568  23.2923889735  0.788677988998  1.48158432184  3.70525515443  4.37119915019  4.93705802644  0.599021811276  0.474346554726  689.531318297  0.481398776178  0.673612505926  0.312045011271  1.29056094102  0.620842679613  0.298062304483  5.56979747888  5.79525257055  0.179665042128  7.02268922769  8.21042060484  1.21391332133  196.86634684  196.458843067  196.106640606  195.438331081  195.186866261  190.34056888  190.149249604  0.271072838141  14.3551534655  13.5717755715  12.8037590935  12.6012271516  6.80794398731  6.6036885812  6.15919256725  1.90221218753  1.67322743847  1.11693118511  0.296842536642  9.20939503683  8.09820776719  0.512599222675  0.991144983501  0.437129782331  -9999.0  -9999.0  -9999.0  -9999.0  -9999.0  -9999.0  -9999.0  -9999.0
-9999.0  -9999.0  -9999.0  -9999.0  -9999.0  -9999.0  -9999.0  -9999.0  -9999.0  -9999.0  -9999.0  -9999.0  -9999.0  -9999.0  0.217098535071  0.503457679777  0.873184585858  7.95045962679  9.03792243522  1.09012302708  1.02797141122  1.00037946349  15.8565072205  17.8055893704  0.9527076315  0.972659533537  0.843268853601  3.40945137411  4.24125587114  2.34854789233  2.9988287441  19.2152447533  19.863315308  20.9988177184  33.5743785824  723.348488301  0.437824612969  0.25947025919  1.93449794834  1.61718488081  0.250288488505  0.808137605098  1.03419237257  6.057491331  6.2594725043  15.0087868177  8.39521769381  1.43756537001  201.126426667  1.81818070344  195.791783846  195.626498272  4.60218819959  0.276598646524  0.802197515226  0.416747678141  0.453586199051  0.612054951522  0.303814104514  5.60917849765  4.71734981023  0.300669724152  4.08879794303  0.645450581502  0.363877703209  0.825454956651  0.41178836878  0.848158173093  6.50578979531  5.54661859281  0.398594967002  0.667271360561  0.35399730432  -9999.0  -9999.0  -9999.0  -9999.0  -9999.0  -9999.0  -9999.0
-9999.0  -9999.0  -9999.0  -9999.0  -9999.0  -9999.0  -9999.0  -9999.0  -9999.0  -9999.0  -9999.0  -9999.0  -9999.0  -9999.0  1.14692114986  1.86564181294  3.928455746  6.92514826795  9.85849172117  11.8858443349  12.9092082458  13.9293367523  14.9258871664  0.96765140661  0.912324374177  1.80335903272  1.71136346863  0.874610873002  16.5260072183  17.3400699314  18.0967004802  18.8366087393  10.898987487  11.5171156744  12.1286197565  723.550991193  0.720364285556  0.647180154339  2.78627987098  0.305719625088  0.435962078764  0.221606888209  0.206941609432  1.22806898843  0.155840332103  0.169880313848  217.094189075  201.972891075  201.811871991  0.766612916327  1.65667678568  1.08223632957  0.272230769877  4.16907349316  1.21177887629  0.962811744546  0.706258025045  0.494597078685  0.28298236862  0.6468427712  4.45154272453  3.76573215982  3.11414727133  3.14920727742  2.894402052  2.67725004621  0.27924611436  0.425771432653  0.476506902768  4.14725868178  3.2112167319  1.89182215773  0.280492744912  -9999.0  -9999.0  -9999.0  -9999.0  -9999.0  -9999.0  -9999.0
-9999.0  -9999.0  -9999.0  -9999.0  -9999.0  -9999.0  -9999.0  -9999.0  -9999.0  -9999.0  -9999.0  -9999.0  -9999.0  -9999.0  0.807786381998  0.755506991789  1.47894384741  2.25502350325  1.02469244329  1.09851823302  2.13421920701  3.15773170076  5.12754955565  6.1071428852  7.01882315816  9.75590259866  10.6053596327  11.5017332083  0.81540172148  8.2512078811  8.98271919289  9.68057522595  0.595324820872  0.396331573588  0.686075502023  736.142453815  736.331291753  737.448497193  3.60247245167  0.600524580866  0.732189551145  0.191604164845  0.358395522893  1.38425674676  1.67137528713  0.299223156824  217.848650318  0.245454786807  0.422826086317  0.477628201839  0.327653269301  0.622003288978  0.248432416822  2.68078377903  2.13334554433  1.59657504119  0.824598070956  0.576598913596  0.317884650133  0.356198094386  0.389852056321  0.392861545768  2.83240287985  2.15360943535  1.48706686878  0.790716336851  2.4320775698  1.73370380609  0.387746532464  0.480542299456  0.468460767277  0.90279045177  0.492713961965  -9999.0  -9999.0  -9999.0  -9999.0  -9999.0  -9999.0  -9999.0
-9999.0  -9999.0  -9999.0  -9999.0  -9999.0  -9999.0  -9999.0  -9999.0  -9999.0  -9999.0  -9999.0  -9999.0  -9999.0  -9999.0  -9999.0  0.718357553527  1.42331315451  0.700060820333  1.44804191291  9.10046945352  10.0322398327  11.0479230519  0.982737428711  0.981798564059  1.89725196948  2.81832703676  4.49163522475  5.34206643558  5.8437435186  6.6353230385  0.68262015427  0.654642384536  10.8278398496  11.1874295449  11.4540132715  11.6989161679  9.51458462559  747.96919082  753.114646234  753.338775759  754.275938714  755.325061918  755.828194928  0.147616156547  1.80087893062  217.97827747  0.345109761107  0.178765272238  0.169848713327  0.155245587167  0.268483598071  0.286602710764  0.173035577819  0.282062221806  0.278744004299  0.554088650821  0.261891953656  0.194520179  0.73916167084  0.532549806827  0.289061568606  0.283576321866  0.317039862462  0.33381926635  0.370113300292  0.42309934383  0.454087304907  0.85178219665  0.300065117925  0.763551269751  0.307386603919  0.321020193028  -9999.0  -9999.0  -9999.0  -9999.0  -9999.0  -9999.0  -9999.0  -9999.0
-9999.0  -9999.0  -9999.0  -9999.0  -9999.0  -9999.0  -9999.0  -9999.0  -9999.0  -9999.0  -9999.0  -9999.0  -9999.0  -9999.0  -9999.0  -9999.0  2.11599643996  2.87069147016  5.10859773006  6.84311542564  0.935680406174  13.0457860507  14.0129976732  14.970406162  0.939201058183  1.85038971191  0.832939187699  6.23585710845  6.71249606586  7.44717523051  8.16252389088  10.0191884773  10.3148130082  0.193350329997  8.59836082469  9.07440522688  9.28704624345  10.3204787706  1.34444879448  0.870777975151  0.570709119377  0.552933585695  756.397857924  756.621690632  759.678121259  218.094900351  0.89276868122  0.442914503166  0.287998401144  0.0904956985083  0.872743400392  0.485099823333  0.145678556284  0.845940147321  0.728881131571  0.125549037958  1.45336999363  1.32077580043  0.956989945375  0.194704554507  0.597351937708  0.447242829146  0.179142777377  0.470153903733  0.289807694697  0.385693398892  0.372866046155  0.24260523991  0.537325578597  3.40244650556  1.83936483268  1.17213220163  0.473338653823  -9999.0  -9999.0  -9999.0  -9999.0  -9999.0  -9999.0  -9999.0
-9999.0  -9999.0  -9999.0  -9999.0  -9999.0  -9999.0  -9999.0  -9999.0  -9999.0  -9999.0  -9999.0  -9999.0  -9999.0  -9999.0  -9999.0  -9999.0  0.768523898331  3.61800618808  4.40287654157  0.990076524485  1.02901734202  2.05969548117  3.03769977716  18.970113055  0.932305812673  3.73893432737  4.59124913096  5.44525065552  0.498811749021  1.19501179135  1.65820559565  6.91884070062  7.74641551679  7.94202693593  0.232435759257  0.248571620583  0.320083026848  0.58682321731  0.262545061187  0.283162782461  0.504870159545  0.435125085755  0.497520624138  1.1276059094  759.938260245  978.612888949  1.10811528557  0.234508310385  0.0855524677408  2.8045830958  2.60178915482  1.57897510708  1.42738429794  1.07635345972  0.270440189001  0.196703088721  1.58565426614  0.684106504297  0.539147772062  0.165202085572  0.744970947511  1.3227366294  1.13126926882  0.696560855424  0.280079778494  1.06132698704  0.755957660366  0.456229822151  4.1914406195  4.01422443491  0.335543808787  0.304743731357  0.275327187186  0.25043811037  -9999.0  -9999.0  -9999.0  -9999.0  -9999.0  -9999.0
-9999.0  -9999.0  -9999.0  -9999.0  -9999.0  -9999.0  -9999.0  -9999.0  -9999.0  -9999.0  -9999.0  -9999.0  -9999.0  -9999.0  -9999.0  0.645973267469  2.12401090972  0.706036235003  1.09696333692  1.14261815583  2.17854866168  3.18291775106  4.07655410794  23.776262129  24.6706753434  0.919646589328  1.76626072558  2.61551221448  3.2537110498  3.975921303  6.19603382118  6.66536529691  0.555892898312  0.454068934936  0.410504212287  0.537639199634  0.505077654571  0.503118150092  0.433171175148  0.544353894386  1.64168812025  0.765151829707  0.215011690166  0.202384513058  0.214379045564  0.39461291834  987.318112673  7.36207800103  3.23017213294  0.211101258487  0.0875682316321  0.0753603921758  0.306224143225  0.223559057416  0.120322685665  0.118648855563  1.85035902385  2.68980738723  2.92746647096  0.110545738944  2.37630514758  1.51851648337  0.170100213224  0.141194842548  0.271434207282  2.14523546929  0.930447104958  0.599978801858  4.34778114995  0.166587994442  0.199807568281  1.06848117034  0.539092942461  0.909869140234  0.397913042635  -9999.0  -9999.0  -9999.0  -9999.0  -9999.0
-9999.0  -9999.0  -9999.0  -9999.0  -9999.0  -9999.0  -9999.0  -9999.0  -9999.0  -9999.0  -9999.0  -9999.0  -9999.0  -9999.0  0.685809475769  1.31217018951  4.78159536808  0.684466235505  2.0554455948  3.18314462127  4.25632563318  1.08387165234  2.04683305816  2.8924259074  28.2481494303  0.877767998565  1.68329337023  2.50149244534  0.754078294773  1.50019827287  2.03979289819  2.50553173207  55.8521697894  56.7373160303  57.5230905316  61.0462263251  62.6180074508  65.5165606975  0.658144475775  1.56926685131  2.02133843316  73.6612243947  74.074085643  0.181641431237  0.326089103604  0.461877473159  987.473108668  6.88179586565  3.37843274157  3.26874963451  2.35437651119  1.96473244878  0.405002794656  0.0909010175593  0.190061483832  0.103751904748  0.103792452291  0.24867196042  3.08502755852  5.73855305398  2.54108301679  0.470231241138  0.322951047559  0.159826762572  2.95091804116  2.53060629376  0.206851375543  5.30175900157  4.51731974045  0.318800814388  2.00287747954  1.27815156315  1.41033851761  1.19372946144  0.260850311681  -9999.0  -9999.0  -9999.0  -9999.0  -9999.0
-9999.0  -9999.0  -9999.0  -9999.0  -9999.0  -9999.0  -9999.0  -9999.0  -9999.0  -9999.0  -9999.0  -9999.0  -9999.0  -9999.0  0.690407453505  2.09459919316  7.56211705279  11.1359176371  0.621509517461  14.6765051068  19.6570750006  1.01697711495  1.96256952122  2.8350623393  36.3013709944  37.0034280673  0.781419394687  4.07454213232  4.78557311036  5.42180695568  50.2624388583  51.9309852654  52.8724305806  0.444370321257  2.48984470199  2.96127874541  1.34372653321  1.94617080091  68.1176832744  70.5160077046  70.9723456214  71.4021065464  74.5055867446  0.209207681983  0.169433684743  0.755435891314  987.598588271  0.164074492598  0.277888544986  0.826965091303  0.313480211057  1.8136660027  1.31080002796  0.769104801517  0.564944292387  0.246660230794  0.109721583454  0.367457218127  0.107138319411  5.86116674046  0.698099033519  0.578245900939  0.0999274308418  0.263173602324  3.07760441059  0.11029337961  0.187803843515  5.50520756067  0.124733059831  2.28828013162  2.1694109515  1.93596189364  1.7901413741  0.181701507988  0.698207533184  0.219066631282  -9999.0  -9999.0  -9999.0  -9999.0
-9999.0  -9999.0  -9999.0  -9999.0  -9999.0  -9999.0  -9999.0  -9999.0  -9999.0  -9999.0  -9999.0  -9999.0  -9999.0  -9999.0  -9999.0  -9999.0  1.45596697506  2.92665457258  13.2196413812  13.9659883067  20.319020726  21.0557890798  0.992873569025  1.98161024741  4.61905981469  37.6636945459  39.2697294836  39.9843639967  0.588685392842  42.5547331058  44.2769977687  1.09812373493  0.449885376628  0.86359674252  1.68084313363  0.403976775843  0.812389750473  1.74966880628  2.20513287679  0.419002406144  0.265794786246  0.527015878349  76.4882163009  77.1601635944  77.2970320947  78.450690951  987.703623412  0.0905663127184  0.189632208998  0.231818909613  0.223082359237  0.229815424862  0.194818743765  0.360720865795  0.0609705972528  0.180690824156  0.116821323206  0.131306585266  0.644761677676  6.83967300575  7.73877887141  7.87972079232  8.35986345674  0.108952810251  3.18831840028  0.600564217171  0.378045054349  5.62797832477  5.87487814118  2.40126379023  2.54780087058  2.14702451946  1.29584368985  1.1263251835  0.942327713329  -9999.0  -9999.0  -9999.0  -9999.0  -9999.0
-9999.0  -9999.0  -9999.0  -9999.0  -9999.0  -9999.0  -9999.0  -9999.0  -9999.0  -9999.0  -9999.0  -9999.0  -9999.0  -9999.0  -9999.0  -9999.0  0.758302259772  0.743892447742  0.738612692637  1.51986624188  0.673114902916  22.389392134  23.0533534242  0.892609668091  1.79897461554  0.942667975354  0.815546660108  0.797873404838  41.4311243903  0.586548983429  1.17382337413  0.569137004373  0.458969928526  0.414842104079  0.31695769159  0.330953004064  0.9975150821  1.3654973308  0.253410600663  0.220801922326  0.473973981439  0.794261024606  1.07966414495  0.32702264613  77.5397055433  78.5865548174  987.757209471  0.629086944465  0.457908855379  0.132028494819  0.326871632036  0.106436919992  0.0808052998355  0.449193938904  0.329401507836  0.225482488265  0.0476734215508  0.0520113378521  0.251201023235  0.179961670216  0.107129973712  0.117799363576  0.125626189949  12.7333723689  3.88949748859  0.0964078742387  0.165577810923  0.0786621265973  13.2169288037  7.25041144825  7.14642115932  2.30971383377  1.59750316512  0.135024734782  -9999.0  -9999.0  -9999.0  -9999.0  -9999.0  -9999.0
-9999.0  -9999.0  -9999.0  -9999.0  -9999.0  -9999.0  -9999.0  -9999.0  -9999.0  -9999.0  -9999.0  -9999.0  -9999.0  -9999.0  -9999.0  -9999.0  -9999.0  -9999.0  0.736387752522  2.2019970791  2.8157382021  3.46697278962  23.68470726  24.3131809449  24.9471854342  25.7063937804  26.4826960748  28.0672566568  28.6374162073  29.1962126573  29.6764796986  0.407855864963  0.375942520837  0.400061419137  1.39643750637  0.370465057535  0.344296729504  0.265627184909  0.758513755739  0.302377410842  0.220521108597  0.202548084782  0.172510599565  0.344114309856  0.481893197742  79.5391257087  1067.99128114  0.0742885953204  0.164589086581  0.10805147733  0.44060392709  0.231634341521  0.162409061968  1.02256558038  0.53061838011  0.154194060167  0.104599981896  0.359855195339  0.0593279843494  0.228077515852  0.168074223671  0.323306135634  0.113178279627  0.143564466093  12.8494065742  13.2107820198  16.7516113396  16.6670736484  16.5535895495  0.131315107234  2.12769727413  1.97526585753  0.151873485767  -9999.0  -9999.0  -9999.0  -9999.0  -9999.0  -9999.0  -9999.0
-9999.0  -9999.0  -9999.0  -9999.0  -9999.0  -9999.0  -9999.0  -9999.0  -9999.0  -9999.0  -9999.0  -9999.0  -9999.0  -9999.0  -9999.0  -9999.0  -9999.0  -9999.0  -9999.0  0.626417783035  4.8927433376  9.70396529323  10.3915188224  0.902039878582  1.78942374597  2.68683759152  3.45952536781  8.51844010758  8.96685069694  0.429357147915  0.417859981564  30.49309003  31.2162807494  31.5489965206  1.65230732354  0.238969406784  0.591625897686  0.865129837876  2.55378785462  3.11366572563  3.52874327329  0.376231503641  0.512949367458  0.167165465458  0.324653435279  0.164561992235  1068.25521885  0.0639600644404  0.284347846882  0.186021508257  0.686394232644  1.21268226858  1.40971694421  2.46779519624  0.720246297675  0.677671246746  0.534939343926  0.495865126093  0.0943003074977  0.262779253972  0.398804210003  0.368272218414  0.0501633058106  30.8648921705  30.6846878577  30.597796248  17.117012503  0.187365007214  3.02058398956  2.19013378287  1.47564813615  0.938513384712  0.158422036073  -9999.0  -9999.0  -9999.0  -9999.0  -9999.0  -9999.0  -9999.0
-9999.0  -9999.0  -9999.0  -9999.0  -9999.0  -9999.0  -9999.0  -9999.0  -9999.0  -9999.0  -9999.0  -9999.0  -9999.0  -9999.0  -9999.0  -9999.0  -9999.0  -9999.0  0.68795827775  2.17909675355  4.27708789315  5.59917589755  14.4352262519  15.2188284455  1.85094583717  2.75754042166  3.54824482335  4.33411697929  9.49219251328  10.396357992  18.5520952069  19.2361789136  19.6374015319  31.9010392673  34.454336298  0.59699450667  0.38810645785  0.371489962661  0.701134221168  0.310507176926  4.10284246308  4.29685430459  0.668853788377  0.908155936754  0.19260580296  211.641101908  211.962412489  1280.37144046  1280.73205463  0.065417439146  0.831662272399  0.0934045274596  0.0790196753772  2.64296086801  3.42588325313  0.637803159402  0.587883676239  0.0878691818552  0.0465897170848  0.307489648112  31.5752039874  31.1446493991  31.0990782543  30.9749086439  0.131640294245  0.159241714337  0.192804780575  0.20323684732  0.658031326214  0.443394830782  0.412872311644  0.623815669544  0.195968570544  -9999.0  -9999.0  -9999.0  -9999.0  -9999.0  -9999.0  -9999.0
-9999.0  -9999.0  -9999.0  -9999.0  -9999.0  -9999.0  -9999.0  -9999.0  -9999.0  -9999.0  -9999.0  -9999.0  -9999.0  -9999.0  -9999.0  -9999.0  -9999.0  -9999.0  -9999.0  0.774915588523  0.755176595626  1.43815584352  3.42181572546  15.8591802008  0.942244565288  0.930148611575  1.71626170845  2.50834175972  6.2491050449  6.85848357612  0.477628295227  0.449180725101  20.1247832859  20.5052133694  55.3175715366  55.6475721501  0.198763258071  0.169864534855  0.131969219789  0.133491980827  0.140473028403  207.883144026  209.057807039  210.225102064  210.657042424  211.428112819  0.179872522195  0.651046848958  0.779414538195  1281.72297881  1281.74186642  1281.87847494  1282.07476306  1282.22654917  3.57899833367  0.0405230625037  0.168728067342  0.135055796422  0.0330345693864  0.34031447092  31.7282627415  0.114625748602  0.0690351448093  0.662566648316  0.598433180902  0.497982525436  0.397366146179  0.225625587551  0.256504393731  0.24248328825  0.213172979713  0.226981932273  -9999.0  -9999.0  -9999.0  -9999.0  -9999.0  -9999.0  -9999.0  -9999.0
-9999.0  -9999.0  -9999.0  -9999.0  -9999.0  -9999.0  -9999.0  -9999.0  -9999.0  -9999.0  -9999.0  -9999.0  -9999.0  -9999.0  -9999.0  -9999.0  -9999.0  -9999.0  -9999.0  -9999.0  0.700830451165  0.729276269748  1.35814809336  18.5194981063  19.1957143554  0.916956577562  1.69668201477  2.50270112445  3.16942099005  0.606154448273  1.12069944812  44.2184248972  44.6283529411  45.0437246906  48.0518422815  104.086944013  199.970320091  200.446609961  200.860433455  201.250140536  202.875366936  203.404447993  0.961787861905  0.424603895971  0.25594335683  0.476585035419  0.32145427487  0.516855064759  0.155248786475  3.83693946716  4.10219838477  4.30896561083  4.35636063631  1282.26836033  1285.98334122  1286.27743516  0.220502582423  0.0349376654294  0.438620362747  0.378283850511  31.8078674922  0.0423135123334  1.26736538934  0.527488217396  0.449221782069  0.324404472986  0.177801533129  0.331898722768  0.173745523409  -9999.0  -9999.0  -9999.0  -9999.0  -9999.0  -9999.0  -9999.0  -9999.0  -9999.0  -9999.0  -9999.0
-9999.0  -9999.0  -9999.0  -9999.0  -9999.0  -9999.0  -9999.0  -9999.0  -9999.0  -9999.0  -9999.0  -9999.0  -9999.0  -9999.0  -9999.0  -9999.0  -9999.0  -9999.0  -9999.0  -9999.0  -9999.0  0.714328608968  1.36998471043  2.02813067715  19.7397653261  0.696970323586  27.0195210067  27.8456594923  28.4692804279  29.0201929175  42.0771728165  42.6095713476  0.449663094062  2.2006644715  2.65907192984  0.410978955684  95.4037632092  94.6793919163  0.208578518369  0.485481597196  1.30073151398  0.289104687679  0.299341882661  0.214232631967  0.171701665615  0.128549010424  0.149293228365  3.3502188168  3.50200890784  3.69186725393  0.169711999396  0.144049930203  4.42921145618  4.48946718336  4.5208118813  1286.29584872  1286.31432867  0.530132694213  0.467800964285  33.1775353784  33.15006133  1.30680950202  0.114089018499  0.0610080608976  0.899838843576  0.798792746044  0.668735243292  0.485697812534  0.260805305499  0.119702289296  -9999.0  -9999.0  -9999.0  -9999.0  -9999.0  -9999.0  -9999.0  -9999.0  -9999.0  -9999.0
-9999.0  -9999.0  -9999.0  -9999.0  -9999.0  -9999.0  -9999.0  -9999.0  -9999.0  -9999.0  -9999.0  -9999.0  -9999.0  -9999.0  -9999.0  -9999.0  -9999.0  -9999.0  -9999.0  -9999.0  -9999.0  0.658279957321  0.617668013989  3.18917472961  24.2105046855  25.5438114862  26.2533496765  0.825955158757  11.6114915893  12.2191416698  12.5218328178  0.521501057636  0.997823543632  1.41569592526  23.0203651409  23.3268170973  23.5810063222  94.2206371431  55.3626571198  0.270286731803  0.277574707886  0.265425804945  0.19570304926  2.07566076559  2.47437000033  2.81767181979  3.0062758733  3.18639056502  24.0417156968  24.1603457842  24.3503836763  24.8459293281  26.4592073718  26.5045784349  31.0697707025  0.033067828569  1286.32734234  1286.35171085  0.566158776953  33.2008624551  0.0612625413967  0.0311711540277  0.159795322369  1.31087876089  1.25868702051  0.244640432805  0.126534275891  0.547969330487  0.415624722225  0.118433440496  0.103015818408  0.101239061886  -9999.0  -9999.0  -9999.0  -9999.0  -9999.0  -9999.0  -9999.0  -9999.0
-9999.0  -9999.0  -9999.0  -9999.0  -9999.0  -9999.0  -9999.0  -9999.0  -9999.0  -9999.0  -9999.0  -9999.0  -9999.0  -9999.0  -9999.0  -9999.0  -9999.0  -9999.0  -9999.0  -9999.0  -9999.0  -9999.0  1.28527679999  1.95519841978  0.699537152203  0.922638965349  8.5571485334  9.42534268355  10.1172155891  4.72737729228  5.29009077149  5.8681755132  6.30692064143  22.3340470248  22.7451245747  14.3919059195  38.2973909628  38.600075421  55.1407715891  0.555951199344  0.277726204262  0.18548970212  1.44525753541  1.69084780621  0.133359529033  0.122917511043  23.4717986072  23.7831558383  23.9301368609  0.240380846282  0.35554502292  26.2133521374  0.157082875624  0.368072924214  0.400176706353  31.5324879308  31.563091337  32.007650401  1318.93719391  33.2885318306  1.63324143846  1.60400217017  1.5632744093  1.35834132792  0.0627815710853  0.743407826485  0.666101870848  0.196761763936  0.0989804326676  0.203762809204  0.467501955409  0.263661379019  -9999.0  -9999.0  -9999.0  -9999.0  -9999.0  -9999.0  -9999.0  -9999.0
-9999.0  -9999.0  -9999.0  -9999.0  -9999.0  -9999.0  -9999.0  -9999.0  -9999.0  -9999.0  -9999.0  -9999.0  -9999.0  -9999.0  -9999.0  -9999.0  -9999.0  -9999.0  -9999.0  -9999.0  -9999.0  -9999.0  0.641698258178  1.27095124462  5.31912542051  6.03054309402  6.80817811513  3.41636671759  4.15065613939  0.598428572967  14.5376169624  15.0902263399  15.6128056401  0.454265197578  13.6268618459  14.0506149949  0.312147445844  53.6650224332  0.641526373476  0.317903281754  0.79093174199  1.06967072782  0.195506067648  0.15294682602  21.8492668991  23.1935465922  23.3816409009  0.196470344079  0.391340588882  0.494302684628  0.598208272819  1.20265950435  0.130958340723  0.305735124707  0.0541729841852  0.10562350821  31.9389073679  31.9759113781  1318.96151813  1354.08387855  1.81502937265  0.131306922532  0.0672285779759  0.0952980888976  0.0520048415774  0.812754409542  0.388682171913  0.294920979104  1.32647667525  1.22348959191  0.866669100951  0.198362476947  0.107413710224  -9999.0  -9999.0  -9999.0  -9999.0  -9999.0  -9999.0  -9999.0
-9999.0  -9999.0  -9999.0  -9999.0  -9999.0  -9999.0  -9999.0  -9999.0  -9999.0  -9999.0  -9999.0  -9999.0  -9999.0  -9999.0  -9999.0  -9999.0  -9999.0  -9999.0  -9999.0  -9999.0  -9999.0  -9999.0  0.636289804424  1.98735923116  3.42920989636  0.791241966611  1.67774911788  2.58959545434  12.1336733621  12.8210118  13.3941714942  0.539458140452  10.7697837636  12.3603205504  12.8242128158  0.370157549104  52.3480168199  53.0596356951  0.328938214891  0.29864708024  0.582244250608  0.225687024063  20.8210385315  21.207961771  21.4347741213  0.867767157742  1.06372961028  0.165150257415  0.285645184116  0.121745122967  0.868526253172  0.123519338652  0.0794277769882  0.0843143674184  0.0864923787556  0.177510260842  0.230143634707  95.1685182795  95.2878366088  1449.48326316  1449.57479916  1449.64977908  0.0899881061514  1.57684003859  1.45699248513  0.55652192244  0.514710567905  0.0619622466001  1.54451029152  0.113277313451  0.104518156863  0.0868152311727  0.394236328084  0.171595480606  -9999.0  -9999.0  -9999.0  -9999.0  -9999.0  -9999.0
-9999.0  -9999.0  -9999.0  -9999.0  -9999.0  -9999.0  -9999.0  -9999.0  -9999.0  -9999.0  -9999.0  -9999.0  -9999.0  -9999.0  -9999.0  -9999.0  -9999.0  -9999.0  -9999.0  -9999.0  -9999.0  -9999.0  -9999.0  0.690804414733  0.748386856091  0.876470481252  7.92561166413  8.80083291028  11.3470059604  0.726631682326  8.51744260291  9.74646684199  0.551424199949  1.11229696427  0.433510188622  51.2201100111  0.4421210876  1.11294533613  1.36169550575  1.5947148844  19.3263410229  20.1870290847  20.4448988261  0.2596543357  0.471735043557  0.658897235979  0.103808881804  0.0931790991839  48.0897107789  48.1806422794  48.2515480873  49.0506035876  49.1419853974  49.2583562574  49.3200828552  80.6384882445  80.7059343385  95.1341421881  0.081105598751  0.0937503912779  0.151779699878  1449.80164834  1450.01466263  1451.62958412  1451.62803919  0.0800400992412  0.0493530854929  1.7168282188  1.66510240747  0.0782641694488  0.200798858537  1.68176301552  1.08295550111  0.947982750521  0.256723093894  -9999.0  -9999.0  -9999.0  -9999.0  -9999.0
-9999.0  -9999.0  -9999.0  -9999.0  -9999.0  -9999.0  -9999.0  -9999.0  -9999.0  -9999.0  -9999.0  -9999.0  -9999.0  -9999.0  -9999.0  -9999.0  -9999.0  -9999.0  -9999.0  -9999.0  -9999.0  -9999.0  -9999.0  0.619695602752  1.54482299366  3.26560277289  7.07218915765  0.94971290981  1.77559203276  6.51616271422  7.21602039963  0.631049521664  12.6018372042  13.1611470287  49.8587184491  50.3255100808  0.396949205166  0.745296094027  3.34280415359  16.5430705631  17.5600684148  0.632816976066  0.283983587021  0.213376980834  41.7324341413  42.0897298649  42.367092922  42.6480078287  48.007278711  0.290412550762  48.9646889597  0.163112016237  0.0973763527096  0.171150923905  31.1652999279  31.2758836939  14.061983453  14.34512123  0.187135442645  0.0907077798539  0.106232368847  0.0892440616855  0.124965142184  0.0401398390622  1521.8281414  1521.92079737  2.12910894318  1.81300526583  0.0567760530679  2.41450599785  2.27278920748  1.97086821092  0.180672723114  0.228271771484  0.273357792072  -9999.0  -9999.0  -9999.0  -9999.0  -9999.0
-9999.0  -9999.0  -9999.0  -9999.0  -9999.0  -9999.0  -9999.0  -9999.0  -9999.0  -9999.0  -9999.0  -9999.0  -9999.0  -9999.0  -9999.0  -9999.0  -9999.0  -9999.0  -9999.0  -9999.0  -9999.0  -9999.0  -9999.0  -9999.0  1.0774784407  2.07554736367  2.97399626056  4.82763494459  5.6728224846  9.29521011477  10.8711370352  11.4449073698  12.0310570994  35.6883524434  36.220820544  0.400224516769  2.56330220775  2.99011875314  12.4324010354  12.8776933445  0.650813332047  0.264039980494  40.5383849605  41.1411743405  41.3747654295  0.198332293679  4.87173627027  5.0365929514  5.21819347603  0.15190937699  0.106983046221  0.0766955781258  0.0769127969298  30.8151774287  30.925863693  0.0773885537305  13.989445528  13.479745248  13.4122007145  0.0702268076029  0.0706465060484  0.118274636846  0.167950470778  69.9189996212  70.1921802779  1524.08597901  0.177576599475  0.0479449930091  2.5335233945  0.072120291874  0.378860186485  0.28128201362  0.166447244731  -9999.0  -9999.0  -9999.0  -9999.0  -9999.0  -9999.0  -9999.0
-9999.0  -9999.0  -9999.0  -9999.0  -9999.0  -9999.0  -9999.0  -9999.0  -9999.0  -9999.0  -9999.0  -9999.0  -9999.0  -9999.0  -9999.0  -9999.0  -9999.0  -9999.0  -9999.0  -9999.0  -9999.0  -9999.0  -9999.0  -9999.0  1.02839260325  3.08324337078  3.92911245807  5.72521869922  7.50082423979  8.45778865388  0.816693220185  9.075482122  34.3751550808  35.1227373156  0.668146957912  1.267534939  2.23220044975  11.5705865679  12.0259438773  26.2632675798  26.930780641  40.1307122947  40.3552205531  0.366689725442  4.03013228283  4.51932624064  4.74169649728  0.166104012934  26.7491591095  26.8946245838  27.3934656963  29.6896281024  30.4763461196  30.6296372805  0.158105842254  0.264989826526  0.351279591267  11.8166533022  13.2872143304  0.943886573165  0.865542937423  0.10634389928  0.111818339352  69.7064569062  0.236255641302  0.0879009478061  1524.16389727  0.0210527921281  0.0247260564257  3.04493901928  0.460870888884  0.0770651436396  0.0958209436759  -9999.0  -9999.0  -9999.0  -9999.0  -9999.0  -9999.0  -9999.0
-9999.0  -9999.0  -9999.0  -9999.0  -9999.0  -9999.0  -9999.0  -9999.0  -9999.0  -9999.0  -9999.0  -9999.0  -9999.0  -9999.0  -9999.0  -9999.0  -9999.0  -9999.0  -9999.0  -9999.0  -9999.0  -9999.0  -9999.0  -9999.0  1.08961053675  1.03751012604  3.93203090302  4.77871442959  0.884148206036  7.34077396284  8.21565260648  0.82991955855  23.7081825516  0.798664451043  4.91840049371  10.5169148809  11.1064113527  23.7192459047  24.1786397894  25.8712331034  0.424527944846  12.900391308  0.317029960816  0.551380177318  3.84908521469  0.285975734132  6.25344158946  26.4591944312  0.215304165526  0.39877788436  1.86158272028  0.218757639008  0.328516356206  0.21017376253  0.108522539374  10.536199815  11.3891287544  11.7361551181  0.433419880182  0.259810020696  0.479742750678  0.154274764884  69.3399805887  69.4351249246  0.149483515677  0.0435156628495  0.0176220003821  1524.2705192  1527.76574461  3.47821244338  0.3976016355  0.336190413748  0.193871794721  -9999.0  -9999.0  -9999.0  -9999.0  -9999.0  -9999.0  -9999.0
-9999.0  -9999.0  -9999.0  -9999.0  -9999.0  -9999.0  -9999.0  -9999.0  -9999.0  -9999.0  -9999.0  -9999.0  -9999.0  -9999.0  -9999.0  -9999.0  -9999.0  -9999.0  -9999.0  -9999.0  -9999.0  -9999.0  -9999.0  -9999.0  -9999.0  1.0142285388  1.05222726328  1.02388052824  5.51083936895  6.45193952898  10.6586784222  22.9421956161  0.853183908506  2.57418828629  3.40944760187  4.94582910355  1.35714007772  23.1228712737  0.622673034504  1.21025312819  12.0342771347  0.489385366498  2.04992472742  2.63815083174  0.387967925234  0.284262177647  6.09951989631  20.0049684025  0.294557182986  1.04446114099  1.71924614466  0.269456142191  0.188046431825  9.41065379697  9.94994700519  0.381470188044  0.744530139345  0.202384670504  0.319039630621  0.152353780169  0.110918892594  0.1084798122  69.2542407342  0.294941100985  -9999.0  -9999.0  0.0476561003688  0.082081055773  1527.75311406  1527.74102056  1527.92848018  0.11694226667  -9999.0  -9999.0  -9999.0  -9999.0  -9999.0  -9999.0  -9999.0  -9999.0
-9999.0  -9999.0  -9999.0  -9999.0  -9999.0  -9999.0  -9999.0  -9999.0  -9999.0  -9999.0  -9999.0  -9999.0  -9999.0  -9999.0  -9999.0  -9999.0  -9999.0  -9999.0  -9999.0  -9999.0  -9999.0  -9999.0  -9999.0  -9999.0  -9999.0  -9999.0  0.891669518224  2.79893008853  3.59689159706  9.87648496389  3.3928560268  11.4586370137  7.35773051249  0.858737102651  2.55280963074  4.13173607898  0.691521159727  21.1303995034  8.30772454106  10.3944383684  1.19218856413  1.1939677567  0.45465810269  0.41826929433  5.26387092562  5.55312538659  19.1672745289  19.4359150607  0.519463486324  0.797880195646  0.212509379805  7.28729073743  8.3849082398  9.29477812706  0.411766386432  0.188576726305  0.543387021509  0.191769576936  0.139799888361  0.0917274991297  68.0720089721  68.5179556558  68.7629369965  0.198606314393  -9999.0  -9999.0  -9999.0  -9999.0  -9999.0  0.0152187647777  1527.9133899  1527.92335647  -9999.0  -9999.0  -9999.0  -9999.0  -9999.0  -9999.0  -9999.0  -9999.0
-9999.0  -9999.0  -9999.0  -9999.0  -9999.0  -9999.0  -9999.0  -9999.0  -9999.0  -9999.0  -9999.0  -9999.0  -9999.0  -9999.0  -9999.0  -9999.0  -9999.0  -9999.0  -9999.0  -9999.0  -9999.0  -9999.0  -9999.0  -9999.0  -9999.0  -9999.0  1.12082995258  1.04341111288  9.13075010033  0.805124024573  2.67841317238  4.70460591419  6.5442393105  0.921086973561  0.858613452897  0.805073516958  19.6205755216  20.4037654581  7.67024787291  1.48975420802  0.693701435703  0.693539082049  4.40270568525  4.93639410211  17.0110513566  17.8330733021  18.5743622263  0.344859895639  0.270183770286  6.72460593602  6.90629486086  7.12420277952  0.961482623642  0.491885271645  0.228712713055  0.218482838152  0.151434793706  1.32118297882  1.42479000029  67.8249848961  67.9670599313  0.332239223441  0.126753805482  0.0991919037116  -9999.0  -9999.0  -9999.0  -9999.0  -9999.0  -9999.0  -9999.0  -9999.0  -9999.0  -9999.0  -9999.0  -9999.0  -9999.0  -9999.0  -9999.0  -9999.0
-9999.0  -9999.0  -9999.0  -9999.0  -9999.0  -9999.0  -9999.0  -9999.0  -9999.0  -9999.0  -9999.0  -9999.0  -9999.0  -9999.0  -9999.0  -9999.0  -9999.0  -9999.0  -9999.0  -9999.0  -9999.0  -9999.0  -9999.0  -9999.0  -9999.0  -9999.0  -9999.0  2.17207134982  7.27761686145  4.10109303897  0.960780810319  3.86878970433  0.928770707829  2.87650882952  3.64587352796  17.4615299214  18.9833962129  6.21239939997  6.95593530162  0.739955787275  3.14723892781  3.80478213037  10.5997057378  16.1140658776  16.6430389181  0.486475831856  0.385562762298  5.12250618869  5.80458818443  6.53756630051  0.275426952897  0.508829346576  0.759809469533  0.244753599566  0.550397602077  0.878980344935  1.01536146162  1.21906202699  0.1227260209  66.1251803852  0.283019440535  0.204697690018  -9999.0  -9999.0  -9999.0  -9999.0  -9999.0  -9999.0  -9999.0  -9999.0  -9999.0  -9999.0  -9999.0  -9999.0  -9999.0  -9999.0  -9999.0  -9999.0  -9999.0  -9999.0
-9999.0  -9999.0  -9999.0  -9999.0  -9999.0  -9999.0  -9999.0  -9999.0  -9999.0  -9999.0  -9999.0  -9999.0  -9999.0  -9999.0  -9999.0  -9999.0  -9999.0  -9999.0  -9999.0  -9999.0  -9999.0  -9999.0  -9999.0  -9999.0  -9999.0  -9999.0  -9999.0  1.11675221463  1.05358347505  2.02439506141  0.988563262109  1.94314051144  1.97001448912  10.8273000955  11.5105252735  1.65812620652  0.851745633355  5.46217468167  1.64975314034  2.47802211504  8.69990250893  9.3822701823  10.0485530969  4.96223753728  1.87551077095  2.96597229169  3.88750076046  4.86035093079  0.458291431959  0.396606799541  37.604306938  37.9035458971  38.1360775508  0.210999122788  0.375633161854  0.202234360545  0.13068083418  62.5978238603  63.4087744564  2.09834406703  1.88169723429  0.174370529001  -9999.0  -9999.0  -9999.0  -9999.0  -9999.0  -9999.0  -9999.0  -9999.0  -9999.0  -9999.0  -9999.0  -9999.0  -9999.0  -9999.0  -9999.0  -9999.0  -9999.0  -9999.0
-9999.0  -9999.0  -9999.0  -9999.0  -9999.0  -9999.0  -9999.0  -9999.0  -9999.0  -9999.0  -9999.0  -9999.0  -9999.0  -9999.0  -9999.0  -9999.0  -9999.0  -9999.0  -9999.0  -9999.0  -9999.0  -9999.0  -9999.0  -9999.0  -9999.0  -9999.0  -9999.0  -9999.0  -9999.0  0.951460183136  0.940014317597  1.01705032888  4.06558158496  9.92566714505  4.91556509562  0.916830847226  3.74125191774  4.62700126793  0.814975161711  7.29111245546  8.00574520868  2.2846787169  3.62918351761  0.682659888339  1.24013637228  0.573770361838  0.461710895671  0.455235306585  36.6697226494  37.0537246472  37.3286255412  1.40327335108  39.8087275935  40.0422412716  40.2370801736  40.4227585574  40.7471772566  62.5070610371  62.7888331408  0.510430766479  1.70340827803  0.448242221389  -9999.0  -9999.0  -9999.0  -9999.0  -9999.0  -9999.0  -9999.0  -9999.0  -9999.0  -9999.0  -9999.0  -9999.0  -9999.0  -9999.0  -9999.0  -9999.0  -9999.0  -9999.0
-9999.0  -9999.0  -9999.0  -9999.0  -9999.0  -9999.0  -9999.0  -9999.0  -9999.0  -9999.0  -9999.0  -9999.0  -9999.0  -9999.0  -9999.0  -9999.0  -9999.0  -9999.0  -9999.0  -9999.0  -9999.0  -9999.0  -9999.0  -9999.0  -9999.0  -9999.0  -9999.0  -9999.0  -9999.0  -9999.0  -9999.0  1.0354942092  2.10581019495  2.07905083676  2.02734776353  1.97085639216  2.91507672622  4.81144462432  5.63598938831  6.52146293671  0.777401259638  1.57217429324  0.692754714404  0.632568278797  22.2573064841  27.1732287862  28.2574778114  28.7932921576  36.320411339  0.425685537331  0.770734238404  1.18143320379  6.77924313426  7.01071738553  7.19933456565  15.8088816418  19.6241722291  21.5689206478  0.271480024205  0.287829366438  1.04871935534  0.260335905629  -9999.0  -9999.0  -9999.0  -9999.0  -9999.0  -9999.0  -9999.0  -9999.0  -9999.0  -9999.0  -9999.0  -9999.0  -9999.0  -9999.0  -9999.0  -9999.0  -9999.0  -9999.0
-9999.0  -9999.0  -9999.0  -9999.0  -9999.0  -9999.0  -9999.0  -9999.0  -9999.0  -9999.0  -9999.0  -9999.0  -9999.0  -9999.0  -9999.0  -9999.0  -9999.0  -9999.0  -9999.0  -9999.0  -9999.0  -9999.0  -9999.0  -9999.0  -9999.0  -9999.0  -9999.0  -9999.0  -9999.0  -9999.0  -9999.0  -9999.0  1.07235200127  1.06272918758  1.02825397116  0.992223753981  1.99090553562  3.89960161297  3.73232222592  4.56527911212  5.28190572801  12.1615992615  12.8308778944  21.2101970046  21.8094818069  4.44833120415  0.555377508632  6.55725392547  7.0375968339  2.7375538219  5.26080925393  6.14843448647  6.52275208448  0.315916680253  8.45265010739  16.5029003549  19.4871548346  0.271385648125  1.4648956039  0.262799475966  0.800970466525  -9999.0  -9999.0  -9999.0  -9999.0  -9999.0  -9999.0  -9999.0  -9999.0  -9999.0  -9999.0  -9999.0  -9999.0  -9999.0  -9999.0  -9999.0  -9999.0  -9999.0  -9999.0  -9999.0
-9999.0  -9999.0  -9999.0  -9999.0  -9999.0  -9999.0  -9999.0  -9999.0  -9999.0  -9999.0  -9999.0  -9999.0  -9999.0  -9999.0  -9999.0  -9999.0  -9999.0  -9999.0  -9999.0  -9999.0  -9999.0  -9999.0  -9999.0  -9999.0  -9999.0  -9999.0  -9999.0  -9999.0  -9999.0  -9999.0  -9999.0  -9999.0  -9999.0  -9999.0  -9999.0  1.05558056639  0.98004503354  0.972692457215  2.85741639318  2.72765965847  5.30368572955  6.16702955663  0.766752295943  7.68435239257  3.12763855935  3.85418542365  4.12691141848  6.05675258604  1.7145633406  0.551870755299  2.17692544943  0.518121767989  4.63484950371  5.50925792793  7.88037480007  0.386508216227  1.77569970552  0.668713261783  0.920770129234  0.28979008816  0.549681579954  -9999.0  -9999.0  -9999.0  -9999.0  -9999.0  -9999.0  -9999.0  -9999.0  -9999.0  -9999.0  -9999.0  -9999.0  -9999.0  -9999.0  -9999.0  -9999.0  -9999.0  -9999.0  -9999.0
-9999.0  -9999.0  -9999.0  -9999.0  -9999.0  -9999.0  -9999.0  -9999.0  -9999.0  -9999.0  -9999.0  -9999.0  -9999.0  -9999.0  -9999.0  -9999.0  -9999.0  -9999.0  -9999.0  -9999.0  -9999.0  -9999.0  -9999.0  -9999.0  -9999.0  -9999.0  -9999.0  -9999.0  -9999.0  -9999.0  -9999.0  -9999.0  -9999.0  -9999.0  -9999.0  -9999.0  -9999.0  0.966111897639  0.906139379034  1.82868216508  1.75121322998  4.48020013774  6.11613895109  1.64817136066  2.38679346012  2.15773546744  3.51521096479  1.31505983305  1.20314012129  1.18641876454  0.510177962942  2.74178821497  4.21810551068  0.469872147005  1.96074705342  0.805777006877  0.606276633814  0.316743108226  0.303052148517  0.320694944652  -9999.0  -9999.0  -9999.0  -9999.0  -9999.0  -9999.0  -9999.0  -9999.0  -9999.0  -9999.0  -9999.0  -9999.0  -9999.0  -9999.0  -9999.0  -9999.0  -9999.0  -9999.0  -9999.0  -9999.0
-9999.0  -9999.0  -9999.0  -9999.0  -9999.0  -9999.0  -9999.0  -9999.0  -9999.0  -9999.0  -9999.0  -9999.0  -9999.0  -9999.0  -9999.0  -9999.0  -9999.0  -9999.0  -9999.0  -9999.0  -9999.0  -9999.0  -9999.0  -9999.0  -9999.0  -9999.0  -9999.0  -9999.0  -9999.0  -9999.0  -9999.0  -9999.0  -9999.0  -9999.0  -9999.0  -9999.0  -9999.0  -9999.0  -9999.0  0.912232048909  1.8398530593  3.64557211358  0.848261324296  0.843617062001  0.727264985761  1.48123339366  0.697955689006  0.66253215083  0.629800855786  0.620056209201  1.14985492114  2.27581044151  1.05225304487  1.06815792085  1.54034527817  0.422808043207  0.297844904117  -9999.0  -9999.0  -9999.0  -9999.0  -9999.0  -9999.0  -9999.0  -9999.0  -9999.0  -9999.0  -9999.0  -9999.0  -9999.0  -9999.0  -9999.0  -9999.0  -9999.0  -9999.0  -9999.0  -9999.0  -9999.0  -9999.0  -9999.0
-9999.0  -9999.0  -9999.0  -9999.0  -9999.0  -9999.0  -9999.0  -9999.0  -9999.0  -9999.0  -9999.0  -9999.0  -9999.0  -9999.0  -9999.0  -9999.0  -9999.0  -9999.0  -9999.0  -9999.0  -9999.0  -9999.0  -9999.0  -9999.0  -9999.0  -9999.0  -9999.0  -9999.0  -9999.0  -9999.0  -9999.0  -9999.0  -9999.0  -9999.0  -9999.0  -9999.0  -9999.0  -9999.0  -9999.0  -9999.0  0.939205497208  0.893637257818  -9999.0  -9999.0  -9999.0  -9999.0  -9999.0  -9999.0  -9999.0  -9999.0  0.582104162537  0.556753133726  0.501465473166  0.503116222229  -9999.0  -9999.0  -9999.0  -9999.0  -9999.0  -9999.0  -9999.0  -9999.0  -9999.0  -9999.0  -9999.0  -9999.0  -9999.0  -9999.0  -9999.0  -9999.0  -9999.0  -9999.0  -9999.0  -9999.0  -9999.0  -9999.0  -9999.0  -9999.0  -9999.0  -9999.0
-9999.0  -9999.0  -9999.0  -9999.0  -9999.0  -9999.0  -9999.0  -9999.0  -9999.0  -9999.0  -9999.0  -9999.0  -9999.0  -9999.0  -9999.0  -9999.0  -9999.0  -9999.0  -9999.0  -9999.0  -9999.0  -9999.0  -9999.0  -9999.0  -9999.0  -9999.0  -9999.0  -9999.0  -9999.0  -9999.0  -9999.0  -9999.0  -9999.0  -9999.0  -9999.0  -9999.0  -9999.0  -9999.0  -9999.0  -9999.0  -9999.0  -9999.0  -9999.0  -9999.0  -9999.0  -9999.0  -9999.0  -9999.0  -9999.0  -9999.0  -9999.0  -9999.0  -9999.0  -9999.0  -9999.0  -9999.0  -9999.0  -9999.0  -9999.0  -9999.0  -9999.0  -9999.0  -9999.0  -9999.0  -9999.0  -9999.0  -9999.0  -9999.0  -9999.0  -9999.0  -9999.0  -9999.0  -9999.0  -9999.0  -9999.0  -9999.0  -9999.0  -9999.0  -9999.0  -9999.0
-9999.0  -9999.0  -9999.0  -9999.0  -9999.0  -9999.0  -9999.0  -9999.0  -9999.0  -9999.0  -9999.0  -9999.0  -9999.0  -9999.0  -9999.0  -9999.0  -9999.0  -9999.0  -9999.0  -9999.0  -9999.0  -9999.0  -9999.0  -9999.0  -9999.0  -9999.0  -9999.0  -9999.0  -9999.0  -9999.0  -9999.0  -9999.0  -9999.0  -9999.0  -9999.0  -9999.0  -9999.0  -9999.0  -9999.0  -9999.0  -9999.0  -9999.0  -9999.0  -9999.0  -9999.0  -9999.0  -9999.0  -9999.0  -9999.0  -9999.0  -9999.0  -9999.0  -9999.0  -9999.0  -9999.0  -9999.0  -9999.0  -9999.0  -9999.0  -9999.0  -9999.0  -9999.0  -9999.0  -9999.0  -9999.0  -9999.0  -9999.0  -9999.0  -9999.0  -9999.0  -9999.0  -9999.0  -9999.0  -9999.0  -9999.0  -9999.0  -9999.0  -9999.0  -9999.0  -9999.0
-9999.0  -9999.0  -9999.0  -9999.0  -9999.0  -9999.0  -9999.0  -9999.0  -9999.0  -9999.0  -9999.0  -9999.0  -9999.0  -9999.0  -9999.0  -9999.0  -9999.0  -9999.0  -9999.0  -9999.0  -9999.0  -9999.0  -9999.0  -9999.0  -9999.0  -9999.0  -9999.0  -9999.0  -9999.0  -9999.0  -9999.0  -9999.0  -9999.0  -9999.0  -9999.0  -9999.0  -9999.0  -9999.0  -9999.0  -9999.0  -9999.0  -9999.0  -9999.0  -9999.0  -9999.0  -9999.0  -9999.0  -9999.0  -9999.0  -9999.0  -9999.0  -9999.0  -9999.0  -9999.0  -9999.0  -9999.0  -9999.0  -9999.0  -9999.0  -9999.0  -9999.0  -9999.0  -9999.0  -9999.0  -9999.0  -9999.0  -9999.0  -9999.0  -9999.0  -9999.0  -9999.0  -9999.0  -9999.0  -9999.0  -9999.0  -9999.0  -9999.0  -9999.0  -9999.0  -9999.0
-9999.0  -9999.0  -9999.0  -9999.0  -9999.0  -9999.0  -9999.0  -9999.0  -9999.0  -9999.0  -9999.0  -9999.0  -9999.0  -9999.0  -9999.0  -9999.0  -9999.0  -9999.0  -9999.0  -9999.0  -9999.0  -9999.0  -9999.0  -9999.0  -9999.0  -9999.0  -9999.0  -9999.0  -9999.0  -9999.0  -9999.0  -9999.0  -9999.0  -9999.0  -9999.0  -9999.0  -9999.0  -9999.0  -9999.0  -9999.0  -9999.0  -9999.0  -9999.0  -9999.0  -9999.0  -9999.0  -9999.0  -9999.0  -9999.0  -9999.0  -9999.0  -9999.0  -9999.0  -9999.0  -9999.0  -9999.0  -9999.0  -9999.0  -9999.0  -9999.0  -9999.0  -9999.0  -9999.0  -9999.0  -9999.0  -9999.0  -9999.0  -9999.0  -9999.0  -9999.0  -9999.0  -9999.0  -9999.0  -9999.0  -9999.0  -9999.0  -9999.0  -9999.0  -9999.0  -9999.0
-9999.0  -9999.0  -9999.0  -9999.0  -9999.0  -9999.0  -9999.0  -9999.0  -9999.0  -9999.0  -9999.0  -9999.0  -9999.0  -9999.0  -9999.0  -9999.0  -9999.0  -9999.0  -9999.0  -9999.0  -9999.0  -9999.0  -9999.0  -9999.0  -9999.0  -9999.0  -9999.0  -9999.0  -9999.0  -9999.0  -9999.0  -9999.0  -9999.0  -9999.0  -9999.0  -9999.0  -9999.0  -9999.0  -9999.0  -9999.0  -9999.0  -9999.0  -9999.0  -9999.0  -9999.0  -9999.0  -9999.0  -9999.0  -9999.0  -9999.0  -9999.0  -9999.0  -9999.0  -9999.0  -9999.0  -9999.0  -9999.0  -9999.0  -9999.0  -9999.0  -9999.0  -9999.0  -9999.0  -9999.0  -9999.0  -9999.0  -9999.0  -9999.0  -9999.0  -9999.0  -9999.0  -9999.0  -9999.0  -9999.0  -9999.0  -9999.0  -9999.0  -9999.0  -9999.0  -9999.0
-9999.0  -9999.0  -9999.0  -9999.0  -9999.0  -9999.0  -9999.0  -9999.0  -9999.0  -9999.0  -9999.0  -9999.0  -9999.0  -9999.0  -9999.0  -9999.0  -9999.0  -9999.0  -9999.0  -9999.0  -9999.0  -9999.0  -9999.0  -9999.0  -9999.0  -9999.0  -9999.0  -9999.0  -9999.0  -9999.0  -9999.0  -9999.0  -9999.0  -9999.0  -9999.0  -9999.0  -9999.0  -9999.0  -9999.0  -9999.0  -9999.0  -9999.0  -9999.0  -9999.0  -9999.0  -9999.0  -9999.0  -9999.0  -9999.0  -9999.0  -9999.0  -9999.0  -9999.0  -9999.0  -9999.0  -9999.0  -9999.0  -9999.0  -9999.0  -9999.0  -9999.0  -9999.0  -9999.0  -9999.0  -9999.0  -9999.0  -9999.0  -9999.0  -9999.0  -9999.0  -9999.0  -9999.0  -9999.0  -9999.0  -9999.0  -9999.0  -9999.0  -9999.0  -9999.0  -9999.0
