ncols                  80
nrows                 72
xllcorner      4374000.0
yllcorner      5656000.0
cellsize            500
NODATA_value       -9999
-9999.0  -9999.0  -9999.0  -9999.0  -9999.0  -9999.0  -9999.0  -9999.0  -9999.0  -9999.0  -9999.0  -9999.0  0.851969880526  0.802568325663  -9999.0  -9999.0  -9999.0  -9999.0  -9999.0  -9999.0  -9999.0  -9999.0  -9999.0  -9999.0  -9999.0  -9999.0  -9999.0  -9999.0  -9999.0  -9999.0  -9999.0  -9999.0  -9999.0  -9999.0  -9999.0  -9999.0  -9999.0  -9999.0  -9999.0  -9999.0  -9999.0  -9999.0  -9999.0  -9999.0  -9999.0  -9999.0  -9999.0  -9999.0  -9999.0  -9999.0  -9999.0  -9999.0  -9999.0  -9999.0  -9999.0  -9999.0  -9999.0  -9999.0  -9999.0  -9999.0  -9999.0  -9999.0  -9999.0  -9999.0  -9999.0  -9999.0  -9999.0  -9999.0  -9999.0  -9999.0  -9999.0  -9999.0  -9999.0  -9999.0  -9999.0  -9999.0  -9999.0  -9999.0  -9999.0  -9999.0
-9999.0  -9999.0  -9999.0  -9999.0  -9999.0  -9999.0  -9999.0  -9999.0  -9999.0  -9999.0  -9999.0  -9999.0  1.71594118407  4.04468704588  0.700808203965  -9999.0  0.618597350637  -9999.0  -9999.0  -9999.0  -9999.0  -9999.0  -9999.0  -9999.0  -9999.0  -9999.0  -9999.0  -9999.0  -9999.0  -9999.0  -9999.0  -9999.0  -9999.0  -9999.0  -9999.0  -9999.0  -9999.0  -9999.0  -9999.0  -9999.0  -9999.0  -9999.0  -9999.0  -9999.0  -9999.0  -9999.0  -9999.0  -9999.0  -9999.0  -9999.0  -9999.0  -9999.0  -9999.0  -9999.0  -9999.0  -9999.0  -9999.0  -9999.0  -9999.0  -9999.0  -9999.0  -9999.0  -9999.0  -9999.0  -9999.0  -9999.0  -9999.0  -9999.0  -9999.0  -9999.0  -9999.0  -9999.0  -9999.0  -9999.0  -9999.0  -9999.0  -9999.0  -9999.0  -9999.0  -9999.0
-9999.0  -9999.0  -9999.0  -9999.0  -9999.0  -9999.0  -9999.0  -9999.0  -9999.0  -9999.0  0.779782799475  0.766000484077  0.81677031616  0.811853900935  5.54918680767  6.24682332683  1.69505527413  0.536966900456  -9999.0  -9999.0  -9999.0  -9999.0  -9999.0  -9999.0  -9999.0  -9999.0  -9999.0  -9999.0  -9999.0  -9999.0  -9999.0  -9999.0  -9999.0  -9999.0  -9999.0  -9999.0  -9999.0  -9999.0  -9999.0  -9999.0  -9999.0  -9999.0  -9999.0  -9999.0  -9999.0  -9999.0  -9999.0  -9999.0  -9999.0  -9999.0  -9999.0  -9999.0  -9999.0  -9999.0  -9999.0  -9999.0  -9999.0  -9999.0  -9999.0  -9999.0  -9999.0  -9999.0  -9999.0  -9999.0  -9999.0  -9999.0  -9999.0  -9999.0  -9999.0  -9999.0  -9999.0  -9999.0  -9999.0  -9999.0  -9999.0  -9999.0  -9999.0  -9999.0  -9999.0  -9999.0
-9999.0  -9999.0  -9999.0  -9999.0  -9999.0  -9999.0  -9999.0  -9999.0  -9999.0  0.761784209122  1.53871511307  3.06571852868  1.56620070795  0.758693081541  1.46951972736  6.94225907789  9.8845766039  0.609064282479  -9999.0  0.774867578249  -9999.0  -9999.0  -9999.0  -9999.0  1.19239357471  0.608647155476  -9999.0  -9999.0  -9999.0  -9999.0  -9999.0  -9999.0  -9999.0  -9999.0  -9999.0  -9999.0  -9999.0  -9999.0  -9999.0  -9999.0  -9999.0  -9999.0  -9999.0  -9999.0  -9999.0  -9999.0  -9999.0  -9999.0  -9999.0  -9999.0  -9999.0  -9999.0  -9999.0  -9999.0  -9999.0  -9999.0  -9999.0  -9999.0  -9999.0  -9999.0  -9999.0  -9999.0  -9999.0  -9999.0  -9999.0  -9999.0  -9999.0  -9999.0  -9999.0  -9999.0  -9999.0  -9999.0  -9999.0  -9999.0  -9999.0  -9999.0  -9999.0  -9999.0  -9999.0  -9999.0
-9999.0  -9999.0  -9999.0  -9999.0  -9999.0  -9999.0  -9999.0  -9999.0  0.911895918564  2.51330144141  3.25791671716  4.00071644632  5.34365423693  0.680916541432  2.78886041859  3.44287455698  14.6672723284  0.687488514886  0.639424107187  1.43665958193  2.08951005975  0.686781194679  -9999.0  3.10312429906  2.55244347371  0.70298370936  -9999.0  -9999.0  -9999.0  -9999.0  -9999.0  -9999.0  -9999.0  -9999.0  -9999.0  -9999.0  -9999.0  -9999.0  -9999.0  -9999.0  -9999.0  -9999.0  -9999.0  -9999.0  -9999.0  -9999.0  -9999.0  -9999.0  -9999.0  -9999.0  -9999.0  -9999.0  -9999.0  -9999.0  -9999.0  -9999.0  -9999.0  -9999.0  -9999.0  -9999.0  -9999.0  -9999.0  -9999.0  -9999.0  -9999.0  -9999.0  -9999.0  -9999.0  -9999.0  -9999.0  -9999.0  -9999.0  -9999.0  -9999.0  -9999.0  -9999.0  -9999.0  -9999.0  -9999.0  -9999.0
-9999.0  -9999.0  -9999.0  -9999.0  -9999.0  -9999.0  0.872866614432  0.788937459181  0.769358525963  0.789304068871  0.80502704993  5.62364903196  11.7193476008  12.4524297743  13.0083383062  0.513966730538  15.8467364559  16.477186387  1.26590812691  0.654501574898  2.72805487344  4.74167812616  0.710180063329  5.31045355856  0.759440082571  0.77589115051  0.793973185102  -9999.0  -9999.0  -9999.0  -9999.0  -9999.0  -9999.0  -9999.0  -9999.0  -9999.0  -9999.0  -9999.0  -9999.0  -9999.0  -9999.0  -9999.0  -9999.0  -9999.0  -9999.0  -9999.0  -9999.0  -9999.0  -9999.0  -9999.0  -9999.0  -9999.0  -9999.0  -9999.0  -9999.0  -9999.0  -9999.0  -9999.0  -9999.0  -9999.0  -9999.0  -9999.0  -9999.0  -9999.0  -9999.0  -9999.0  -9999.0  -9999.0  -9999.0  -9999.0  -9999.0  -9999.0  -9999.0  -9999.0  -9999.0  -9999.0  -9999.0  -9999.0  -9999.0  -9999.0
-9999.0  -9999.0  -9999.0  -9999.0  -9999.0  -9999.0  1.76831518618  2.61230350334  5.88547284026  8.17274291223  0.697924790781  0.714823045501  0.680415378335  1.99295223079  15.6090381919  0.520481337729  17.0595542852  19.3311104656  1.80416228975  1.22639201762  5.3375786767  0.655564871193  5.96223552489  1.34931005902  0.692303289762  1.45074559432  1.57826153818  0.786726867534  0.795479899353  0.769664276985  0.844981646027  1.68876237272  -9999.0  -9999.0  -9999.0  -9999.0  -9999.0  -9999.0  -9999.0  -9999.0  -9999.0  -9999.0  -9999.0  -9999.0  -9999.0  -9999.0  -9999.0  -9999.0  -9999.0  -9999.0  -9999.0  -9999.0  -9999.0  -9999.0  -9999.0  -9999.0  -9999.0  -9999.0  -9999.0  -9999.0  -9999.0  -9999.0  -9999.0  -9999.0  -9999.0  -9999.0  -9999.0  -9999.0  -9999.0  -9999.0  -9999.0  -9999.0  -9999.0  -9999.0  -9999.0  -9999.0  -9999.0  -9999.0  -9999.0  -9999.0
-9999.0  -9999.0  -9999.0  -9999.0  -9999.0  0.990045779366  1.89836268427  0.899968123132  1.74417776401  9.04363500523  10.5635775048  12.0496632454  39.6041584522  0.652498088228  16.2688496365  61.1351327641  61.5630444639  81.6573266547  0.475706042208  1.78752248768  5.93697259032  0.591944286406  13.6709513939  7.07746428311  4.43348820788  3.74072544176  0.768047413142  2.33485585684  2.30839735933  1.53495786087  0.755328306253  2.47025441365  0.757488042094  0.742034065663  -9999.0  -9999.0  -9999.0  -9999.0  -9999.0  -9999.0  -9999.0  -9999.0  -9999.0  -9999.0  -9999.0  -9999.0  -9999.0  -9999.0  -9999.0  -9999.0  -9999.0  -9999.0  -9999.0  -9999.0  -9999.0  -9999.0  -9999.0  -9999.0  -9999.0  -9999.0  -9999.0  -9999.0  -9999.0  -9999.0  -9999.0  -9999.0  -9999.0  -9999.0  -9999.0  -9999.0  -9999.0  -9999.0  -9999.0  -9999.0  -9999.0  -9999.0  -9999.0  -9999.0  -9999.0  -9999.0
-9999.0  -9999.0  -9999.0  -9999.0  -9999.0  1.00686614307  2.91896383977  5.76519370109  6.63210227558  13.1862627897  13.9864286579  16.5171962267  26.8939393352  41.6285988108  43.0580155279  43.741387365  1.17318840427  83.720245288  84.6968633155  87.645324504  109.709769157  15.5294744958  14.335599173  5.08562585571  0.649735423503  4.41561087361  3.02959141599  0.666921704523  2.99567854097  0.65315756208  1.37285607927  3.88201665009  4.60679696525  1.45225174635  0.725079433936  0.696331225472  -9999.0  -9999.0  -9999.0  -9999.0  0.602158073087  0.533665611002  -9999.0  -9999.0  -9999.0  -9999.0  -9999.0  -9999.0  -9999.0  -9999.0  -9999.0  -9999.0  -9999.0  -9999.0  -9999.0  -9999.0  -9999.0  -9999.0  -9999.0  -9999.0  -9999.0  -9999.0  -9999.0  -9999.0  -9999.0  -9999.0  -9999.0  -9999.0  -9999.0  -9999.0  -9999.0  -9999.0  -9999.0  -9999.0  -9999.0  -9999.0  -9999.0  -9999.0  -9999.0  -9999.0
-9999.0  -9999.0  -9999.0  -9999.0  -9999.0  0.969192298367  0.917741913879  3.91108809266  4.79937568642  5.71892473378  0.862798901261  1.70373742792  9.83894848983  1.65210517703  0.788229862108  0.717034874419  0.637884493371  0.679568190333  0.616506746504  0.68874268188  110.353309417  112.164775392  0.598471379789  1.87840281486  1.29223989679  5.04806484184  1.34149579295  0.646395664221  3.70974139738  1.26826768005  3.08070270339  8.08908966876  7.49230637981  2.17005602162  2.1425222871  0.72309688343  0.713899948292  -9999.0  -9999.0  0.706212938018  1.3273998327  2.98259705484  0.566430152656  -9999.0  -9999.0  -9999.0  -9999.0  -9999.0  -9999.0  -9999.0  -9999.0  -9999.0  -9999.0  -9999.0  -9999.0  -9999.0  -9999.0  -9999.0  -9999.0  -9999.0  -9999.0  -9999.0  -9999.0  -9999.0  -9999.0  -9999.0  -9999.0  -9999.0  -9999.0  -9999.0  -9999.0  -9999.0  -9999.0  -9999.0  -9999.0  -9999.0  -9999.0  -9999.0  -9999.0  -9999.0
-9999.0  -9999.0  -9999.0  -9999.0  -9999.0  -9999.0  1.02257264453  1.04904016621  1.94877850045  2.87467591719  6.44956011014  8.21382873913  9.07541203461  0.843871529991  0.697805604752  9.54503015638  11.6781858373  12.3366645875  15.0850001118  15.6996202691  0.622667804354  112.79971117  115.821950296  2.39440523812  0.349623935454  5.57073125592  12.479170204  4.97919385621  1.23551382732  0.610029426979  12.4071812768  8.73466859843  0.645110771111  0.635038463179  2.79913328669  2.10490027138  0.682238423811  0.669750829224  0.680753552739  1.36970137778  0.643322132192  3.62328637822  4.25692999978  0.602957203819  -9999.0  -9999.0  -9999.0  -9999.0  0.668110466377  0.628665044034  0.16716436946  -9999.0  -9999.0  -9999.0  -9999.0  -9999.0  -9999.0  -9999.0  -9999.0  -9999.0  -9999.0  -9999.0  -9999.0  -9999.0  -9999.0  -9999.0  -9999.0  -9999.0  -9999.0  -9999.0  -9999.0  -9999.0  -9999.0  -9999.0  -9999.0  -9999.0  -9999.0  -9999.0  -9999.0  -9999.0
-9999.0  -9999.0  -9999.0  -9999.0  -9999.0  -9999.0  -9999.0  1.00423314382  0.848679311973  1.80966008911  2.73656058966  0.886712002966  0.750591840037  5.00939940337  6.57440715473  8.17672481704  0.747660500165  1.42104542202  0.711846391856  16.3460466174  36.6127860843  37.1795558072  154.252133783  0.599073318246  1.03532266915  0.315043729297  13.0723201978  0.610596669066  1.85686318724  0.604575121007  13.0370417685  13.6666465182  1.29242202191  1.26058517613  6.93579662037  3.46192415792  1.35456975308  0.691813332072  1.35504425619  2.03384740913  3.3058600409  0.625680016852  5.44710327746  6.0129917513  0.508671445604  0.545290865238  0.557905453186  0.506853223231  0.477003512763  1.83254406816  0.677673326286  0.433704301272  -9999.0  -9999.0  -9999.0  -9999.0  -9999.0  -9999.0  -9999.0  -9999.0  -9999.0  -9999.0  -9999.0  -9999.0  -9999.0  -9999.0  -9999.0  -9999.0  -9999.0  -9999.0  -9999.0  -9999.0  -9999.0  -9999.0  -9999.0  -9999.0  -9999.0  -9999.0  -9999.0  -9999.0
-9999.0  -9999.0  -9999.0  -9999.0  -9999.0  -9999.0  -9999.0  -9999.0  1.80177715551  2.58594732709  0.883100437786  1.80763097868  2.66005268632  4.30401554183  0.840742290007  0.802652507998  0.682190257803  0.688949972156  0.62167416087  18.9272113163  0.740363812879  1.43553022279  156.315000131  157.774134718  0.644000359653  2.32259741403  15.9607450782  1.17783649216  2.401540393  1.12898016609  1.66857601337  16.0894460908  1.86391817528  9.94093241906  8.12076580675  0.586884397583  3.29568616374  1.32514169071  1.95912335875  0.595992635861  3.90420199841  5.10480841712  5.59715665568  6.06442886089  7.92905564211  0.967955165768  1.00358229138  0.919602685844  0.856785071429  2.27999218332  0.456420456965  1.57998335157  1.9870982075  -9999.0  -9999.0  -9999.0  -9999.0  -9999.0  -9999.0  -9999.0  -9999.0  -9999.0  -9999.0  -9999.0  -9999.0  -9999.0  -9999.0  -9999.0  -9999.0  -9999.0  -9999.0  -9999.0  -9999.0  -9999.0  -9999.0  -9999.0  -9999.0  -9999.0  -9999.0  -9999.0
-9999.0  -9999.0  -9999.0  -9999.0  -9999.0  -9999.0  -9999.0  -9999.0  0.970410836248  4.49996986694  5.35490062437  0.85361723567  1.66121009014  0.804896481065  0.731258654015  0.718592651727  9.27606959284  12.4031151765  15.3168940397  18.3218712401  0.757918480449  0.713787022296  0.746990852198  161.046990364  162.67884225  163.338008831  21.4440739412  4.77642890946  4.15695487573  0.536827194712  2.2010654884  18.8370604539  0.553518018055  10.497470832  0.592124693592  4.19927648897  3.93722605304  0.621012837634  2.56171595284  1.19283701847  1.77031303253  0.554125815664  0.456058768376  6.52590323244  6.94556753415  8.34756291097  1.44596979168  1.34093173829  1.26209299527  2.76591339813  3.69048819638  0.461333242922  2.40920960733  0.436460197968  0.822847855337  0.399807169993  -9999.0  -9999.0  -9999.0  -9999.0  -9999.0  -9999.0  -9999.0  -9999.0  -9999.0  -9999.0  -9999.0  -9999.0  -9999.0  -9999.0  -9999.0  -9999.0  -9999.0  -9999.0  -9999.0  -9999.0  -9999.0  -9999.0  -9999.0  -9999.0
-9999.0  -9999.0  -9999.0  -9999.0  -9999.0  -9999.0  -9999.0  -9999.0  -9999.0  1.00014383685  6.27077710563  7.10507177525  2.475089398  4.10611847511  5.61178602531  6.39276927223  0.810245949998  2.42699127115  1.61947331135  0.838508898263  0.808110209778  0.718942082064  1.44535977561  2.48159886931  0.912051027472  186.413764131  187.102607437  0.602308630204  0.490399495993  1.04926314576  1.56305892732  20.4216378384  1.06824064824  10.9896789737  6.36151331697  5.25222798557  0.578389202271  1.18158784636  3.09886095149  0.536600203837  2.28452893774  1.07344007727  0.751780664876  0.297963865407  7.92947149228  16.6246398306  1.7593857147  1.66200608302  1.64868925017  0.390923290798  4.0757585439  0.3750303948  3.23589798787  0.379409027149  1.20516001483  1.88300525277  0.22305071562  0.228645275789  0.265847992322  0.277341102728  0.194449811556  -9999.0  -9999.0  0.125716276484  0.0672539999707  -9999.0  -9999.0  -9999.0  -9999.0  -9999.0  -9999.0  -9999.0  -9999.0  -9999.0  -9999.0  -9999.0  -9999.0  -9999.0  -9999.0  -9999.0
-9999.0  -9999.0  -9999.0  -9999.0  -9999.0  -9999.0  -9999.0  -9999.0  -9999.0  -9999.0  0.860887287816  8.83428700338  0.805108044141  1.61988971917  2.36209810069  3.83714133847  0.761902364844  1.59758641026  0.785479924833  0.736092551475  0.702192289493  1.39357233354  0.640032954898  0.715521533773  1.44939632562  0.840524742533  187.861295708  189.140334744  190.949203657  2.09532931978  0.515639875522  1.02815834595  20.9636468858  19.9732454567  7.48272872317  0.550718972867  2.3109485924  1.74190600709  3.6376726723  1.07153635976  4.40861258432  1.59548332147  1.1797083787  0.186423168078  0.307572251945  17.0712133227  17.4630266425  21.2245913848  2.86526799539  0.801053094388  4.49217501127  5.27472129929  8.8731799961  0.759720987987  0.346690428561  2.15153115781  2.59376882182  0.21950348168  0.417082772343  0.732282281586  0.382297158182  0.188496515569  0.181431827271  0.237744772961  0.134651124664  0.0634655218154  -9999.0  -9999.0  -9999.0  -9999.0  -9999.0  -9999.0  -9999.0  -9999.0  -9999.0  -9999.0  -9999.0  -9999.0  -9999.0  -9999.0
-9999.0  -9999.0  -9999.0  -9999.0  -9999.0  -9999.0  -9999.0  -9999.0  -9999.0  -9999.0  -9999.0  0.439836378031  9.71605825314  0.735559998251  1.46306273222  6.77008221877  0.76413634107  0.7541301598  0.65910013828  1.41427041445  0.689576152595  2.76917975199  4.03515699363  4.62057771652  2.01644112949  2.57251495418  0.647081239233  0.764392055627  0.699107807531  194.188766865  195.717965875  21.4417584426  20.9490613933  20.4641786481  1.00062820505  0.487479725316  2.81287886928  7.45658100581  4.14265019215  1.56975157699  6.47139897158  2.24988455104  1.78062972586  0.340687912561  0.133898792444  0.142815245412  0.195184560394  22.2108177469  26.2037269124  0.376013140162  0.351364955328  0.367334618378  9.21911374996  10.3010581627  0.616731793323  0.241384637879  2.72113491376  0.311264555903  0.825829104398  1.70470292035  2.2454816501  2.59989633778  0.710187550853  0.38578201951  0.22869456407  0.126121225829  0.132741561808  -9999.0  -9999.0  -9999.0  -9999.0  -9999.0  -9999.0  -9999.0  -9999.0  -9999.0  -9999.0  -9999.0  -9999.0  -9999.0
-9999.0  -9999.0  -9999.0  -9999.0  -9999.0  -9999.0  -9999.0  -9999.0  -9999.0  -9999.0  -9999.0  0.396103408637  10.6737701789  13.1167551767  0.733934970791  8.2235669219  0.70371957778  0.666131681963  1.31417299492  3.39958423963  0.661134851783  0.703365572446  0.612145113227  5.84804692255  6.43929924261  9.62583914271  10.8291019965  11.4187343247  12.0169457305  12.6004731924  208.963837414  231.46445029  253.436114189  253.925600238  0.485710968378  0.479034767416  8.46560177889  7.96493637708  0.49509107923  0.47976071082  6.91688677657  9.67279439292  0.397676221607  4.00014801442  3.71468816552  0.735293442411  0.396143585364  0.666129794083  0.409887662761  26.9093857055  0.360117327309  1.0471483409  1.32341662066  12.4329009984  13.1794772665  13.6217757888  16.4475908288  0.0950583266091  0.0820324671586  0.076476681816  0.0801479887344  2.82675629696  3.68733552751  0.164555744227  0.531150335884  0.202303055455  0.245424986097  0.0505911517361  0.0390058745027  -9999.0  -9999.0  -9999.0  -9999.0  -9999.0  -9999.0  -9999.0  -9999.0  -9999.0  -9999.0  -9999.0
-9999.0  -9999.0  -9999.0  -9999.0  -9999.0  -9999.0  -9999.0  -9999.0  -9999.0  -9999.0  -9999.0  0.893332259627  1.71211445649  13.9101941666  15.2714325639  0.691047393381  9.59953131139  0.60012429268  1.84621313368  4.00277674885  1.27090128768  0.605969991247  1.27152340534  0.547797850025  1.05137733291  0.502694615991  0.453965332014  0.338615892426  0.301215157848  0.283372098262  0.290005318373  0.433645073615  0.570515975989  0.669204957021  255.537947592  10.2309583823  9.30137012775  0.390899751919  1.41026881073  0.339377909556  0.269635818206  10.1191230378  15.4936961165  4.50610119855  3.42758756508  0.429959506805  0.182503194433  0.158369512908  0.46568433003  27.7321149659  28.4175013789  0.357662312058  0.360917828857  0.29597712794  0.156921682751  0.264841759217  16.8047053446  16.9842643288  17.1492025043  0.167473349016  0.0938938126384  0.075321052283  3.78492968504  4.03810731222  0.607546784721  0.108211584945  0.346006392424  0.107935461691  0.0706983038893  -9999.0  -9999.0  -9999.0  -9999.0  -9999.0  -9999.0  -9999.0  -9999.0  -9999.0  -9999.0  -9999.0
-9999.0  -9999.0  -9999.0  -9999.0  -9999.0  -9999.0  -9999.0  -9999.0  -9999.0  -9999.0  -9999.0  -9999.0  0.730644984093  10.3649795351  26.3640148524  28.582556932  38.8469060848  39.502851321  8.97240012596  6.50550360255  1.88965640301  0.594931819516  2.45082828047  3.02330651273  4.59044185542  1.03446942918  0.95170612973  0.847492413979  1.64688703415  0.771285993375  0.754085483136  0.359839816645  0.181996300247  0.246232118191  256.019011863  266.544194112  267.080006203  0.402140831897  3.77680399749  1.54977847563  0.478642825132  17.0404768005  1.09645987588  0.568960371211  2.28501850264  0.434512810981  0.35676007742  0.665887287102  0.950693968189  1.27496852651  28.9966814758  0.275064344381  0.236108144258  0.236346227841  0.175060693344  0.121174171426  0.311853587735  0.339459492845  17.6504711636  18.2612069543  0.359254792206  0.174164275826  0.112028359939  0.100575098015  4.91049250048  6.38547809002  1.23523658325  0.511700110551  0.268813705042  -9999.0  -9999.0  -9999.0  -9999.0  -9999.0  -9999.0  -9999.0  -9999.0  -9999.0  -9999.0  -9999.0
-9999.0  -9999.0  -9999.0  -9999.0  -9999.0  -9999.0  -9999.0  -9999.0  -9999.0  -9999.0  -9999.0  0.818700707913  7.89504792759  9.59591840382  1.54984810171  0.44681228054  0.966026850693  41.1061221898  41.7232773483  51.3178538181  0.533491686815  1.12179943272  0.495240404577  0.504147888018  5.09429097789  6.63095976783  8.03592927884  0.457693658558  2.11013444739  3.33463760946  1.99084057146  0.803554233667  0.524089238156  0.440208317106  0.457379066059  0.277926073068  267.48865863  267.822260892  272.291376062  0.83150763879  0.429637869396  17.4699023899  1.12406150934  0.586225039766  0.640378389647  0.636302244859  0.546592456064  0.93084512291  2.69392893113  4.32538038968  33.599077725  0.208255748865  0.620812125478  0.419123176417  0.337630188702  0.169473194185  0.155099035633  0.123257324943  0.039589030161  18.3279469597  0.036971631707  0.135339673655  0.0570325818414  0.0512277170119  0.0985051547941  6.51243446933  0.236568814015  0.0786269501303  0.115696109619  0.0480118778897  -9999.0  -9999.0  -9999.0  -9999.0  -9999.0  -9999.0  -9999.0  -9999.0  -9999.0  -9999.0
-9999.0  -9999.0  -9999.0  -9999.0  -9999.0  -9999.0  -9999.0  -9999.0  -9999.0  -9999.0  -9999.0  0.841709755049  5.54680577017  0.876636668073  0.743128826563  3.97497715361  4.6397842935  5.30887111185  5.8997285409  69.6056353891  70.0859405022  71.0915200034  79.0148298745  80.5073957509  81.3344974916  81.8616197842  90.8060961686  91.8755489255  92.3402435797  96.1915380541  98.7034743091  99.153539431  100.440970352  0.858737701141  0.700100222577  0.142380057626  0.186834720621  268.196088551  273.863004413  1.23222645437  20.4431392189  20.0285385459  2.14066297605  0.507940648364  0.510858911813  0.493747653389  0.488509123232  0.985561252401  1.40967374974  0.409287020334  33.8668507389  34.1524957258  35.4333284251  35.6642449264  36.2135167662  36.5802963315  0.147786153474  0.144441659767  0.092223563652  18.4162049198  18.5182223803  18.7257454488  18.9199282617  0.0886210936767  7.02638391457  6.8072068632  0.144409101738  2.40864066269  2.34185345627  0.156179831635  0.10138033593  -9999.0  -9999.0  -9999.0  -9999.0  -9999.0  -9999.0  -9999.0  -9999.0  -9999.0
-9999.0  -9999.0  -9999.0  -9999.0  -9999.0  -9999.0  -9999.0  -9999.0  -9999.0  -9999.0  -9999.0  2.87881993007  3.80288734788  1.75772624438  2.59183295474  0.821981389693  9.17444179929  9.89000985286  11.2945188533  11.7951192361  4.50235619192  76.4345289414  76.9099587333  0.460153597392  0.30455838596  0.247041942182  0.590831921267  0.260097517717  0.183671511665  0.160364863103  0.204444266967  99.4982768404  100.826671926  102.152684607  103.256246692  103.921728571  0.287167402439  0.107744523028  295.350060421  21.1725855973  20.8792936464  0.441579400357  0.42733169984  0.406438317707  0.920786067842  0.904873083225  0.403384254275  0.400711578998  0.362877573158  0.762196488252  1.00773744892  0.190917551491  0.339055731986  0.124765520745  0.0489449441329  36.6587487517  36.9187296895  37.2025039372  37.4470944023  37.5773794631  37.7080314287  37.7570785972  0.0463279772623  19.116146864  0.132353209784  9.7566593945  2.5988055147  0.213886796704  2.13833003521  1.83514766766  0.112982913019  -9999.0  -9999.0  -9999.0  -9999.0  -9999.0  -9999.0  -9999.0  -9999.0  -9999.0
-9999.0  -9999.0  -9999.0  -9999.0  -9999.0  -9999.0  -9999.0  -9999.0  -9999.0  -9999.0  -9999.0  -9999.0  1.9512607391  0.907011593801  0.812419114987  7.74645266437  8.49751444446  0.743010304833  2.85241335659  3.49785519866  4.04121762925  0.60924519007  0.462295956455  11.2355500688  11.6171111014  11.9675355084  31.2230066383  31.4649190293  31.8251017763  34.0605351806  35.1103616963  35.2560016172  0.134677227278  0.146202961838  0.176848267064  104.37793781  0.187413605859  298.935058316  298.62733628  2.99633549461  2.64248009389  1.68276207898  0.417848836521  0.803735112448  1.33160314605  1.31802028966  0.793458870892  0.383155405477  0.740684466482  0.713393700241  1.31196788675  0.158660508398  0.49003380127  0.822623656357  0.929196491026  0.988453924205  0.0521660472764  0.0527922642327  0.0503408180645  0.0516482008961  0.0669587409323  37.8537817566  37.9763252625  57.1263455033  57.1716469972  10.5670898801  0.706106987331  0.490278431872  0.158750032273  1.63358622748  1.5376660566  -9999.0  -9999.0  -9999.0  -9999.0  -9999.0  -9999.0  -9999.0  -9999.0  -9999.0
-9999.0  -9999.0  -9999.0  -9999.0  -9999.0  -9999.0  -9999.0  -9999.0  -9999.0  -9999.0  -9999.0  -9999.0  1.00808735176  2.77529332549  3.61898021035  6.13736587576  0.736869011659  1.49966866576  2.20503772436  8.4176099306  8.94104680435  9.25184875047  9.75570522668  10.3515421679  16.4321664895  18.1355315363  18.9777856597  0.287693700139  1.82427874839  2.08033510499  34.6160685811  35.4734626208  35.841861342  36.2142800787  36.5539242549  141.175577567  0.289297945223  299.879844639  0.383217139966  0.150040923909  2.22764338452  1.98693633885  0.241906667264  1.13247698341  1.66353269985  1.64763987302  1.09949728208  1.7880184379  2.80281961138  1.00549930918  2.58507469904  0.183748634939  0.224401970027  0.0388569872353  0.0304841432513  1.0819724236  1.10863146455  0.0849235680823  0.0846024626645  0.130724131492  0.0437772744135  0.0487037289824  0.0537611451722  74.3476402247  74.3043920604  17.0186923214  0.180873649783  1.11248457169  0.885961472513  0.588826367007  1.47310147719  1.06571529538  -9999.0  -9999.0  -9999.0  -9999.0  -9999.0  -9999.0  -9999.0  -9999.0
-9999.0  -9999.0  -9999.0  -9999.0  -9999.0  -9999.0  -9999.0  -9999.0  -9999.0  -9999.0  -9999.0  -9999.0  0.947414833663  1.8650682842  0.838540461822  1.6874365932  0.724477559145  5.62884059044  7.0283601492  7.75532872206  0.661896324865  1.22362041233  12.6159975989  15.4803043959  15.9247820232  1.16409439483  1.0319025195  1.40230304384  0.215102337483  0.188777995592  0.351328501393  0.189381854455  19.8691427037  20.0895462883  20.277716108  141.47789973  301.599809321  300.048622155  0.221268797087  0.105343164111  0.0894801103009  0.411118911702  0.337232154938  1.27879204469  1.91386181734  3.89488997288  0.32719498488  0.324812790565  3.04541900505  3.29422957135  6.34263721185  6.48256858584  6.75127100024  6.824933737  0.0645068167434  0.100939425954  1.16585580891  76.9821052156  75.6921736804  75.5114301828  75.2159679805  0.052699618278  74.8011107131  0.117506644689  0.0684051790687  6.2317696312  1.73747181803  1.65796575627  0.303140137598  0.338977012313  0.271593690854  0.964531289451  -9999.0  -9999.0  -9999.0  -9999.0  -9999.0  -9999.0  -9999.0  -9999.0
-9999.0  -9999.0  -9999.0  -9999.0  -9999.0  -9999.0  -9999.0  -9999.0  -9999.0  -9999.0  -9999.0  -9999.0  -9999.0  0.837704322443  1.69316286659  2.56487949166  4.09979228965  0.810133629546  0.726799475106  5.3600036134  6.01754688656  11.5522766344  12.2302576545  1.86646833308  0.642387474298  0.580917371791  0.511058372573  18.5838709362  18.8866049254  19.1241799735  19.3018844265  19.6729971223  2.64722297986  2.88405864472  23.4020653955  466.636425714  1.14455559294  0.893125923922  0.37507023093  0.107131123524  0.0757018333319  0.586312004954  0.640735289948  1.40554508931  0.0607084952256  3.98446285308  0.481574692567  0.466323889358  0.0549593361364  0.0360660727255  0.0332249545947  0.0571434836477  0.0355615742826  6.86207461618  88.9273099349  81.9241873741  81.7079688004  77.0621666177  0.0527622602785  0.0767895189709  0.0817688653619  74.91971786  0.214801387319  0.0871694472031  0.109474870482  0.106523809839  4.33102780756  4.13208230509  0.534142342124  0.276791700644  0.356162500638  0.356150672088  -9999.0  -9999.0  -9999.0  -9999.0  -9999.0  -9999.0  -9999.0  -9999.0
-9999.0  -9999.0  -9999.0  -9999.0  -9999.0  -9999.0  -9999.0  -9999.0  -9999.0  -9999.0  -9999.0  -9999.0  -9999.0  -9999.0  0.830406698796  1.66759720397  2.4208078784  3.18087998176  3.91258839952  4.67104212715  2.17589985398  3.62764728803  0.661079378017  0.632207734667  15.6694561466  16.923539652  17.5105936567  18.1372032577  0.431780516133  0.743490101318  1.964326154  2.17786290213  2.39733296419  0.290075997972  0.239906188188  467.370737634  0.260619125024  0.345307935922  0.173330158774  0.44270086589  0.195435548588  0.132326743582  2.16045628385  2.28921441887  0.0731869768061  4.07664476976  4.59960130482  0.506439307004  91.250187824  91.156548889  91.0744602356  90.8563659184  90.7426336832  89.196681346  89.1028953055  0.139884686273  4.5884130425  4.37189298823  4.15589595321  4.10678542265  2.42465300041  2.37745034077  2.26090930849  0.779887446154  0.716755125818  0.492705429398  0.116416772198  3.95558235672  3.39983643788  0.247093483872  0.488801086853  0.217467656253  -9999.0  -9999.0  -9999.0  -9999.0  -9999.0  -9999.0  -9999.0  -9999.0
-9999.0  -9999.0  -9999.0  -9999.0  -9999.0  -9999.0  -9999.0  -9999.0  -9999.0  -9999.0  -9999.0  -9999.0  -9999.0  -9999.0  0.207395944749  0.450316143343  0.746490868496  7.0998658596  7.83726000295  0.755067502078  0.738441477945  0.721931737901  13.0186726997  14.4147715753  0.682701064081  0.691143321998  0.537005714196  2.20450994094  2.73835911542  1.30233614691  1.60097964154  12.7951088269  13.1388688613  13.8947526635  21.5197513721  489.080375924  0.278628575888  0.143767287991  0.696177593207  0.56761895663  0.109230343194  0.362652804876  0.47686262025  2.41649050006  2.52314479041  7.31649869565  4.63812664159  0.541674411499  93.0573126746  0.840743387104  90.9934768456  90.9298621423  1.45072343064  0.0770544538627  0.0709920329452  0.0357736670498  0.114336142317  0.17895364192  0.0876150325208  1.63882855707  1.37922303148  0.0833651793278  1.43829393103  0.238139261748  0.154845273735  0.375040883979  0.17693940649  0.432562237357  2.6435162651  2.23335665025  0.193395653094  0.289678481835  0.139808833723  -9999.0  -9999.0  -9999.0  -9999.0  -9999.0  -9999.0  -9999.0
-9999.0  -9999.0  -9999.0  -9999.0  -9999.0  -9999.0  -9999.0  -9999.0  -9999.0  -9999.0  -9999.0  -9999.0  -9999.0  -9999.0  1.06340431658  1.74097033627  3.56493044884  6.29903383414  8.54395126547  10.186730202  10.9138614035  11.6596276243  12.3837608685  0.676780139082  0.617212734371  1.19585157925  1.11249923044  0.570634553197  11.2128593739  11.7283927274  12.2034403786  12.6469328971  6.63191291809  6.88533892441  7.31893383141  489.248961899  0.485708729274  0.470759263203  1.2537899442  0.113219223634  0.263696135441  0.145722312757  0.10458290757  0.596989550874  0.0826605013327  0.0878459145803  100.885226202  93.5001851419  93.4078261563  0.378080912116  0.786054726024  0.482154533502  0.0907789301844  1.25995911052  0.294451746762  0.241567495204  0.182842315588  0.131449677518  0.0780445006441  0.196256091889  1.31059327057  1.09736397684  0.897504707828  1.11272438437  1.0438676581  0.992761399425  0.098437022199  0.212646291051  0.199717456405  1.59948522186  1.2393515394  0.749355994184  0.11615200683  -9999.0  -9999.0  -9999.0  -9999.0  -9999.0  -9999.0  -9999.0
-9999.0  -9999.0  -9999.0  -9999.0  -9999.0  -9999.0  -9999.0  -9999.0  -9999.0  -9999.0  -9999.0  -9999.0  -9999.0  -9999.0  0.7420153318  0.701933580565  1.38162909969  2.08408347515  0.838262490622  0.8338168537  1.58185342558  2.30857357855  3.66773076777  4.34921522706  4.97098010621  6.8134863088  7.38472254665  7.9907814648  0.523241927905  5.39091020521  5.8095912311  6.13978383975  0.205094804425  0.0649331641922  0.138121236681  496.321702859  496.482054624  497.288073734  1.58528804641  0.237015957951  0.423236866159  0.111348730927  0.187182063573  0.688303655575  0.843597688014  0.158392389449  101.303582174  0.145599355624  0.210257876926  0.231437730316  0.181654378736  0.305910814196  0.123693718284  0.90511237408  0.655575521709  0.461948958697  0.231741747138  0.164637525079  0.0934613707553  0.114705970633  0.131955487719  0.134025133546  0.823440099936  0.626644581783  0.437841231132  0.241503909936  0.924281959547  0.701511272855  0.19933541319  0.216052767593  0.161309212246  0.35405231497  0.170965754333  -9999.0  -9999.0  -9999.0  -9999.0  -9999.0  -9999.0  -9999.0
-9999.0  -9999.0  -9999.0  -9999.0  -9999.0  -9999.0  -9999.0  -9999.0  -9999.0  -9999.0  -9999.0  -9999.0  -9999.0  -9999.0  -9999.0  0.668555328844  1.31339986153  0.630820184198  1.29513248474  8.10087319938  8.80197222067  9.50086166669  0.685674039284  0.68532492493  1.3014243085  1.92453162917  3.01974977518  3.58205579585  3.8793598586  4.35876249721  0.394576870755  0.317309757958  6.40208333199  6.4863820349  6.61066549136  6.75999117405  5.43605764106  503.334315834  505.794326586  505.906967494  506.427434085  506.914555923  507.208875124  0.0825506889516  0.917838283094  101.384209812  0.185846674054  0.0956651972654  0.11566183016  0.111133537152  0.185177291861  0.150138071219  0.0891808805604  0.144478043097  0.120316617699  0.171383492884  0.0723782368079  0.0486375659204  0.188150171164  0.138437840335  0.0762508420302  0.0739896597586  0.0862407432467  0.0946315708013  0.105784749062  0.129398554259  0.140079817032  0.340992046485  0.0863596562026  0.332143742659  0.136638466798  0.124512277192  -9999.0  -9999.0  -9999.0  -9999.0  -9999.0  -9999.0  -9999.0  -9999.0
-9999.0  -9999.0  -9999.0  -9999.0  -9999.0  -9999.0  -9999.0  -9999.0  -9999.0  -9999.0  -9999.0  -9999.0  -9999.0  -9999.0  -9999.0  -9999.0  1.9473911562  2.60394444353  4.60695758795  6.11587833563  0.814073236451  11.1056483494  11.7736685447  12.4084864808  0.635496365234  1.24204299431  0.549318431734  4.14550525943  4.403724976  4.82345755328  5.22617014726  6.16011976052  6.27551578584  0.0759787278427  4.83499254022  5.13628236227  5.29506370194  5.87944118757  0.720284786031  0.452057546607  0.256574937673  0.234511008127  507.53169761  507.691981026  509.254007318  101.467892018  0.526240755942  0.270058852524  0.182978883728  0.0522452586906  0.508535320599  0.256441222217  0.0784447492606  0.4298836865  0.365899118714  0.0586688221496  0.371282585036  0.339262739398  0.246564130183  0.0502652353908  0.146430069883  0.112286293586  0.040452123597  0.105276832142  0.0644543529233  0.0894196483509  0.0820692820265  0.0515555261249  0.137373832371  1.41156105744  0.848106041978  0.539602915517  0.233235095305  -9999.0  -9999.0  -9999.0  -9999.0  -9999.0  -9999.0  -9999.0
-9999.0  -9999.0  -9999.0  -9999.0  -9999.0  -9999.0  -9999.0  -9999.0  -9999.0  -9999.0  -9999.0  -9999.0  -9999.0  -9999.0  -9999.0  -9999.0  0.68125093548  3.27339586883  3.98137528449  0.836304377433  0.72469862763  1.46609773028  2.13916059917  15.205163443  0.625832572755  2.52382301372  3.09743360281  3.65798638973  0.278464724957  0.657362431895  0.817647294652  3.96425480729  4.31539047765  4.45739343272  0.156268706422  0.138938376478  0.150063231109  0.277815740591  0.109605377054  0.113053770723  0.185690589505  0.138228667127  0.178214947526  0.539188360766  509.417517625  611.259754334  0.671411089839  0.126488505479  0.0611560987517  1.55532993813  1.43883029196  0.84145400602  0.749118463781  0.549816013177  0.140757759844  0.0945877708453  0.403201317962  0.171757292978  0.135751180346  0.0404205889929  0.194886901421  0.356907803336  0.275244777545  0.164149421741  0.059431705794  0.250562484494  0.174373340502  0.108759892647  1.73582091775  1.6972196198  0.158519336185  0.14287519713  0.124715334139  0.113139290733  -9999.0  -9999.0  -9999.0  -9999.0  -9999.0  -9999.0
-9999.0  -9999.0  -9999.0  -9999.0  -9999.0  -9999.0  -9999.0  -9999.0  -9999.0  -9999.0  -9999.0  -9999.0  -9999.0  -9999.0  -9999.0  0.581338764907  1.87469654396  0.613067317896  0.850915716176  0.800495693559  1.54206199576  2.26071499905  2.94737779877  18.766759269  19.3548194447  0.606968599471  1.16751952833  1.73476836579  2.08869610617  2.46603940144  3.44869237573  3.8137713208  0.166081728246  0.176973328714  0.137464215101  0.158303743501  0.188970399637  0.207299492713  0.177932987673  0.207825164182  0.717147760502  0.314680147333  0.150081134619  0.144987580652  0.127974617017  0.235576662109  616.227858563  4.19745359145  1.94654939432  0.210482651947  0.0966817241408  0.0676304774563  0.21415863341  0.141181365245  0.0679443506024  0.0670549012885  0.534416035118  0.749925559583  0.812045859296  0.0282843724714  0.664417265307  0.431408765624  0.0455503288572  0.0356469527162  0.0902957071348  0.599170919967  0.26526055235  0.172755012269  1.80823600131  0.0842605568321  0.0958726873101  0.501808869983  0.249732891332  0.428999868381  0.191493677323  -9999.0  -9999.0  -9999.0  -9999.0  -9999.0
-9999.0  -9999.0  -9999.0  -9999.0  -9999.0  -9999.0  -9999.0  -9999.0  -9999.0  -9999.0  -9999.0  -9999.0  -9999.0  -9999.0  0.608990582135  1.1816392616  4.2288342873  0.57746181671  1.62053387285  2.38999003452  3.10529502325  0.751824343225  1.40547928381  2.09825554041  22.0307740222  0.568582076579  1.08918653156  1.61925305398  0.465987096162  0.911456692072  1.05514507611  1.3734451188  38.3115165901  38.7062693801  39.0688139609  40.8859024966  41.3904470815  42.6747662843  0.3956165758  0.824824432367  0.904423859232  46.62228217  46.8899091412  0.132641576391  0.220476388038  0.305524594883  616.346107221  3.99548220277  1.76571919179  1.64278821178  1.42607467067  1.28667916358  0.284875578465  0.073456549412  0.123831699579  0.0589627004473  0.0576313744186  0.0991630572745  0.856620183966  1.60194378808  0.717337903156  0.123441758071  0.084310368104  0.0553880020424  0.922333466626  0.762792323563  0.0877386054591  2.19363410049  1.89413851432  0.161132722159  0.957630615051  0.602044909014  0.659478504357  0.560953952704  0.118637341452  -9999.0  -9999.0  -9999.0  -9999.0  -9999.0
-9999.0  -9999.0  -9999.0  -9999.0  -9999.0  -9999.0  -9999.0  -9999.0  -9999.0  -9999.0  -9999.0  -9999.0  -9999.0  -9999.0  0.619055025279  1.88270471437  6.73237598338  9.92900561472  0.50923321494  12.9543067195  16.6657926541  0.68703801925  1.3214488137  2.01097389666  27.7881857405  28.3504223614  0.463977914744  2.55440335327  2.97527659252  3.30955792031  35.6851533078  36.3146243423  36.7742828977  0.228582796243  1.27480512766  1.52113689025  0.652863193138  0.93824526172  43.9458769935  45.1701460991  45.3911266144  45.5978064362  47.1244189834  0.113602747055  0.0997004850552  0.490361263651  616.491637067  0.156061390068  0.0392831499426  0.11518362869  0.0492540059647  1.13170579211  1.01478889053  0.60661224272  0.420292446387  0.172465866853  0.0670287157432  0.142233569534  0.0283201515491  1.63070232499  0.182620111897  0.152386506154  0.0249758521857  0.0828450374163  0.962373364656  0.0277554760591  0.0179154303441  2.22280501084  0.0496267546064  1.11075468095  1.04502455916  0.922609884103  0.846115573391  0.0893842135872  0.324407009111  0.104188495829  -9999.0  -9999.0  -9999.0  -9999.0
-9999.0  -9999.0  -9999.0  -9999.0  -9999.0  -9999.0  -9999.0  -9999.0  -9999.0  -9999.0  -9999.0  -9999.0  -9999.0  -9999.0  -9999.0  -9999.0  1.31474871139  2.63634046233  11.7366719904  12.3877011489  17.2350973876  17.8508383603  0.685533374808  1.37139502299  3.23019910838  28.8698259923  29.8426368667  30.2297605053  0.315678481033  31.5608259475  32.1834670291  0.418162611611  0.231155616854  0.436568645512  0.848554761836  0.20714017388  0.410590797512  0.867913020988  1.08847942908  0.210133096468  0.13594028528  0.268110288445  48.0842063145  48.3788455176  48.4649679026  49.1992085679  616.62026666  0.108750308788  0.0210241808152  0.0281472962237  0.0281263819381  0.0295008069947  0.024873993487  0.0439763448279  0.0656762401862  0.149753420129  0.0812759241312  0.0753568712233  0.266399566425  1.95831895943  2.18498924266  2.22876375504  2.36875941613  0.0285685686397  0.990386123755  0.0884897469944  0.0322021203529  2.24994937053  2.32801585148  1.16299295355  1.24049965755  1.03048869642  0.612350292364  0.528724300781  0.438224535457  -9999.0  -9999.0  -9999.0  -9999.0  -9999.0
-9999.0  -9999.0  -9999.0  -9999.0  -9999.0  -9999.0  -9999.0  -9999.0  -9999.0  -9999.0  -9999.0  -9999.0  -9999.0  -9999.0  -9999.0  -9999.0  0.68357221611  0.665641194428  0.650712452339  1.28477300659  0.560055051454  18.9690717909  19.5294921536  0.640301025369  1.25356508853  0.586949129494  0.476252952241  0.459427610207  30.9775105193  0.18765958797  0.38615701219  0.244312877434  0.235836400218  0.205827171202  0.156228300532  0.163763018235  0.503538502294  0.693725290042  0.13016413214  0.111205446136  0.244849206713  0.41519115916  0.518045145861  0.133709365881  48.6052449299  49.2914203117  616.718974241  0.283761543564  0.0599565712246  0.0117002481115  0.0365777587627  0.00884610386317  0.00638484067571  0.0515696071846  0.327941634026  0.200930726667  0.0421362785824  0.0390460214137  0.0777245066889  0.0327928207781  0.0319082197702  0.0377452624406  0.041630128218  3.62989611712  1.10757332263  0.0267081284324  0.0389651364455  0.0179462271327  5.70611024609  3.35689634218  3.32483950464  1.09023550469  0.78778009698  0.0731113470737  -9999.0  -9999.0  -9999.0  -9999.0  -9999.0  -9999.0
-9999.0  -9999.0  -9999.0  -9999.0  -9999.0  -9999.0  -9999.0  -9999.0  -9999.0  -9999.0  -9999.0  -9999.0  -9999.0  -9999.0  -9999.0  -9999.0  -9999.0  -9999.0  0.6584512146  1.87821289728  2.39259823188  2.93723450844  20.0712481169  20.6218924  21.1684038335  21.7784150544  22.2243596399  23.1505953212  23.342569396  23.5087404293  23.6746436265  0.200779726489  0.187368766573  0.199742083158  0.69391175029  0.18592365407  0.176002197239  0.133553940341  0.387792706666  0.153763018138  0.116163593564  0.106499689172  0.0884495596339  0.176478783584  0.256981912478  49.8288339422  666.936011411  0.110020841285  0.20740341956  0.00775534615764  0.0470256658401  0.021418984148  0.0128851789878  0.643979697847  0.545287762065  0.146634480412  0.0814190628367  0.155857126249  0.0404018719019  0.0971044747269  0.0562049175678  0.100003174724  0.0355070673608  0.0508253797352  3.66593488972  3.76124182155  6.85805786884  6.82186675334  6.78940838794  0.0363271551255  0.92721371304  0.886846645417  0.0678811644654  -9999.0  -9999.0  -9999.0  -9999.0  -9999.0  -9999.0  -9999.0
-9999.0  -9999.0  -9999.0  -9999.0  -9999.0  -9999.0  -9999.0  -9999.0  -9999.0  -9999.0  -9999.0  -9999.0  -9999.0  -9999.0  -9999.0  -9999.0  -9999.0  -9999.0  -9999.0  0.532128180048  4.31800084779  8.42750079666  8.98966698378  0.76583824407  1.41573703271  2.02047188736  2.50271232213  5.7589582831  5.96387200525  0.19955066449  0.196509579748  24.0894844294  24.4484751113  24.6150681552  0.820376527806  0.112558082505  0.294316855193  0.429386583465  1.28874393341  1.57740096394  1.7992775071  0.200801715287  0.278943931288  0.0952254287201  0.190835174493  0.0996627990797  667.135554756  0.0915828638708  0.391257296817  0.10150070877  0.194662343718  0.720581484102  0.782506272311  1.48001076923  0.526071483075  0.45855694301  0.284542568262  0.254804866542  0.0669789921553  0.123456618581  0.138538364856  0.116158588174  0.0143365059186  11.0414049496  10.954666588  10.9108391602  7.00575000081  0.0679345232429  0.979532778604  0.679956384477  0.442519800979  0.274246680578  0.0422810424919  -9999.0  -9999.0  -9999.0  -9999.0  -9999.0  -9999.0  -9999.0
-9999.0  -9999.0  -9999.0  -9999.0  -9999.0  -9999.0  -9999.0  -9999.0  -9999.0  -9999.0  -9999.0  -9999.0  -9999.0  -9999.0  -9999.0  -9999.0  -9999.0  -9999.0  0.604950140804  1.94035055941  3.79327414204  4.94706066728  12.5428209871  13.2080501154  1.26918160427  1.87934467852  2.3809071096  2.85360587841  6.14918930281  6.54656264061  11.0974296871  11.4084640769  11.5880195038  24.7827000039  26.0234527435  0.280869222766  0.194113128166  0.18310036332  0.350212088947  0.15752986066  2.10003729049  2.20547864451  0.368448723189  0.459484846857  0.11267571705  143.294475428  143.518507594  810.805400862  811.346541742  0.10560860509  0.415946676677  0.234934086158  0.183150123626  1.76542887825  2.36745613003  0.400032391797  0.32600942047  0.0682854744326  0.0367016309106  0.158537463191  11.3370951949  11.1728319196  11.1465191545  11.1042723413  0.0725749949193  0.0673214261405  0.0690989196333  0.0766949713972  0.243723363133  0.160125043255  0.136582726545  0.203034979804  0.0583607410219  -9999.0  -9999.0  -9999.0  -9999.0  -9999.0  -9999.0  -9999.0
-9999.0  -9999.0  -9999.0  -9999.0  -9999.0  -9999.0  -9999.0  -9999.0  -9999.0  -9999.0  -9999.0  -9999.0  -9999.0  -9999.0  -9999.0  -9999.0  -9999.0  -9999.0  -9999.0  0.698106648578  0.68064189282  1.27465299529  3.01573795914  13.7727723859  0.652153732846  0.643799828704  1.15205971562  1.6598939287  3.80032772491  4.04931872633  0.159042434691  0.213726045648  11.8250953753  12.001378437  38.1793906982  38.3209042602  0.0980042964758  0.0854535981394  0.0722293911742  0.0729821676888  0.0813867624336  141.331597283  142.001658841  142.552513573  142.757636894  143.200115685  0.118304951196  0.431105095153  0.528303555504  812.102910135  812.187557901  812.262648893  812.35599191  812.452901799  2.48357829325  0.0350600775352  0.135289738181  0.107789103715  0.0274031584277  0.185763460292  11.4313146828  0.059167893307  0.0252828950736  0.235773095698  0.213069237474  0.177907211506  0.141162490455  0.0840786743585  0.0981656609964  0.0898637688501  0.0721007101197  0.0796521754231  -9999.0  -9999.0  -9999.0  -9999.0  -9999.0  -9999.0  -9999.0  -9999.0
-9999.0  -9999.0  -9999.0  -9999.0  -9999.0  -9999.0  -9999.0  -9999.0  -9999.0  -9999.0  -9999.0  -9999.0  -9999.0  -9999.0  -9999.0  -9999.0  -9999.0  -9999.0  -9999.0  -9999.0  0.614631288346  0.648312780912  1.19688226967  16.105557249  16.6846936647  0.628905441668  1.13627987486  1.6571178815  1.94027350677  0.223349019934  0.473669871696  34.6294610648  34.8120143017  34.9766775098  36.3235686304  74.7897553111  137.082768016  137.327695485  137.551725776  137.765075698  138.707558976  139.018550855  0.57789874544  0.253841177382  0.157641102999  0.29417106229  0.21406484281  0.342207646707  0.107956008096  2.45219181254  2.84069217578  3.13387186393  3.17839890283  812.517301303  815.11392712  815.417196723  0.18592251279  0.0334021368544  0.272186266887  0.219219386931  11.5014438669  0.0362002076482  0.590012281258  0.323197050302  0.291573274085  0.200061483699  0.0927431506182  0.105687938896  0.0541525053453  -9999.0  -9999.0  -9999.0  -9999.0  -9999.0  -9999.0  -9999.0  -9999.0  -9999.0  -9999.0  -9999.0
-9999.0  -9999.0  -9999.0  -9999.0  -9999.0  -9999.0  -9999.0  -9999.0  -9999.0  -9999.0  -9999.0  -9999.0  -9999.0  -9999.0  -9999.0  -9999.0  -9999.0  -9999.0  -9999.0  -9999.0  -9999.0  0.626703876049  1.1996217903  1.77708079167  17.1672137644  0.572292467245  23.2795911968  23.8172864391  24.0332332397  24.2967842599  33.6052830213  33.8907156281  0.200555735657  1.0133300231  1.22400708056  0.210093172888  62.0521750465  61.6729929762  0.116378294168  0.2733971272  0.750476150613  0.168905111581  0.183291845463  0.129223190026  0.109919020733  0.0828144226686  0.100745210817  2.1038263149  2.21191091066  2.34618365164  0.291835822781  0.213745711238  3.30087304774  3.372526886  3.40548314039  815.482911443  815.549367041  0.365669491787  0.303325228291  12.1910282887  12.1600049977  0.624992911506  0.0535283671536  0.0247848852443  0.464222795913  0.385720628901  0.28684400242  0.159485586172  0.0746595768344  0.0327711275209  -9999.0  -9999.0  -9999.0  -9999.0  -9999.0  -9999.0  -9999.0  -9999.0  -9999.0  -9999.0
-9999.0  -9999.0  -9999.0  -9999.0  -9999.0  -9999.0  -9999.0  -9999.0  -9999.0  -9999.0  -9999.0  -9999.0  -9999.0  -9999.0  -9999.0  -9999.0  -9999.0  -9999.0  -9999.0  -9999.0  -9999.0  0.564201909332  0.528759996747  2.75152593746  21.0442279601  22.1830516036  22.7849488136  0.529441152554  8.81210290545  9.00811947156  9.09834059021  0.256498248178  0.492332633178  0.691867951369  14.127044493  14.2820388862  14.4162073574  61.4211469014  38.7152227775  0.1550629688  0.163310355942  0.154845559694  0.120728381897  1.27236368701  1.52631877176  1.74570344798  1.87223568074  1.99333024784  14.0686538543  14.1552074894  14.2541914822  14.4650065194  15.5351682516  15.5794037266  19.0322095378  0.0344706585561  815.610078812  815.682629142  0.404265992871  12.2178259948  0.0549890222769  0.0267058665702  0.0851270496058  0.737585046136  0.71971666162  0.177029596435  0.0876149263309  0.194308193822  0.122590043157  0.0322559791849  0.025421044619  0.024742691538  -9999.0  -9999.0  -9999.0  -9999.0  -9999.0  -9999.0  -9999.0  -9999.0
-9999.0  -9999.0  -9999.0  -9999.0  -9999.0  -9999.0  -9999.0  -9999.0  -9999.0  -9999.0  -9999.0  -9999.0  -9999.0  -9999.0  -9999.0  -9999.0  -9999.0  -9999.0  -9999.0  -9999.0  -9999.0  -9999.0  1.10434600234  1.69418637479  0.605728172596  0.643421220725  7.09642722456  7.64404941368  7.99578671823  2.96624407224  3.13222046755  3.33333832994  3.54604674306  13.7727843627  13.9950405489  7.8073574379  22.4025649466  22.5680336325  38.5914171985  0.328009648931  0.166799131432  0.112108891663  0.879870534138  1.03608994678  0.0906488747309  0.0834465767552  13.6415261638  13.8682198087  13.9860802611  0.100536216903  0.149064685646  15.3577854251  0.0990487298796  0.369867495647  0.405366559278  19.5064064886  19.5421111013  20.0190584362  836.168690449  12.3042360019  0.946960194357  0.917016773415  0.879914493929  0.755998429385  0.0262226598323  0.342524862918  0.28218968876  0.11047543925  0.0382096597206  0.0542154395145  0.129511093394  0.0778157956096  -9999.0  -9999.0  -9999.0  -9999.0  -9999.0  -9999.0  -9999.0  -9999.0
-9999.0  -9999.0  -9999.0  -9999.0  -9999.0  -9999.0  -9999.0  -9999.0  -9999.0  -9999.0  -9999.0  -9999.0  -9999.0  -9999.0  -9999.0  -9999.0  -9999.0  -9999.0  -9999.0  -9999.0  -9999.0  -9999.0  0.555695936014  1.09822606925  4.63820443592  5.26465981667  5.89631612622  2.38101852117  2.79053144278  0.197461132276  9.67001371888  9.84126032316  10.0178043351  0.200394188267  7.39933531852  7.6309519947  0.168596011992  37.7341240004  0.3698200187  0.181753244269  0.478402635129  0.645853853947  0.125186837106  0.0991462715669  12.4893094698  13.432274158  13.5718167114  0.137009511661  0.291410840142  0.363195725988  0.431893480711  0.828891891385  0.133393449442  0.305570968379  0.0581420456867  0.113604539639  19.9393969314  19.9820661057  836.245314954  849.708882689  1.08648323571  0.0829711639689  0.0616538772056  0.049524519444  0.0171481565832  0.364376253575  0.235810962437  0.183034653866  0.451033447818  0.383767495185  0.273617036838  0.0713130661118  0.0271374450344  -9999.0  -9999.0  -9999.0  -9999.0  -9999.0  -9999.0  -9999.0
-9999.0  -9999.0  -9999.0  -9999.0  -9999.0  -9999.0  -9999.0  -9999.0  -9999.0  -9999.0  -9999.0  -9999.0  -9999.0  -9999.0  -9999.0  -9999.0  -9999.0  -9999.0  -9999.0  -9999.0  -9999.0  -9999.0  0.546354155851  1.7206347695  2.99956792343  0.694082028036  1.3021777715  1.88244801211  8.84524608892  9.12389651249  9.30718418185  0.157690537809  6.30030481348  6.82141798396  7.01833832897  0.119748694807  36.9909691379  37.404401554  0.193705060151  0.174449111517  0.352754410987  0.141999603346  11.7936198848  12.0496244079  12.2099871798  0.603543149345  0.745376674532  0.120851569263  0.213729316499  0.0938335317  0.643100807217  0.0982452619421  0.0791398673764  0.0846760701331  0.0877995594509  0.179217516016  0.237737390018  66.7294304758  66.8483087093  916.720923641  916.773569421  916.854152336  0.0811983750169  0.786327393684  0.71437050603  0.312454998175  0.298907076873  0.0427317904406  0.555020819887  0.0367378964502  0.029666140809  0.0223462673529  0.117703877738  0.0580781233141  -9999.0  -9999.0  -9999.0  -9999.0  -9999.0  -9999.0
-9999.0  -9999.0  -9999.0  -9999.0  -9999.0  -9999.0  -9999.0  -9999.0  -9999.0  -9999.0  -9999.0  -9999.0  -9999.0  -9999.0  -9999.0  -9999.0  -9999.0  -9999.0  -9999.0  -9999.0  -9999.0  -9999.0  -9999.0  0.597870945563  0.665516585249  0.743560782629  6.18942009098  6.74462848048  8.3731556116  0.341728801998  5.568637246  6.00620143055  0.177587308516  0.375799803798  0.133548216877  36.5419945194  0.175306075623  0.503505916836  0.637739465313  0.761489040829  10.8921988863  11.3741489818  11.5471804449  0.174080063261  0.323779978443  0.456834005341  0.0778097674161  0.0694010072569  34.5309652312  34.6032585469  34.6612690516  35.3020911476  35.3794056357  35.4862102128  35.5542347107  57.5257279089  57.5919491613  66.6847825499  0.0706608762202  0.0861527001633  0.144987136475  917.057339108  917.329587257  918.216012966  918.268614709  0.032279959363  0.0147401077756  0.620983673321  0.601992452884  0.0209376023447  0.0716401770847  0.599912384183  0.416212328269  0.375143574092  0.101251520764  -9999.0  -9999.0  -9999.0  -9999.0  -9999.0
-9999.0  -9999.0  -9999.0  -9999.0  -9999.0  -9999.0  -9999.0  -9999.0  -9999.0  -9999.0  -9999.0  -9999.0  -9999.0  -9999.0  -9999.0  -9999.0  -9999.0  -9999.0  -9999.0  -9999.0  -9999.0  -9999.0  -9999.0  0.50416943681  1.26456131344  2.75221653533  5.60864603911  0.643661262669  1.16692931983  4.72595335955  5.04153796342  0.23281151543  8.4077374084  8.58841514635  36.1003598183  36.2558607324  0.153093358209  0.296125144874  1.31249127549  9.67293961567  10.041156848  0.36823343917  0.192769700365  0.146763971899  30.8182082239  31.0870569973  31.3005976006  31.5147362855  34.4652946791  0.229994069356  35.2318507505  0.129800836736  0.0800032289214  0.158053567984  21.8290876095  21.9235352417  8.75987265537  9.01588951293  0.172104663954  0.0838042782894  0.0964697358025  0.0945566552887  0.135789458095  0.0448627896158  967.932907959  968.019919299  0.805809202617  0.64905126178  0.016190911812  0.944270323109  0.884780441762  0.737020586492  0.0642439546175  0.091557691924  0.114871766561  -9999.0  -9999.0  -9999.0  -9999.0  -9999.0
-9999.0  -9999.0  -9999.0  -9999.0  -9999.0  -9999.0  -9999.0  -9999.0  -9999.0  -9999.0  -9999.0  -9999.0  -9999.0  -9999.0  -9999.0  -9999.0  -9999.0  -9999.0  -9999.0  -9999.0  -9999.0  -9999.0  -9999.0  -9999.0  0.783572228704  1.52861391029  2.1810126756  3.6604983056  4.19287238634  6.96181957549  7.87826208362  8.07850406443  8.23158364092  27.1705922235  27.3529675179  0.113560629358  1.10103733712  1.24417406688  8.20939025053  8.31793235803  0.229881574469  0.0850007505488  30.2706130694  30.4192973558  30.5602669212  0.147310577626  2.56624497762  2.6943037255  2.83686466966  0.120227941157  0.0867227289376  0.0615038293258  0.0806790993546  21.50211125  21.6131511253  0.0640340462953  8.69864528822  8.31908028535  8.26022003197  0.0647295767669  0.116692388118  0.0692537625531  0.119527039771  49.3416701328  49.5941816351  968.890652654  0.0887194395271  0.0404897453526  0.985701063217  0.0252600939049  0.207424137905  0.134178447942  0.0569099083368  -9999.0  -9999.0  -9999.0  -9999.0  -9999.0  -9999.0  -9999.0
-9999.0  -9999.0  -9999.0  -9999.0  -9999.0  -9999.0  -9999.0  -9999.0  -9999.0  -9999.0  -9999.0  -9999.0  -9999.0  -9999.0  -9999.0  -9999.0  -9999.0  -9999.0  -9999.0  -9999.0  -9999.0  -9999.0  -9999.0  -9999.0  0.723678952884  2.2904543381  3.03050830264  4.47537667634  5.78510537204  6.43620269939  0.494393510306  6.94849524358  26.5462101256  26.9848750267  0.361552352141  0.627348067822  1.00557185799  7.91625418238  8.09195636741  20.1003475599  20.4633431057  30.1407637432  30.2011251844  0.0798630862661  2.06979025166  2.29637376994  2.46361813916  0.131036730398  19.2620538085  19.3800035193  19.7051145536  20.9290302055  21.3270502731  21.3917925956  0.0856924474263  0.174145903406  0.246849712358  7.07580204856  8.14640657999  0.738991776343  0.671836414863  0.0500355764596  0.0722995893623  49.1686719846  0.208083046704  0.0810557383001  969.018777378  0.0192405445607  0.0163113003142  1.26042173479  0.258849812243  0.0583482122139  0.0347213085946  -9999.0  -9999.0  -9999.0  -9999.0  -9999.0  -9999.0  -9999.0
-9999.0  -9999.0  -9999.0  -9999.0  -9999.0  -9999.0  -9999.0  -9999.0  -9999.0  -9999.0  -9999.0  -9999.0  -9999.0  -9999.0  -9999.0  -9999.0  -9999.0  -9999.0  -9999.0  -9999.0  -9999.0  -9999.0  -9999.0  -9999.0  0.804888080246  0.77080403203  3.02992564291  3.78624557556  0.685850224495  5.80243479114  6.39867224858  0.543232182574  18.5728834342  0.525671672402  3.41508173868  7.37178124675  7.7524307931  18.6238198988  18.8525377793  19.9687133007  0.285236351532  9.58326024356  0.0630997273542  0.139285600752  1.99114047022  0.132386626281  4.23359333912  19.0296072527  0.103057619021  0.240925215507  0.940367795037  0.138055814997  0.137063371487  0.106848142801  0.0717001548421  6.43383114835  6.83210588118  7.00744367006  0.251565438742  0.214452487575  0.400622091909  0.0686450459171  48.953289608  49.0033689395  0.0994730445627  0.0503457873763  0.0202714240292  969.198521674  970.780382865  1.51517730535  0.236438828501  0.218685592654  0.1070357569  -9999.0  -9999.0  -9999.0  -9999.0  -9999.0  -9999.0  -9999.0
-9999.0  -9999.0  -9999.0  -9999.0  -9999.0  -9999.0  -9999.0  -9999.0  -9999.0  -9999.0  -9999.0  -9999.0  -9999.0  -9999.0  -9999.0  -9999.0  -9999.0  -9999.0  -9999.0  -9999.0  -9999.0  -9999.0  -9999.0  -9999.0  -9999.0  0.753605340357  0.800175427877  0.762460823914  4.47995194472  5.17594848354  8.2140584195  18.0844371097  0.625086086435  1.86708217986  2.43704967053  3.54615701127  0.941781655762  18.2343134004  0.422526479288  0.837382376987  9.06581726737  0.34373000673  1.43955010266  1.66478652621  0.0852153098051  0.124035557343  4.15723907388  14.7040425509  0.138168861486  0.477346115619  0.824084768136  0.131041080124  0.0809376770585  5.88955302741  6.12777556931  0.176744610061  0.342176013575  0.0966959374464  0.164569835755  0.122731345994  0.108421776332  0.053595103818  48.910261499  0.153868387859  -9999.0  -9999.0  0.0536243956484  0.0937286645056  970.828868988  970.875939042  970.981461858  0.0480259515016  -9999.0  -9999.0  -9999.0  -9999.0  -9999.0  -9999.0  -9999.0  -9999.0
-9999.0  -9999.0  -9999.0  -9999.0  -9999.0  -9999.0  -9999.0  -9999.0  -9999.0  -9999.0  -9999.0  -9999.0  -9999.0  -9999.0  -9999.0  -9999.0  -9999.0  -9999.0  -9999.0  -9999.0  -9999.0  -9999.0  -9999.0  -9999.0  -9999.0  -9999.0  0.743806015274  2.32594876888  3.02254886421  7.62377613374  2.84105049964  9.23923579481  5.76517405268  0.616419600797  1.86771567528  3.0057607008  0.4979062269  16.8773998464  6.28891480348  7.83484231188  0.901884893211  0.900679518461  0.371799287702  0.191396496338  3.78939762636  3.91682543738  14.320023127  14.4411174535  0.225785677038  0.353557044508  0.0919099265339  4.96849051773  5.43538658674  5.84773175235  0.18764100816  0.0870026900208  0.246279308918  0.089675437197  0.0588134555894  0.047367379454  48.512986165  48.5913204233  48.6577084967  0.105422639647  -9999.0  -9999.0  -9999.0  -9999.0  -9999.0  0.0163555161276  971.019318693  971.054368191  -9999.0  -9999.0  -9999.0  -9999.0  -9999.0  -9999.0  -9999.0  -9999.0
-9999.0  -9999.0  -9999.0  -9999.0  -9999.0  -9999.0  -9999.0  -9999.0  -9999.0  -9999.0  -9999.0  -9999.0  -9999.0  -9999.0  -9999.0  -9999.0  -9999.0  -9999.0  -9999.0  -9999.0  -9999.0  -9999.0  -9999.0  -9999.0  -9999.0  -9999.0  0.872068262063  0.781874931719  6.95208293356  0.73562938482  2.20588340884  3.73586326089  5.13332151862  0.686737307923  0.638984913605  0.581424001141  15.7794297927  16.3640265845  5.82175908812  1.11347537807  0.526460059972  0.523630013198  3.29605272065  3.68077679278  12.9602114025  13.5533607955  14.0476215162  0.163997571198  0.116519040074  4.74145220017  4.81297910808  4.90453905916  0.414157814718  0.224427524492  0.104268532408  0.0976346468634  0.0613865610847  0.536978315185  0.571134016258  48.471856726  48.4902316196  0.0501871167601  0.0331802125861  0.0531619999446  -9999.0  -9999.0  -9999.0  -9999.0  -9999.0  -9999.0  -9999.0  -9999.0  -9999.0  -9999.0  -9999.0  -9999.0  -9999.0  -9999.0  -9999.0  -9999.0
-9999.0  -9999.0  -9999.0  -9999.0  -9999.0  -9999.0  -9999.0  -9999.0  -9999.0  -9999.0  -9999.0  -9999.0  -9999.0  -9999.0  -9999.0  -9999.0  -9999.0  -9999.0  -9999.0  -9999.0  -9999.0  -9999.0  -9999.0  -9999.0  -9999.0  -9999.0  -9999.0  1.66575885559  5.44075223922  3.01536055393  0.733954522723  2.9957770983  0.7033061304  2.19272160935  2.73852232676  13.9477859645  15.2206583001  4.7443504961  5.29499264193  0.562964102411  2.35346302278  2.8489615315  8.11100127141  12.2836207313  12.7063114268  0.395410554707  0.28568153241  3.79843480227  4.27805241315  4.67203630478  0.120321441272  0.216309404308  0.327893831024  0.109595917401  0.221896183432  0.354180923279  0.40883799736  0.502646606362  0.0503093156878  47.8235214945  0.111760278604  0.0311658193303  -9999.0  -9999.0  -9999.0  -9999.0  -9999.0  -9999.0  -9999.0  -9999.0  -9999.0  -9999.0  -9999.0  -9999.0  -9999.0  -9999.0  -9999.0  -9999.0  -9999.0  -9999.0
-9999.0  -9999.0  -9999.0  -9999.0  -9999.0  -9999.0  -9999.0  -9999.0  -9999.0  -9999.0  -9999.0  -9999.0  -9999.0  -9999.0  -9999.0  -9999.0  -9999.0  -9999.0  -9999.0  -9999.0  -9999.0  -9999.0  -9999.0  -9999.0  -9999.0  -9999.0  -9999.0  0.879468765806  0.794712613252  1.44682618626  0.778963324596  1.49763007518  1.53290481873  8.57241736185  9.21452000911  1.39697773082  0.638697245951  4.19900775566  1.24722188825  1.86119357114  6.65372252679  7.16829465359  7.67984572712  3.75372683148  1.40872009542  2.23030325102  2.93073710936  3.66036931065  0.350996344802  0.198898327495  27.7453985538  27.8886719716  27.9880767666  0.0834676906354  0.150164261695  0.085803744568  0.0583313934819  45.8570932711  46.5007232203  1.09109134428  0.904730019833  0.0765254610638  -9999.0  -9999.0  -9999.0  -9999.0  -9999.0  -9999.0  -9999.0  -9999.0  -9999.0  -9999.0  -9999.0  -9999.0  -9999.0  -9999.0  -9999.0  -9999.0  -9999.0  -9999.0
-9999.0  -9999.0  -9999.0  -9999.0  -9999.0  -9999.0  -9999.0  -9999.0  -9999.0  -9999.0  -9999.0  -9999.0  -9999.0  -9999.0  -9999.0  -9999.0  -9999.0  -9999.0  -9999.0  -9999.0  -9999.0  -9999.0  -9999.0  -9999.0  -9999.0  -9999.0  -9999.0  -9999.0  -9999.0  0.61122924511  0.693005750989  0.813264738328  3.21239001225  7.90961408571  3.97209739975  0.698325747848  2.89355525668  3.57217387709  0.611911001076  5.59266788096  6.13689999975  1.71449117122  2.72461484473  0.526456011048  0.923407354843  0.442208049727  0.359151480949  0.337683540969  27.1510250159  27.4149048355  27.627960993  1.0496651459  29.293412359  29.4810234134  29.6306915152  29.7798720966  30.0068929165  45.8034442772  46.0260077302  0.377432032338  0.818580882201  0.214811926974  -9999.0  -9999.0  -9999.0  -9999.0  -9999.0  -9999.0  -9999.0  -9999.0  -9999.0  -9999.0  -9999.0  -9999.0  -9999.0  -9999.0  -9999.0  -9999.0  -9999.0  -9999.0
-9999.0  -9999.0  -9999.0  -9999.0  -9999.0  -9999.0  -9999.0  -9999.0  -9999.0  -9999.0  -9999.0  -9999.0  -9999.0  -9999.0  -9999.0  -9999.0  -9999.0  -9999.0  -9999.0  -9999.0  -9999.0  -9999.0  -9999.0  -9999.0  -9999.0  -9999.0  -9999.0  -9999.0  -9999.0  -9999.0  -9999.0  0.861567908394  1.66021136384  1.64671336462  1.61048903682  1.54306265031  2.28012226999  3.72564148475  4.33690820287  5.02634686103  0.575908095173  1.16952228115  0.508330327299  0.450183544442  16.7703536768  20.3447131143  21.1520754741  21.5363507013  26.8845357013  0.313147038844  0.572173356392  0.879615391369  5.02958409491  5.24840256902  5.39894116581  11.8782530991  14.4104811984  15.6316912742  0.218530974204  0.202128538467  0.506321463011  0.129561407592  -9999.0  -9999.0  -9999.0  -9999.0  -9999.0  -9999.0  -9999.0  -9999.0  -9999.0  -9999.0  -9999.0  -9999.0  -9999.0  -9999.0  -9999.0  -9999.0  -9999.0  -9999.0
-9999.0  -9999.0  -9999.0  -9999.0  -9999.0  -9999.0  -9999.0  -9999.0  -9999.0  -9999.0  -9999.0  -9999.0  -9999.0  -9999.0  -9999.0  -9999.0  -9999.0  -9999.0  -9999.0  -9999.0  -9999.0  -9999.0  -9999.0  -9999.0  -9999.0  -9999.0  -9999.0  -9999.0  -9999.0  -9999.0  -9999.0  -9999.0  0.841335351907  0.843114917729  0.812741597393  0.781243777491  1.54973838292  3.04150295548  2.92356886944  3.5397800134  4.05407826639  9.28720597193  9.78407817474  15.9833429396  16.4378124538  3.22733592031  0.425161391441  4.61977262755  4.98204880521  1.98769045757  3.83961648789  4.50364700338  4.79733588758  0.245620816016  6.35151306049  12.4018642487  14.2936087384  0.219929575041  0.831900454479  0.136457238732  0.389099489065  -9999.0  -9999.0  -9999.0  -9999.0  -9999.0  -9999.0  -9999.0  -9999.0  -9999.0  -9999.0  -9999.0  -9999.0  -9999.0  -9999.0  -9999.0  -9999.0  -9999.0  -9999.0  -9999.0
-9999.0  -9999.0  -9999.0  -9999.0  -9999.0  -9999.0  -9999.0  -9999.0  -9999.0  -9999.0  -9999.0  -9999.0  -9999.0  -9999.0  -9999.0  -9999.0  -9999.0  -9999.0  -9999.0  -9999.0  -9999.0  -9999.0  -9999.0  -9999.0  -9999.0  -9999.0  -9999.0  -9999.0  -9999.0  -9999.0  -9999.0  -9999.0  -9999.0  -9999.0  -9999.0  0.832233979992  0.767260201886  0.776809679168  2.25120926603  2.10876419737  4.04861024108  4.71803885345  0.557566337375  5.68460145872  2.26259941257  2.78186530114  2.88015781355  4.24886060337  1.22996289809  0.403844873426  1.5910228048  0.385138470054  3.44583391609  4.10096340824  5.90331404183  0.279206445391  1.06755120415  0.385412080613  0.471679541191  0.141562774817  0.26674745198  -9999.0  -9999.0  -9999.0  -9999.0  -9999.0  -9999.0  -9999.0  -9999.0  -9999.0  -9999.0  -9999.0  -9999.0  -9999.0  -9999.0  -9999.0  -9999.0  -9999.0  -9999.0  -9999.0
-9999.0  -9999.0  -9999.0  -9999.0  -9999.0  -9999.0  -9999.0  -9999.0  -9999.0  -9999.0  -9999.0  -9999.0  -9999.0  -9999.0  -9999.0  -9999.0  -9999.0  -9999.0  -9999.0  -9999.0  -9999.0  -9999.0  -9999.0  -9999.0  -9999.0  -9999.0  -9999.0  -9999.0  -9999.0  -9999.0  -9999.0  -9999.0  -9999.0  -9999.0  -9999.0  -9999.0  -9999.0  0.751918385486  0.690667707515  1.41603427961  1.31924203644  3.35333142637  4.54328232168  1.20837112297  1.73265298363  1.47074012604  2.44756634011  0.928879293433  0.863832046717  0.862465040538  0.374116392832  2.03473281574  3.13345313688  0.356706064456  1.48609903866  0.52019842941  0.281434246952  0.158103630573  0.15180205929  0.166092924618  -9999.0  -9999.0  -9999.0  -9999.0  -9999.0  -9999.0  -9999.0  -9999.0  -9999.0  -9999.0  -9999.0  -9999.0  -9999.0  -9999.0  -9999.0  -9999.0  -9999.0  -9999.0  -9999.0  -9999.0
-9999.0  -9999.0  -9999.0  -9999.0  -9999.0  -9999.0  -9999.0  -9999.0  -9999.0  -9999.0  -9999.0  -9999.0  -9999.0  -9999.0  -9999.0  -9999.0  -9999.0  -9999.0  -9999.0  -9999.0  -9999.0  -9999.0  -9999.0  -9999.0  -9999.0  -9999.0  -9999.0  -9999.0  -9999.0  -9999.0  -9999.0  -9999.0  -9999.0  -9999.0  -9999.0  -9999.0  -9999.0  -9999.0  -9999.0  0.687365559918  1.40622900669  2.75318956855  0.622815596795  0.610386903478  0.481440759739  0.997061027744  0.499000513106  0.46931139258  0.449951364227  0.45041334676  0.855874515727  1.69102288617  0.77731669509  0.808060711597  1.16101208011  0.26060945257  0.131635543413  -9999.0  -9999.0  -9999.0  -9999.0  -9999.0  -9999.0  -9999.0  -9999.0  -9999.0  -9999.0  -9999.0  -9999.0  -9999.0  -9999.0  -9999.0  -9999.0  -9999.0  -9999.0  -9999.0  -9999.0  -9999.0  -9999.0  -9999.0
-9999.0  -9999.0  -9999.0  -9999.0  -9999.0  -9999.0  -9999.0  -9999.0  -9999.0  -9999.0  -9999.0  -9999.0  -9999.0  -9999.0  -9999.0  -9999.0  -9999.0  -9999.0  -9999.0  -9999.0  -9999.0  -9999.0  -9999.0  -9999.0  -9999.0  -9999.0  -9999.0  -9999.0  -9999.0  -9999.0  -9999.0  -9999.0  -9999.0  -9999.0  -9999.0  -9999.0  -9999.0  -9999.0  -9999.0  -9999.0  0.716351958319  0.652422795668  -9999.0  -9999.0  -9999.0  -9999.0  -9999.0  -9999.0  -9999.0  -9999.0  0.434341672311  0.412049985665  0.367601774111  0.388008040968  -9999.0  -9999.0  -9999.0  -9999.0  -9999.0  -9999.0  -9999.0  -9999.0  -9999.0  -9999.0  -9999.0  -9999.0  -9999.0  -9999.0  -9999.0  -9999.0  -9999.0  -9999.0  -9999.0  -9999.0  -9999.0  -9999.0  -9999.0  -9999.0  -9999.0  -9999.0
-9999.0  -9999.0  -9999.0  -9999.0  -9999.0  -9999.0  -9999.0  -9999.0  -9999.0  -9999.0  -9999.0  -9999.0  -9999.0  -9999.0  -9999.0  -9999.0  -9999.0  -9999.0  -9999.0  -9999.0  -9999.0  -9999.0  -9999.0  -9999.0  -9999.0  -9999.0  -9999.0  -9999.0  -9999.0  -9999.0  -9999.0  -9999.0  -9999.0  -9999.0  -9999.0  -9999.0  -9999.0  -9999.0  -9999.0  -9999.0  -9999.0  -9999.0  -9999.0  -9999.0  -9999.0  -9999.0  -9999.0  -9999.0  -9999.0  -9999.0  -9999.0  -9999.0  -9999.0  -9999.0  -9999.0  -9999.0  -9999.0  -9999.0  -9999.0  -9999.0  -9999.0  -9999.0  -9999.0  -9999.0  -9999.0  -9999.0  -9999.0  -9999.0  -9999.0  -9999.0  -9999.0  -9999.0  -9999.0  -9999.0  -9999.0  -9999.0  -9999.0  -9999.0  -9999.0  -9999.0
-9999.0  -9999.0  -9999.0  -9999.0  -9999.0  -9999.0  -9999.0  -9999.0  -9999.0  -9999.0  -9999.0  -9999.0  -9999.0  -9999.0  -9999.0  -9999.0  -9999.0  -9999.0  -9999.0  -9999.0  -9999.0  -9999.0  -9999.0  -9999.0  -9999.0  -9999.0  -9999.0  -9999.0  -9999.0  -9999.0  -9999.0  -9999.0  -9999.0  -9999.0  -9999.0  -9999.0  -9999.0  -9999.0  -9999.0  -9999.0  -9999.0  -9999.0  -9999.0  -9999.0  -9999.0  -9999.0  -9999.0  -9999.0  -9999.0  -9999.0  -9999.0  -9999.0  -9999.0  -9999.0  -9999.0  -9999.0  -9999.0  -9999.0  -9999.0  -9999.0  -9999.0  -9999.0  -9999.0  -9999.0  -9999.0  -9999.0  -9999.0  -9999.0  -9999.0  -9999.0  -9999.0  -9999.0  -9999.0  -9999.0  -9999.0  -9999.0  -9999.0  -9999.0  -9999.0  -9999.0
-9999.0  -9999.0  -9999.0  -9999.0  -9999.0  -9999.0  -9999.0  -9999.0  -9999.0  -9999.0  -9999.0  -9999.0  -9999.0  -9999.0  -9999.0  -9999.0  -9999.0  -9999.0  -9999.0  -9999.0  -9999.0  -9999.0  -9999.0  -9999.0  -9999.0  -9999.0  -9999.0  -9999.0  -9999.0  -9999.0  -9999.0  -9999.0  -9999.0  -9999.0  -9999.0  -9999.0  -9999.0  -9999.0  -9999.0  -9999.0  -9999.0  -9999.0  -9999.0  -9999.0  -9999.0  -9999.0  -9999.0  -9999.0  -9999.0  -9999.0  -9999.0  -9999.0  -9999.0  -9999.0  -9999.0  -9999.0  -9999.0  -9999.0  -9999.0  -9999.0  -9999.0  -9999.0  -9999.0  -9999.0  -9999.0  -9999.0  -9999.0  -9999.0  -9999.0  -9999.0  -9999.0  -9999.0  -9999.0  -9999.0  -9999.0  -9999.0  -9999.0  -9999.0  -9999.0  -9999.0
-9999.0  -9999.0  -9999.0  -9999.0  -9999.0  -9999.0  -9999.0  -9999.0  -9999.0  -9999.0  -9999.0  -9999.0  -9999.0  -9999.0  -9999.0  -9999.0  -9999.0  -9999.0  -9999.0  -9999.0  -9999.0  -9999.0  -9999.0  -9999.0  -9999.0  -9999.0  -9999.0  -9999.0  -9999.0  -9999.0  -9999.0  -9999.0  -9999.0  -9999.0  -9999.0  -9999.0  -9999.0  -9999.0  -9999.0  -9999.0  -9999.0  -9999.0  -9999.0  -9999.0  -9999.0  -9999.0  -9999.0  -9999.0  -9999.0  -9999.0  -9999.0  -9999.0  -9999.0  -9999.0  -9999.0  -9999.0  -9999.0  -9999.0  -9999.0  -9999.0  -9999.0  -9999.0  -9999.0  -9999.0  -9999.0  -9999.0  -9999.0  -9999.0  -9999.0  -9999.0  -9999.0  -9999.0  -9999.0  -9999.0  -9999.0  -9999.0  -9999.0  -9999.0  -9999.0  -9999.0
-9999.0  -9999.0  -9999.0  -9999.0  -9999.0  -9999.0  -9999.0  -9999.0  -9999.0  -9999.0  -9999.0  -9999.0  -9999.0  -9999.0  -9999.0  -9999.0  -9999.0  -9999.0  -9999.0  -9999.0  -9999.0  -9999.0  -9999.0  -9999.0  -9999.0  -9999.0  -9999.0  -9999.0  -9999.0  -9999.0  -9999.0  -9999.0  -9999.0  -9999.0  -9999.0  -9999.0  -9999.0  -9999.0  -9999.0  -9999.0  -9999.0  -9999.0  -9999.0  -9999.0  -9999.0  -9999.0  -9999.0  -9999.0  -9999.0  -9999.0  -9999.0  -9999.0  -9999.0  -9999.0  -9999.0  -9999.0  -9999.0  -9999.0  -9999.0  -9999.0  -9999.0  -9999.0  -9999.0  -9999.0  -9999.0  -9999.0  -9999.0  -9999.0  -9999.0  -9999.0  -9999.0  -9999.0  -9999.0  -9999.0  -9999.0  -9999.0  -9999.0  -9999.0  -9999.0  -9999.0
-9999.0  -9999.0  -9999.0  -9999.0  -9999.0  -9999.0  -9999.0  -9999.0  -9999.0  -9999.0  -9999.0  -9999.0  -9999.0  -9999.0  -9999.0  -9999.0  -9999.0  -9999.0  -9999.0  -9999.0  -9999.0  -9999.0  -9999.0  -9999.0  -9999.0  -9999.0  -9999.0  -9999.0  -9999.0  -9999.0  -9999.0  -9999.0  -9999.0  -9999.0  -9999.0  -9999.0  -9999.0  -9999.0  -9999.0  -9999.0  -9999.0  -9999.0  -9999.0  -9999.0  -9999.0  -9999.0  -9999.0  -9999.0  -9999.0  -9999.0  -9999.0  -9999.0  -9999.0  -9999.0  -9999.0  -9999.0  -9999.0  -9999.0  -9999.0  -9999.0  -9999.0  -9999.0  -9999.0  -9999.0  -9999.0  -9999.0  -9999.0  -9999.0  -9999.0  -9999.0  -9999.0  -9999.0  -9999.0  -9999.0  -9999.0  -9999.0  -9999.0  -9999.0  -9999.0  -9999.0
