ncols                  80
nrows                 72
xllcorner      4374000.0
yllcorner      5656000.0
cellsize            500
NODATA_value       -9999
-9999.0  -9999.0  -9999.0  -9999.0  -9999.0  -9999.0  -9999.0  -9999.0  -9999.0  -9999.0  -9999.0  -9999.0  0.590798656211  0.603341131282  -9999.0  -9999.0  -9999.0  -9999.0  -9999.0  -9999.0  -9999.0  -9999.0  -9999.0  -9999.0  -9999.0  -9999.0  -9999.0  -9999.0  -9999.0  -9999.0  -9999.0  -9999.0  -9999.0  -9999.0  -9999.0  -9999.0  -9999.0  -9999.0  -9999.0  -9999.0  -9999.0  -9999.0  -9999.0  -9999.0  -9999.0  -9999.0  -9999.0  -9999.0  -9999.0  -9999.0  -9999.0  -9999.0  -9999.0  -9999.0  -9999.0  -9999.0  -9999.0  -9999.0  -9999.0  -9999.0  -9999.0  -9999.0  -9999.0  -9999.0  -9999.0  -9999.0  -9999.0  -9999.0  -9999.0  -9999.0  -9999.0  -9999.0  -9999.0  -9999.0  -9999.0  -9999.0  -9999.0  -9999.0  -9999.0  -9999.0
-9999.0  -9999.0  -9999.0  -9999.0  -9999.0  -9999.0  -9999.0  -9999.0  -9999.0  -9999.0  -9999.0  -9999.0  1.24216686208  2.94658343057  0.51038296186  -9999.0  0.44053348106  -9999.0  -9999.0  -9999.0  -9999.0  -9999.0  -9999.0  -9999.0  -9999.0  -9999.0  -9999.0  -9999.0  -9999.0  -9999.0  -9999.0  -9999.0  -9999.0  -9999.0  -9999.0  -9999.0  -9999.0  -9999.0  -9999.0  -9999.0  -9999.0  -9999.0  -9999.0  -9999.0  -9999.0  -9999.0  -9999.0  -9999.0  -9999.0  -9999.0  -9999.0  -9999.0  -9999.0  -9999.0  -9999.0  -9999.0  -9999.0  -9999.0  -9999.0  -9999.0  -9999.0  -9999.0  -9999.0  -9999.0  -9999.0  -9999.0  -9999.0  -9999.0  -9999.0  -9999.0  -9999.0  -9999.0  -9999.0  -9999.0  -9999.0  -9999.0  -9999.0  -9999.0  -9999.0  -9999.0
-9999.0  -9999.0  -9999.0  -9999.0  -9999.0  -9999.0  -9999.0  -9999.0  -9999.0  -9999.0  0.541098836052  0.518319169105  0.575458647129  0.580416824243  3.96159646996  4.42057933779  1.17252208415  0.366695308782  -9999.0  -9999.0  -9999.0  -9999.0  -9999.0  -9999.0  -9999.0  -9999.0  -9999.0  -9999.0  -9999.0  -9999.0  -9999.0  -9999.0  -9999.0  -9999.0  -9999.0  -9999.0  -9999.0  -9999.0  -9999.0  -9999.0  -9999.0  -9999.0  -9999.0  -9999.0  -9999.0  -9999.0  -9999.0  -9999.0  -9999.0  -9999.0  -9999.0  -9999.0  -9999.0  -9999.0  -9999.0  -9999.0  -9999.0  -9999.0  -9999.0  -9999.0  -9999.0  -9999.0  -9999.0  -9999.0  -9999.0  -9999.0  -9999.0  -9999.0  -9999.0  -9999.0  -9999.0  -9999.0  -9999.0  -9999.0  -9999.0  -9999.0  -9999.0  -9999.0  -9999.0  -9999.0
-9999.0  -9999.0  -9999.0  -9999.0  -9999.0  -9999.0  -9999.0  -9999.0  -9999.0  0.509938643636  1.05964751992  2.10632886894  1.08249941172  0.515417678976  0.981922596815  4.86171970676  6.88731793242  0.424015999636  -9999.0  0.503999023741  -9999.0  -9999.0  -9999.0  -9999.0  0.802276398843  0.413715510736  -9999.0  -9999.0  -9999.0  -9999.0  -9999.0  -9999.0  -9999.0  -9999.0  -9999.0  -9999.0  -9999.0  -9999.0  -9999.0  -9999.0  -9999.0  -9999.0  -9999.0  -9999.0  -9999.0  -9999.0  -9999.0  -9999.0  -9999.0  -9999.0  -9999.0  -9999.0  -9999.0  -9999.0  -9999.0  -9999.0  -9999.0  -9999.0  -9999.0  -9999.0  -9999.0  -9999.0  -9999.0  -9999.0  -9999.0  -9999.0  -9999.0  -9999.0  -9999.0  -9999.0  -9999.0  -9999.0  -9999.0  -9999.0  -9999.0  -9999.0  -9999.0  -9999.0  -9999.0  -9999.0
-9999.0  -9999.0  -9999.0  -9999.0  -9999.0  -9999.0  -9999.0  -9999.0  0.662660182679  1.75359408488  2.23786463776  2.72868301836  3.65338089046  0.432253521771  1.81062478341  2.20721159597  9.88598686367  0.373807268848  0.328721935501  0.891773370071  1.25903445349  0.397020636936  -9999.0  2.06142181864  1.70361315028  0.462040354262  -9999.0  -9999.0  -9999.0  -9999.0  -9999.0  -9999.0  -9999.0  -9999.0  -9999.0  -9999.0  -9999.0  -9999.0  -9999.0  -9999.0  -9999.0  -9999.0  -9999.0  -9999.0  -9999.0  -9999.0  -9999.0  -9999.0  -9999.0  -9999.0  -9999.0  -9999.0  -9999.0  -9999.0  -9999.0  -9999.0  -9999.0  -9999.0  -9999.0  -9999.0  -9999.0  -9999.0  -9999.0  -9999.0  -9999.0  -9999.0  -9999.0  -9999.0  -9999.0  -9999.0  -9999.0  -9999.0  -9999.0  -9999.0  -9999.0  -9999.0  -9999.0  -9999.0  -9999.0  -9999.0
-9999.0  -9999.0  -9999.0  -9999.0  -9999.0  -9999.0  0.612952511802  0.524934016354  0.504163948045  0.526047400144  0.548175596377  3.85202283519  8.01197608573  8.4967424577  8.849481643  0.342467288492  10.6105979048  10.9637666731  0.712716135064  0.386634716033  1.61525616423  2.76107830212  0.388244953408  3.25261044549  0.388514137245  0.398660602681  0.40288371329  -9999.0  -9999.0  -9999.0  -9999.0  -9999.0  -9999.0  -9999.0  -9999.0  -9999.0  -9999.0  -9999.0  -9999.0  -9999.0  -9999.0  -9999.0  -9999.0  -9999.0  -9999.0  -9999.0  -9999.0  -9999.0  -9999.0  -9999.0  -9999.0  -9999.0  -9999.0  -9999.0  -9999.0  -9999.0  -9999.0  -9999.0  -9999.0  -9999.0  -9999.0  -9999.0  -9999.0  -9999.0  -9999.0  -9999.0  -9999.0  -9999.0  -9999.0  -9999.0  -9999.0  -9999.0  -9999.0  -9999.0  -9999.0  -9999.0  -9999.0  -9999.0  -9999.0  -9999.0
-9999.0  -9999.0  -9999.0  -9999.0  -9999.0  -9999.0  1.24770236476  1.82901299278  4.06291619655  5.54935043369  0.430444466417  0.457657299501  0.422500266864  1.23345218111  10.4317789379  0.29518685197  11.2829163226  12.6455594294  1.04160885516  0.689874430273  3.07348785411  0.362385741732  3.59769847184  0.667672711815  0.327779856114  0.706809678336  0.796342222784  0.424515032832  0.439884719699  0.414122754045  0.473402114126  0.941736763792  -9999.0  -9999.0  -9999.0  -9999.0  -9999.0  -9999.0  -9999.0  -9999.0  -9999.0  -9999.0  -9999.0  -9999.0  -9999.0  -9999.0  -9999.0  -9999.0  -9999.0  -9999.0  -9999.0  -9999.0  -9999.0  -9999.0  -9999.0  -9999.0  -9999.0  -9999.0  -9999.0  -9999.0  -9999.0  -9999.0  -9999.0  -9999.0  -9999.0  -9999.0  -9999.0  -9999.0  -9999.0  -9999.0  -9999.0  -9999.0  -9999.0  -9999.0  -9999.0  -9999.0  -9999.0  -9999.0  -9999.0  -9999.0
-9999.0  -9999.0  -9999.0  -9999.0  -9999.0  0.743737941263  1.40156407932  0.653055671366  1.24199331332  6.1629372584  7.15479322282  8.12381022591  28.1313934077  0.419341446475  10.8257655565  42.5446224486  42.8442471826  56.0466588148  0.333781153565  0.994532188875  3.3876668929  0.307589976637  7.47632500336  3.54945734477  2.20465287296  1.8617255522  0.381119887514  1.23916472027  1.25209776728  0.828690199346  0.388442276412  1.35021863921  0.373430573789  0.359327312236  -9999.0  -9999.0  -9999.0  -9999.0  -9999.0  -9999.0  -9999.0  -9999.0  -9999.0  -9999.0  -9999.0  -9999.0  -9999.0  -9999.0  -9999.0  -9999.0  -9999.0  -9999.0  -9999.0  -9999.0  -9999.0  -9999.0  -9999.0  -9999.0  -9999.0  -9999.0  -9999.0  -9999.0  -9999.0  -9999.0  -9999.0  -9999.0  -9999.0  -9999.0  -9999.0  -9999.0  -9999.0  -9999.0  -9999.0  -9999.0  -9999.0  -9999.0  -9999.0  -9999.0  -9999.0  -9999.0
-9999.0  -9999.0  -9999.0  -9999.0  -9999.0  0.758454910455  2.16965403344  4.27580461995  4.89169174734  9.71671245986  10.2610054581  12.0335699054  19.6043047795  29.6625996304  30.6093109986  31.0585470027  0.692668251695  57.3425532486  57.9881213519  59.6780638643  71.8097546102  8.44373405559  7.82689057533  2.54274773851  0.324354801094  2.21687222863  1.54913123866  0.285596628578  1.58716914326  0.333062317171  0.712537291481  2.04957309803  2.40093572135  0.697088218671  0.343244509216  0.324637067751  -9999.0  -9999.0  -9999.0  -9999.0  0.413011596446  0.37144140025  -9999.0  -9999.0  -9999.0  -9999.0  -9999.0  -9999.0  -9999.0  -9999.0  -9999.0  -9999.0  -9999.0  -9999.0  -9999.0  -9999.0  -9999.0  -9999.0  -9999.0  -9999.0  -9999.0  -9999.0  -9999.0  -9999.0  -9999.0  -9999.0  -9999.0  -9999.0  -9999.0  -9999.0  -9999.0  -9999.0  -9999.0  -9999.0  -9999.0  -9999.0  -9999.0  -9999.0  -9999.0  -9999.0
-9999.0  -9999.0  -9999.0  -9999.0  -9999.0  0.711214705701  0.663138216286  2.92480114819  3.56747167577  4.24514534614  0.611744579413  1.19829243026  7.15839354635  1.21841020574  0.52866010112  0.43971276142  0.358080477003  0.43782429615  0.378273826443  0.406780322912  72.1499932133  73.0647061993  0.295198468294  0.927487672976  0.642544768581  2.51584836065  0.585925243094  0.27148121422  1.92922198647  0.653298693411  1.63427786267  4.08650060533  3.76936021056  1.02232487015  0.978143391851  0.348797785874  0.346845475233  -9999.0  -9999.0  0.357390258856  0.867381291933  2.02672661933  0.400936731046  -9999.0  -9999.0  -9999.0  -9999.0  -9999.0  -9999.0  -9999.0  -9999.0  -9999.0  -9999.0  -9999.0  -9999.0  -9999.0  -9999.0  -9999.0  -9999.0  -9999.0  -9999.0  -9999.0  -9999.0  -9999.0  -9999.0  -9999.0  -9999.0  -9999.0  -9999.0  -9999.0  -9999.0  -9999.0  -9999.0  -9999.0  -9999.0  -9999.0  -9999.0  -9999.0  -9999.0  -9999.0
-9999.0  -9999.0  -9999.0  -9999.0  -9999.0  -9999.0  0.786769162861  0.809388599797  1.45689289481  2.13951352751  4.76517309176  6.0250529771  6.65422546903  0.642010212121  0.427527902518  6.32657644842  7.61110703658  7.97979971512  9.57753930927  9.90425593847  0.31898860432  73.3964839418  74.8985092412  1.18922538224  0.181918206714  2.75377303366  6.0218755495  2.45146325272  0.531686951267  0.270085100641  6.27387763751  4.37774709168  0.272617016549  0.274805511086  1.27057513527  1.00596843831  0.306415711562  0.277800752787  0.339323199812  0.684352553569  0.323135024672  2.46749742584  2.76907683269  0.267095892243  -9999.0  -9999.0  -9999.0  -9999.0  0.34907027502  0.318037423409  0.135395134061  -9999.0  -9999.0  -9999.0  -9999.0  -9999.0  -9999.0  -9999.0  -9999.0  -9999.0  -9999.0  -9999.0  -9999.0  -9999.0  -9999.0  -9999.0  -9999.0  -9999.0  -9999.0  -9999.0  -9999.0  -9999.0  -9999.0  -9999.0  -9999.0  -9999.0  -9999.0  -9999.0  -9999.0  -9999.0
-9999.0  -9999.0  -9999.0  -9999.0  -9999.0  -9999.0  -9999.0  0.746002388113  0.624499866294  1.35813460883  2.0455195203  0.632509226883  0.517960021924  3.49013862733  4.47200214941  5.50451610436  0.464020935661  0.852160297461  0.422131867839  10.2641264907  22.6117603411  22.9815617888  98.5391213069  0.288990492118  0.513470827172  0.152371883158  6.26777410121  0.263710706774  0.808653825245  0.262524907694  6.53665218171  6.80336300875  0.552647921512  0.545988270841  3.21515862309  1.62759995073  0.597270926707  0.315844059495  0.672334255627  1.010933229  1.62733811078  0.280388428317  3.28774499387  3.53338207339  0.21923412411  0.243249815614  0.267672045588  0.230131968957  0.21940557063  0.915785630851  0.38845451895  0.236442277043  -9999.0  -9999.0  -9999.0  -9999.0  -9999.0  -9999.0  -9999.0  -9999.0  -9999.0  -9999.0  -9999.0  -9999.0  -9999.0  -9999.0  -9999.0  -9999.0  -9999.0  -9999.0  -9999.0  -9999.0  -9999.0  -9999.0  -9999.0  -9999.0  -9999.0  -9999.0  -9999.0  -9999.0
-9999.0  -9999.0  -9999.0  -9999.0  -9999.0  -9999.0  -9999.0  -9999.0  1.34124556984  1.89381520734  0.626046977152  1.30536201712  1.8888009242  3.03396636285  0.561663339871  0.522359520462  0.393315076296  0.396805223266  0.325003798095  11.6189435152  0.427384351721  0.808702993924  99.7193342119  100.339372111  0.195510090601  0.912862315526  7.39331710966  0.504027851836  1.02343848485  0.448320175338  0.659836503262  7.79851487694  0.78161197901  4.48783395017  3.72745645369  0.263697536446  1.49162599026  0.610786320268  0.958515266308  0.279408842294  1.89602097463  2.41540392922  2.62008145186  2.80944253591  4.35061988171  0.415783973529  0.462137643863  0.404638292574  0.381883165291  1.10997943841  0.207154096738  0.83932484645  1.02698208114  -9999.0  -9999.0  -9999.0  -9999.0  -9999.0  -9999.0  -9999.0  -9999.0  -9999.0  -9999.0  -9999.0  -9999.0  -9999.0  -9999.0  -9999.0  -9999.0  -9999.0  -9999.0  -9999.0  -9999.0  -9999.0  -9999.0  -9999.0  -9999.0  -9999.0  -9999.0  -9999.0
-9999.0  -9999.0  -9999.0  -9999.0  -9999.0  -9999.0  -9999.0  -9999.0  0.732288041958  3.32084544187  3.91508557256  0.591482670253  1.12622690793  0.531306263543  0.447741552275  0.437894832557  5.82002144674  7.64037700093  9.35024641459  11.2069885925  0.441208716459  0.400044716586  0.338881773752  101.988860388  102.670262654  102.878076988  9.6184999493  1.99403322771  1.7457988637  0.191613000393  0.847739001164  8.8480399303  0.200403780882  4.69599108549  0.25662761319  1.96421814226  1.79595530673  0.286386666409  1.24490087213  0.561391580046  0.841010639088  0.233332559951  0.182752271275  2.99537546088  3.16601316255  4.52065239817  0.654554091475  0.584253666784  0.55695456288  1.3298013213  1.75244512484  0.210952914122  1.23540985144  0.230212224411  0.42922013825  0.208270192951  -9999.0  -9999.0  -9999.0  -9999.0  -9999.0  -9999.0  -9999.0  -9999.0  -9999.0  -9999.0  -9999.0  -9999.0  -9999.0  -9999.0  -9999.0  -9999.0  -9999.0  -9999.0  -9999.0  -9999.0  -9999.0  -9999.0  -9999.0  -9999.0
-9999.0  -9999.0  -9999.0  -9999.0  -9999.0  -9999.0  -9999.0  -9999.0  -9999.0  0.767066362116  4.57461850106  5.13460351609  1.65761686675  2.72366053109  3.63943270247  4.11280440889  0.496216512667  1.41551064678  0.946225665673  0.523085942327  0.476247525692  0.387402059325  0.742435961308  1.25528061995  0.368352541021  113.106864309  113.302669112  0.172584495678  0.150999756258  0.391291316188  0.586656346379  9.43869178641  0.395773075249  4.86619244867  2.9020919181  2.44430608015  0.257936653854  0.532255269449  1.48567431172  0.241144596233  1.07809717463  0.466258154745  0.291094205665  0.120956167276  3.58887220971  8.2467888676  0.780182460372  0.713252529911  0.720041272949  0.1657229426  1.92084453257  0.162335010475  1.61865280171  0.192580944447  0.62921484118  0.974249987213  0.110452670149  0.113411118311  0.136359186804  0.141224027693  0.101731605431  -9999.0  -9999.0  0.0558079178784  0.0286538978858  -9999.0  -9999.0  -9999.0  -9999.0  -9999.0  -9999.0  -9999.0  -9999.0  -9999.0  -9999.0  -9999.0  -9999.0  -9999.0  -9999.0  -9999.0
-9999.0  -9999.0  -9999.0  -9999.0  -9999.0  -9999.0  -9999.0  -9999.0  -9999.0  -9999.0  0.588854070071  6.31570302104  0.520951654745  1.04433734404  1.47974681809  2.29702470948  0.412095416627  0.891420627927  0.426776997383  0.37279263455  0.338871935707  0.665306995663  0.270259116939  0.299921996484  0.536228511364  0.294140667428  113.554538722  113.933057157  114.492057011  0.756555486907  0.199327217311  0.397458280067  9.65736648861  8.79627594599  3.37224393967  0.229545672001  1.03061777925  0.778240466264  1.72740023758  0.480282480138  2.03320506167  0.707598064029  0.471554104352  0.0858005164832  0.14493845865  8.44203465119  8.6168774428  10.2530044721  1.2490274428  0.346239432694  2.10762401377  2.45215505671  4.23172766435  0.380662011486  0.176493744498  1.10612468407  1.32478654565  0.108427065607  0.207910512802  0.372457890739  0.199600716209  0.0982387389165  0.0983388429945  0.110155429391  0.0631485094763  0.0274948944607  -9999.0  -9999.0  -9999.0  -9999.0  -9999.0  -9999.0  -9999.0  -9999.0  -9999.0  -9999.0  -9999.0  -9999.0  -9999.0  -9999.0
-9999.0  -9999.0  -9999.0  -9999.0  -9999.0  -9999.0  -9999.0  -9999.0  -9999.0  -9999.0  -9999.0  0.354023916633  7.01405319654  0.469580340546  0.885521456294  3.97226050488  0.403130374011  0.392277954938  0.320589687973  0.724128660705  0.361288840738  1.37900902762  1.92264143409  2.15471576491  0.735776213056  0.885021104528  0.172016625287  0.256152104176  0.249547005137  115.69182426  116.229915384  9.82592958112  9.1511326216  8.97686742772  0.369588704548  0.176890874747  1.24144847225  3.40216404591  1.9502401181  0.698169878938  2.95490828763  0.964044028513  0.75901028483  0.163795334289  0.0695859685686  0.0590332595843  0.0792341119915  10.746866158  12.5336360861  0.169568876386  0.154647895497  0.176330725409  4.40430694764  4.94384388621  0.308442970934  0.116451087483  1.38565517027  0.157685252613  0.418380127379  0.865209826746  1.14746278525  1.33422821499  0.367558710314  0.191216568087  0.114589870363  0.0652777021552  0.0791582169336  -9999.0  -9999.0  -9999.0  -9999.0  -9999.0  -9999.0  -9999.0  -9999.0  -9999.0  -9999.0  -9999.0  -9999.0  -9999.0
-9999.0  -9999.0  -9999.0  -9999.0  -9999.0  -9999.0  -9999.0  -9999.0  -9999.0  -9999.0  -9999.0  0.316295794775  7.73731704545  9.31008208784  0.427952385706  4.8031057379  0.351536842713  0.323554651265  0.665856660309  1.74994074311  0.337264643694  0.371279329377  0.264613708498  2.66997114675  2.9057993923  4.05890886382  4.42445766537  4.61943050462  4.78930289411  4.97396397443  121.415553344  131.551223284  141.006815613  141.165874978  0.154220255693  0.179505629803  3.82746879215  3.61657766837  0.217429590677  0.216917535254  3.18444872894  4.37703082909  0.17392193188  2.1913590814  2.06247406885  0.409904130257  0.193141672315  0.34657961417  0.212779873053  12.8668105887  0.169125931073  0.480239512022  0.606277533288  5.95929953472  6.34781002331  6.56566871617  8.01655771517  0.0589490993341  0.0492702546731  0.044509280361  0.0460225285973  1.45705941595  1.90671968875  0.0911534662212  0.278572536173  0.108790710708  0.144897571349  0.0292471778036  0.0243134329804  -9999.0  -9999.0  -9999.0  -9999.0  -9999.0  -9999.0  -9999.0  -9999.0  -9999.0  -9999.0  -9999.0
-9999.0  -9999.0  -9999.0  -9999.0  -9999.0  -9999.0  -9999.0  -9999.0  -9999.0  -9999.0  -9999.0  0.612616483584  1.1369150576  9.80773006325  10.5569526353  0.377827072452  5.55620444037  0.264547415472  0.851201668283  2.04123395203  0.63008033205  0.289914855894  0.612217350432  0.208542626671  0.402319812504  0.200702404999  0.169495874245  0.120802178458  0.10573095235  0.0851228014732  0.0755483240247  0.119177319529  0.171799336342  0.222128833759  141.69828141  4.34362324952  4.06439190941  0.111545393248  0.610208407603  0.164840628235  0.16998834303  4.57868961647  7.41163985721  2.43655448644  1.90683331475  0.264193730582  0.107046958268  0.0903346382786  0.240114642377  13.2836673082  13.6061830017  0.169879402498  0.178335395008  0.144151921143  0.0935622595269  0.17977636723  8.25788770673  8.3754396962  8.48356975121  0.104271490155  0.0597155968817  0.0468248859192  1.9633435287  2.10309716731  0.32120884579  0.0614088588443  0.205717764322  0.0618751285279  0.0453376211435  -9999.0  -9999.0  -9999.0  -9999.0  -9999.0  -9999.0  -9999.0  -9999.0  -9999.0  -9999.0  -9999.0
-9999.0  -9999.0  -9999.0  -9999.0  -9999.0  -9999.0  -9999.0  -9999.0  -9999.0  -9999.0  -9999.0  -9999.0  0.433551984689  6.88021234115  17.8594450472  19.1662985985  25.073215654  25.4646129183  4.47989309497  3.27320164405  0.928070521589  0.281831525882  1.15714399187  1.40852742214  2.01971727344  0.418597795969  0.361075949092  0.31876703994  0.614087883762  0.2690864686  0.249009535927  0.128885201592  0.0674155080807  0.0670964785244  141.861310032  146.327050083  146.483902893  0.108864531117  1.60398616795  0.754266063335  0.220440271625  8.16155008708  0.552703868644  0.291001031278  1.28473665316  0.234124095338  0.175359814739  0.324066964582  0.458033616253  0.616053524763  13.8736331791  0.123531272538  0.108162616009  0.10756205436  0.0732246535149  0.0544477042008  0.157602051438  0.182425992623  8.77236250868  9.17067390797  0.23917394853  0.116792065467  0.0738347316628  0.0602749563688  2.58276785641  3.4826606339  0.760825863169  0.313853722841  0.16991821184  -9999.0  -9999.0  -9999.0  -9999.0  -9999.0  -9999.0  -9999.0  -9999.0  -9999.0  -9999.0  -9999.0
-9999.0  -9999.0  -9999.0  -9999.0  -9999.0  -9999.0  -9999.0  -9999.0  -9999.0  -9999.0  -9999.0  0.524531383149  5.29690796532  6.40274908284  0.92405373493  0.332754144143  0.655593311815  26.4455839022  26.7633015383  31.6180119967  0.236251004384  0.513837301248  0.203745265478  0.208302000044  2.21972656562  2.83733918576  3.3731875131  0.168109494302  0.782630725688  1.21573233366  0.697224219361  0.291283027834  0.184704117517  0.136905230445  0.140837108462  0.0677042131765  146.611375224  146.705691881  148.495857128  0.346586505579  0.190879255154  8.4231038609  0.601812806292  0.316558438231  0.372389653927  0.368844388762  0.310235264036  0.513728439214  1.42745500628  2.22157548742  16.2254255539  0.0918397739257  0.279546133555  0.190296973667  0.149223177266  0.0780467343153  0.0718033985449  0.0700003931433  0.0293232967692  9.2181158163  0.0247911792809  0.0981676210912  0.0401811258439  0.0413554590629  0.0578633979021  3.56124993731  0.154366860286  0.0519880227667  0.075046484093  0.0316418002878  -9999.0  -9999.0  -9999.0  -9999.0  -9999.0  -9999.0  -9999.0  -9999.0  -9999.0  -9999.0
-9999.0  -9999.0  -9999.0  -9999.0  -9999.0  -9999.0  -9999.0  -9999.0  -9999.0  -9999.0  -9999.0  0.546292781253  3.84027917081  0.580481878238  0.434711910636  2.59255264706  2.94941249236  3.29397131884  3.5782671057  42.5971780759  42.8658455  43.3537001708  47.2699941146  47.8975247974  48.2197031645  48.4320325093  52.174309986  52.6127281517  52.7961062938  54.2103054787  55.1121642914  55.2780198721  55.7444295643  0.291289078391  0.22903546596  0.0378710195859  0.037097224362  146.809225611  149.068729758  0.482533478444  9.97554973854  9.78798817034  1.0943720662  0.252353995893  0.264501493412  0.249995777456  0.258850430163  0.522722271819  0.735727264431  0.203154974572  16.3486027405  16.4806245411  17.0642048081  17.1718068834  17.4227170477  17.5948483865  0.0717571894193  0.073481952174  0.0493338222736  9.26844458234  9.33123495609  9.47150205476  9.60401379641  0.06869115116  3.86634072072  3.74950162662  0.0940159932433  1.83839786715  1.79733157193  0.105530143715  0.0699110237324  -9999.0  -9999.0  -9999.0  -9999.0  -9999.0  -9999.0  -9999.0  -9999.0  -9999.0
-9999.0  -9999.0  -9999.0  -9999.0  -9999.0  -9999.0  -9999.0  -9999.0  -9999.0  -9999.0  -9999.0  2.0434058044  2.685785545  1.18661857797  1.7112642942  0.511683369091  5.75808212524  6.12740865272  6.85148139127  7.11022208992  2.27216939717  46.0803230979  46.3351793013  0.195602875082  0.111030390654  0.0940398402838  0.215363372851  0.0984410464238  0.0635317063237  0.0562385881012  0.0681278113384  55.4051528618  55.890515485  56.3847079523  56.784767628  56.9372483324  0.0568043353447  0.0172182322393  159.430554364  10.272476733  10.1793853251  0.200857695422  0.192764705557  0.169201577866  0.442890479616  0.429157060281  0.19675922691  0.199050439973  0.183614721571  0.380553833824  0.49890776802  0.0905426216451  0.165792037803  0.0575269317696  0.0268805368742  17.6307133844  17.7571948192  17.9036479192  18.0379551414  18.1099285485  18.1894618131  18.2193627845  0.0291740810122  9.69117214194  0.0578332695483  5.90154561943  1.97002676614  0.147903869086  1.66061362553  1.44860223362  0.0857018634607  -9999.0  -9999.0  -9999.0  -9999.0  -9999.0  -9999.0  -9999.0  -9999.0  -9999.0
-9999.0  -9999.0  -9999.0  -9999.0  -9999.0  -9999.0  -9999.0  -9999.0  -9999.0  -9999.0  -9999.0  -9999.0  1.39342032597  0.625870819877  0.511005596816  5.01505067514  5.40920921544  0.398684566453  1.47551480318  1.80221642898  2.04479278328  0.297550272463  0.180770908701  6.13519385889  6.26968777522  6.3918388726  16.2972674452  16.3750226126  16.4952987524  17.411806981  17.7683174591  17.8165572129  0.0531557198273  0.0583777958347  0.0642113764338  57.0694750912  0.0423743587123  160.891099689  160.800623368  1.29341766296  1.17739105872  0.76225483075  0.194537819335  0.338670570337  0.624916277617  0.611784047493  0.378957736864  0.187968731892  0.367017333821  0.359352954627  0.650687436255  0.0902512869077  0.23937555615  0.400779107366  0.45903348967  0.491894259363  0.0300446133372  0.0304076605997  0.0300063121362  0.030788294615  0.0407937039888  18.2777030889  18.3486772792  28.0679957785  28.096196007  6.43924776781  0.481707011057  0.335265964883  0.112191782434  1.30123826969  1.23464671871  -9999.0  -9999.0  -9999.0  -9999.0  -9999.0  -9999.0  -9999.0  -9999.0  -9999.0
-9999.0  -9999.0  -9999.0  -9999.0  -9999.0  -9999.0  -9999.0  -9999.0  -9999.0  -9999.0  -9999.0  -9999.0  0.733037083072  1.91411889055  2.45181869954  4.02469776755  0.385294147761  0.798422281753  1.15598805123  4.89954997352  5.15077095166  5.31811052896  5.52748295959  5.79597285714  8.75129583018  9.47600345843  9.81985575981  0.113422620539  0.766585004692  0.868885359195  17.6053052099  17.8971683794  18.049336445  18.2077379381  18.3205154074  75.4567587196  0.0888869789157  161.189171532  0.115548649051  0.0508710332606  0.992393279635  0.888002366478  0.102332397408  0.481569805828  0.776025548804  0.761450853288  0.518160204015  0.844813482984  1.33905384123  0.498732300808  1.28034292074  0.0838981574018  0.129593936267  0.019083852172  0.0147103108182  0.541976735333  0.55625224818  0.0483330784527  0.0503560267287  0.0791515829703  0.0273927255223  0.0292149209131  0.0299146576686  39.4579442515  39.4323948581  11.2520656349  0.125084913937  0.822007319097  0.665663879038  0.445861871006  1.18532373111  0.865141672529  -9999.0  -9999.0  -9999.0  -9999.0  -9999.0  -9999.0  -9999.0  -9999.0
-9999.0  -9999.0  -9999.0  -9999.0  -9999.0  -9999.0  -9999.0  -9999.0  -9999.0  -9999.0  -9999.0  -9999.0  0.648910842561  1.27998302976  0.546179076835  1.081321441  0.401281625258  3.48265830624  4.19328732148  4.57137412295  0.316508108572  0.589635642529  6.93529145827  8.34427016434  8.54794241917  0.497036881239  0.44612283943  0.612753697917  0.0790768911217  0.0657823996214  0.11969556849  0.0571048381724  11.5682834152  11.6355621293  11.6730030515  75.587505015  161.744958687  161.232486961  0.0704471159035  0.0399294810904  0.0371469623666  0.177838786924  0.14919395877  0.553142394936  0.885625748896  1.79928968555  0.155497884786  0.153656030453  1.45381277055  1.57401358486  3.07715547065  3.14079297034  3.29113140162  3.32634362255  0.0309674519841  0.0484253251213  0.58384104228  40.8700879165  40.2196007654  40.1178302984  39.9504665404  0.0291452205675  39.7248504442  0.0726569311501  0.0496298074934  4.65295821556  1.27225300317  1.21571385146  0.224834166449  0.25486878151  0.216003748982  0.782260246685  -9999.0  -9999.0  -9999.0  -9999.0  -9999.0  -9999.0  -9999.0  -9999.0
-9999.0  -9999.0  -9999.0  -9999.0  -9999.0  -9999.0  -9999.0  -9999.0  -9999.0  -9999.0  -9999.0  -9999.0  -9999.0  0.560964617171  1.13173504336  1.72174093753  2.61041970362  0.469982529906  0.377990653496  3.24991474965  3.56861743369  6.4116195496  6.76229468547  0.956793042924  0.281293507781  0.234990816565  0.208299233011  11.1296065637  11.2343574884  11.324877457  11.3892812418  11.5082370144  1.04545403276  1.10881299569  12.8270233166  250.239106112  0.369328055798  0.276102366967  0.122926941942  0.0370700367885  0.0291228843642  0.247026559435  0.266522958311  0.606602480514  0.0273233620793  1.83880823806  0.224265069978  0.216963149098  0.0269302950914  0.0163091424643  0.0148686848773  0.0218078243728  0.0166298814527  3.34484789684  47.2644966517  43.8400978278  43.7286522285  40.9107339041  0.0275829628785  0.0400443281998  0.0448414468252  39.7802700831  0.117623628418  0.0502117616647  0.0690450835035  0.0667188124446  3.26937559137  3.13571526493  0.405324654054  0.210982948571  0.29023579749  0.290128936938  -9999.0  -9999.0  -9999.0  -9999.0  -9999.0  -9999.0  -9999.0  -9999.0
-9999.0  -9999.0  -9999.0  -9999.0  -9999.0  -9999.0  -9999.0  -9999.0  -9999.0  -9999.0  -9999.0  -9999.0  -9999.0  -9999.0  0.52379404076  1.10331508877  1.61469205645  2.11891345026  2.49852218228  2.90052929207  1.12575663136  1.89793818524  0.329931753291  0.301110614999  9.90502190889  10.4628646797  10.6980279591  10.9640231873  0.158572400314  0.262941495163  0.765121052785  0.866685332658  0.95811459298  0.0861235048522  0.0742131539368  250.524315554  0.0932217995499  0.113304360351  0.0573167599478  0.146601073257  0.0693214634815  0.0417267682655  0.911896980781  0.960415303828  0.0238143607392  1.87042459365  2.11068159176  0.231488715294  48.4207546695  48.3770216886  48.3407649987  48.2490285781  48.2048044494  47.426245205  47.3956496391  0.0828336145208  2.78595302526  2.68233690309  2.56826338899  2.542374208  1.51500510175  1.48858511411  1.42377687088  0.465047009662  0.433855862429  0.296896584222  0.0773765347986  3.00978357174  2.6557762661  0.185379723072  0.362659644127  0.155881239525  -9999.0  -9999.0  -9999.0  -9999.0  -9999.0  -9999.0  -9999.0  -9999.0
-9999.0  -9999.0  -9999.0  -9999.0  -9999.0  -9999.0  -9999.0  -9999.0  -9999.0  -9999.0  -9999.0  -9999.0  -9999.0  -9999.0  0.167226933975  0.357942484437  0.524333788415  5.26437980998  5.66167395731  0.41422417531  0.381152165215  0.387956017342  8.63305919128  9.34564880364  0.328014956603  0.331345408259  0.219228052913  0.957300681896  1.1883066639  0.502271203744  0.638615271434  6.14004953917  6.27178870128  6.56874985315  9.9787600463  260.604905905  0.0988109813777  0.0424911563439  0.222075839372  0.184780999311  0.0361049480958  0.120271245788  0.163528910519  1.00587951056  1.04389840529  3.21932968214  2.1242079561  0.250512258679  49.1807622327  0.331610758306  48.3053538997  48.2792506692  0.733941549313  0.0534238652363  0.0672550279776  0.0352658100045  0.0557445368027  0.0952132866761  0.047481118177  1.00428344135  0.859441186954  0.0470829335461  0.93603401937  0.126169612252  0.0874694262044  0.22728715137  0.112135832362  0.289768211087  2.09074071518  1.77095876428  0.145327245205  0.231348506852  0.117693394965  -9999.0  -9999.0  -9999.0  -9999.0  -9999.0  -9999.0  -9999.0
-9999.0  -9999.0  -9999.0  -9999.0  -9999.0  -9999.0  -9999.0  -9999.0  -9999.0  -9999.0  -9999.0  -9999.0  -9999.0  -9999.0  0.831457417445  1.36798067789  2.71752524464  4.76724371639  6.15440543679  7.18883641515  7.56651255282  7.9623105942  8.33129333091  0.336650835572  0.272885207151  0.526362008682  0.475277261857  0.257881464107  5.44680392281  5.66677857407  5.86362822706  6.04523762326  3.02586865146  3.11089936266  3.29216094543  260.695516014  0.200902340505  0.123074448676  0.384002266125  0.0363115632274  0.109427932709  0.0648212499998  0.0391610007167  0.214001896405  0.0290723784479  0.0303079146056  52.6000013633  49.3556418091  49.3215494282  0.151582662575  0.315608084621  0.192087355477  0.0336411195036  0.622015932427  0.143990914507  0.121713461976  0.0957839961575  0.0696146319124  0.0420406393341  0.110760516396  0.820824337416  0.693291221713  0.573145778009  0.764557906607  0.729895507926  0.704035448809  0.0599103343854  0.148546899767  0.149261197788  1.2966479501  1.01452486482  0.605540137824  0.094168534093  -9999.0  -9999.0  -9999.0  -9999.0  -9999.0  -9999.0  -9999.0
-9999.0  -9999.0  -9999.0  -9999.0  -9999.0  -9999.0  -9999.0  -9999.0  -9999.0  -9999.0  -9999.0  -9999.0  -9999.0  -9999.0  0.575956340787  0.539092469594  1.05734471409  1.58636482894  0.544571937918  0.54087184667  0.963141115983  1.36579103744  2.0850642096  2.43694989584  2.7107601282  3.52942424362  3.77153789456  4.05778997491  0.236307671868  2.5020834259  2.67616844734  2.81991883015  0.097738695057  0.0595218621737  0.0989741983065  264.113893162  264.199972825  264.539932067  0.510455239098  0.0871590629272  0.138480129592  0.0348375180379  0.0693720683882  0.248970827933  0.304897083677  0.0546610294185  52.7530363952  0.0554218279793  0.0828032268228  0.0923206887474  0.0755504759823  0.127985196875  0.0524919236991  0.454886719199  0.340554954721  0.244983051569  0.127277306765  0.0915704342969  0.0536699747074  0.066726210557  0.0816518359442  0.0830732712844  0.529915323371  0.402288141128  0.280078092842  0.149237584586  0.668668140945  0.525670363841  0.150111680133  0.172511431176  0.144630213367  0.295237415913  0.141325634481  -9999.0  -9999.0  -9999.0  -9999.0  -9999.0  -9999.0  -9999.0
-9999.0  -9999.0  -9999.0  -9999.0  -9999.0  -9999.0  -9999.0  -9999.0  -9999.0  -9999.0  -9999.0  -9999.0  -9999.0  -9999.0  -9999.0  0.509187853143  0.990839639371  0.459863358982  0.952515878304  5.93975574243  6.33174556594  6.69282589798  0.35791946041  0.358979395572  0.630904657839  0.919722046558  1.38401688066  1.63709818124  1.82910229312  2.04558027817  0.157484569868  0.126591318119  3.0186182115  3.09727165864  3.15336855875  3.22491081223  2.85887776176  267.720019749  268.66099654  268.708867635  268.886272761  269.064505666  269.171085923  0.0262250416704  0.331576532353  52.7801398815  0.0590953827013  0.0304193073775  0.0483255142023  0.0496306340932  0.082707636491  0.0646464897321  0.0395888488412  0.0680088182785  0.0586263272378  0.0881481851446  0.038553019565  0.0262329824021  0.110116476326  0.0814092626536  0.0460057139373  0.0446213247305  0.0557875104324  0.0612515230513  0.0742939236926  0.0868516564383  0.0981974929157  0.268974842444  0.0767370985353  0.267093630258  0.11657845359  0.106390077853  -9999.0  -9999.0  -9999.0  -9999.0  -9999.0  -9999.0  -9999.0  -9999.0
-9999.0  -9999.0  -9999.0  -9999.0  -9999.0  -9999.0  -9999.0  -9999.0  -9999.0  -9999.0  -9999.0  -9999.0  -9999.0  -9999.0  -9999.0  -9999.0  1.46914837816  1.94980638083  3.42444885567  4.49568637372  0.55345525089  7.71785236465  8.06440817942  8.36955257823  0.292907470597  0.56656057611  0.228539197963  1.86156169034  2.02799100997  2.24689277679  2.43577058025  2.86262312685  2.95556525446  0.0631741359165  2.54558439647  2.70071134832  2.79096945278  3.09118237613  0.351062383212  0.203650843729  0.101921641925  0.0937525782375  269.269210274  269.318912008  269.877353201  52.8084828704  0.187808905989  0.105050716812  0.074349048369  0.0199638664137  0.219984703967  0.109541503445  0.0350095852977  0.206234310657  0.177708334253  0.0276918906114  0.213057989273  0.194784002951  0.14415222175  0.0296285388217  0.0920170861555  0.0695241038681  0.0284247425091  0.0841417927553  0.055486137923  0.0780784186079  0.0760691364365  0.0485389287829  0.127509886026  1.22622525622  0.75181854792  0.483417229494  0.216128386443  -9999.0  -9999.0  -9999.0  -9999.0  -9999.0  -9999.0  -9999.0
-9999.0  -9999.0  -9999.0  -9999.0  -9999.0  -9999.0  -9999.0  -9999.0  -9999.0  -9999.0  -9999.0  -9999.0  -9999.0  -9999.0  -9999.0  -9999.0  0.492045108537  2.44331940994  2.96731317085  0.567817058447  0.404751153019  0.851506129443  1.22302135443  9.91902975296  0.288041280867  1.16475843189  1.40988831029  1.64861705959  0.168659099433  0.364875193503  0.468612936133  2.01400080088  2.22472266373  2.32271493246  0.0869828756617  0.0669242144625  0.0735070124981  0.137044471421  0.0549585828732  0.0545040930163  0.0591672518131  0.0545175499458  0.0636717420004  0.189006713366  269.934107218  322.869990164  0.223195412865  0.0391896525652  0.02261866796  0.694852764794  0.650089517531  0.392330425352  0.352633196145  0.261138046727  0.0705290673923  0.0450332614481  0.231280324248  0.101168972121  0.0808443681775  0.0243645745619  0.121279582977  0.253909647957  0.2055080979  0.126956200218  0.0527875400367  0.216523057516  0.158844281028  0.0979410110319  1.50988516209  1.47233170124  0.13964808487  0.124830877794  0.112456715128  0.101064540358  -9999.0  -9999.0  -9999.0  -9999.0  -9999.0  -9999.0
-9999.0  -9999.0  -9999.0  -9999.0  -9999.0  -9999.0  -9999.0  -9999.0  -9999.0  -9999.0  -9999.0  -9999.0  -9999.0  -9999.0  -9999.0  0.422417123827  1.34734218666  0.437164756796  0.532940612934  0.483038155424  0.905311193632  1.32288760099  1.70622416087  12.0283642633  12.3006727296  0.284532781768  0.532927650812  0.787445955774  0.988782197878  1.16607046012  1.72402630182  1.91656547978  0.0905028685147  0.0846505726449  0.0632082922934  0.0525763154946  0.0605956111192  0.085542198608  0.072185505554  0.0978671729957  0.225863211686  0.11136401492  0.0593808164071  0.0582420704967  0.0427060890462  0.0774638418062  325.054079102  1.91464039454  0.857264068564  0.105448352197  0.050049016931  0.0337273184015  0.106129988327  0.0674432624266  0.0326650218475  0.0322460492471  0.29719205753  0.425303664441  0.464565459737  0.0176752745323  0.445883804216  0.300931653262  0.0360039220142  0.0283497647287  0.0682915082888  0.508896303126  0.230583992367  0.147443346663  1.56882762732  0.0687305217379  0.0824770742705  0.444701086683  0.2251562588  0.394821161508  0.182081355586  -9999.0  -9999.0  -9999.0  -9999.0  -9999.0
-9999.0  -9999.0  -9999.0  -9999.0  -9999.0  -9999.0  -9999.0  -9999.0  -9999.0  -9999.0  -9999.0  -9999.0  -9999.0  -9999.0  0.450936570856  0.859128994445  3.02020547843  0.38185981932  1.03891758428  1.49209926298  1.88369559641  0.426444685605  0.75709153398  1.17355615598  13.8391461258  0.258504052398  0.480996256321  0.715304573365  0.212349630462  0.413163108229  0.490115532773  0.636989023439  21.759698066  21.9308978361  22.0784132018  22.7879983661  22.965514233  23.4449344126  0.106338422703  0.241868863042  0.261174175838  24.7431876728  24.8406174602  0.052791643102  0.0804756292668  0.107594117496  325.108053034  1.84115750627  0.849642915735  0.789500640659  0.706923641926  0.646916932653  0.139836359494  0.0371237030515  0.0625691739876  0.0284249502282  0.0316286940368  0.0579340518837  0.494993839939  0.994396454103  0.48059510109  0.0956465898087  0.0670028139723  0.0403176434772  0.739909654373  0.62081534798  0.0551627262414  1.83972047607  1.6389717582  0.131142747569  0.829429420652  0.531003293767  0.60362266899  0.515112282819  0.111114343029  -9999.0  -9999.0  -9999.0  -9999.0  -9999.0
-9999.0  -9999.0  -9999.0  -9999.0  -9999.0  -9999.0  -9999.0  -9999.0  -9999.0  -9999.0  -9999.0  -9999.0  -9999.0  -9999.0  0.469512497534  1.4082678194  4.88856900266  7.17985891285  0.322800807312  9.23130908688  11.527821248  0.376116073944  0.702628400187  1.10064538342  16.9753011721  17.2903908746  0.188700593243  1.09894776288  1.27605928029  1.42866527622  20.567308174  20.8611823243  21.0573169091  0.0948012330378  0.526009527489  0.625121884884  0.243648430265  0.34286957162  23.9256261184  24.3066945187  24.380289697  24.4472367632  24.9115236189  0.0341563737909  0.0308596525294  0.166273991603  325.172854573  0.0745850845784  0.0107957841392  0.032165492931  0.013596923201  0.567749162564  0.517008064682  0.313984555629  0.217766781779  0.0881466038772  0.0350623950448  0.0835434895731  0.0202744457359  1.01960486833  0.143190758022  0.117666483713  0.0205555574928  0.0624527196847  0.772474242797  0.0241153884561  0.0217115130367  1.86547985959  0.0411973295435  0.956186575184  0.903463589196  0.832555500389  0.768181754261  0.0786255243037  0.299220766658  0.0951497700291  -9999.0  -9999.0  -9999.0  -9999.0
-9999.0  -9999.0  -9999.0  -9999.0  -9999.0  -9999.0  -9999.0  -9999.0  -9999.0  -9999.0  -9999.0  -9999.0  -9999.0  -9999.0  -9999.0  -9999.0  0.964835024638  1.91183669436  8.41996946156  8.87067083164  11.9109481551  12.3321014191  0.36664998594  0.73421054572  1.6926004759  17.5976176829  18.0410161326  18.1920915301  0.11720585009  18.7398057978  19.0399047146  0.194435184013  0.0968465550039  0.182155826099  0.354401771553  0.0861917476048  0.165773435295  0.347178467136  0.425536161544  0.0815583164429  0.0494335958934  0.0946128602096  25.2805088899  25.3765340531  25.4032895454  25.6528787404  325.229578097  0.0529029703469  0.00668629130568  0.00831142544827  0.00847046491814  0.00878250706514  0.00779958506369  0.0142625387424  0.0378732618494  0.0818149840886  0.0424946374144  0.0383337771495  0.151716222449  1.23047604265  1.40941441366  1.44165344778  1.55055172675  0.0232094315061  0.79680310011  0.0908162275916  0.0419698260107  1.89372429126  1.96307779863  0.998233234126  1.06338578762  0.888715705715  0.556678251007  0.483399245459  0.403727526923  -9999.0  -9999.0  -9999.0  -9999.0  -9999.0
-9999.0  -9999.0  -9999.0  -9999.0  -9999.0  -9999.0  -9999.0  -9999.0  -9999.0  -9999.0  -9999.0  -9999.0  -9999.0  -9999.0  -9999.0  -9999.0  0.497435807924  0.479788865214  0.46091045965  0.884439392944  0.370425095327  13.0784023881  13.4595255541  0.3439149032  0.65538638349  0.285656105694  0.212601305119  0.201444192721  18.5128473668  0.094974513007  0.200899223207  0.112508462449  0.102253174918  0.0865939030592  0.0623766526568  0.0661926410644  0.209504058165  0.292375765902  0.0525001477409  0.0427421474064  0.0966752255944  0.169247942609  0.219509852067  0.0560629403731  25.4524820214  25.6819659999  325.276164269  0.129145966415  0.024306562294  0.00423772626436  0.0118833429641  0.00352367631243  0.00274306000078  0.017369718471  0.181330004372  0.110374674648  0.0230718441469  0.0204875742929  0.0501612238037  0.0249979308912  0.022069566695  0.0287677092155  0.0330027796483  2.58510252375  0.912437037917  0.0232674164476  0.0372903402111  0.0173510126281  4.85562953004  2.87119242674  2.84213535184  0.930578337973  0.668170937692  0.0624829306393  -9999.0  -9999.0  -9999.0  -9999.0  -9999.0  -9999.0
-9999.0  -9999.0  -9999.0  -9999.0  -9999.0  -9999.0  -9999.0  -9999.0  -9999.0  -9999.0  -9999.0  -9999.0  -9999.0  -9999.0  -9999.0  -9999.0  -9999.0  -9999.0  0.47380941138  1.29648893618  1.63431112583  1.99530270211  13.8302271772  14.2205882147  14.5915317561  14.9541265734  15.1466501712  15.556039438  15.6462659867  15.7306177004  15.8006447561  0.0798028521389  0.0749387745989  0.0823440843742  0.282926822674  0.0779122842875  0.0749272884725  0.0531155209342  0.15556572578  0.0631377577923  0.0457024553559  0.041291366048  0.0323628472831  0.0645325903529  0.0958548035463  25.884946732  351.336152688  0.0501781025534  0.0950492965018  0.00315321871911  0.0158132004483  0.00806947644534  0.00552775847192  0.339598504856  0.297205149046  0.0794706022979  0.043415881388  0.0908922476399  0.0228196546362  0.0609590541618  0.0378616120117  0.0780324835439  0.0286069467066  0.0394443181693  2.61555621448  2.7014658402  5.88416761946  5.85562728656  5.82622047135  0.0344193666623  0.798520471194  0.758150700103  0.0537418736213  -9999.0  -9999.0  -9999.0  -9999.0  -9999.0  -9999.0  -9999.0
-9999.0  -9999.0  -9999.0  -9999.0  -9999.0  -9999.0  -9999.0  -9999.0  -9999.0  -9999.0  -9999.0  -9999.0  -9999.0  -9999.0  -9999.0  -9999.0  -9999.0  -9999.0  -9999.0  0.365850560774  3.10820900236  5.92792824423  6.296605374  0.51187891497  0.868290911721  1.18550952007  1.41773576663  3.10313726803  3.1873292665  0.0814770974162  0.0814348794827  15.9731796916  16.1217486615  16.1888012264  0.331357614295  0.0400597456576  0.115904261902  0.168696234518  0.512678478972  0.631559768299  0.718798125758  0.0776174787162  0.107035059764  0.0370588751636  0.0747371188796  0.0394671356382  351.415281403  0.0425098399742  0.179419497125  0.0451063626927  0.0784815478734  0.26675396549  0.298672000327  0.666281578461  0.286773528139  0.252218399218  0.160401243295  0.145119888318  0.0378088066729  0.0758261642868  0.103487250052  0.0896109253205  0.011732244818  8.89560046211  8.83564244387  8.80324146288  6.00010768633  0.0568727086055  0.879676968491  0.623798263143  0.412562675403  0.256151195646  0.0432296634904  -9999.0  -9999.0  -9999.0  -9999.0  -9999.0  -9999.0  -9999.0
-9999.0  -9999.0  -9999.0  -9999.0  -9999.0  -9999.0  -9999.0  -9999.0  -9999.0  -9999.0  -9999.0  -9999.0  -9999.0  -9999.0  -9999.0  -9999.0  -9999.0  -9999.0  0.432171505264  1.41418635276  2.74850321897  3.56182860811  8.83561183694  9.29206439444  0.689205561411  1.01286107382  1.27338408245  1.50201893413  3.27087953486  3.43520140314  5.88168165102  6.0803114239  6.14993342021  16.254112767  16.7383281468  0.103193484937  0.0800558708793  0.0734138600266  0.139260046893  0.0621904890566  0.840131806418  0.881535056415  0.141538720308  0.175200501841  0.0282434776137  87.8561043434  87.9435199357  439.417242467  439.667381575  0.0470986873303  0.176554476381  0.0618747109211  0.0521015254972  0.750682802185  1.07016356663  0.220428048784  0.181667286508  0.0368126428825  0.0205923139479  0.0955257042303  9.10443174709  8.98485449827  8.96799629146  8.93571992436  0.0480113431917  0.046150904801  0.0519666525302  0.0622110602741  0.205469294532  0.13804958277  0.124036628032  0.186495373149  0.0564956588334  -9999.0  -9999.0  -9999.0  -9999.0  -9999.0  -9999.0  -9999.0
-9999.0  -9999.0  -9999.0  -9999.0  -9999.0  -9999.0  -9999.0  -9999.0  -9999.0  -9999.0  -9999.0  -9999.0  -9999.0  -9999.0  -9999.0  -9999.0  -9999.0  -9999.0  -9999.0  0.520333336387  0.504721259395  0.927215003837  2.16979980737  9.70325711919  0.363253189421  0.35691148736  0.60911346518  0.882333650449  2.03567358312  2.16813369763  0.12972264086  0.143358551269  6.25908340539  6.32639552491  23.1245109591  23.171784733  0.0345219672272  0.0295432263803  0.0249845491522  0.025267129124  0.0298853360045  87.076702449  87.348169928  87.5666798784  87.6401611059  87.8250629841  0.0477326339515  0.170160181846  0.201628046433  439.966389988  440.007370058  440.070178661  440.116312094  440.171950627  1.09917173091  0.0151664562577  0.0703959085226  0.0566538357687  0.0152401406801  0.110670922285  9.16552282521  0.0395681683388  0.0188518987261  0.183385362807  0.166155986859  0.138988484961  0.110946369505  0.0667046012207  0.0834111519724  0.0772146950214  0.064968329417  0.0705028198326  -9999.0  -9999.0  -9999.0  -9999.0  -9999.0  -9999.0  -9999.0  -9999.0
-9999.0  -9999.0  -9999.0  -9999.0  -9999.0  -9999.0  -9999.0  -9999.0  -9999.0  -9999.0  -9999.0  -9999.0  -9999.0  -9999.0  -9999.0  -9999.0  -9999.0  -9999.0  -9999.0  -9999.0  0.441782294834  0.473289899215  0.859955500577  11.386739287  11.788630616  0.344521497824  0.59725479873  0.880599399701  1.05083846599  0.136801457728  0.262262526745  23.5264610316  23.6021422194  23.6906723168  24.3547225207  47.5968453346  85.3474069437  85.4440018211  85.5319870307  85.6160440909  86.0162552084  86.1517227605  0.237240983886  0.0996623893417  0.0659391395226  0.121328866871  0.0837348066783  0.136072530917  0.0437900122679  0.955954260632  1.10591544965  1.21726464427  1.23370514555  440.198041137  441.332658865  441.476021219  0.0931450250309  0.0153032530703  0.157188135958  0.128747822409  9.20836946906  0.021987280076  0.429045172373  0.22339745054  0.200760192657  0.141193287386  0.0692543427543  0.0945775742044  0.0494265844017  -9999.0  -9999.0  -9999.0  -9999.0  -9999.0  -9999.0  -9999.0  -9999.0  -9999.0  -9999.0  -9999.0
-9999.0  -9999.0  -9999.0  -9999.0  -9999.0  -9999.0  -9999.0  -9999.0  -9999.0  -9999.0  -9999.0  -9999.0  -9999.0  -9999.0  -9999.0  -9999.0  -9999.0  -9999.0  -9999.0  -9999.0  -9999.0  0.454858269251  0.865455209156  1.28127587761  12.1389466597  0.349389185867  16.2988915781  16.5989156522  16.7342019177  16.8736957652  22.9738191957  23.1340467938  0.0881775000262  0.49360081966  0.596823519671  0.0924159678976  37.6594222103  37.490999016  0.048391884291  0.118267932613  0.324500090968  0.0742007773592  0.0799179006436  0.0500471192464  0.0413764019547  0.0299233237545  0.0382567990442  0.821848763455  0.864776882393  0.919735983421  0.113747185018  0.0771845352166  1.28548596182  1.31330049726  1.32597811388  441.505931441  441.537989271  0.199966271784  0.172218825347  9.69240048839  9.67711205626  0.449312515875  0.0364555508134  0.0176639541275  0.350430992468  0.298770841477  0.231757791766  0.140589473118  0.0709190025941  0.0317274777886  -9999.0  -9999.0  -9999.0  -9999.0  -9999.0  -9999.0  -9999.0  -9999.0  -9999.0  -9999.0
-9999.0  -9999.0  -9999.0  -9999.0  -9999.0  -9999.0  -9999.0  -9999.0  -9999.0  -9999.0  -9999.0  -9999.0  -9999.0  -9999.0  -9999.0  -9999.0  -9999.0  -9999.0  -9999.0  -9999.0  -9999.0  0.399604576637  0.371747923857  1.95342110693  14.9080318066  15.6683549536  16.0474535008  0.275153391629  5.7265779581  5.86592259109  5.96858481619  0.145591400066  0.250752591494  0.332360074176  8.36804059782  8.43392123602  8.49081182051  37.3858811961  24.0616150065  0.0683659456448  0.0710724098234  0.0664919910263  0.0481521034084  0.501447004356  0.599620138772  0.682829609342  0.732357722226  0.77943219197  6.6267987516  6.6605328573  6.70687190026  6.80587013075  7.16752712752  7.1835030948  8.52790860994  0.0132856017915  441.567547073  441.602143913  0.218604199068  9.70553325022  0.0311986771759  0.0155449973627  0.056151212937  0.539380821768  0.525824095305  0.122937355836  0.0625047559129  0.168207164235  0.114795170674  0.0312896019495  0.0259917866383  0.0254010942891  -9999.0  -9999.0  -9999.0  -9999.0  -9999.0  -9999.0  -9999.0  -9999.0
-9999.0  -9999.0  -9999.0  -9999.0  -9999.0  -9999.0  -9999.0  -9999.0  -9999.0  -9999.0  -9999.0  -9999.0  -9999.0  -9999.0  -9999.0  -9999.0  -9999.0  -9999.0  -9999.0  -9999.0  -9999.0  -9999.0  0.782983623163  1.20951221335  0.43479768915  0.368092294487  4.83932583593  5.13341650543  5.30590210526  1.71421001474  1.81530947814  1.93020027988  2.02619027933  8.2124719127  8.31759569259  4.63054071387  13.1987352611  13.2681548234  24.0116303213  0.136095927808  0.0689570153949  0.0423832759498  0.34626375713  0.408392313562  0.031402080819  0.0282119268027  6.47075364999  6.55227637787  6.59530246695  0.0436885095805  0.069051353334  7.12496405157  0.0289498452283  0.118490768386  0.131449326648  8.68525710161  8.69993273764  8.87674025217  450.728917344  9.75135307491  0.667623446383  0.652191596395  0.631621438959  0.552497021614  0.0192237515907  0.267996395633  0.228667189679  0.0809974744405  0.0316826797925  0.0528645726319  0.124816654737  0.0727515594808  -9999.0  -9999.0  -9999.0  -9999.0  -9999.0  -9999.0  -9999.0  -9999.0
-9999.0  -9999.0  -9999.0  -9999.0  -9999.0  -9999.0  -9999.0  -9999.0  -9999.0  -9999.0  -9999.0  -9999.0  -9999.0  -9999.0  -9999.0  -9999.0  -9999.0  -9999.0  -9999.0  -9999.0  -9999.0  -9999.0  0.396335038974  0.781227903809  3.34694278626  3.80144122142  4.17748283493  1.40046198432  1.60868329148  0.120665716281  5.89407452908  5.99515622874  6.09276988809  0.0963439091838  4.44169192885  4.553400292  0.0728329955632  23.6506359706  0.161249419248  0.0794515673815  0.188704166807  0.257993031338  0.047376757949  0.035862679162  6.05814823949  6.39611771277  6.44737422826  0.0511448521637  0.101722268529  0.125826453208  0.143464992339  0.289049083458  0.0429000184958  0.0973903160506  0.0211864177639  0.0414457260896  8.84395435335  8.86152454582  450.766454155  461.274292577  0.720235909824  0.0314842469991  0.0155833484575  0.0331997646448  0.0134951137427  0.286180402818  0.168029171269  0.130521207961  0.394876567625  0.346549716616  0.245958057024  0.0600943484911  0.0274213812776  -9999.0  -9999.0  -9999.0  -9999.0  -9999.0  -9999.0  -9999.0
-9999.0  -9999.0  -9999.0  -9999.0  -9999.0  -9999.0  -9999.0  -9999.0  -9999.0  -9999.0  -9999.0  -9999.0  -9999.0  -9999.0  -9999.0  -9999.0  -9999.0  -9999.0  -9999.0  -9999.0  -9999.0  -9999.0  0.389501645579  1.23205556699  2.17584922316  0.490501671732  0.826827192395  1.15051049244  5.39280724605  5.56464969828  5.67648331938  0.0935137571411  3.85634282157  4.16691167693  4.26579841321  0.056019740057  23.3295928619  23.5096302493  0.0808434446078  0.0704771373272  0.14010026823  0.0522641527939  5.80616599636  5.89952530871  5.9589969796  0.219181996248  0.26881893384  0.0410782979703  0.0734026786717  0.0326884064669  0.221313820725  0.0370715533922  0.0249954979346  0.026113180351  0.0299469746602  0.0610989063874  0.0836916247436  33.5742565529  33.6328502287  494.988427485  495.023081959  495.053741407  0.0232331935499  0.583504607738  0.537702081287  0.224788096054  0.214073340103  0.0286639884885  0.474255758658  0.0320519299556  0.0276878383472  0.0217209209948  0.108569304203  0.0502347299097  -9999.0  -9999.0  -9999.0  -9999.0  -9999.0  -9999.0
-9999.0  -9999.0  -9999.0  -9999.0  -9999.0  -9999.0  -9999.0  -9999.0  -9999.0  -9999.0  -9999.0  -9999.0  -9999.0  -9999.0  -9999.0  -9999.0  -9999.0  -9999.0  -9999.0  -9999.0  -9999.0  -9999.0  -9999.0  0.42621959335  0.492652526411  0.491781049816  3.9363753208  4.2416039323  5.14247488117  0.192090808166  3.40589351345  3.68523739003  0.105860096898  0.228099163291  0.0717376356485  23.1214688101  0.0886637987509  0.219627137978  0.270503627884  0.317239216305  5.49783050905  5.65486546471  5.71872931127  0.0651885707476  0.119662286064  0.166828013191  0.0253892486758  0.021911806279  18.5677473004  18.5924931875  18.6136938526  18.8454876121  18.8763719749  18.9124167812  18.936426954  29.5917989858  29.6212576641  33.5563381239  0.0373031975734  0.0436632576912  0.0775357890415  495.161835038  495.271924326  495.908186496  495.938205771  0.0240629665593  0.0127766113568  0.527920552171  0.512927915454  0.0197897920626  0.0605576453035  0.499668807295  0.332442657645  0.294691776654  0.0807186303285  -9999.0  -9999.0  -9999.0  -9999.0  -9999.0
-9999.0  -9999.0  -9999.0  -9999.0  -9999.0  -9999.0  -9999.0  -9999.0  -9999.0  -9999.0  -9999.0  -9999.0  -9999.0  -9999.0  -9999.0  -9999.0  -9999.0  -9999.0  -9999.0  -9999.0  -9999.0  -9999.0  -9999.0  0.34376559976  0.843182591428  1.86213504194  3.62201141438  0.374857650763  0.658803010366  2.92005235395  3.10039937389  0.151267759019  5.28935083466  5.39794239206  22.8799497733  22.9649209181  0.0689154132102  0.128195866402  0.608037994474  5.01745941495  5.15053689396  0.11620666232  0.0574525560471  0.0432916877473  17.1936029217  17.2811689178  17.3532197132  17.4237705524  18.545434271  0.0792006255219  18.8195176834  0.0485260815738  0.0311811449424  0.055434483948  10.5963174769  10.6374695308  3.76992857276  3.89857826335  0.0888893442211  0.0432404308872  0.0537962026097  0.0364144529537  0.0565779107656  0.0224784849415  522.469099279  522.52278209  0.64424790656  0.552747851195  0.0144039760211  0.76259991018  0.71616373471  0.603295343681  0.0527167556091  0.070299512087  0.0870346601116  -9999.0  -9999.0  -9999.0  -9999.0  -9999.0
-9999.0  -9999.0  -9999.0  -9999.0  -9999.0  -9999.0  -9999.0  -9999.0  -9999.0  -9999.0  -9999.0  -9999.0  -9999.0  -9999.0  -9999.0  -9999.0  -9999.0  -9999.0  -9999.0  -9999.0  -9999.0  -9999.0  -9999.0  -9999.0  0.501199416307  0.970075655371  1.34859497875  2.33091829037  2.61404467867  4.37060219132  4.89417720699  5.04153498201  5.17349619615  17.2904914166  17.3946069502  0.0582651591705  0.504987732481  0.574022871969  4.30555672076  4.36855511176  0.0797225237571  0.0259632821626  17.0024830313  17.0682968678  17.115295939  0.0487004158593  0.987057319901  1.03036890335  1.08324907455  0.0425485172566  0.031824640221  0.0220552450869  0.0158820918279  10.4744640652  10.5163943116  0.0271341408406  3.74136470154  3.57936564581  3.55198125676  0.0329754399307  0.0438849735248  0.0275744208843  0.0531775811726  26.3995647387  26.491648867  523.19983523  0.0561853055471  0.0242259666484  0.796736997645  0.0211272366838  0.152148213937  0.101892837117  0.0477809601165  -9999.0  -9999.0  -9999.0  -9999.0  -9999.0  -9999.0  -9999.0
-9999.0  -9999.0  -9999.0  -9999.0  -9999.0  -9999.0  -9999.0  -9999.0  -9999.0  -9999.0  -9999.0  -9999.0  -9999.0  -9999.0  -9999.0  -9999.0  -9999.0  -9999.0  -9999.0  -9999.0  -9999.0  -9999.0  -9999.0  -9999.0  0.449985234507  1.46940320358  1.97368732776  2.92180070515  3.68829130747  4.08060390433  0.290941957888  4.43429694078  16.9408547925  17.1781606271  0.176539391164  0.292856432171  0.460985598702  4.1817092012  4.25347179044  11.8358009256  11.9550135446  16.9450344098  16.9851900205  0.0407125747259  0.825577432615  0.896827824098  0.953608935063  0.042045995538  9.62592158717  9.66690738892  9.78448432838  10.2460333735  10.4013111938  10.4316626646  0.0313138712455  0.0692952046947  0.102630550899  2.95245981063  3.4942279113  0.361291749396  0.327638060147  0.0243007169549  0.0278213244199  26.3194826296  0.0677593778193  0.0396282275598  523.264025438  0.0112222606625  0.0104048536306  0.997804427296  0.187470041586  0.0389237701658  0.0283309684038  -9999.0  -9999.0  -9999.0  -9999.0  -9999.0  -9999.0  -9999.0
-9999.0  -9999.0  -9999.0  -9999.0  -9999.0  -9999.0  -9999.0  -9999.0  -9999.0  -9999.0  -9999.0  -9999.0  -9999.0  -9999.0  -9999.0  -9999.0  -9999.0  -9999.0  -9999.0  -9999.0  -9999.0  -9999.0  -9999.0  -9999.0  0.527758956879  0.49810860541  1.96630431962  2.50325351188  0.412737898021  3.77111150664  4.110628042  0.300933588763  11.9470334316  0.283420244922  1.88130340003  3.97558945299  4.11595662519  11.2725417381  11.3507491198  11.7871571336  0.0975068217758  4.96256739794  0.0289161514996  0.0587699537477  0.80267288162  0.0434641571142  2.01482369887  9.54937539541  0.0378127483787  0.0868080075435  0.361778712089  0.0509484098284  0.0612712002706  0.0436013217839  0.0320217270072  2.62112865131  2.83026559307  2.92122234475  0.139955167794  0.113025508459  0.206564731388  0.0399216451274  26.2135429546  26.2458496285  0.0392308235255  0.0257581425495  0.0109901352386  523.360120759  524.57561916  1.17574796962  0.165749499208  0.150560677714  0.0773110781714  -9999.0  -9999.0  -9999.0  -9999.0  -9999.0  -9999.0  -9999.0
-9999.0  -9999.0  -9999.0  -9999.0  -9999.0  -9999.0  -9999.0  -9999.0  -9999.0  -9999.0  -9999.0  -9999.0  -9999.0  -9999.0  -9999.0  -9999.0  -9999.0  -9999.0  -9999.0  -9999.0  -9999.0  -9999.0  -9999.0  -9999.0  -9999.0  0.481062074604  0.524110951427  0.487801174161  2.99041836098  3.41390491402  5.38288621128  11.6927777371  0.356998615283  1.08927368946  1.39247437674  1.92604647652  0.420911011801  11.1280036229  0.165199630012  0.339596613432  4.77755182826  0.125483708313  0.57177229385  0.651011750697  0.0534583639679  0.0397169262433  1.991470474  7.50421425782  0.0540950862612  0.181846984713  0.317577551114  0.0507811118829  0.0331518733684  2.36388529312  2.47902311603  0.0844219501337  0.179959371642  0.0505864215096  0.0945343807793  0.0664030974282  0.0540777595564  0.0315718280227  26.1879314623  0.0989463135842  -9999.0  -9999.0  0.026750016685  0.0473127877403  524.603514242  524.630303039  524.674918082  0.0127893623354  -9999.0  -9999.0  -9999.0  -9999.0  -9999.0  -9999.0  -9999.0  -9999.0
-9999.0  -9999.0  -9999.0  -9999.0  -9999.0  -9999.0  -9999.0  -9999.0  -9999.0  -9999.0  -9999.0  -9999.0  -9999.0  -9999.0  -9999.0  -9999.0  -9999.0  -9999.0  -9999.0  -9999.0  -9999.0  -9999.0  -9999.0  -9999.0  -9999.0  -9999.0  0.491898899664  1.61300096197  2.07745216159  5.04912232952  1.8756949365  5.94224053592  3.64428267456  0.361983344551  1.05758412149  1.66110871325  0.239579028578  10.544007062  3.52340456559  4.26696729305  0.396843464224  0.395197879877  0.124225218159  0.0603095695834  1.87080300564  1.91187397845  7.36486605243  7.40674897877  0.0866451945715  0.13593084648  0.0372358608134  1.98504667135  2.16336042305  2.34523131724  0.0903488882824  0.0415665172561  0.129767032766  0.0470940628266  0.0350557315218  0.0260693358025  25.9023067745  25.9741086105  26.0307588414  0.0688862779666  -9999.0  -9999.0  -9999.0  -9999.0  -9999.0  0.00894876260829  524.695307486  524.716043473  -9999.0  -9999.0  -9999.0  -9999.0  -9999.0  -9999.0  -9999.0  -9999.0
-9999.0  -9999.0  -9999.0  -9999.0  -9999.0  -9999.0  -9999.0  -9999.0  -9999.0  -9999.0  -9999.0  -9999.0  -9999.0  -9999.0  -9999.0  -9999.0  -9999.0  -9999.0  -9999.0  -9999.0  -9999.0  -9999.0  -9999.0  -9999.0  -9999.0  -9999.0  0.594682773526  0.508722569112  4.57551254227  0.531198140567  1.45939342073  2.4116377731  3.2713269362  0.414856185456  0.358617612199  0.314004043973  9.98686225829  10.292785964  3.31353866977  0.559770628744  0.259506924013  0.255531625789  1.68567463211  1.8358211445  6.88598680869  7.09885859988  7.26632207132  0.0617061738777  0.0454513350039  1.89559693156  1.9234387828  1.95927983593  0.154915509696  0.094549772545  0.0505809846194  0.0473696129699  0.032817782083  0.234387918873  0.251618577708  25.8666450939  25.8868237975  0.0484574765158  0.0284971214345  0.0348306583577  -9999.0  -9999.0  -9999.0  -9999.0  -9999.0  -9999.0  -9999.0  -9999.0  -9999.0  -9999.0  -9999.0  -9999.0  -9999.0  -9999.0  -9999.0  -9999.0
-9999.0  -9999.0  -9999.0  -9999.0  -9999.0  -9999.0  -9999.0  -9999.0  -9999.0  -9999.0  -9999.0  -9999.0  -9999.0  -9999.0  -9999.0  -9999.0  -9999.0  -9999.0  -9999.0  -9999.0  -9999.0  -9999.0  -9999.0  -9999.0  -9999.0  -9999.0  -9999.0  1.11188765079  3.56026081209  1.96575248846  0.466601441018  1.92022804596  0.431743927601  1.37713703345  1.66468816449  8.9232299547  9.67508228656  2.78776678471  3.05865939837  0.284839140427  1.25424774039  1.48410974446  4.56622127481  6.62602055921  6.79869043313  0.151052381212  0.093936985565  1.5487365123  1.72680116484  1.87005612146  0.0424086081545  0.0747049961599  0.116843804177  0.0433848792138  0.0873986829731  0.140545535286  0.16778607893  0.215409853535  0.0266969422779  25.5630070336  0.0701373322413  0.0274178223599  -9999.0  -9999.0  -9999.0  -9999.0  -9999.0  -9999.0  -9999.0  -9999.0  -9999.0  -9999.0  -9999.0  -9999.0  -9999.0  -9999.0  -9999.0  -9999.0  -9999.0  -9999.0
-9999.0  -9999.0  -9999.0  -9999.0  -9999.0  -9999.0  -9999.0  -9999.0  -9999.0  -9999.0  -9999.0  -9999.0  -9999.0  -9999.0  -9999.0  -9999.0  -9999.0  -9999.0  -9999.0  -9999.0  -9999.0  -9999.0  -9999.0  -9999.0  -9999.0  -9999.0  -9999.0  0.599795068737  0.5188227783  0.951783820219  0.512461257935  0.962275411827  0.99269229166  5.54316679458  5.98074873788  0.893022258074  0.358137418136  2.51075451257  0.680277027721  1.01854476621  3.8898090691  4.14114274456  4.38603404926  1.88690666161  0.662531964887  0.976972308715  1.22526087744  1.51051251577  0.140564186266  0.0786271052897  15.7763838891  15.8287340289  15.8663166721  0.0301462241469  0.0550602389913  0.0316659671298  0.0240007347208  24.5402025891  24.8312919954  0.594243172075  0.50094046116  0.0459852588183  -9999.0  -9999.0  -9999.0  -9999.0  -9999.0  -9999.0  -9999.0  -9999.0  -9999.0  -9999.0  -9999.0  -9999.0  -9999.0  -9999.0  -9999.0  -9999.0  -9999.0  -9999.0
-9999.0  -9999.0  -9999.0  -9999.0  -9999.0  -9999.0  -9999.0  -9999.0  -9999.0  -9999.0  -9999.0  -9999.0  -9999.0  -9999.0  -9999.0  -9999.0  -9999.0  -9999.0  -9999.0  -9999.0  -9999.0  -9999.0  -9999.0  -9999.0  -9999.0  -9999.0  -9999.0  -9999.0  -9999.0  0.394599038995  0.42420967796  0.549847927924  2.12475373583  5.14866611385  2.57600993564  0.414132080241  1.77101382458  2.16124134795  0.329028022085  3.36431525106  3.63628837896  0.899962387243  1.39389402393  0.254297559257  0.435384049597  0.183822929801  0.130235745132  0.124483901387  15.5582625604  15.6546461713  15.7337847965  0.43111815192  16.3828201999  16.4486293795  16.503755563  16.5584347584  16.6509488088  24.5180016101  24.6149634062  0.172101366365  0.449402106928  0.12350373629  -9999.0  -9999.0  -9999.0  -9999.0  -9999.0  -9999.0  -9999.0  -9999.0  -9999.0  -9999.0  -9999.0  -9999.0  -9999.0  -9999.0  -9999.0  -9999.0  -9999.0  -9999.0
-9999.0  -9999.0  -9999.0  -9999.0  -9999.0  -9999.0  -9999.0  -9999.0  -9999.0  -9999.0  -9999.0  -9999.0  -9999.0  -9999.0  -9999.0  -9999.0  -9999.0  -9999.0  -9999.0  -9999.0  -9999.0  -9999.0  -9999.0  -9999.0  -9999.0  -9999.0  -9999.0  -9999.0  -9999.0  -9999.0  -9999.0  0.591303629736  1.10461975554  1.08387479214  1.04042120661  0.981139726096  1.43224296621  2.31966229379  2.66170772735  3.06821313365  0.308114365031  0.62900989344  0.256010046629  0.215681882471  10.1681193124  12.133690393  12.5150276476  12.6858820484  15.4673525483  0.12982544067  0.235871213304  0.370531662268  2.44869563087  2.52339293878  2.58732250162  5.91057805707  7.19693970354  7.79904469563  0.0993127308293  0.0939857842775  0.272937999424  0.0729264576801  -9999.0  -9999.0  -9999.0  -9999.0  -9999.0  -9999.0  -9999.0  -9999.0  -9999.0  -9999.0  -9999.0  -9999.0  -9999.0  -9999.0  -9999.0  -9999.0  -9999.0  -9999.0
-9999.0  -9999.0  -9999.0  -9999.0  -9999.0  -9999.0  -9999.0  -9999.0  -9999.0  -9999.0  -9999.0  -9999.0  -9999.0  -9999.0  -9999.0  -9999.0  -9999.0  -9999.0  -9999.0  -9999.0  -9999.0  -9999.0  -9999.0  -9999.0  -9999.0  -9999.0  -9999.0  -9999.0  -9999.0  -9999.0  -9999.0  -9999.0  0.556976264631  0.559349330078  0.526215747895  0.499143733516  0.984124753852  1.91386354428  1.85778460713  2.21956007056  2.49033608559  5.69623820317  5.94894717253  9.8095515887  10.0267506402  1.81628606693  0.202367797486  2.45875800077  2.6241197633  0.989452833361  1.91191737919  2.22796550006  2.36316085423  0.112714018178  3.2717171044  6.17365494686  7.1487580843  0.105182035972  0.432152097777  0.0699133897991  0.211413564617  -9999.0  -9999.0  -9999.0  -9999.0  -9999.0  -9999.0  -9999.0  -9999.0  -9999.0  -9999.0  -9999.0  -9999.0  -9999.0  -9999.0  -9999.0  -9999.0  -9999.0  -9999.0  -9999.0
-9999.0  -9999.0  -9999.0  -9999.0  -9999.0  -9999.0  -9999.0  -9999.0  -9999.0  -9999.0  -9999.0  -9999.0  -9999.0  -9999.0  -9999.0  -9999.0  -9999.0  -9999.0  -9999.0  -9999.0  -9999.0  -9999.0  -9999.0  -9999.0  -9999.0  -9999.0  -9999.0  -9999.0  -9999.0  -9999.0  -9999.0  -9999.0  -9999.0  -9999.0  -9999.0  0.550312777303  0.487197493031  0.507737640686  1.4586069897  1.33208208841  2.53069107423  2.94055127686  0.327163372907  3.59201351521  1.31901947545  1.60259625156  1.58243088684  2.29358711506  0.623173873304  0.203951090065  0.808052616905  0.193909511562  1.75626891829  2.09407516794  3.0627134341  0.143931463223  0.559742541981  0.201219803378  0.252496219254  0.0750283087463  0.143386216742  -9999.0  -9999.0  -9999.0  -9999.0  -9999.0  -9999.0  -9999.0  -9999.0  -9999.0  -9999.0  -9999.0  -9999.0  -9999.0  -9999.0  -9999.0  -9999.0  -9999.0  -9999.0  -9999.0
-9999.0  -9999.0  -9999.0  -9999.0  -9999.0  -9999.0  -9999.0  -9999.0  -9999.0  -9999.0  -9999.0  -9999.0  -9999.0  -9999.0  -9999.0  -9999.0  -9999.0  -9999.0  -9999.0  -9999.0  -9999.0  -9999.0  -9999.0  -9999.0  -9999.0  -9999.0  -9999.0  -9999.0  -9999.0  -9999.0  -9999.0  -9999.0  -9999.0  -9999.0  -9999.0  -9999.0  -9999.0  0.491087884749  0.433538957191  0.896256245912  0.828198427348  2.18748617708  2.91574193946  0.738688990329  1.02667034491  0.830472019794  1.35992849972  0.484497054557  0.446146798693  0.452078960641  0.182630363233  1.04258835976  1.60102230394  0.188328811271  0.802771033612  0.27408508149  0.144780632497  0.0810210960235  0.0806964445426  0.0887852395537  -9999.0  -9999.0  -9999.0  -9999.0  -9999.0  -9999.0  -9999.0  -9999.0  -9999.0  -9999.0  -9999.0  -9999.0  -9999.0  -9999.0  -9999.0  -9999.0  -9999.0  -9999.0  -9999.0  -9999.0
-9999.0  -9999.0  -9999.0  -9999.0  -9999.0  -9999.0  -9999.0  -9999.0  -9999.0  -9999.0  -9999.0  -9999.0  -9999.0  -9999.0  -9999.0  -9999.0  -9999.0  -9999.0  -9999.0  -9999.0  -9999.0  -9999.0  -9999.0  -9999.0  -9999.0  -9999.0  -9999.0  -9999.0  -9999.0  -9999.0  -9999.0  -9999.0  -9999.0  -9999.0  -9999.0  -9999.0  -9999.0  -9999.0  -9999.0  0.441542813554  0.937355167215  1.81887711149  0.391458819319  0.381505471303  0.274071812178  0.578827415946  0.279044061903  0.250473635447  0.237337845144  0.242186655223  0.449866047438  0.883587476176  0.407686533695  0.436330544997  0.630893522575  0.140162272884  0.0677689298215  -9999.0  -9999.0  -9999.0  -9999.0  -9999.0  -9999.0  -9999.0  -9999.0  -9999.0  -9999.0  -9999.0  -9999.0  -9999.0  -9999.0  -9999.0  -9999.0  -9999.0  -9999.0  -9999.0  -9999.0  -9999.0  -9999.0  -9999.0
-9999.0  -9999.0  -9999.0  -9999.0  -9999.0  -9999.0  -9999.0  -9999.0  -9999.0  -9999.0  -9999.0  -9999.0  -9999.0  -9999.0  -9999.0  -9999.0  -9999.0  -9999.0  -9999.0  -9999.0  -9999.0  -9999.0  -9999.0  -9999.0  -9999.0  -9999.0  -9999.0  -9999.0  -9999.0  -9999.0  -9999.0  -9999.0  -9999.0  -9999.0  -9999.0  -9999.0  -9999.0  -9999.0  -9999.0  -9999.0  0.472602836634  0.42107342777  -9999.0  -9999.0  -9999.0  -9999.0  -9999.0  -9999.0  -9999.0  -9999.0  0.2298230247  0.212234954107  0.181597290847  0.203360871383  -9999.0  -9999.0  -9999.0  -9999.0  -9999.0  -9999.0  -9999.0  -9999.0  -9999.0  -9999.0  -9999.0  -9999.0  -9999.0  -9999.0  -9999.0  -9999.0  -9999.0  -9999.0  -9999.0  -9999.0  -9999.0  -9999.0  -9999.0  -9999.0  -9999.0  -9999.0
-9999.0  -9999.0  -9999.0  -9999.0  -9999.0  -9999.0  -9999.0  -9999.0  -9999.0  -9999.0  -9999.0  -9999.0  -9999.0  -9999.0  -9999.0  -9999.0  -9999.0  -9999.0  -9999.0  -9999.0  -9999.0  -9999.0  -9999.0  -9999.0  -9999.0  -9999.0  -9999.0  -9999.0  -9999.0  -9999.0  -9999.0  -9999.0  -9999.0  -9999.0  -9999.0  -9999.0  -9999.0  -9999.0  -9999.0  -9999.0  -9999.0  -9999.0  -9999.0  -9999.0  -9999.0  -9999.0  -9999.0  -9999.0  -9999.0  -9999.0  -9999.0  -9999.0  -9999.0  -9999.0  -9999.0  -9999.0  -9999.0  -9999.0  -9999.0  -9999.0  -9999.0  -9999.0  -9999.0  -9999.0  -9999.0  -9999.0  -9999.0  -9999.0  -9999.0  -9999.0  -9999.0  -9999.0  -9999.0  -9999.0  -9999.0  -9999.0  -9999.0  -9999.0  -9999.0  -9999.0
-9999.0  -9999.0  -9999.0  -9999.0  -9999.0  -9999.0  -9999.0  -9999.0  -9999.0  -9999.0  -9999.0  -9999.0  -9999.0  -9999.0  -9999.0  -9999.0  -9999.0  -9999.0  -9999.0  -9999.0  -9999.0  -9999.0  -9999.0  -9999.0  -9999.0  -9999.0  -9999.0  -9999.0  -9999.0  -9999.0  -9999.0  -9999.0  -9999.0  -9999.0  -9999.0  -9999.0  -9999.0  -9999.0  -9999.0  -9999.0  -9999.0  -9999.0  -9999.0  -9999.0  -9999.0  -9999.0  -9999.0  -9999.0  -9999.0  -9999.0  -9999.0  -9999.0  -9999.0  -9999.0  -9999.0  -9999.0  -9999.0  -9999.0  -9999.0  -9999.0  -9999.0  -9999.0  -9999.0  -9999.0  -9999.0  -9999.0  -9999.0  -9999.0  -9999.0  -9999.0  -9999.0  -9999.0  -9999.0  -9999.0  -9999.0  -9999.0  -9999.0  -9999.0  -9999.0  -9999.0
-9999.0  -9999.0  -9999.0  -9999.0  -9999.0  -9999.0  -9999.0  -9999.0  -9999.0  -9999.0  -9999.0  -9999.0  -9999.0  -9999.0  -9999.0  -9999.0  -9999.0  -9999.0  -9999.0  -9999.0  -9999.0  -9999.0  -9999.0  -9999.0  -9999.0  -9999.0  -9999.0  -9999.0  -9999.0  -9999.0  -9999.0  -9999.0  -9999.0  -9999.0  -9999.0  -9999.0  -9999.0  -9999.0  -9999.0  -9999.0  -9999.0  -9999.0  -9999.0  -9999.0  -9999.0  -9999.0  -9999.0  -9999.0  -9999.0  -9999.0  -9999.0  -9999.0  -9999.0  -9999.0  -9999.0  -9999.0  -9999.0  -9999.0  -9999.0  -9999.0  -9999.0  -9999.0  -9999.0  -9999.0  -9999.0  -9999.0  -9999.0  -9999.0  -9999.0  -9999.0  -9999.0  -9999.0  -9999.0  -9999.0  -9999.0  -9999.0  -9999.0  -9999.0  -9999.0  -9999.0
-9999.0  -9999.0  -9999.0  -9999.0  -9999.0  -9999.0  -9999.0  -9999.0  -9999.0  -9999.0  -9999.0  -9999.0  -9999.0  -9999.0  -9999.0  -9999.0  -9999.0  -9999.0  -9999.0  -9999.0  -9999.0  -9999.0  -9999.0  -9999.0  -9999.0  -9999.0  -9999.0  -9999.0  -9999.0  -9999.0  -9999.0  -9999.0  -9999.0  -9999.0  -9999.0  -9999.0  -9999.0  -9999.0  -9999.0  -9999.0  -9999.0  -9999.0  -9999.0  -9999.0  -9999.0  -9999.0  -9999.0  -9999.0  -9999.0  -9999.0  -9999.0  -9999.0  -9999.0  -9999.0  -9999.0  -9999.0  -9999.0  -9999.0  -9999.0  -9999.0  -9999.0  -9999.0  -9999.0  -9999.0  -9999.0  -9999.0  -9999.0  -9999.0  -9999.0  -9999.0  -9999.0  -9999.0  -9999.0  -9999.0  -9999.0  -9999.0  -9999.0  -9999.0  -9999.0  -9999.0
-9999.0  -9999.0  -9999.0  -9999.0  -9999.0  -9999.0  -9999.0  -9999.0  -9999.0  -9999.0  -9999.0  -9999.0  -9999.0  -9999.0  -9999.0  -9999.0  -9999.0  -9999.0  -9999.0  -9999.0  -9999.0  -9999.0  -9999.0  -9999.0  -9999.0  -9999.0  -9999.0  -9999.0  -9999.0  -9999.0  -9999.0  -9999.0  -9999.0  -9999.0  -9999.0  -9999.0  -9999.0  -9999.0  -9999.0  -9999.0  -9999.0  -9999.0  -9999.0  -9999.0  -9999.0  -9999.0  -9999.0  -9999.0  -9999.0  -9999.0  -9999.0  -9999.0  -9999.0  -9999.0  -9999.0  -9999.0  -9999.0  -9999.0  -9999.0  -9999.0  -9999.0  -9999.0  -9999.0  -9999.0  -9999.0  -9999.0  -9999.0  -9999.0  -9999.0  -9999.0  -9999.0  -9999.0  -9999.0  -9999.0  -9999.0  -9999.0  -9999.0  -9999.0  -9999.0  -9999.0
-9999.0  -9999.0  -9999.0  -9999.0  -9999.0  -9999.0  -9999.0  -9999.0  -9999.0  -9999.0  -9999.0  -9999.0  -9999.0  -9999.0  -9999.0  -9999.0  -9999.0  -9999.0  -9999.0  -9999.0  -9999.0  -9999.0  -9999.0  -9999.0  -9999.0  -9999.0  -9999.0  -9999.0  -9999.0  -9999.0  -9999.0  -9999.0  -9999.0  -9999.0  -9999.0  -9999.0  -9999.0  -9999.0  -9999.0  -9999.0  -9999.0  -9999.0  -9999.0  -9999.0  -9999.0  -9999.0  -9999.0  -9999.0  -9999.0  -9999.0  -9999.0  -9999.0  -9999.0  -9999.0  -9999.0  -9999.0  -9999.0  -9999.0  -9999.0  -9999.0  -9999.0  -9999.0  -9999.0  -9999.0  -9999.0  -9999.0  -9999.0  -9999.0  -9999.0  -9999.0  -9999.0  -9999.0  -9999.0  -9999.0  -9999.0  -9999.0  -9999.0  -9999.0  -9999.0  -9999.0
