ncols                  80
nrows                 72
xllcorner      4374000.0
yllcorner      5656000.0
cellsize            500
NODATA_value       -9999
-9999.0  -9999.0  -9999.0  -9999.0  -9999.0  -9999.0  -9999.0  -9999.0  -9999.0  -9999.0  -9999.0  -9999.0  1.00078420628  0.838308891207  -9999.0  -9999.0  -9999.0  -9999.0  -9999.0  -9999.0  -9999.0  -9999.0  -9999.0  -9999.0  -9999.0  -9999.0  -9999.0  -9999.0  -9999.0  -9999.0  -9999.0  -9999.0  -9999.0  -9999.0  -9999.0  -9999.0  -9999.0  -9999.0  -9999.0  -9999.0  -9999.0  -9999.0  -9999.0  -9999.0  -9999.0  -9999.0  -9999.0  -9999.0  -9999.0  -9999.0  -9999.0  -9999.0  -9999.0  -9999.0  -9999.0  -9999.0  -9999.0  -9999.0  -9999.0  -9999.0  -9999.0  -9999.0  -9999.0  -9999.0  -9999.0  -9999.0  -9999.0  -9999.0  -9999.0  -9999.0  -9999.0  -9999.0  -9999.0  -9999.0  -9999.0  -9999.0  -9999.0  -9999.0  -9999.0  -9999.0
-9999.0  -9999.0  -9999.0  -9999.0  -9999.0  -9999.0  -9999.0  -9999.0  -9999.0  -9999.0  -9999.0  -9999.0  2.01571506726  4.51328579135  0.738804908012  -9999.0  0.625720819537  -9999.0  -9999.0  -9999.0  -9999.0  -9999.0  -9999.0  -9999.0  -9999.0  -9999.0  -9999.0  -9999.0  -9999.0  -9999.0  -9999.0  -9999.0  -9999.0  -9999.0  -9999.0  -9999.0  -9999.0  -9999.0  -9999.0  -9999.0  -9999.0  -9999.0  -9999.0  -9999.0  -9999.0  -9999.0  -9999.0  -9999.0  -9999.0  -9999.0  -9999.0  -9999.0  -9999.0  -9999.0  -9999.0  -9999.0  -9999.0  -9999.0  -9999.0  -9999.0  -9999.0  -9999.0  -9999.0  -9999.0  -9999.0  -9999.0  -9999.0  -9999.0  -9999.0  -9999.0  -9999.0  -9999.0  -9999.0  -9999.0  -9999.0  -9999.0  -9999.0  -9999.0  -9999.0  -9999.0
-9999.0  -9999.0  -9999.0  -9999.0  -9999.0  -9999.0  -9999.0  -9999.0  -9999.0  -9999.0  0.94658889494  0.917010718969  0.960737262825  0.943957287811  6.29244702865  7.04956709737  1.70513847294  0.538209561702  -9999.0  -9999.0  -9999.0  -9999.0  -9999.0  -9999.0  -9999.0  -9999.0  -9999.0  -9999.0  -9999.0  -9999.0  -9999.0  -9999.0  -9999.0  -9999.0  -9999.0  -9999.0  -9999.0  -9999.0  -9999.0  -9999.0  -9999.0  -9999.0  -9999.0  -9999.0  -9999.0  -9999.0  -9999.0  -9999.0  -9999.0  -9999.0  -9999.0  -9999.0  -9999.0  -9999.0  -9999.0  -9999.0  -9999.0  -9999.0  -9999.0  -9999.0  -9999.0  -9999.0  -9999.0  -9999.0  -9999.0  -9999.0  -9999.0  -9999.0  -9999.0  -9999.0  -9999.0  -9999.0  -9999.0  -9999.0  -9999.0  -9999.0  -9999.0  -9999.0  -9999.0  -9999.0
-9999.0  -9999.0  -9999.0  -9999.0  -9999.0  -9999.0  -9999.0  -9999.0  -9999.0  0.918970858497  1.86445353459  3.70258989876  1.85379435115  0.9017864448  1.76485174014  7.8963786558  10.8690195616  0.610504836378  -9999.0  0.928468719854  -9999.0  -9999.0  -9999.0  -9999.0  1.18165106386  0.605988401311  -9999.0  -9999.0  -9999.0  -9999.0  -9999.0  -9999.0  -9999.0  -9999.0  -9999.0  -9999.0  -9999.0  -9999.0  -9999.0  -9999.0  -9999.0  -9999.0  -9999.0  -9999.0  -9999.0  -9999.0  -9999.0  -9999.0  -9999.0  -9999.0  -9999.0  -9999.0  -9999.0  -9999.0  -9999.0  -9999.0  -9999.0  -9999.0  -9999.0  -9999.0  -9999.0  -9999.0  -9999.0  -9999.0  -9999.0  -9999.0  -9999.0  -9999.0  -9999.0  -9999.0  -9999.0  -9999.0  -9999.0  -9999.0  -9999.0  -9999.0  -9999.0  -9999.0  -9999.0  -9999.0
-9999.0  -9999.0  -9999.0  -9999.0  -9999.0  -9999.0  -9999.0  -9999.0  1.01938860308  2.89721019753  3.7752471934  4.66196421112  6.40863947325  0.827885567129  3.37022940292  4.16551468878  16.4917015768  0.778977162197  0.785763849578  1.72880207293  2.51377505987  0.81664333248  -9999.0  3.07187212351  2.52419516523  0.700725221695  -9999.0  -9999.0  -9999.0  -9999.0  -9999.0  -9999.0  -9999.0  -9999.0  -9999.0  -9999.0  -9999.0  -9999.0  -9999.0  -9999.0  -9999.0  -9999.0  -9999.0  -9999.0  -9999.0  -9999.0  -9999.0  -9999.0  -9999.0  -9999.0  -9999.0  -9999.0  -9999.0  -9999.0  -9999.0  -9999.0  -9999.0  -9999.0  -9999.0  -9999.0  -9999.0  -9999.0  -9999.0  -9999.0  -9999.0  -9999.0  -9999.0  -9999.0  -9999.0  -9999.0  -9999.0  -9999.0  -9999.0  -9999.0  -9999.0  -9999.0  -9999.0  -9999.0  -9999.0  -9999.0
-9999.0  -9999.0  -9999.0  -9999.0  -9999.0  -9999.0  1.00033540548  0.929956909709  0.904815959055  0.919342917566  0.927529140568  6.53315450831  13.8271302946  14.6991023621  15.4055928947  0.666524520902  17.9133440196  18.6639169761  1.54540808158  0.790649980423  3.28432604701  5.66450354442  0.818519839647  5.59468416827  0.899714972787  0.894299555311  0.936595596803  -9999.0  -9999.0  -9999.0  -9999.0  -9999.0  -9999.0  -9999.0  -9999.0  -9999.0  -9999.0  -9999.0  -9999.0  -9999.0  -9999.0  -9999.0  -9999.0  -9999.0  -9999.0  -9999.0  -9999.0  -9999.0  -9999.0  -9999.0  -9999.0  -9999.0  -9999.0  -9999.0  -9999.0  -9999.0  -9999.0  -9999.0  -9999.0  -9999.0  -9999.0  -9999.0  -9999.0  -9999.0  -9999.0  -9999.0  -9999.0  -9999.0  -9999.0  -9999.0  -9999.0  -9999.0  -9999.0  -9999.0  -9999.0  -9999.0  -9999.0  -9999.0  -9999.0  -9999.0
-9999.0  -9999.0  -9999.0  -9999.0  -9999.0  -9999.0  2.00133918746  2.96495249305  6.71833283394  9.3954928101  0.825929317709  0.852809160779  0.807408172129  2.31250267783  18.4395112153  0.654342930069  19.3093883422  21.9955807609  2.16383062221  1.47797703123  6.37458719244  0.764336636229  6.36747554576  1.60966829333  0.832284085165  1.7041716813  1.84531066696  0.908467446485  0.925261744928  0.905645188363  0.968908179816  1.94060821024  -9999.0  -9999.0  -9999.0  -9999.0  -9999.0  -9999.0  -9999.0  -9999.0  -9999.0  -9999.0  -9999.0  -9999.0  -9999.0  -9999.0  -9999.0  -9999.0  -9999.0  -9999.0  -9999.0  -9999.0  -9999.0  -9999.0  -9999.0  -9999.0  -9999.0  -9999.0  -9999.0  -9999.0  -9999.0  -9999.0  -9999.0  -9999.0  -9999.0  -9999.0  -9999.0  -9999.0  -9999.0  -9999.0  -9999.0  -9999.0  -9999.0  -9999.0  -9999.0  -9999.0  -9999.0  -9999.0  -9999.0  -9999.0
-9999.0  -9999.0  -9999.0  -9999.0  -9999.0  1.08254471435  2.09629083336  1.00758219475  1.95921051583  10.3599964383  12.1044991714  13.8366610719  43.7784580696  0.728107743405  19.2101474845  68.8372788745  69.3112118807  92.1198666224  0.514295262028  2.14579781733  7.08890170721  0.707931128846  15.4671051966  8.34676090973  5.22103374517  4.39235430627  0.89731289205  2.71701959772  2.70460727438  1.80249890418  0.894523110378  2.86028078516  0.904026588616  0.892829429616  -9999.0  -9999.0  -9999.0  -9999.0  -9999.0  -9999.0  -9999.0  -9999.0  -9999.0  -9999.0  -9999.0  -9999.0  -9999.0  -9999.0  -9999.0  -9999.0  -9999.0  -9999.0  -9999.0  -9999.0  -9999.0  -9999.0  -9999.0  -9999.0  -9999.0  -9999.0  -9999.0  -9999.0  -9999.0  -9999.0  -9999.0  -9999.0  -9999.0  -9999.0  -9999.0  -9999.0  -9999.0  -9999.0  -9999.0  -9999.0  -9999.0  -9999.0  -9999.0  -9999.0  -9999.0  -9999.0
-9999.0  -9999.0  -9999.0  -9999.0  -9999.0  1.08377930617  3.15858186083  6.27985719215  7.23773827931  14.2989570578  15.1996004359  18.0036393131  29.1948743778  45.9469220701  47.5385660738  48.2698725967  1.29827433014  94.3924770568  95.5024646483  98.9968628858  124.342935399  17.6117812836  16.229824246  5.9745558115  0.760722925703  5.16996708896  3.53741714246  0.794493213602  3.51678876533  0.717578266677  1.58747380094  4.52356304481  5.38763128145  1.74659170086  0.874338165436  0.855133710955  -9999.0  -9999.0  -9999.0  -9999.0  0.615614623635  0.538038373693  -9999.0  -9999.0  -9999.0  -9999.0  -9999.0  -9999.0  -9999.0  -9999.0  -9999.0  -9999.0  -9999.0  -9999.0  -9999.0  -9999.0  -9999.0  -9999.0  -9999.0  -9999.0  -9999.0  -9999.0  -9999.0  -9999.0  -9999.0  -9999.0  -9999.0  -9999.0  -9999.0  -9999.0  -9999.0  -9999.0  -9999.0  -9999.0  -9999.0  -9999.0  -9999.0  -9999.0  -9999.0  -9999.0
-9999.0  -9999.0  -9999.0  -9999.0  -9999.0  1.05540597639  1.00803733549  4.15609756356  5.12751177064  6.12636753725  0.950293716551  1.88443710576  10.5901360757  1.74354258475  0.873274957802  0.806236122223  0.718012569374  0.750674808172  0.706090898783  0.773891327928  125.016024478  127.125782376  0.7058525379  2.21088759637  1.51537226934  5.91608550981  1.59775855032  0.774174995701  4.35027512461  1.4498454196  3.55469823891  9.55791868476  8.85177597041  2.61098564051  2.60149560104  0.874212565138  0.881176776833  -9999.0  -9999.0  0.890407456262  1.40160472613  3.0673352309  0.569432456323  -9999.0  -9999.0  -9999.0  -9999.0  -9999.0  -9999.0  -9999.0  -9999.0  -9999.0  -9999.0  -9999.0  -9999.0  -9999.0  -9999.0  -9999.0  -9999.0  -9999.0  -9999.0  -9999.0  -9999.0  -9999.0  -9999.0  -9999.0  -9999.0  -9999.0  -9999.0  -9999.0  -9999.0  -9999.0  -9999.0  -9999.0  -9999.0  -9999.0  -9999.0  -9999.0  -9999.0  -9999.0
-9999.0  -9999.0  -9999.0  -9999.0  -9999.0  -9999.0  1.07366902988  1.07533088434  2.06391760755  3.06172301707  6.92130351923  8.84053654378  9.73128639974  0.858464411127  0.783914422804  10.4969604123  12.8722440773  13.6170329252  16.7136330937  17.4275228403  0.714520404281  127.848079709  131.401516242  2.83662313349  0.476811493217  6.55358913858  14.7123061879  5.85490134904  1.46287188217  0.726532032658  14.5776360173  10.3194236188  0.777775177972  0.760103485312  3.3960641034  2.56673056317  0.851810454918  0.831557846451  0.8587698523  1.73235558635  0.843517936273  3.72072435224  4.57333828174  0.811723032673  -9999.0  -9999.0  -9999.0  -9999.0  0.913985767286  0.874942155434  0.242630727198  -9999.0  -9999.0  -9999.0  -9999.0  -9999.0  -9999.0  -9999.0  -9999.0  -9999.0  -9999.0  -9999.0  -9999.0  -9999.0  -9999.0  -9999.0  -9999.0  -9999.0  -9999.0  -9999.0  -9999.0  -9999.0  -9999.0  -9999.0  -9999.0  -9999.0  -9999.0  -9999.0  -9999.0  -9999.0
-9999.0  -9999.0  -9999.0  -9999.0  -9999.0  -9999.0  -9999.0  1.05785394737  0.92454327382  1.94101987743  2.93195959185  0.966559349935  0.821621043743  5.45483518377  7.18087870525  8.93818858412  0.818186025427  1.59929710724  0.7878915051  18.1618461287  40.3536380344  40.9129409474  173.685761581  0.697411430241  1.42662931354  0.447801732047  15.4094386306  0.706866490359  2.19900022642  0.720165225309  15.3286569325  16.0729863082  1.55298781293  1.51728678187  8.45560105613  4.24030694587  1.66866995012  0.843559245542  1.71477200577  2.57682672283  4.25226939323  0.831948796625  6.1893981092  6.95349562228  0.701355211485  0.743811292825  0.775446267702  0.716089393945  0.682345309473  2.56647734554  0.992965502491  0.64283790832  -9999.0  -9999.0  -9999.0  -9999.0  -9999.0  -9999.0  -9999.0  -9999.0  -9999.0  -9999.0  -9999.0  -9999.0  -9999.0  -9999.0  -9999.0  -9999.0  -9999.0  -9999.0  -9999.0  -9999.0  -9999.0  -9999.0  -9999.0  -9999.0  -9999.0  -9999.0  -9999.0  -9999.0
-9999.0  -9999.0  -9999.0  -9999.0  -9999.0  -9999.0  -9999.0  -9999.0  1.93512848857  2.80857588959  0.957825151307  1.94234515483  2.86171376054  4.63796535636  0.91307887756  0.888979845718  0.779117184359  0.788130019689  0.720800170494  20.689860983  0.808822610332  1.58246723521  175.891841338  177.486949331  0.745087649359  2.92047451154  18.9967469099  1.36630780548  2.84083460965  1.3510103248  1.99028665816  18.9650088666  2.23449813153  12.0726734949  9.87658975037  0.690096034327  4.06211086127  1.6309096792  2.49907696667  0.778151284836  5.04746393502  6.646301972  7.29866609786  7.92161423178  9.5665341649  1.31748396486  1.39212721032  1.29230774622  1.21866412639  3.22510086624  0.675516285211  2.32578072597  2.9405568183  -9999.0  -9999.0  -9999.0  -9999.0  -9999.0  -9999.0  -9999.0  -9999.0  -9999.0  -9999.0  -9999.0  -9999.0  -9999.0  -9999.0  -9999.0  -9999.0  -9999.0  -9999.0  -9999.0  -9999.0  -9999.0  -9999.0  -9999.0  -9999.0  -9999.0  -9999.0  -9999.0
-9999.0  -9999.0  -9999.0  -9999.0  -9999.0  -9999.0  -9999.0  -9999.0  1.02304711482  4.83087407549  5.7683284378  0.938665477242  1.83848611906  0.898875673216  0.839528340652  0.826098935031  10.3129382661  13.7725479695  16.943794184  20.0895085506  0.795873628045  0.788505041392  0.860505390386  181.055419136  182.732110988  183.459615696  25.4172438459  5.60634663591  4.88933218635  0.637444067099  2.62547591304  22.2448922553  0.672820952863  12.7529096284  0.718664515824  5.16504819477  4.86156392539  0.776217980096  3.27960883544  1.55395548303  2.32768825872  0.75349301297  0.613736179626  8.53766211459  9.10770553954  10.1351291956  2.00478832956  1.87906184539  1.79472428253  3.93208290917  5.29537185918  0.680030649468  3.57588993197  0.663517739443  1.25312468778  0.60667090918  -9999.0  -9999.0  -9999.0  -9999.0  -9999.0  -9999.0  -9999.0  -9999.0  -9999.0  -9999.0  -9999.0  -9999.0  -9999.0  -9999.0  -9999.0  -9999.0  -9999.0  -9999.0  -9999.0  -9999.0  -9999.0  -9999.0  -9999.0  -9999.0
-9999.0  -9999.0  -9999.0  -9999.0  -9999.0  -9999.0  -9999.0  -9999.0  -9999.0  1.03695198393  6.74200794314  7.6681528608  2.74451567153  4.5445239558  6.23180238773  7.08186322345  0.86359616633  2.67232680261  1.7713797998  0.887483759045  0.871916273904  0.813644088904  1.62812518243  2.81324665486  0.982686893674  210.636024692  211.404124748  0.68887991412  0.570354493638  1.23972137027  1.84314898256  24.1398592188  1.28730744166  13.3467640053  7.83244593457  6.47964080573  0.725361562535  1.48493362006  3.98467243505  0.703432598613  3.02594236317  1.45340722449  1.06450535127  0.466707555364  10.564592287  21.1600429769  2.42340732864  2.31011018415  2.35646697831  0.572504804388  5.86164374825  0.55231557845  4.79643983038  0.575047342887  1.82694101658  2.83302148444  0.30769718718  0.317212834125  0.375098778013  0.396917448753  0.25476089568  -9999.0  -9999.0  0.18012361822  0.13119321515  -9999.0  -9999.0  -9999.0  -9999.0  -9999.0  -9999.0  -9999.0  -9999.0  -9999.0  -9999.0  -9999.0  -9999.0  -9999.0  -9999.0  -9999.0
-9999.0  -9999.0  -9999.0  -9999.0  -9999.0  -9999.0  -9999.0  -9999.0  -9999.0  -9999.0  0.928089758492  9.5111260987  0.894935063761  1.7703206148  2.5940907686  4.27177476309  0.876647490991  1.79953201357  0.89215018659  0.850737112092  0.812990591998  1.61291515123  0.745603202478  0.841889832263  1.6778593452  0.937665987885  212.205707407  213.624467421  215.670403049  2.49756320669  0.610992972139  1.21848892169  24.7859466369  24.3625530791  9.19063835218  0.672294397482  2.90828279771  2.19294572285  4.69162717731  1.40655639442  5.89172474677  2.15350528816  1.67898666476  0.350564855897  0.491148529314  21.7555457706  22.2750091669  27.468096492  4.13009880437  1.17313968368  6.46932482995  7.61796003109  12.943772049  1.14181503836  0.525477787275  3.21510073689  3.82546296991  0.30309160325  0.570650800632  1.02628632622  0.501272323161  0.247327952005  0.236011613513  0.362957597638  0.26900100692  0.131442041502  -9999.0  -9999.0  -9999.0  -9999.0  -9999.0  -9999.0  -9999.0  -9999.0  -9999.0  -9999.0  -9999.0  -9999.0  -9999.0  -9999.0
-9999.0  -9999.0  -9999.0  -9999.0  -9999.0  -9999.0  -9999.0  -9999.0  -9999.0  -9999.0  -9999.0  0.42747986856  10.4154703408  0.843261789563  1.65793423147  7.62077647393  0.87654289217  0.871185622897  0.765622960544  1.62942694625  0.777947367243  3.16339613317  4.63111761848  5.32355553408  2.34493641551  2.99097477432  0.729346602968  0.8661222827  0.781011080694  219.45479197  221.240676542  25.3333653559  25.4903850071  24.9313341966  1.22602005551  0.595409546717  3.54371347447  9.52945181661  5.35141634516  2.05988161981  8.60580337665  3.46754564376  2.8440661348  0.693459962033  0.294743037547  0.296534554038  0.344400768172  29.1218184613  34.8258676969  0.544141638006  0.502407315716  0.539249449782  13.4474107039  15.0668958962  0.930358598743  0.386299064945  4.06010233609  0.506364280825  1.27859886717  2.545334164  3.26683480989  3.72575555155  0.965339892597  0.54914685959  0.429057035173  0.267628654619  0.161647801922  -9999.0  -9999.0  -9999.0  -9999.0  -9999.0  -9999.0  -9999.0  -9999.0  -9999.0  -9999.0  -9999.0  -9999.0  -9999.0
-9999.0  -9999.0  -9999.0  -9999.0  -9999.0  -9999.0  -9999.0  -9999.0  -9999.0  -9999.0  -9999.0  0.425500705927  11.4771777126  14.1803624163  0.823299439732  9.27542598786  0.822264850893  0.789376444727  1.52582857512  3.92800900732  0.759271274738  0.7923245784  0.716925147119  6.76171043298  7.4352782181  11.1196505892  12.5010350724  13.2124880203  13.8772706208  14.5120014026  236.413208697  262.918992429  289.512533424  290.001812413  0.575187668935  0.588035519026  10.8050763672  10.1718000156  0.648394652838  0.6111113739  9.18456801489  13.3125920184  0.573780270102  6.39397352261  5.90453690041  1.49818980134  0.731654849494  1.19553037558  0.556971229322  35.7709038266  0.478459863159  1.49827178131  1.86326630331  18.2183688391  19.4690617807  20.2203666068  24.5301924639  0.249873915153  0.212124657774  0.193143473282  0.180100017022  4.13496310591  5.29172884398  0.205880063244  1.01391152895  0.416283533669  0.293252965528  0.0925323847508  0.0780757351054  -9999.0  -9999.0  -9999.0  -9999.0  -9999.0  -9999.0  -9999.0  -9999.0  -9999.0  -9999.0  -9999.0
-9999.0  -9999.0  -9999.0  -9999.0  -9999.0  -9999.0  -9999.0  -9999.0  -9999.0  -9999.0  -9999.0  0.973867884369  1.86745642129  15.0565818017  16.6251792316  0.789669504484  10.8125108582  0.728995005731  2.21521736546  4.634799071  1.4676065005  0.705678702609  1.44916646047  0.652789935854  1.23857532131  0.592442854993  0.544833838001  0.443094252154  0.403362004235  0.388934007982  0.398988290322  0.542522746064  0.675606701059  0.757166961094  291.826099867  12.8847698132  11.7182622337  0.430817960432  1.82638236183  0.433198781932  0.363685055505  13.9145863469  22.1924821026  7.06855216881  5.24969546615  0.864566611239  0.369539725016  0.336526197387  0.783644909489  37.0317073081  37.9321676629  0.468810574948  0.475244582128  0.46141365234  0.359478120616  0.608198375429  25.3357974974  25.7973687459  26.2103798576  0.404211918093  0.197819911821  0.189807014477  5.47873536292  5.83950795478  1.14528465664  0.14466284195  0.414606899206  0.179290808361  0.146876047129  -9999.0  -9999.0  -9999.0  -9999.0  -9999.0  -9999.0  -9999.0  -9999.0  -9999.0  -9999.0  -9999.0
-9999.0  -9999.0  -9999.0  -9999.0  -9999.0  -9999.0  -9999.0  -9999.0  -9999.0  -9999.0  -9999.0  -9999.0  0.849825293231  11.4160957493  28.86340131  31.3244242041  42.8796992207  43.5786147375  10.4110633988  7.53461228113  2.18619393373  0.697209609341  2.81937741025  3.47962654737  5.32219909226  1.21166925726  1.12654402303  1.03548177778  2.01788038416  0.957728337982  0.954707486542  0.471320646469  0.313791919749  0.374069556361  292.351068113  305.568081276  306.155324683  0.431588818149  4.7736666594  2.03618588987  0.640506327492  24.2219206013  1.43656064103  0.739810868691  3.11710352494  0.665024915213  0.549125376401  1.01162954226  1.41208360599  1.85360095837  38.701925223  0.36442697833  0.317665959776  0.317972588401  0.250524057255  0.247375096383  0.599829603815  0.691494561315  27.2487187236  28.6734931862  0.83306109579  0.420656936595  0.23057339663  0.197985669461  7.3865071839  9.46075734608  1.76866854314  0.825856690545  0.475288392488  -9999.0  -9999.0  -9999.0  -9999.0  -9999.0  -9999.0  -9999.0  -9999.0  -9999.0  -9999.0  -9999.0
-9999.0  -9999.0  -9999.0  -9999.0  -9999.0  -9999.0  -9999.0  -9999.0  -9999.0  -9999.0  -9999.0  0.928683731422  8.69866444164  10.5534514151  1.70573874137  0.45607378984  1.06949383115  45.3840562822  46.0570264277  57.1189580967  0.63661288563  1.32767091193  0.590912137507  0.599937666401  5.90540953474  7.69874868025  9.33856139263  0.527289787956  2.54606868221  4.02180038018  2.43811887464  0.98275943247  0.752310914708  0.684375944173  0.68864110124  0.374527820863  306.55150639  306.859566164  312.302770176  1.05552608226  0.564889018566  24.6526447733  1.5127505539  0.777462046081  0.846875365825  0.840452577646  0.76866353625  1.35228724043  3.82504300859  6.15336739624  45.21792578  0.270317632863  0.815261163015  0.553393359718  0.458078678772  0.222166718358  0.245036410533  0.24928307562  0.111792065474  28.8597057434  0.107012764385  0.297202154857  0.132962755676  0.151576814796  0.127607875058  9.61744318279  0.359347337689  0.150647140217  0.200985586077  0.0871003625411  -9999.0  -9999.0  -9999.0  -9999.0  -9999.0  -9999.0  -9999.0  -9999.0  -9999.0  -9999.0
-9999.0  -9999.0  -9999.0  -9999.0  -9999.0  -9999.0  -9999.0  -9999.0  -9999.0  -9999.0  -9999.0  0.948873164935  6.01249986285  0.947311299004  0.837686782341  4.34325125885  5.08553796135  5.84885253724  6.54441677175  77.5571488984  78.0852157069  79.2469184424  88.487559743  90.2663491452  91.2486097575  91.8543347457  102.299831305  103.589471709  104.122524724  108.728010409  111.754565024  112.272650077  113.967063822  1.17970166228  1.06084706426  0.25216879605  0.263207079598  307.236575226  314.116251198  1.49912614728  28.4639127433  27.9569094799  2.90147530315  0.701693288728  0.726008711856  0.700805607465  0.695085560915  1.4002289481  2.00010275821  0.562156604708  45.5661381713  45.9341814509  47.6120926991  47.9080357998  48.6349480697  49.1080649318  0.186438807619  0.212432711137  0.171531702281  29.04321021  29.2911365088  29.7401821674  30.2464428298  0.263912135606  10.3046200544  9.9800257968  0.179116840428  3.78335042485  3.67621524885  0.25753051711  0.161090815345  -9999.0  -9999.0  -9999.0  -9999.0  -9999.0  -9999.0  -9999.0  -9999.0  -9999.0
-9999.0  -9999.0  -9999.0  -9999.0  -9999.0  -9999.0  -9999.0  -9999.0  -9999.0  -9999.0  -9999.0  3.08736942846  4.08534878041  1.91509958263  2.8205758717  0.893785114035  10.2073958225  11.0242166901  12.6128337728  13.2205565831  5.20664133649  85.4098857018  85.9845060186  0.557517221579  0.381275456823  0.323346285219  0.74158872965  0.368525476012  0.276891848432  0.255403654781  0.309153689126  112.719372086  114.45570703  116.142631376  117.64570446  118.595421409  0.429045114512  0.138334163703  343.69400448  29.2902654358  28.9920888715  0.578355885266  0.581189460885  0.546288974507  1.3006320932  1.27689815934  0.584605317145  0.587645303799  0.53392964097  1.08357526296  1.41853491336  0.295961212607  0.490072342588  0.179258278882  0.126270186246  49.2606264017  49.6314990764  50.0565468456  50.4527766949  50.661714988  50.9477879132  51.0645816084  0.107962205345  30.6043414934  0.219563940618  14.4906062737  4.03984920283  0.273577311748  3.33384806867  2.88443995394  0.192672452031  -9999.0  -9999.0  -9999.0  -9999.0  -9999.0  -9999.0  -9999.0  -9999.0  -9999.0
-9999.0  -9999.0  -9999.0  -9999.0  -9999.0  -9999.0  -9999.0  -9999.0  -9999.0  -9999.0  -9999.0  -9999.0  2.07949439295  0.982062246822  0.906034943275  8.57244039323  9.42350186317  0.833793605421  3.274482162  4.00826152911  4.65247001759  0.692699730477  0.557625377222  13.1048340273  13.5545378726  13.9770652305  36.1945635213  36.5063869715  37.0293372425  39.8923584133  41.4438198198  41.6820458498  0.242703870302  0.258310450144  0.285424772557  119.026713193  0.198685042793  348.282032286  347.990676036  4.01777636362  3.6374552564  2.26418067533  0.580958239974  1.08392976652  1.87664889146  1.85626398868  1.14770561689  0.563648797449  1.08662558708  1.05691589594  1.86306457065  0.237183136463  0.70771520191  1.16777334248  1.4334286282  1.58098384045  0.13255489855  0.133700066859  0.12590803492  0.128160419359  0.146042982129  51.2500106203  51.5165474024  82.2152008006  82.2959907766  15.5814643634  0.948098595687  0.658214668587  0.237283869173  2.53863060692  2.37849082731  -9999.0  -9999.0  -9999.0  -9999.0  -9999.0  -9999.0  -9999.0  -9999.0  -9999.0
-9999.0  -9999.0  -9999.0  -9999.0  -9999.0  -9999.0  -9999.0  -9999.0  -9999.0  -9999.0  -9999.0  -9999.0  1.06260221324  2.98971110852  3.93370729594  6.76805813907  0.859551824837  1.73550676929  2.53760181413  9.69375442554  10.3209869574  10.745904382  11.3627981558  12.0442282725  18.9219164922  20.8744978488  21.8746749067  0.366082607606  2.305919285  2.63926825729  40.6798496869  41.9817990068  42.5870311807  43.203547566  43.7601799507  163.026402363  0.325002317184  349.398957805  0.56482189685  0.257123958666  3.09528421848  2.69625262781  0.387655542287  1.5246219121  2.33273006079  2.30307911239  1.56749935897  2.55008055715  4.01186347107  1.46991504555  3.70420228796  0.302283176499  0.422895650827  0.0928192556186  0.0678294877248  1.80120590106  1.86590228428  0.216159123274  0.217173879966  0.328709132642  0.107430412124  0.109492122237  0.096475304079  108.66247553  108.595671165  26.1179532169  0.222729424585  1.62925062132  1.30529253849  0.856735995257  2.25716887234  1.65040977116  -9999.0  -9999.0  -9999.0  -9999.0  -9999.0  -9999.0  -9999.0  -9999.0
-9999.0  -9999.0  -9999.0  -9999.0  -9999.0  -9999.0  -9999.0  -9999.0  -9999.0  -9999.0  -9999.0  -9999.0  1.00849717753  2.00165142085  0.935320246598  1.88460495904  0.840880000254  6.42835846799  8.08580619423  8.91142272566  0.750765819844  1.41637160785  14.474492999  17.7715541212  18.3246367652  1.32057478639  1.22136388826  1.73013996776  0.292067523947  0.264896029541  0.50334200245  0.249031589554  22.1469931653  22.4452871234  22.7308683682  163.365951716  351.523526768  349.645582214  0.385395880438  0.184534690713  0.172536369088  0.78182684942  0.62526435913  1.84032134898  2.73311162387  5.49455291563  0.465836086786  0.461490420911  4.40887516927  4.82519867252  9.23087724147  9.46107590889  9.98121677668  10.1529175252  0.165190697471  0.243197103182  1.9300623061  113.010544614  110.811411196  110.412846709  109.859519323  0.0876874371405  109.226343279  0.108758668695  0.103122333136  10.2232389826  2.58119697193  2.43282260399  0.457109986343  0.506799425446  0.400683231609  1.46483424767  -9999.0  -9999.0  -9999.0  -9999.0  -9999.0  -9999.0  -9999.0  -9999.0
-9999.0  -9999.0  -9999.0  -9999.0  -9999.0  -9999.0  -9999.0  -9999.0  -9999.0  -9999.0  -9999.0  -9999.0  -9999.0  0.959511042989  1.92485696885  2.89455168302  4.65341326155  0.936301738046  0.859735103479  6.03127847261  6.80821820631  13.2208428437  13.9732967669  2.11246996469  0.732036357646  0.675716441879  0.594541470578  20.4078257457  20.7853733665  21.1085433167  21.3689211184  21.8765462088  3.26741524529  3.51324680119  26.4752022375  541.514911977  1.49003454385  1.21260448585  0.595093539759  0.161455238204  0.140351173356  1.11117714961  1.2177102992  2.12563279183  0.14770817614  5.69235346318  0.748644034481  0.73009750765  0.143418008384  0.0915857134698  0.0779362806561  0.07776604223  0.0776438071829  10.2319461767  131.696623692  121.124167857  120.863593187  113.091602455  0.0975938329638  0.0872601366879  0.131423512865  109.372377612  0.292980643263  0.128019684865  0.133634435411  0.133266617672  7.40554715013  7.12885836924  0.832677785628  0.430852501673  0.563700916292  0.563307511362  -9999.0  -9999.0  -9999.0  -9999.0  -9999.0  -9999.0  -9999.0  -9999.0
-9999.0  -9999.0  -9999.0  -9999.0  -9999.0  -9999.0  -9999.0  -9999.0  -9999.0  -9999.0  -9999.0  -9999.0  -9999.0  -9999.0  0.937482384934  1.83238481982  2.63585989798  3.4584269576  4.31646135843  5.19694140037  2.55710407095  4.21519983513  0.746558148068  0.727018791269  17.1014459683  18.5238969263  19.1899724073  19.8947084887  0.491505814238  0.871278223486  2.29979339468  2.61638392459  2.95217889343  0.313545877019  0.19521627222  542.210293906  0.264447547482  0.40682203078  0.226778867881  0.646342014896  0.295677435617  0.178519380067  3.49621084548  3.61426813697  0.0921470780345  5.7960354336  6.65979401258  0.864573053948  135.581271842  135.322520031  135.12360217  134.749211792  134.600312822  132.18046134  132.065796488  0.194296450952  7.71925031294  7.33504624532  6.95002027984  6.857830677  3.81489285112  3.72521264885  3.51498447906  0.936799882446  0.840068461611  0.577493819239  0.146143537987  6.86479492642  5.93293342131  0.386271846481  0.784679137966  0.346257061481  -9999.0  -9999.0  -9999.0  -9999.0  -9999.0  -9999.0  -9999.0  -9999.0
-9999.0  -9999.0  -9999.0  -9999.0  -9999.0  -9999.0  -9999.0  -9999.0  -9999.0  -9999.0  -9999.0  -9999.0  -9999.0  -9999.0  0.208280746444  0.469066131357  0.806066747724  7.40880566031  8.29796013633  0.897933641597  0.865955883499  0.836181320721  14.0710533294  15.6612584916  0.76238715671  0.759356592213  0.638123160171  2.58679265577  3.21138059291  1.51591565357  1.8901849626  14.9558443959  15.4012820596  16.1826700949  25.2740573331  567.676080958  0.280704608426  0.172870568269  0.970406262297  0.792733423446  0.120345922283  0.432900911807  0.561172005699  3.74992018881  3.85714792124  10.7487218244  6.70823518467  0.924039805514  137.965338328  0.936507039475  134.954465002  134.858070673  2.28295319137  0.0730806906504  0.241907340171  0.141287850436  0.208814749471  0.311570980562  0.151780200889  2.95935282382  2.50208781066  0.144822911532  2.50462729488  0.321433737854  0.191022155677  0.443239179857  0.214987635915  0.684675369734  4.74399732799  4.0452563925  0.316277612191  0.461759308569  0.228492156241  -9999.0  -9999.0  -9999.0  -9999.0  -9999.0  -9999.0  -9999.0
-9999.0  -9999.0  -9999.0  -9999.0  -9999.0  -9999.0  -9999.0  -9999.0  -9999.0  -9999.0  -9999.0  -9999.0  -9999.0  -9999.0  1.08556168979  1.77345749375  3.68861612286  6.48900697572  9.03419458295  10.8051241687  11.6491777815  12.5032252579  13.3189981969  0.785638471623  0.712740915983  1.38663204237  1.30045663419  0.666875298481  13.0747526755  13.6816066218  14.2358837544  14.757403215  8.05286339005  8.41939822264  8.86107259928  567.841750373  0.479072621188  0.555361645604  1.63876275411  0.144651400572  0.251093501052  0.13086175774  0.117677965421  0.676242967321  0.0844353936845  0.0901577922633  149.270318996  138.4511808  138.354272612  0.430426336302  0.862631401009  0.558040785842  0.124870988491  2.11731273756  0.563357643945  0.456306620031  0.341606430359  0.240927878217  0.137819737307  0.340783015515  2.37842261656  2.01438525301  1.6694596634  2.04363398128  1.925089249  1.83039102586  0.140124969501  0.313934948171  0.346605230534  2.97641532866  2.30591203115  1.34353032336  0.192515905032  -9999.0  -9999.0  -9999.0  -9999.0  -9999.0  -9999.0  -9999.0
-9999.0  -9999.0  -9999.0  -9999.0  -9999.0  -9999.0  -9999.0  -9999.0  -9999.0  -9999.0  -9999.0  -9999.0  -9999.0  -9999.0  0.756724288171  0.712894714017  1.40024281696  2.12063547254  0.883279649405  0.896679722142  1.78042086957  2.6439297253  4.25329647918  5.05689120818  5.79118034349  7.9298755002  8.58836579308  9.28831393798  0.598422277138  6.33001862262  6.848757398  7.30721604542  0.350539632602  0.125241489394  0.238867446974  576.573351433  576.726293536  577.51645245  2.04479630802  0.296295718249  0.448720252188  0.141765547907  0.202355773487  0.76501673082  0.923473521388  0.157752401856  149.673354943  0.125920895101  0.230575497659  0.265384634964  0.173980659218  0.336082234847  0.131940859212  1.43374045578  1.12346378224  0.831571359701  0.42566295336  0.299346742715  0.166998304864  0.197877175965  0.222220683878  0.225193661451  1.53787661338  1.18671457652  0.846793404479  0.484305075352  1.71918813535  1.29880809517  0.315282618769  0.374943123451  0.340555033565  0.661073996023  0.329422602607  -9999.0  -9999.0  -9999.0  -9999.0  -9999.0  -9999.0  -9999.0
-9999.0  -9999.0  -9999.0  -9999.0  -9999.0  -9999.0  -9999.0  -9999.0  -9999.0  -9999.0  -9999.0  -9999.0  -9999.0  -9999.0  -9999.0  0.681932469053  1.34307651618  0.654547380731  1.33920836788  8.44010180778  9.26448736944  10.1159484466  0.81218119855  0.80440467092  1.53870890383  2.26866209289  3.57724018149  4.22820963542  4.56362353232  5.13143349688  0.481735433216  0.414799920967  7.88398700522  8.01319436586  8.16246005453  8.32195779334  6.66672056023  584.842588954  587.861602717  587.991861037  588.545719502  589.124726861  589.412961166  0.0704541148397  0.994582484716  149.742286191  0.169687506031  0.0875802388269  0.095767620489  0.0932265758171  0.16476440874  0.170367225673  0.100992094141  0.166323700249  0.157044141301  0.293060042863  0.134160307291  0.0984683996412  0.36508518577  0.263070330063  0.142265920793  0.138955694559  0.158054662331  0.170304976526  0.196663159559  0.287973814996  0.315598797031  0.625420771533  0.193405473187  0.575535960861  0.226558735754  0.231350349458  -9999.0  -9999.0  -9999.0  -9999.0  -9999.0  -9999.0  -9999.0  -9999.0
-9999.0  -9999.0  -9999.0  -9999.0  -9999.0  -9999.0  -9999.0  -9999.0  -9999.0  -9999.0  -9999.0  -9999.0  -9999.0  -9999.0  -9999.0  -9999.0  1.99282491418  2.68832969315  4.75878326172  6.36251188886  0.863698399051  11.8840634703  12.6892996671  13.4737582042  0.764627812039  1.50508409771  0.663066125454  4.99816857705  5.31263135317  5.81924723516  6.32812394645  7.51796229367  7.66495947279  0.0967630280227  6.05038384773  6.36550282199  6.52068543181  7.16423531335  0.821512246531  0.522344502557  0.317060301613  0.289734645855  589.788332667  589.903398178  591.383935238  149.80256696  0.471361602612  0.248493725835  0.165599297247  0.0544925706101  0.523768527635  0.286121168502  0.0892896961192  0.512364508514  0.438914089736  0.076483982716  0.734865645581  0.664874376434  0.477534472633  0.100430572876  0.297555034002  0.221562047952  0.088586674796  0.260595114736  0.171409722716  0.230845594671  0.222154563264  0.14338665649  0.335453839603  2.48680704044  1.39191677282  0.890255484587  0.36979722553  -9999.0  -9999.0  -9999.0  -9999.0  -9999.0  -9999.0  -9999.0
-9999.0  -9999.0  -9999.0  -9999.0  -9999.0  -9999.0  -9999.0  -9999.0  -9999.0  -9999.0  -9999.0  -9999.0  -9999.0  -9999.0  -9999.0  -9999.0  0.709120079929  3.38323297735  4.11341339165  0.915369093789  0.871741232786  1.74468104229  2.54195731557  16.8120841267  0.760968769501  3.05298589505  3.74064533567  4.41309124208  0.332725958705  0.799546678978  1.03077476109  4.99102990376  5.48292265413  5.63251825489  0.167896206398  0.151164418366  0.180139457277  0.334778146244  0.144516816471  0.147824384758  0.182370294983  0.181921996029  0.122882441825  0.405481178214  591.51851854  741.615840967  0.694548217122  0.135703381443  0.061202018533  1.68898751097  1.56787941392  0.953189957984  0.86110387822  0.648309844951  0.163075534665  0.115318643373  0.804701193953  0.354797206699  0.27842631296  0.0854341659875  0.381039974718  0.722679989548  0.610333828962  0.382937416764  0.164319670594  0.643093322131  0.458005201084  0.27183853335  3.04355128599  2.94138064733  0.25530362453  0.232995199758  0.213008171803  0.194370607771  -9999.0  -9999.0  -9999.0  -9999.0  -9999.0  -9999.0
-9999.0  -9999.0  -9999.0  -9999.0  -9999.0  -9999.0  -9999.0  -9999.0  -9999.0  -9999.0  -9999.0  -9999.0  -9999.0  -9999.0  -9999.0  0.603361167715  1.95258012741  0.642227297756  0.980460799943  0.960487297388  1.85883783463  2.7347346328  3.5302667998  20.9971482104  21.7342857229  0.756660239753  1.45119722239  2.1489952746  2.5913856716  3.09339222561  4.43568629957  4.82028488447  0.295163708986  0.255587449837  0.137425833014  0.147895653742  0.241931306983  0.244692036333  0.233266271087  0.272109757565  0.722550368401  0.291994026072  0.101103814525  0.0960452960124  0.0996434933499  0.184518314263  746.832961765  4.41239839892  1.96660695627  0.143510381172  0.0650628447935  0.0519524181221  0.205499241853  0.147262033582  0.0781300558079  0.0771905087165  0.971946182208  1.41794619699  1.55049794383  0.0607446777958  1.28954105211  0.841112466474  0.102097050092  0.0852053208576  0.177178205323  1.35120928986  0.592650855026  0.375211848838  3.1582515416  0.124064875446  0.150026724822  0.832215539228  0.425793764196  0.731923752501  0.324908650266  -9999.0  -9999.0  -9999.0  -9999.0  -9999.0
-9999.0  -9999.0  -9999.0  -9999.0  -9999.0  -9999.0  -9999.0  -9999.0  -9999.0  -9999.0  -9999.0  -9999.0  -9999.0  -9999.0  0.636846742666  1.22618500034  4.40938564287  0.616604043674  1.84515204581  2.78787965508  3.67632351762  0.906823900925  1.71419338502  2.47664137867  24.8181299413  0.719902304832  1.37533642863  2.02802759308  0.578522654622  1.14172039603  1.42368760023  1.78464646667  45.4220144347  45.9688196432  46.4172754131  48.6338127012  49.1487033283  50.5861199491  0.50483381434  1.04930200407  0.901085091053  54.8445035896  55.0381738028  0.0872745342778  0.156247449699  0.221632102397  746.911969049  4.19886006373  1.87909524918  1.79163541513  1.40875585914  1.23274247016  0.272054844407  0.0626927206891  0.129596685727  0.0686342298728  0.0725887590516  0.161946256406  1.64661149384  3.09874138706  1.38645543939  0.281443965426  0.193378788686  0.105106707262  1.91667682451  1.63278606546  0.158935120783  3.84025954152  3.28447525056  0.238385288409  1.52840590381  0.987279473069  1.10998454747  0.947818704949  0.209168621759  -9999.0  -9999.0  -9999.0  -9999.0  -9999.0
-9999.0  -9999.0  -9999.0  -9999.0  -9999.0  -9999.0  -9999.0  -9999.0  -9999.0  -9999.0  -9999.0  -9999.0  -9999.0  -9999.0  0.64810781431  1.95915121474  7.00699830808  10.3253219926  0.548526206322  13.5200255632  17.8487738482  0.860332628462  1.66127725369  2.45122824615  31.7895147586  32.4199270585  0.584023829461  3.20229118107  3.71979890016  4.18158837395  41.8469302239  42.8159034738  43.3736015637  0.264348466313  1.5501420119  1.83640167772  0.709649858314  1.01551525552  51.9780483321  53.4288031375  53.6448167149  53.843550075  55.2371378592  0.0959919931801  0.0825714256544  0.367686236053  747.009694254  0.258465224599  0.12137836858  0.316548910033  0.115748020828  1.12222584134  0.891723704741  0.528217028991  0.386163097781  0.168051964434  0.0761240458803  0.240748871485  0.0679603988431  3.17744568025  0.426809259143  0.350260643726  0.0633559127263  0.171618299155  2.00111207003  0.0697618961863  0.0686505461955  3.90713886938  0.0914006442262  1.75447252548  1.6592380548  1.52612765513  1.40999796737  0.144220910925  0.566442905632  0.183118938409  -9999.0  -9999.0  -9999.0  -9999.0
-9999.0  -9999.0  -9999.0  -9999.0  -9999.0  -9999.0  -9999.0  -9999.0  -9999.0  -9999.0  -9999.0  -9999.0  -9999.0  -9999.0  -9999.0  -9999.0  1.35665758835  2.72576506492  12.2166597656  12.8933978816  18.4397862017  19.0983999853  0.845224776932  1.68868522866  3.988047299  32.9652780802  34.1721319442  34.6510452285  0.366895167055  36.3335902715  37.3256928907  0.626255305084  0.268553658053  0.526955565411  1.01293106633  0.236779024518  0.460325234752  0.994242214809  1.21994021955  0.221801862294  0.138608547887  0.268152350298  56.3802387366  56.7346310962  56.804471765  57.3848876432  747.097545806  0.194388050282  0.0795120786411  0.0776616916607  0.0748664446512  0.0775471297219  0.0640070131809  0.117066785994  0.0479558411357  0.130502636141  0.0806480962224  0.0866160751249  0.414255913004  3.76040057039  4.29821444756  4.38886947996  4.6987766171  0.0692829633056  2.07131413995  0.255285810612  0.114487925183  3.98470639962  4.15309690057  1.84148307268  1.95847988208  1.72437938662  1.04052994878  0.904887904827  0.759039979919  -9999.0  -9999.0  -9999.0  -9999.0  -9999.0
-9999.0  -9999.0  -9999.0  -9999.0  -9999.0  -9999.0  -9999.0  -9999.0  -9999.0  -9999.0  -9999.0  -9999.0  -9999.0  -9999.0  -9999.0  -9999.0  0.706778485762  0.691777772422  0.676740882188  1.38000537796  0.594937738834  20.2812522848  20.8792116935  0.790831242927  1.56915269786  0.751492560096  0.592925966983  0.5735497748  35.6262119584  0.321166515953  0.656710723652  0.349902551785  0.2936430485  0.250347190778  0.185342165795  0.194308936591  0.595047566738  0.81943944538  0.14917894558  0.12519697979  0.27430923305  0.465195909632  0.616303862983  0.180633236765  56.9378319231  57.4595278485  747.162567299  0.46053670633  0.197452344003  0.038580297509  0.104957081844  0.0309394044937  0.0236341925196  0.143344141484  0.254782912979  0.167381463037  0.0391200948882  0.0410955938313  0.10550324959  0.0516529588432  0.0635733414782  0.0796966494384  0.0852015548038  7.41804386818  2.39476247045  0.0650483500277  0.110290629345  0.0522215017869  9.81799420534  5.60321832222  5.52849491716  1.82325260775  1.32134769098  0.114913113415  -9999.0  -9999.0  -9999.0  -9999.0  -9999.0  -9999.0
-9999.0  -9999.0  -9999.0  -9999.0  -9999.0  -9999.0  -9999.0  -9999.0  -9999.0  -9999.0  -9999.0  -9999.0  -9999.0  -9999.0  -9999.0  -9999.0  -9999.0  -9999.0  0.681218697434  2.00259768496  2.54700024347  3.12353598106  21.4388872594  22.004109936  22.5711296054  23.2483163905  23.8069381659  24.9585626632  25.2753106286  25.5717596874  25.8388453725  0.257986486709  0.237137280519  0.248872013938  0.834934351696  0.220398243536  0.20757632328  0.157017599451  0.44957507314  0.174143982402  0.129355596301  0.118594929788  0.0978222965512  0.195185714483  0.28229489244  58.0422301032  805.738161224  0.0648966979097  0.124624156616  0.0304217125478  0.144937624077  0.0827850689306  0.0475790575542  0.603079317818  0.425102166933  0.12538456564  0.0829353177926  0.190225611503  0.046608335954  0.15345964297  0.106365462081  0.218193710017  0.076763793145  0.0975661451579  7.4971704456  7.74125199491  12.286236281  12.2194848816  12.1423769615  0.0876988532888  1.64561199291  1.54447876972  0.11427778342  -9999.0  -9999.0  -9999.0  -9999.0  -9999.0  -9999.0  -9999.0
-9999.0  -9999.0  -9999.0  -9999.0  -9999.0  -9999.0  -9999.0  -9999.0  -9999.0  -9999.0  -9999.0  -9999.0  -9999.0  -9999.0  -9999.0  -9999.0  -9999.0  -9999.0  -9999.0  0.57011227624  4.50124956858  8.84718679534  9.44941472495  0.83695874463  1.637075181  2.42273750834  3.06511952364  7.31749842884  7.60305467886  0.275016291078  0.264441365731  26.4217858683  26.9058389103  27.1187645944  0.986267721066  0.128008296919  0.336820225175  0.493454907259  1.47890831537  1.80879721781  2.05687758892  0.224773184776  0.312316151608  0.106083167637  0.211835311856  0.108295720718  805.943782189  0.0517250521572  0.230122028007  0.0849792732538  0.274803646493  0.749228504699  0.828457334079  1.46554754075  0.502464423237  0.46021208136  0.333792879268  0.301336698664  0.0765612682767  0.183195254898  0.277321090701  0.250690442964  0.0346857638508  20.6895122793  20.5585413483  20.4869900909  12.5432826622  0.131471492742  2.10612253929  1.51793805625  1.01550681592  0.633617776673  0.110877579856  -9999.0  -9999.0  -9999.0  -9999.0  -9999.0  -9999.0  -9999.0
-9999.0  -9999.0  -9999.0  -9999.0  -9999.0  -9999.0  -9999.0  -9999.0  -9999.0  -9999.0  -9999.0  -9999.0  -9999.0  -9999.0  -9999.0  -9999.0  -9999.0  -9999.0  0.63360654964  2.01749917587  3.94559152948  5.15037497577  13.1354136643  13.8552796379  1.6335984678  2.4249419642  3.08541205895  3.71968799691  7.90531971844  8.47185415528  14.8193384131  15.2660127073  15.5358863155  27.3243109345  28.7865569353  0.319603931307  0.224193474785  0.209857860434  0.395104463104  0.174912902111  2.3922910544  2.5107047681  0.416224409463  0.560588797263  0.168048875469  176.173265372  176.410315276  982.484264912  982.809924311  0.0619126955888  0.40365159314  0.219826359197  0.133184400862  1.74146750784  2.30710212524  0.422997504655  0.376906469814  0.07356800227  0.0393758576001  0.221116225119  21.203123064  20.8960165935  20.8580416305  20.7712541853  0.0956932843112  0.103984697398  0.122714337643  0.141582982138  0.467588202537  0.316940612671  0.294951217752  0.443702456727  0.137364321529  -9999.0  -9999.0  -9999.0  -9999.0  -9999.0  -9999.0  -9999.0
-9999.0  -9999.0  -9999.0  -9999.0  -9999.0  -9999.0  -9999.0  -9999.0  -9999.0  -9999.0  -9999.0  -9999.0  -9999.0  -9999.0  -9999.0  -9999.0  -9999.0  -9999.0  -9999.0  0.721082761503  0.698604113951  1.321598446  3.12824527566  14.4363440936  0.837910149977  0.828354682406  1.49991263006  2.16852406716  5.16695811219  5.58037372519  0.279770248552  0.305247477914  15.8458178707  16.0730480109  45.1076649468  45.3135990276  0.110578692412  0.0958636765288  0.0784546884142  0.0792849000616  0.090109350078  173.824586567  174.585739616  175.250171918  175.551220632  176.03754892  0.127226174633  0.467367424712  0.552846041192  983.557450543  983.61572719  983.664231644  983.776459155  983.908891824  2.48438363213  0.034430703448  0.14431956068  0.114540269967  0.0301056548701  0.251057338343  21.3313281455  0.0903737135045  0.0499036887769  0.459254154396  0.41270706297  0.341563655833  0.269145381224  0.155738240539  0.187273145145  0.176314954255  0.155212247519  0.165736015591  -9999.0  -9999.0  -9999.0  -9999.0  -9999.0  -9999.0  -9999.0  -9999.0
-9999.0  -9999.0  -9999.0  -9999.0  -9999.0  -9999.0  -9999.0  -9999.0  -9999.0  -9999.0  -9999.0  -9999.0  -9999.0  -9999.0  -9999.0  -9999.0  -9999.0  -9999.0  -9999.0  -9999.0  0.641711578581  0.671176591246  1.24072474554  16.8586265664  17.4786237299  0.816201936718  1.47976441705  2.16243655055  2.64029262424  0.408726946717  0.791860951412  38.8991049702  39.147654759  39.4022035491  41.2234362072  86.7124576714  168.911338732  169.197034476  169.450717269  169.694309541  170.82179239  171.190776521  0.658557940089  0.286891957867  0.173345693458  0.32347795345  0.233900953478  0.371480965518  0.113015958873  2.83325723066  3.20243996173  3.45215102636  3.49055185348  983.965746976  986.548339356  986.84040233  0.188528208626  0.0311730931457  0.34132633188  0.28565207032  21.4071891076  0.0390288236971  0.950685909243  0.435020265028  0.37780461467  0.270692455585  0.144018509504  0.2326080452  0.12168995333  -9999.0  -9999.0  -9999.0  -9999.0  -9999.0  -9999.0  -9999.0  -9999.0  -9999.0  -9999.0  -9999.0
-9999.0  -9999.0  -9999.0  -9999.0  -9999.0  -9999.0  -9999.0  -9999.0  -9999.0  -9999.0  -9999.0  -9999.0  -9999.0  -9999.0  -9999.0  -9999.0  -9999.0  -9999.0  -9999.0  -9999.0  -9999.0  0.654572068103  1.24994815632  1.8485680663  17.9753823271  0.667758923971  24.5949404694  25.3083506804  25.7265559886  26.134224  37.3044374653  37.7286807141  0.257930822285  1.38605608175  1.65309447916  0.260966219869  81.9219333899  81.4497275412  0.142911645714  0.333535370677  0.907982451113  0.203527406933  0.2143056455  0.148009605306  0.123754981278  0.0946288205623  0.111848252807  2.469035453  2.58555119951  2.73556871498  0.295633860561  0.195283536898  3.56636245166  3.61878148599  3.64816177475  986.900954701  986.962772648  0.428481055297  0.370586408816  22.4630309255  22.433265099  0.989140048332  0.0942682679795  0.0482597138642  0.738327303979  0.64055895078  0.516193629798  0.347213094759  0.191415093799  0.087990589343  -9999.0  -9999.0  -9999.0  -9999.0  -9999.0  -9999.0  -9999.0  -9999.0  -9999.0  -9999.0
-9999.0  -9999.0  -9999.0  -9999.0  -9999.0  -9999.0  -9999.0  -9999.0  -9999.0  -9999.0  -9999.0  -9999.0  -9999.0  -9999.0  -9999.0  -9999.0  -9999.0  -9999.0  -9999.0  -9999.0  -9999.0  0.597316892429  0.55609440563  2.88788294002  22.0273348914  23.272509478  23.9322333423  0.711879419795  10.2647948964  10.6476919813  10.8137239058  0.389431086104  0.697481380325  0.948050303747  18.9336312685  19.1309381845  19.2995661549  81.1407221412  49.9936665172  0.185656287487  0.195806661578  0.186912475642  0.143226425897  1.54319083529  1.8279216239  2.07528412291  2.21408376754  2.34711841492  19.1434135316  19.2546975085  19.4061206795  19.7229222395  20.8565464174  20.897418915  24.586836322  0.0306310841654  987.019915655  987.086542524  0.463840458978  22.4889564371  0.060867806543  0.0306464362191  0.137091000217  1.12111108099  1.08096447455  0.236855205408  0.122728602377  0.423222552845  0.30450047557  0.087079689742  0.0764049801958  0.075116933421  -9999.0  -9999.0  -9999.0  -9999.0  -9999.0  -9999.0  -9999.0  -9999.0
-9999.0  -9999.0  -9999.0  -9999.0  -9999.0  -9999.0  -9999.0  -9999.0  -9999.0  -9999.0  -9999.0  -9999.0  -9999.0  -9999.0  -9999.0  -9999.0  -9999.0  -9999.0  -9999.0  -9999.0  -9999.0  -9999.0  1.16515290806  1.77665991735  0.634630597999  0.845817867321  7.82822581966  8.57739371342  9.0833197272  3.96035396178  4.309402578  4.68988064058  4.98733474037  18.4858780118  18.7708677414  11.2549363885  30.776876303  30.9812312355  49.8462651427  0.400608610863  0.203809307106  0.138446681624  1.07911881838  1.26501236426  0.103445552656  0.0949486054248  18.6931745387  18.9357065445  19.0542074701  0.14768702034  0.224251579721  20.7081375693  0.0743290854886  0.322201076882  0.353954018474  25.0023884215  25.0353892147  25.4594087695  1013.07017054  22.5802343911  1.4164212037  1.38503375172  1.34371381181  1.16072312811  0.0547408057866  0.623122952649  0.543070411795  0.187807249969  0.0865400714635  0.153547726897  0.354123011661  0.199340877063  -9999.0  -9999.0  -9999.0  -9999.0  -9999.0  -9999.0  -9999.0  -9999.0
-9999.0  -9999.0  -9999.0  -9999.0  -9999.0  -9999.0  -9999.0  -9999.0  -9999.0  -9999.0  -9999.0  -9999.0  -9999.0  -9999.0  -9999.0  -9999.0  -9999.0  -9999.0  -9999.0  -9999.0  -9999.0  -9999.0  0.582592923293  1.15238050011  4.83057572672  5.48524869923  6.23275899663  3.04724385122  3.60913855014  0.371618563973  12.56657467  12.900508056  13.2249471682  0.293660065842  10.729935438  11.0263638618  0.213905479439  48.7996217199  0.455906970352  0.225972935546  0.590154254193  0.794731210524  0.149759334174  0.119377854785  17.4040059078  18.4717284073  18.6176741813  0.149633208257  0.322645074376  0.403682395732  0.483360038798  0.885578485961  0.118277288621  0.267110288223  0.0502934510284  0.0984355113127  25.3865052577  25.4253313337  1013.14194742  1037.43495443  1.64363910726  0.14955732942  0.0893782503395  0.087509584787  0.0423875360582  0.678374511073  0.379779917539  0.289418766296  1.03634967538  0.931552205107  0.656844170118  0.150433540112  0.0828498847847  -9999.0  -9999.0  -9999.0  -9999.0  -9999.0  -9999.0  -9999.0
-9999.0  -9999.0  -9999.0  -9999.0  -9999.0  -9999.0  -9999.0  -9999.0  -9999.0  -9999.0  -9999.0  -9999.0  -9999.0  -9999.0  -9999.0  -9999.0  -9999.0  -9999.0  -9999.0  -9999.0  -9999.0  -9999.0  0.576396346227  1.80384577688  3.11916266095  0.753339026824  1.57090939232  2.36004962092  11.0316212129  11.5094674917  11.8685745922  0.325917245992  8.90517307701  9.89511726762  10.2025463674  0.220216380165  47.8608874648  48.3842355109  0.243389926267  0.220122727122  0.43544881137  0.172660608361  16.5895536105  16.8926613791  17.0769391832  0.694924350175  0.850227335116  0.133079402837  0.235326079587  0.103204627726  0.712101650292  0.106601581706  0.071376892836  0.0746131801645  0.0773283622745  0.15776065946  0.211175663606  88.9463657633  89.0743227234  1126.67741333  1126.73120455  1126.78436817  0.111028588998  1.40843742888  1.29318743437  0.536441721167  0.500568362698  0.0660728417246  1.23633682825  0.0916588245282  0.0842293386559  0.070208213482  0.310890349457  0.135525326521  -9999.0  -9999.0  -9999.0  -9999.0  -9999.0  -9999.0
-9999.0  -9999.0  -9999.0  -9999.0  -9999.0  -9999.0  -9999.0  -9999.0  -9999.0  -9999.0  -9999.0  -9999.0  -9999.0  -9999.0  -9999.0  -9999.0  -9999.0  -9999.0  -9999.0  -9999.0  -9999.0  -9999.0  -9999.0  0.625836163946  0.684580281468  0.850656097499  7.46388085498  8.21848337735  10.391640776  0.538637250895  7.47689324299  8.28880517069  0.346356291042  0.706734507051  0.257547845415  47.1341899209  0.289485711377  0.755390396196  0.935471817442  1.13200678976  15.4741652511  16.0939470887  16.2936442669  0.202152342399  0.374383666467  0.527851257015  0.0890487492298  0.0792291282811  44.683399111  44.7647769768  44.8312069266  45.5372769297  45.6224208398  45.7226356871  45.7843399643  75.9057524317  75.9759951216  88.9038528023  0.0804058685779  0.0914720279932  0.178052909796  1127.02201784  1127.39809577  1128.91243516  1128.97086682  0.0756265714961  0.0444681381322  1.38754316474  1.34039198814  0.0638238892352  0.175788859338  1.3487096312  0.864549269142  0.75643298616  0.201639315249  -9999.0  -9999.0  -9999.0  -9999.0  -9999.0
-9999.0  -9999.0  -9999.0  -9999.0  -9999.0  -9999.0  -9999.0  -9999.0  -9999.0  -9999.0  -9999.0  -9999.0  -9999.0  -9999.0  -9999.0  -9999.0  -9999.0  -9999.0  -9999.0  -9999.0  -9999.0  -9999.0  -9999.0  0.551169830121  1.45116121596  3.10937163942  6.67604275195  0.848130807066  1.55301104012  6.06460249469  6.57672193478  0.4264934131  11.159021843  11.5167697626  46.3015013995  46.5931530829  0.258957994462  0.490417209695  2.2063334163  13.5789347408  14.2151461152  0.455855999447  0.21391651269  0.165306817436  39.6546753713  39.9641561098  40.2063481873  40.4451851479  44.6088529748  0.25331445257  45.4582991338  0.14050444239  0.0905035804865  0.224300550592  29.9684504455  30.0741511955  12.5537181831  12.8428670922  0.193980745558  0.0956804510728  0.128932059339  0.163791914332  0.207071290838  0.0479195496098  1195.99253662  1196.13824036  1.73578174809  1.47366358057  0.0497855278993  2.03584100756  1.90298578394  1.61314050541  0.146955196872  0.18493406312  0.220765847736  -9999.0  -9999.0  -9999.0  -9999.0  -9999.0
-9999.0  -9999.0  -9999.0  -9999.0  -9999.0  -9999.0  -9999.0  -9999.0  -9999.0  -9999.0  -9999.0  -9999.0  -9999.0  -9999.0  -9999.0  -9999.0  -9999.0  -9999.0  -9999.0  -9999.0  -9999.0  -9999.0  -9999.0  -9999.0  1.0010021577  1.9299353019  2.76457144947  4.60313546026  5.331736089  8.78498532712  10.0597560888  10.4372605477  10.7917080606  34.1358444611  34.484650837  0.236269323727  1.76709067545  2.0314351964  11.0274371417  11.2332849649  0.399357348952  0.153005374767  38.8101767192  39.1731745712  39.3603391444  0.169047695248  3.73630633276  3.88110538263  4.03973203879  0.133511120218  0.0984863240293  0.0791525185542  0.130516529522  29.5302820923  29.6752047889  0.0751707617952  12.4799634152  12.0392139713  11.9695480194  0.0766260637148  0.206990591841  0.102024892727  0.158411733017  66.6004116923  66.9458180968  1197.97003987  0.128833477145  0.0535829480113  2.14596669737  0.0659804526825  0.369733275013  0.259432170335  0.136085554225  -9999.0  -9999.0  -9999.0  -9999.0  -9999.0  -9999.0  -9999.0
-9999.0  -9999.0  -9999.0  -9999.0  -9999.0  -9999.0  -9999.0  -9999.0  -9999.0  -9999.0  -9999.0  -9999.0  -9999.0  -9999.0  -9999.0  -9999.0  -9999.0  -9999.0  -9999.0  -9999.0  -9999.0  -9999.0  -9999.0  -9999.0  0.968005405965  2.93138394133  3.76257159529  5.50515427859  7.20273554128  8.07214521884  0.664350936594  8.65830402892  33.1535666738  33.7708175949  0.522138618968  0.936417475583  1.57009486599  10.513661849  10.8151088521  25.262871251  25.7492039914  38.5235491865  38.6456295019  0.197962070609  3.06197336384  3.42393749139  3.61883125333  0.150860520542  26.2413138908  26.3775359928  26.8039413246  28.6088623057  29.2474440591  29.350536292  0.0928107621283  0.197018531297  0.28418521145  10.2297607521  11.8332173797  1.11308528481  1.03064233097  0.0802614651599  0.130019258062  66.383396521  0.295882803097  0.0897562451693  1198.11282298  0.0270966784989  0.0292289590306  2.65495236536  0.461544803406  0.0914308040244  0.0907084096538  -9999.0  -9999.0  -9999.0  -9999.0  -9999.0  -9999.0  -9999.0
-9999.0  -9999.0  -9999.0  -9999.0  -9999.0  -9999.0  -9999.0  -9999.0  -9999.0  -9999.0  -9999.0  -9999.0  -9999.0  -9999.0  -9999.0  -9999.0  -9999.0  -9999.0  -9999.0  -9999.0  -9999.0  -9999.0  -9999.0  -9999.0  1.02791978166  0.982503938405  3.78659179485  4.60778945667  0.856404890134  7.12734254103  7.9229026009  0.739996361374  23.107692782  0.697419184483  4.46909665292  9.76989875192  10.2263099017  23.3261033563  23.6500185655  25.0235417864  0.341430654859  12.6030742621  0.145806853042  0.34216747195  2.92677142695  0.208768348561  5.91303204429  25.9719428232  0.164165333323  0.327448617452  1.41911357149  0.208575621953  0.236292927447  0.14743312448  0.102374620319  9.16320472723  9.86002640464  10.1469181353  0.393350756028  0.263193477351  0.553454230519  0.128573642593  66.0016461464  66.0842511144  0.165265559173  0.0548626796235  0.0247269771539  1198.32289166  1201.54321726  3.13106926554  0.435672106087  0.378568638191  0.206266265626  -9999.0  -9999.0  -9999.0  -9999.0  -9999.0  -9999.0  -9999.0
-9999.0  -9999.0  -9999.0  -9999.0  -9999.0  -9999.0  -9999.0  -9999.0  -9999.0  -9999.0  -9999.0  -9999.0  -9999.0  -9999.0  -9999.0  -9999.0  -9999.0  -9999.0  -9999.0  -9999.0  -9999.0  -9999.0  -9999.0  -9999.0  -9999.0  0.975688272559  1.00744762591  0.979928128767  5.3849649864  6.28953103254  10.3752071971  22.4526502572  0.80498051811  2.42148017559  3.2016238781  4.79163057373  1.25268692978  22.8642027563  0.517832572091  1.0141661374  11.9318036086  0.410260660265  1.80014968498  2.13742170371  0.235724550325  0.206637079941  5.78967382076  19.9064623434  0.219666139322  0.782738736314  1.28602729567  0.174812647276  0.13773455308  8.24546377884  8.67034127136  0.300564275042  0.600024340232  0.162398441806  0.280658260893  0.154343995475  0.193854092964  0.0886899691491  65.9316373997  0.255285806551  -9999.0  -9999.0  0.05984100313  0.105966307375  1201.59904472  1201.65456411  1201.91004802  0.136285917436  -9999.0  -9999.0  -9999.0  -9999.0  -9999.0  -9999.0  -9999.0  -9999.0
-9999.0  -9999.0  -9999.0  -9999.0  -9999.0  -9999.0  -9999.0  -9999.0  -9999.0  -9999.0  -9999.0  -9999.0  -9999.0  -9999.0  -9999.0  -9999.0  -9999.0  -9999.0  -9999.0  -9999.0  -9999.0  -9999.0  -9999.0  -9999.0  -9999.0  -9999.0  0.891882214706  2.72950754608  3.52802035843  9.60371200782  3.32767534576  11.2666047765  7.24087747187  0.806531969461  2.50611044323  4.06687363242  0.68774213884  21.0903687255  8.35373301348  10.4233244419  1.13368439454  1.13065526078  0.404074026588  0.251807093186  5.17991432491  5.39070765574  19.2861851711  19.4841864668  0.382833221902  0.589598952523  0.159490915135  6.67729359281  7.46521128753  8.15524917378  0.322442364059  0.148627273765  0.438538031551  0.154173402479  0.117703493571  0.0873199028778  65.1494932344  65.3630283069  65.5133621796  0.174777589779  -9999.0  -9999.0  -9999.0  -9999.0  -9999.0  0.022259613538  1201.95743723  1202.00983966  -9999.0  -9999.0  -9999.0  -9999.0  -9999.0  -9999.0  -9999.0  -9999.0
-9999.0  -9999.0  -9999.0  -9999.0  -9999.0  -9999.0  -9999.0  -9999.0  -9999.0  -9999.0  -9999.0  -9999.0  -9999.0  -9999.0  -9999.0  -9999.0  -9999.0  -9999.0  -9999.0  -9999.0  -9999.0  -9999.0  -9999.0  -9999.0  -9999.0  -9999.0  1.08976571887  1.01331625579  8.87736681945  0.789694767804  2.61560991099  4.66813939193  6.46114519131  0.899250777629  0.84971834351  0.800296446385  19.5931818644  20.3816822459  7.71187937549  1.49027807934  0.701896174199  0.701821953943  4.4853394288  4.99010432508  17.4756026175  18.2284710043  18.8482187265  0.255589859333  0.198639889545  6.25889457828  6.39343300228  6.55382605719  0.681843438822  0.365788975175  0.178049286453  0.170213414953  0.123634014092  0.994208187576  1.07427521914  65.0240819781  65.0912440366  0.147931507277  0.0743628459504  0.0882156683423  -9999.0  -9999.0  -9999.0  -9999.0  -9999.0  -9999.0  -9999.0  -9999.0  -9999.0  -9999.0  -9999.0  -9999.0  -9999.0  -9999.0  -9999.0  -9999.0
-9999.0  -9999.0  -9999.0  -9999.0  -9999.0  -9999.0  -9999.0  -9999.0  -9999.0  -9999.0  -9999.0  -9999.0  -9999.0  -9999.0  -9999.0  -9999.0  -9999.0  -9999.0  -9999.0  -9999.0  -9999.0  -9999.0  -9999.0  -9999.0  -9999.0  -9999.0  -9999.0  2.12626455109  7.05120134842  3.94954317636  0.91656403078  3.8206403666  0.917446517089  2.81825197498  3.5848763162  17.3679732979  18.9182549885  6.23576337165  6.98484714107  0.740766973646  3.18821157699  3.86505143083  10.8101826336  16.5976169168  17.1518139161  0.478220811171  0.329176526124  4.95695803102  5.55189059646  6.12226584672  0.191146880956  0.350265269209  0.5276014512  0.17685598701  0.39765153321  0.638690140608  0.748340514916  0.910508237069  0.103144760928  63.7694765706  0.240516390641  0.08443611471  -9999.0  -9999.0  -9999.0  -9999.0  -9999.0  -9999.0  -9999.0  -9999.0  -9999.0  -9999.0  -9999.0  -9999.0  -9999.0  -9999.0  -9999.0  -9999.0  -9999.0  -9999.0
-9999.0  -9999.0  -9999.0  -9999.0  -9999.0  -9999.0  -9999.0  -9999.0  -9999.0  -9999.0  -9999.0  -9999.0  -9999.0  -9999.0  -9999.0  -9999.0  -9999.0  -9999.0  -9999.0  -9999.0  -9999.0  -9999.0  -9999.0  -9999.0  -9999.0  -9999.0  -9999.0  1.10262655162  1.03506554087  1.92241157011  0.972320698032  1.92550199082  1.93291329706  10.7728006667  11.4626020154  1.66112427366  0.859701859227  5.4805551864  1.67104143557  2.50626085437  8.79583904215  9.50634369891  10.2161942744  5.20381073795  1.99807463868  3.04707835609  3.87588183608  4.75969710032  0.417519573591  0.305522854506  37.0077599698  37.2311196752  37.3996307228  0.145996167759  0.264481945674  0.141966913766  0.105247987424  60.7445936377  61.5397666156  1.7787813396  1.55657548393  0.149042335945  -9999.0  -9999.0  -9999.0  -9999.0  -9999.0  -9999.0  -9999.0  -9999.0  -9999.0  -9999.0  -9999.0  -9999.0  -9999.0  -9999.0  -9999.0  -9999.0  -9999.0  -9999.0
-9999.0  -9999.0  -9999.0  -9999.0  -9999.0  -9999.0  -9999.0  -9999.0  -9999.0  -9999.0  -9999.0  -9999.0  -9999.0  -9999.0  -9999.0  -9999.0  -9999.0  -9999.0  -9999.0  -9999.0  -9999.0  -9999.0  -9999.0  -9999.0  -9999.0  -9999.0  -9999.0  -9999.0  -9999.0  0.865077016796  0.926984656459  0.985663808128  4.01778300079  9.87657918449  4.92524356943  0.913488609168  3.74678523913  4.63654484202  0.831408445393  7.32763754844  8.07097824144  2.36087814513  3.78642002858  0.72551408252  1.32795669482  0.591564761327  0.42642227615  0.405385324294  36.2376640174  36.5688160963  36.8121531745  1.26698821607  39.0742968781  39.2811587289  39.4588879916  39.6306049167  39.9239475601  60.6538004305  60.9371915452  0.478381721941  1.39600334061  0.375719932032  -9999.0  -9999.0  -9999.0  -9999.0  -9999.0  -9999.0  -9999.0  -9999.0  -9999.0  -9999.0  -9999.0  -9999.0  -9999.0  -9999.0  -9999.0  -9999.0  -9999.0  -9999.0
-9999.0  -9999.0  -9999.0  -9999.0  -9999.0  -9999.0  -9999.0  -9999.0  -9999.0  -9999.0  -9999.0  -9999.0  -9999.0  -9999.0  -9999.0  -9999.0  -9999.0  -9999.0  -9999.0  -9999.0  -9999.0  -9999.0  -9999.0  -9999.0  -9999.0  -9999.0  -9999.0  -9999.0  -9999.0  -9999.0  -9999.0  1.02073340648  2.09421452071  2.06566147417  2.01913424208  1.96409235414  2.91091066176  4.8066338437  5.64907189725  6.53915941623  0.804619130906  1.62613015363  0.731143427049  0.666906133829  22.1665753708  27.0957962095  28.2020489747  28.7061599506  35.9334535678  0.385076569914  0.697426112457  1.07334929235  6.48389168946  6.76806452669  6.95561710047  15.3249115831  18.8318316122  20.5424280026  0.262447353057  0.267282713204  0.850028681246  0.215973627403  -9999.0  -9999.0  -9999.0  -9999.0  -9999.0  -9999.0  -9999.0  -9999.0  -9999.0  -9999.0  -9999.0  -9999.0  -9999.0  -9999.0  -9999.0  -9999.0  -9999.0  -9999.0
-9999.0  -9999.0  -9999.0  -9999.0  -9999.0  -9999.0  -9999.0  -9999.0  -9999.0  -9999.0  -9999.0  -9999.0  -9999.0  -9999.0  -9999.0  -9999.0  -9999.0  -9999.0  -9999.0  -9999.0  -9999.0  -9999.0  -9999.0  -9999.0  -9999.0  -9999.0  -9999.0  -9999.0  -9999.0  -9999.0  -9999.0  -9999.0  1.06428919371  1.05567304339  1.02398111335  0.988479515441  1.98728541632  3.88617334544  3.6585410165  4.47927369314  5.22521941779  12.0386807518  12.7457471639  21.1100308574  21.7032811329  4.44724139851  0.544233895081  6.33647338944  6.77930044804  2.55616329012  4.92560811291  5.75030750167  6.09877427699  0.303288568309  8.2111508916  15.9964806996  18.6889654504  0.265978002416  1.24768954332  0.220391635488  0.651220694543  -9999.0  -9999.0  -9999.0  -9999.0  -9999.0  -9999.0  -9999.0  -9999.0  -9999.0  -9999.0  -9999.0  -9999.0  -9999.0  -9999.0  -9999.0  -9999.0  -9999.0  -9999.0  -9999.0
-9999.0  -9999.0  -9999.0  -9999.0  -9999.0  -9999.0  -9999.0  -9999.0  -9999.0  -9999.0  -9999.0  -9999.0  -9999.0  -9999.0  -9999.0  -9999.0  -9999.0  -9999.0  -9999.0  -9999.0  -9999.0  -9999.0  -9999.0  -9999.0  -9999.0  -9999.0  -9999.0  -9999.0  -9999.0  -9999.0  -9999.0  -9999.0  -9999.0  -9999.0  -9999.0  1.04731050553  0.96725819385  0.956502561637  2.79502139212  2.67674482996  5.21555150423  6.06992763589  0.782485500935  7.63209029461  3.16273728208  3.86242986675  4.02163628652  5.87722482569  1.60565442253  0.514162245997  2.04665204835  0.485172840451  4.47599734703  5.31929841024  7.65292472437  0.370700082615  1.56615365372  0.590835239535  0.749554869061  0.231660484931  0.443889229846  -9999.0  -9999.0  -9999.0  -9999.0  -9999.0  -9999.0  -9999.0  -9999.0  -9999.0  -9999.0  -9999.0  -9999.0  -9999.0  -9999.0  -9999.0  -9999.0  -9999.0  -9999.0  -9999.0
-9999.0  -9999.0  -9999.0  -9999.0  -9999.0  -9999.0  -9999.0  -9999.0  -9999.0  -9999.0  -9999.0  -9999.0  -9999.0  -9999.0  -9999.0  -9999.0  -9999.0  -9999.0  -9999.0  -9999.0  -9999.0  -9999.0  -9999.0  -9999.0  -9999.0  -9999.0  -9999.0  -9999.0  -9999.0  -9999.0  -9999.0  -9999.0  -9999.0  -9999.0  -9999.0  -9999.0  -9999.0  0.93800145356  0.889980958102  1.7955796181  1.72090662318  4.39674333498  6.04120129015  1.66595481403  2.41173972933  2.10696486224  3.43219897863  1.27332178053  1.13695346776  1.12415669337  0.476998371466  2.65902712237  4.07590475149  0.45426569339  1.93225242313  0.743158476244  0.469645575177  0.265467004932  0.242535084189  0.257632230314  -9999.0  -9999.0  -9999.0  -9999.0  -9999.0  -9999.0  -9999.0  -9999.0  -9999.0  -9999.0  -9999.0  -9999.0  -9999.0  -9999.0  -9999.0  -9999.0  -9999.0  -9999.0  -9999.0  -9999.0
-9999.0  -9999.0  -9999.0  -9999.0  -9999.0  -9999.0  -9999.0  -9999.0  -9999.0  -9999.0  -9999.0  -9999.0  -9999.0  -9999.0  -9999.0  -9999.0  -9999.0  -9999.0  -9999.0  -9999.0  -9999.0  -9999.0  -9999.0  -9999.0  -9999.0  -9999.0  -9999.0  -9999.0  -9999.0  -9999.0  -9999.0  -9999.0  -9999.0  -9999.0  -9999.0  -9999.0  -9999.0  -9999.0  -9999.0  0.884667108675  1.78287162761  3.56802710768  0.849574091904  0.847033153809  0.724417484315  1.45481795619  0.679868450339  0.649204720301  0.603170022453  0.595763725427  1.12499008788  2.22234241101  1.01585233044  1.05735502906  1.52101796148  0.384689836999  0.228303397535  -9999.0  -9999.0  -9999.0  -9999.0  -9999.0  -9999.0  -9999.0  -9999.0  -9999.0  -9999.0  -9999.0  -9999.0  -9999.0  -9999.0  -9999.0  -9999.0  -9999.0  -9999.0  -9999.0  -9999.0  -9999.0  -9999.0  -9999.0
-9999.0  -9999.0  -9999.0  -9999.0  -9999.0  -9999.0  -9999.0  -9999.0  -9999.0  -9999.0  -9999.0  -9999.0  -9999.0  -9999.0  -9999.0  -9999.0  -9999.0  -9999.0  -9999.0  -9999.0  -9999.0  -9999.0  -9999.0  -9999.0  -9999.0  -9999.0  -9999.0  -9999.0  -9999.0  -9999.0  -9999.0  -9999.0  -9999.0  -9999.0  -9999.0  -9999.0  -9999.0  -9999.0  -9999.0  -9999.0  0.933633330894  0.890072376148  -9999.0  -9999.0  -9999.0  -9999.0  -9999.0  -9999.0  -9999.0  -9999.0  0.570635681933  0.541114737413  0.477285023742  0.505095779431  -9999.0  -9999.0  -9999.0  -9999.0  -9999.0  -9999.0  -9999.0  -9999.0  -9999.0  -9999.0  -9999.0  -9999.0  -9999.0  -9999.0  -9999.0  -9999.0  -9999.0  -9999.0  -9999.0  -9999.0  -9999.0  -9999.0  -9999.0  -9999.0  -9999.0  -9999.0
-9999.0  -9999.0  -9999.0  -9999.0  -9999.0  -9999.0  -9999.0  -9999.0  -9999.0  -9999.0  -9999.0  -9999.0  -9999.0  -9999.0  -9999.0  -9999.0  -9999.0  -9999.0  -9999.0  -9999.0  -9999.0  -9999.0  -9999.0  -9999.0  -9999.0  -9999.0  -9999.0  -9999.0  -9999.0  -9999.0  -9999.0  -9999.0  -9999.0  -9999.0  -9999.0  -9999.0  -9999.0  -9999.0  -9999.0  -9999.0  -9999.0  -9999.0  -9999.0  -9999.0  -9999.0  -9999.0  -9999.0  -9999.0  -9999.0  -9999.0  -9999.0  -9999.0  -9999.0  -9999.0  -9999.0  -9999.0  -9999.0  -9999.0  -9999.0  -9999.0  -9999.0  -9999.0  -9999.0  -9999.0  -9999.0  -9999.0  -9999.0  -9999.0  -9999.0  -9999.0  -9999.0  -9999.0  -9999.0  -9999.0  -9999.0  -9999.0  -9999.0  -9999.0  -9999.0  -9999.0
-9999.0  -9999.0  -9999.0  -9999.0  -9999.0  -9999.0  -9999.0  -9999.0  -9999.0  -9999.0  -9999.0  -9999.0  -9999.0  -9999.0  -9999.0  -9999.0  -9999.0  -9999.0  -9999.0  -9999.0  -9999.0  -9999.0  -9999.0  -9999.0  -9999.0  -9999.0  -9999.0  -9999.0  -9999.0  -9999.0  -9999.0  -9999.0  -9999.0  -9999.0  -9999.0  -9999.0  -9999.0  -9999.0  -9999.0  -9999.0  -9999.0  -9999.0  -9999.0  -9999.0  -9999.0  -9999.0  -9999.0  -9999.0  -9999.0  -9999.0  -9999.0  -9999.0  -9999.0  -9999.0  -9999.0  -9999.0  -9999.0  -9999.0  -9999.0  -9999.0  -9999.0  -9999.0  -9999.0  -9999.0  -9999.0  -9999.0  -9999.0  -9999.0  -9999.0  -9999.0  -9999.0  -9999.0  -9999.0  -9999.0  -9999.0  -9999.0  -9999.0  -9999.0  -9999.0  -9999.0
-9999.0  -9999.0  -9999.0  -9999.0  -9999.0  -9999.0  -9999.0  -9999.0  -9999.0  -9999.0  -9999.0  -9999.0  -9999.0  -9999.0  -9999.0  -9999.0  -9999.0  -9999.0  -9999.0  -9999.0  -9999.0  -9999.0  -9999.0  -9999.0  -9999.0  -9999.0  -9999.0  -9999.0  -9999.0  -9999.0  -9999.0  -9999.0  -9999.0  -9999.0  -9999.0  -9999.0  -9999.0  -9999.0  -9999.0  -9999.0  -9999.0  -9999.0  -9999.0  -9999.0  -9999.0  -9999.0  -9999.0  -9999.0  -9999.0  -9999.0  -9999.0  -9999.0  -9999.0  -9999.0  -9999.0  -9999.0  -9999.0  -9999.0  -9999.0  -9999.0  -9999.0  -9999.0  -9999.0  -9999.0  -9999.0  -9999.0  -9999.0  -9999.0  -9999.0  -9999.0  -9999.0  -9999.0  -9999.0  -9999.0  -9999.0  -9999.0  -9999.0  -9999.0  -9999.0  -9999.0
-9999.0  -9999.0  -9999.0  -9999.0  -9999.0  -9999.0  -9999.0  -9999.0  -9999.0  -9999.0  -9999.0  -9999.0  -9999.0  -9999.0  -9999.0  -9999.0  -9999.0  -9999.0  -9999.0  -9999.0  -9999.0  -9999.0  -9999.0  -9999.0  -9999.0  -9999.0  -9999.0  -9999.0  -9999.0  -9999.0  -9999.0  -9999.0  -9999.0  -9999.0  -9999.0  -9999.0  -9999.0  -9999.0  -9999.0  -9999.0  -9999.0  -9999.0  -9999.0  -9999.0  -9999.0  -9999.0  -9999.0  -9999.0  -9999.0  -9999.0  -9999.0  -9999.0  -9999.0  -9999.0  -9999.0  -9999.0  -9999.0  -9999.0  -9999.0  -9999.0  -9999.0  -9999.0  -9999.0  -9999.0  -9999.0  -9999.0  -9999.0  -9999.0  -9999.0  -9999.0  -9999.0  -9999.0  -9999.0  -9999.0  -9999.0  -9999.0  -9999.0  -9999.0  -9999.0  -9999.0
-9999.0  -9999.0  -9999.0  -9999.0  -9999.0  -9999.0  -9999.0  -9999.0  -9999.0  -9999.0  -9999.0  -9999.0  -9999.0  -9999.0  -9999.0  -9999.0  -9999.0  -9999.0  -9999.0  -9999.0  -9999.0  -9999.0  -9999.0  -9999.0  -9999.0  -9999.0  -9999.0  -9999.0  -9999.0  -9999.0  -9999.0  -9999.0  -9999.0  -9999.0  -9999.0  -9999.0  -9999.0  -9999.0  -9999.0  -9999.0  -9999.0  -9999.0  -9999.0  -9999.0  -9999.0  -9999.0  -9999.0  -9999.0  -9999.0  -9999.0  -9999.0  -9999.0  -9999.0  -9999.0  -9999.0  -9999.0  -9999.0  -9999.0  -9999.0  -9999.0  -9999.0  -9999.0  -9999.0  -9999.0  -9999.0  -9999.0  -9999.0  -9999.0  -9999.0  -9999.0  -9999.0  -9999.0  -9999.0  -9999.0  -9999.0  -9999.0  -9999.0  -9999.0  -9999.0  -9999.0
-9999.0  -9999.0  -9999.0  -9999.0  -9999.0  -9999.0  -9999.0  -9999.0  -9999.0  -9999.0  -9999.0  -9999.0  -9999.0  -9999.0  -9999.0  -9999.0  -9999.0  -9999.0  -9999.0  -9999.0  -9999.0  -9999.0  -9999.0  -9999.0  -9999.0  -9999.0  -9999.0  -9999.0  -9999.0  -9999.0  -9999.0  -9999.0  -9999.0  -9999.0  -9999.0  -9999.0  -9999.0  -9999.0  -9999.0  -9999.0  -9999.0  -9999.0  -9999.0  -9999.0  -9999.0  -9999.0  -9999.0  -9999.0  -9999.0  -9999.0  -9999.0  -9999.0  -9999.0  -9999.0  -9999.0  -9999.0  -9999.0  -9999.0  -9999.0  -9999.0  -9999.0  -9999.0  -9999.0  -9999.0  -9999.0  -9999.0  -9999.0  -9999.0  -9999.0  -9999.0  -9999.0  -9999.0  -9999.0  -9999.0  -9999.0  -9999.0  -9999.0  -9999.0  -9999.0  -9999.0
