ncols                  80
nrows                 72
xllcorner      4374000.0
yllcorner      5656000.0
cellsize            500
NODATA_value       -9999
-9999.0  -9999.0  -9999.0  -9999.0  -9999.0  -9999.0  -9999.0  -9999.0  -9999.0  -9999.0  -9999.0  -9999.0  0.664336309178  0.694301001683  -9999.0  -9999.0  -9999.0  -9999.0  -9999.0  -9999.0  -9999.0  -9999.0  -9999.0  -9999.0  -9999.0  -9999.0  -9999.0  -9999.0  -9999.0  -9999.0  -9999.0  -9999.0  -9999.0  -9999.0  -9999.0  -9999.0  -9999.0  -9999.0  -9999.0  -9999.0  -9999.0  -9999.0  -9999.0  -9999.0  -9999.0  -9999.0  -9999.0  -9999.0  -9999.0  -9999.0  -9999.0  -9999.0  -9999.0  -9999.0  -9999.0  -9999.0  -9999.0  -9999.0  -9999.0  -9999.0  -9999.0  -9999.0  -9999.0  -9999.0  -9999.0  -9999.0  -9999.0  -9999.0  -9999.0  -9999.0  -9999.0  -9999.0  -9999.0  -9999.0  -9999.0  -9999.0  -9999.0  -9999.0  -9999.0  -9999.0
-9999.0  -9999.0  -9999.0  -9999.0  -9999.0  -9999.0  -9999.0  -9999.0  -9999.0  -9999.0  -9999.0  -9999.0  1.39620426753  3.30946724109  0.568085141508  -9999.0  0.588951382864  -9999.0  -9999.0  -9999.0  -9999.0  -9999.0  -9999.0  -9999.0  -9999.0  -9999.0  -9999.0  -9999.0  -9999.0  -9999.0  -9999.0  -9999.0  -9999.0  -9999.0  -9999.0  -9999.0  -9999.0  -9999.0  -9999.0  -9999.0  -9999.0  -9999.0  -9999.0  -9999.0  -9999.0  -9999.0  -9999.0  -9999.0  -9999.0  -9999.0  -9999.0  -9999.0  -9999.0  -9999.0  -9999.0  -9999.0  -9999.0  -9999.0  -9999.0  -9999.0  -9999.0  -9999.0  -9999.0  -9999.0  -9999.0  -9999.0  -9999.0  -9999.0  -9999.0  -9999.0  -9999.0  -9999.0  -9999.0  -9999.0  -9999.0  -9999.0  -9999.0  -9999.0  -9999.0  -9999.0
-9999.0  -9999.0  -9999.0  -9999.0  -9999.0  -9999.0  -9999.0  -9999.0  -9999.0  -9999.0  0.639178495633  0.625400570865  0.678186288021  0.679826386497  4.52314103051  5.05168874616  1.59344528948  0.504525072474  -9999.0  -9999.0  -9999.0  -9999.0  -9999.0  -9999.0  -9999.0  -9999.0  -9999.0  -9999.0  -9999.0  -9999.0  -9999.0  -9999.0  -9999.0  -9999.0  -9999.0  -9999.0  -9999.0  -9999.0  -9999.0  -9999.0  -9999.0  -9999.0  -9999.0  -9999.0  -9999.0  -9999.0  -9999.0  -9999.0  -9999.0  -9999.0  -9999.0  -9999.0  -9999.0  -9999.0  -9999.0  -9999.0  -9999.0  -9999.0  -9999.0  -9999.0  -9999.0  -9999.0  -9999.0  -9999.0  -9999.0  -9999.0  -9999.0  -9999.0  -9999.0  -9999.0  -9999.0  -9999.0  -9999.0  -9999.0  -9999.0  -9999.0  -9999.0  -9999.0  -9999.0  -9999.0
-9999.0  -9999.0  -9999.0  -9999.0  -9999.0  -9999.0  -9999.0  -9999.0  -9999.0  0.618540543336  1.25663463917  2.50558827412  1.28362498108  0.615346413427  1.17328027707  5.58697976379  8.27108094244  0.557681089138  -9999.0  0.606093753485  -9999.0  -9999.0  -9999.0  -9999.0  1.12273084945  0.567831410071  -9999.0  -9999.0  -9999.0  -9999.0  -9999.0  -9999.0  -9999.0  -9999.0  -9999.0  -9999.0  -9999.0  -9999.0  -9999.0  -9999.0  -9999.0  -9999.0  -9999.0  -9999.0  -9999.0  -9999.0  -9999.0  -9999.0  -9999.0  -9999.0  -9999.0  -9999.0  -9999.0  -9999.0  -9999.0  -9999.0  -9999.0  -9999.0  -9999.0  -9999.0  -9999.0  -9999.0  -9999.0  -9999.0  -9999.0  -9999.0  -9999.0  -9999.0  -9999.0  -9999.0  -9999.0  -9999.0  -9999.0  -9999.0  -9999.0  -9999.0  -9999.0  -9999.0  -9999.0  -9999.0
-9999.0  -9999.0  -9999.0  -9999.0  -9999.0  -9999.0  -9999.0  -9999.0  0.787168862615  2.11392897267  2.71534551063  3.31475308471  4.35509474518  0.530341219643  2.19426710118  2.68593960622  11.9494772757  0.48455325684  0.442140780017  1.0911336132  1.55386989419  0.498713159176  -9999.0  2.83746766879  2.34378763945  0.61474944121  -9999.0  -9999.0  -9999.0  -9999.0  -9999.0  -9999.0  -9999.0  -9999.0  -9999.0  -9999.0  -9999.0  -9999.0  -9999.0  -9999.0  -9999.0  -9999.0  -9999.0  -9999.0  -9999.0  -9999.0  -9999.0  -9999.0  -9999.0  -9999.0  -9999.0  -9999.0  -9999.0  -9999.0  -9999.0  -9999.0  -9999.0  -9999.0  -9999.0  -9999.0  -9999.0  -9999.0  -9999.0  -9999.0  -9999.0  -9999.0  -9999.0  -9999.0  -9999.0  -9999.0  -9999.0  -9999.0  -9999.0  -9999.0  -9999.0  -9999.0  -9999.0  -9999.0  -9999.0  -9999.0
-9999.0  -9999.0  -9999.0  -9999.0  -9999.0  -9999.0  0.756580541216  0.652098132237  0.630317505388  0.653669849297  0.670729519296  4.67299633488  9.64006115746  10.2284528983  10.6661206693  0.423668200123  12.8428346494  13.2942659703  0.936245940213  0.481252459508  2.00285787467  3.45497460494  0.492950946112  4.37730963903  0.527835926695  0.531345072261  0.548788939554  -9999.0  -9999.0  -9999.0  -9999.0  -9999.0  -9999.0  -9999.0  -9999.0  -9999.0  -9999.0  -9999.0  -9999.0  -9999.0  -9999.0  -9999.0  -9999.0  -9999.0  -9999.0  -9999.0  -9999.0  -9999.0  -9999.0  -9999.0  -9999.0  -9999.0  -9999.0  -9999.0  -9999.0  -9999.0  -9999.0  -9999.0  -9999.0  -9999.0  -9999.0  -9999.0  -9999.0  -9999.0  -9999.0  -9999.0  -9999.0  -9999.0  -9999.0  -9999.0  -9999.0  -9999.0  -9999.0  -9999.0  -9999.0  -9999.0  -9999.0  -9999.0  -9999.0  -9999.0
-9999.0  -9999.0  -9999.0  -9999.0  -9999.0  -9999.0  1.53127981617  2.24051405203  4.97275678802  6.83985867877  0.547312370425  0.568531946654  0.529533190623  1.57568384185  12.6894582111  0.3798718464  13.7234221313  15.60076063  1.44629861219  0.874552653755  3.86130944786  0.468586734364  4.82501661829  0.906293729689  0.458106697947  0.973074495905  1.08993677814  0.554401187885  0.549586390317  0.521058229936  0.588451094016  1.1723737316  -9999.0  -9999.0  -9999.0  -9999.0  -9999.0  -9999.0  -9999.0  -9999.0  -9999.0  -9999.0  -9999.0  -9999.0  -9999.0  -9999.0  -9999.0  -9999.0  -9999.0  -9999.0  -9999.0  -9999.0  -9999.0  -9999.0  -9999.0  -9999.0  -9999.0  -9999.0  -9999.0  -9999.0  -9999.0  -9999.0  -9999.0  -9999.0  -9999.0  -9999.0  -9999.0  -9999.0  -9999.0  -9999.0  -9999.0  -9999.0  -9999.0  -9999.0  -9999.0  -9999.0  -9999.0  -9999.0  -9999.0  -9999.0
-9999.0  -9999.0  -9999.0  -9999.0  -9999.0  0.863295387736  1.64335397103  0.772035081576  1.48498436248  7.58159054571  8.81916673822  10.0223584066  33.6052481156  0.543525644383  13.1898585551  51.2127751818  51.594924359  67.9295940677  0.459185642451  1.26715161775  4.27026082422  0.401205983993  10.0629190203  4.8103120865  3.01567607466  2.55030842547  0.523011182109  1.61508968073  1.57142667136  1.04144285794  0.493592508599  1.68955197794  0.480984233679  0.465414831183  -9999.0  -9999.0  -9999.0  -9999.0  -9999.0  -9999.0  -9999.0  -9999.0  -9999.0  -9999.0  -9999.0  -9999.0  -9999.0  -9999.0  -9999.0  -9999.0  -9999.0  -9999.0  -9999.0  -9999.0  -9999.0  -9999.0  -9999.0  -9999.0  -9999.0  -9999.0  -9999.0  -9999.0  -9999.0  -9999.0  -9999.0  -9999.0  -9999.0  -9999.0  -9999.0  -9999.0  -9999.0  -9999.0  -9999.0  -9999.0  -9999.0  -9999.0  -9999.0  -9999.0  -9999.0  -9999.0
-9999.0  -9999.0  -9999.0  -9999.0  -9999.0  0.877567793816  2.5312908935  4.99440818719  5.73035968841  11.3633672675  12.0293918803  14.1697594869  23.0697795821  35.4381457014  36.619521273  37.1864752741  0.900643376494  69.6179123699  70.4837546572  72.6560146072  88.6568097771  11.3286478917  10.5263395882  3.46449444214  0.432301695464  2.98108719201  2.06592002761  0.424824916505  2.0180443181  0.451595963349  0.95851261197  2.62246670884  3.08128818407  0.909299372084  0.451614537476  0.426783796559  -9999.0  -9999.0  -9999.0  -9999.0  0.506398775789  0.467173309143  -9999.0  -9999.0  -9999.0  -9999.0  -9999.0  -9999.0  -9999.0  -9999.0  -9999.0  -9999.0  -9999.0  -9999.0  -9999.0  -9999.0  -9999.0  -9999.0  -9999.0  -9999.0  -9999.0  -9999.0  -9999.0  -9999.0  -9999.0  -9999.0  -9999.0  -9999.0  -9999.0  -9999.0  -9999.0  -9999.0  -9999.0  -9999.0  -9999.0  -9999.0  -9999.0  -9999.0  -9999.0  -9999.0
-9999.0  -9999.0  -9999.0  -9999.0  -9999.0  0.838698375474  0.783572830484  3.37634349214  4.13692185052  4.93169642258  0.734481008035  1.44443026329  8.43351607418  1.4800725854  0.658929498323  0.568558007381  0.476880565717  0.592850904747  0.531699532902  0.529093861239  89.1101093899  90.3323645117  0.395305432555  1.23987337936  0.857062914294  3.38911373563  0.857046582602  0.402663037907  2.49249657252  0.869859732508  2.13086456226  5.26503518778  4.88377155434  1.35063488377  1.31810002077  0.453025820799  0.447614869967  -9999.0  -9999.0  0.44990863043  1.04056104337  2.4888546827  0.494957215933  -9999.0  -9999.0  -9999.0  -9999.0  -9999.0  -9999.0  -9999.0  -9999.0  -9999.0  -9999.0  -9999.0  -9999.0  -9999.0  -9999.0  -9999.0  -9999.0  -9999.0  -9999.0  -9999.0  -9999.0  -9999.0  -9999.0  -9999.0  -9999.0  -9999.0  -9999.0  -9999.0  -9999.0  -9999.0  -9999.0  -9999.0  -9999.0  -9999.0  -9999.0  -9999.0  -9999.0  -9999.0
-9999.0  -9999.0  -9999.0  -9999.0  -9999.0  -9999.0  0.889951800744  0.913704694349  1.68457572331  2.47808058923  5.54923570796  7.05156237572  7.80636809135  0.791846734667  0.555819072595  8.00178195865  9.68073657491  10.1739769454  12.2760328769  12.713102711  0.431961369849  90.7735298418  92.7939414481  1.60142955263  0.248857994494  3.72256403995  8.20690055266  3.28325971277  0.755944926541  0.373091402893  8.1529325021  5.66327804855  0.385764357833  0.384301986557  1.72203025006  1.31574182432  0.416257541277  0.417356441138  0.43366235667  0.869329055836  0.410913310406  3.02182978532  3.42131806729  0.376274397116  -9999.0  -9999.0  -9999.0  -9999.0  0.457670118067  0.421505835385  0.122686183932  -9999.0  -9999.0  -9999.0  -9999.0  -9999.0  -9999.0  -9999.0  -9999.0  -9999.0  -9999.0  -9999.0  -9999.0  -9999.0  -9999.0  -9999.0  -9999.0  -9999.0  -9999.0  -9999.0  -9999.0  -9999.0  -9999.0  -9999.0  -9999.0  -9999.0  -9999.0  -9999.0  -9999.0  -9999.0
-9999.0  -9999.0  -9999.0  -9999.0  -9999.0  -9999.0  -9999.0  0.86748389637  0.729077045408  1.5644355678  2.36814073461  0.754961428515  0.673347251115  4.319917084  5.60318704656  6.93148148898  0.60349620627  1.1143204958  0.552786222055  13.1893204521  29.4010755476  29.8707325782  123.517524697  0.397302724742  0.708123812253  0.210772497441  8.56621928448  0.380678000737  1.13907308878  0.365745975592  8.52804163273  8.90680618489  0.777245489763  0.758241120851  4.29402150522  2.15142747358  0.845596656314  0.44044934685  0.861063592919  1.28881718636  2.08901834633  0.380701078513  4.1622886094  4.52879391891  0.329561093136  0.361428706498  0.380387690642  0.334795203987  0.315642103103  1.22282418367  0.450750200253  0.273801589595  -9999.0  -9999.0  -9999.0  -9999.0  -9999.0  -9999.0  -9999.0  -9999.0  -9999.0  -9999.0  -9999.0  -9999.0  -9999.0  -9999.0  -9999.0  -9999.0  -9999.0  -9999.0  -9999.0  -9999.0  -9999.0  -9999.0  -9999.0  -9999.0  -9999.0  -9999.0  -9999.0  -9999.0
-9999.0  -9999.0  -9999.0  -9999.0  -9999.0  -9999.0  -9999.0  -9999.0  1.57912530239  2.24123912963  0.748800036734  1.54620959549  2.26768878041  3.70754202239  0.709582687122  0.664095994644  0.52122163242  0.526621379782  0.443051451515  15.237917056  0.566634855263  1.07884565647  125.104494241  126.062783262  0.361001609043  1.43247606228  10.3190873165  0.724927175936  1.45228853129  0.655275220798  0.963552666128  10.3337705538  1.10768839309  6.08882451008  5.01206262668  0.364578826554  2.05452360673  0.834363127377  1.23858188727  0.370533088967  2.46568622083  3.2064277898  3.52459860178  3.82152433849  5.7715798911  0.630354071662  0.673512009817  0.599908200283  0.559491393714  1.50298835898  0.286727469477  1.02132882886  1.2753757372  -9999.0  -9999.0  -9999.0  -9999.0  -9999.0  -9999.0  -9999.0  -9999.0  -9999.0  -9999.0  -9999.0  -9999.0  -9999.0  -9999.0  -9999.0  -9999.0  -9999.0  -9999.0  -9999.0  -9999.0  -9999.0  -9999.0  -9999.0  -9999.0  -9999.0  -9999.0  -9999.0
-9999.0  -9999.0  -9999.0  -9999.0  -9999.0  -9999.0  -9999.0  -9999.0  0.839306392687  3.89130845716  4.60950279971  0.716367777083  1.38629299001  0.666550801823  0.579788911444  0.567578954663  7.51297195822  10.009662301  12.2855562726  14.7123757728  0.569886959702  0.534481758855  0.491648350777  128.472340225  129.607962967  129.983173674  13.597872201  2.87661705239  2.50959357194  0.306903022344  1.26505796383  11.9035744866  0.318752117508  6.40334369499  0.348224451548  2.66966336254  2.46222929209  0.383714183254  1.61549060748  0.742584203876  1.1068831298  0.333247172775  0.288048788558  4.11355884905  4.37957957942  6.03674061243  0.963818484643  0.872293093115  0.819060348626  1.80966747275  2.39303951327  0.291033429834  1.54849928273  0.285275616279  0.533906517029  0.258652350939  -9999.0  -9999.0  -9999.0  -9999.0  -9999.0  -9999.0  -9999.0  -9999.0  -9999.0  -9999.0  -9999.0  -9999.0  -9999.0  -9999.0  -9999.0  -9999.0  -9999.0  -9999.0  -9999.0  -9999.0  -9999.0  -9999.0  -9999.0  -9999.0
-9999.0  -9999.0  -9999.0  -9999.0  -9999.0  -9999.0  -9999.0  -9999.0  -9999.0  0.874433925368  5.39823359457  6.09438116029  2.06094244422  3.41497865607  4.61995956963  5.25295607781  0.662907522891  1.95806478883  1.28784958384  0.689740552966  0.633086569219  0.528566925215  1.02858490367  1.76371726569  0.593705639808  144.613701111  144.998047985  0.334805821924  0.258425748878  0.603336904588  0.898492598364  12.8062020146  0.611022984887  6.67441651745  3.97013036178  3.32413047778  0.354363720102  0.723717666209  1.94387499517  0.328222783558  1.42567450653  0.652050959814  0.460614209152  0.186137203019  5.00398113708  11.256586895  1.15946050563  1.07182427705  1.05628442748  0.239254198288  2.63255596088  0.231529997882  2.07378166784  0.246003160243  0.784353622063  1.22333341261  0.144929840572  0.148168135507  0.170410458036  0.177905777583  0.125546490305  -9999.0  -9999.0  0.0728892699525  0.0309870559174  -9999.0  -9999.0  -9999.0  -9999.0  -9999.0  -9999.0  -9999.0  -9999.0  -9999.0  -9999.0  -9999.0  -9999.0  -9999.0  -9999.0  -9999.0
-9999.0  -9999.0  -9999.0  -9999.0  -9999.0  -9999.0  -9999.0  -9999.0  -9999.0  -9999.0  0.726866805753  7.55140477559  0.664664250807  1.33702600612  1.92514914012  3.06571090339  0.585814903038  1.26848022693  0.602689188529  0.547478238768  0.501749795364  0.992685123543  0.422699037939  0.466570206062  0.904245712844  0.517854582172  145.462672026  146.194521908  147.221088368  1.17038796042  0.296011431114  0.589838376527  13.1219073387  12.1634246402  4.6404247859  0.325945983209  1.41054994687  1.06358419602  2.27351163318  0.654893288803  2.73107612273  0.975086104884  0.714651104492  0.110106456161  0.196159412155  11.5574116314  11.8168478985  14.2589877908  1.8218761742  0.492387001542  2.89868764325  3.38922280844  5.6954572726  0.492185366596  0.223592144551  1.39814347655  1.68507212191  0.142304527987  0.268807057561  0.469428990122  0.246312932104  0.121228665405  0.115707999135  0.134976929605  0.0611839096442  0.029833100392  -9999.0  -9999.0  -9999.0  -9999.0  -9999.0  -9999.0  -9999.0  -9999.0  -9999.0  -9999.0  -9999.0  -9999.0  -9999.0  -9999.0
-9999.0  -9999.0  -9999.0  -9999.0  -9999.0  -9999.0  -9999.0  -9999.0  -9999.0  -9999.0  -9999.0  0.401260503299  8.38517468539  0.645620508425  1.21791529481  5.41878258656  0.592019656593  0.579398629629  0.488251650549  1.04983810801  0.501111663748  1.9898482709  2.82834280172  3.20339257141  1.23842171989  1.55237480205  0.381729015454  0.469726068454  0.418520215068  149.110022827  150.007649719  13.3821076782  12.7094867232  12.438824571  0.568644222202  0.278762024579  1.71104755767  4.59446870011  2.58370550448  0.95977669306  3.99685684925  1.36609135633  1.08044788673  0.203304683005  0.0793352665582  0.0851099437098  0.120044876189  14.9065332527  17.4701687769  0.233436451458  0.239044914426  0.237540552274  5.92371438362  6.62515243941  0.397721396515  0.153854954866  1.7603153852  0.193370647377  0.516506827004  1.0766840831  1.42515320922  1.65597580692  0.4400835295  0.231485901551  0.114392493247  0.0598135018043  0.0845014746669  -9999.0  -9999.0  -9999.0  -9999.0  -9999.0  -9999.0  -9999.0  -9999.0  -9999.0  -9999.0  -9999.0  -9999.0  -9999.0
-9999.0  -9999.0  -9999.0  -9999.0  -9999.0  -9999.0  -9999.0  -9999.0  -9999.0  -9999.0  -9999.0  0.367481686697  9.25184508267  11.2953577741  0.580742557232  6.55913637368  0.526481478427  0.494166319503  0.967209865864  2.51273858611  0.47147815636  0.513818066681  0.398781526613  4.0042747431  4.38343365617  6.33252853088  7.04512191922  7.38564874913  7.72353525762  8.05809289245  158.448990601  172.430123191  185.724931562  186.025417491  0.265024957278  0.275904995206  5.19914211316  4.89967811504  0.302723307845  0.296680987214  4.33780286407  6.01931961293  0.242003506944  2.77921476275  2.60467898733  0.490831393517  0.254180488184  0.439868041146  0.289966824388  17.9482564873  0.247725897176  0.697526039126  0.880004334168  8.07769972925  8.55671641539  8.83268715772  10.6513503958  0.0570564599978  0.0450957087225  0.040787209944  0.0416603005529  1.78867907629  2.32656912862  0.108557509186  0.271070435479  0.0996876882813  0.158667058027  0.0263269244147  0.0173171120298  -9999.0  -9999.0  -9999.0  -9999.0  -9999.0  -9999.0  -9999.0  -9999.0  -9999.0  -9999.0  -9999.0
-9999.0  -9999.0  -9999.0  -9999.0  -9999.0  -9999.0  -9999.0  -9999.0  -9999.0  -9999.0  -9999.0  0.771467940529  1.46107823911  11.955571486  13.0074342613  0.536227427605  7.628914658  0.424724740073  1.31661578515  2.93853879153  0.895606449835  0.420494531814  0.882793659936  0.345204786057  0.652060961778  0.307070197507  0.266256370254  0.194346263601  0.169818174077  0.144758800124  0.140636888364  0.231837663013  0.325749051212  0.403238710708  186.962258302  6.20353325976  5.67525094089  0.218132717888  0.857410601424  0.20395214877  0.202376889891  6.30347592473  9.96259316582  3.11328734157  2.42842126992  0.304856719327  0.124484286329  0.104332909102  0.315273872193  18.5134471694  19.0044315565  0.25997233221  0.266322931704  0.212114317969  0.100335554612  0.175496051917  10.9089367223  11.0231542421  11.1235857863  0.106651528506  0.0491985323433  0.0419840207338  2.382528139  2.54401623431  0.316182569209  0.0705289498871  0.226073607542  0.0617584518924  0.0323892864568  -9999.0  -9999.0  -9999.0  -9999.0  -9999.0  -9999.0  -9999.0  -9999.0  -9999.0  -9999.0  -9999.0
-9999.0  -9999.0  -9999.0  -9999.0  -9999.0  -9999.0  -9999.0  -9999.0  -9999.0  -9999.0  -9999.0  -9999.0  0.586939501932  8.92700823981  22.5112236494  24.3362090833  32.4608407109  32.9848451219  6.50720580917  4.70454554636  1.32748230045  0.410050207005  1.68051962376  2.05577018311  3.02530988856  0.637480199885  0.561954877431  0.498536741972  0.959882829078  0.42878463913  0.407973909515  0.202126253648  0.0978057022112  0.115601260176  187.238244612  193.63522664  193.972564707  0.228353909518  2.3185501639  0.995260213712  0.305021046077  10.9835785865  0.743296573785  0.390017498942  1.65956459123  0.304447694745  0.239577510979  0.447474759009  0.638716356868  0.862254178435  19.4038828498  0.188861308837  0.160179294821  0.160388127223  0.116308150194  0.0756820736874  0.20796707409  0.228476446755  11.4613231923  11.8805763846  0.243439864077  0.121574476432  0.0644753847636  0.041319765146  3.01408583915  3.94046684651  0.767017933808  0.290687394265  0.137886848797  -9999.0  -9999.0  -9999.0  -9999.0  -9999.0  -9999.0  -9999.0  -9999.0  -9999.0  -9999.0  -9999.0
-9999.0  -9999.0  -9999.0  -9999.0  -9999.0  -9999.0  -9999.0  -9999.0  -9999.0  -9999.0  -9999.0  0.698018138499  6.83350303394  8.2935570761  1.2788770378  0.408367397683  0.864609420828  34.324335607  34.7739992284  41.7775967895  0.357037140143  0.761203767295  0.314251812433  0.32136600451  3.33639233988  4.28360375365  5.11412047335  0.268522827977  1.22799342102  1.91789037624  1.11530654314  0.458355236223  0.288437448609  0.222419552869  0.243244895223  0.138899695493  194.221714283  194.40872319  197.130477323  0.510827969556  0.271314213637  11.2969892786  0.787883921753  0.414893676408  0.476875258778  0.473322594882  0.39695829465  0.675320660121  1.92184086759  3.04249034509  22.6412421743  0.140797117981  0.41954449274  0.284185722331  0.226774480607  0.116194971512  0.105836348649  0.077657313942  0.0301345324907  11.9262270132  0.0235261724873  0.0797865741751  0.0425274459595  0.0228160168696  0.0543648356918  4.03048949551  0.155118842973  0.0432332779639  0.0635864347096  0.0262085014547  -9999.0  -9999.0  -9999.0  -9999.0  -9999.0  -9999.0  -9999.0  -9999.0  -9999.0  -9999.0
-9999.0  -9999.0  -9999.0  -9999.0  -9999.0  -9999.0  -9999.0  -9999.0  -9999.0  -9999.0  -9999.0  0.722245893152  4.87869881995  0.758631679152  0.602254305092  3.40964070937  3.92059817501  4.42759914879  4.8476151248  56.9533263782  57.3669184027  58.1569420811  64.0519809236  65.0262319337  65.5382370115  65.8631509245  71.5473055018  72.2522503154  72.5376782219  74.7601754816  76.1834841746  76.44004666  77.1629323485  0.464153148873  0.378716509291  0.0626831164013  0.0885087381919  194.628467303  198.07855305  0.7543214108  13.3501898366  13.0909724353  1.47058322847  0.341048678292  0.352491826892  0.339343321327  0.343983299403  0.695050219778  0.990166662228  0.289607976334  22.8286086415  23.0342958054  23.9097701974  24.0732392215  24.4506944275  24.7054220475  0.103228996174  0.0988228677805  0.058321360746  11.9784322927  12.0387127895  12.159607399  12.2722525658  0.0437673712785  4.39084188376  4.24200313884  0.103204905722  1.78925360902  1.74645284615  0.086947311315  0.0569313586359  -9999.0  -9999.0  -9999.0  -9999.0  -9999.0  -9999.0  -9999.0  -9999.0  -9999.0
-9999.0  -9999.0  -9999.0  -9999.0  -9999.0  -9999.0  -9999.0  -9999.0  -9999.0  -9999.0  -9999.0  2.55929730594  3.37284631351  1.53705186673  2.25109435538  0.701249929676  7.85864854653  8.42682517705  9.52583276977  9.90809002852  3.46466075893  62.2743657832  62.6400393774  0.315093193765  0.18963324125  0.155846671259  0.361950594257  0.165406805382  0.101040864204  0.0886308657695  0.109274287752  76.6367869171  77.3871104953  78.1440958965  78.7715726081  79.0814955249  0.130528863642  0.0456599375802  212.075592818  13.8060655792  13.634948061  0.292178656857  0.283115732886  0.259902383914  0.623850559  0.611705143869  0.282396634424  0.274549735973  0.249771209697  0.531609408246  0.699899147819  0.128473571611  0.239838058371  0.0828380330418  0.0299039309581  24.7545968894  24.9331932384  25.1301881128  25.2986256606  25.3899649079  25.4682092835  25.4966529549  0.0268815675743  12.4287256049  0.108306631337  6.44365955086  1.91302988147  0.165941216439  1.63297205316  1.41415854023  0.070300834996  -9999.0  -9999.0  -9999.0  -9999.0  -9999.0  -9999.0  -9999.0  -9999.0  -9999.0
-9999.0  -9999.0  -9999.0  -9999.0  -9999.0  -9999.0  -9999.0  -9999.0  -9999.0  -9999.0  -9999.0  -9999.0  1.73382496346  0.797264166419  0.689185651217  6.7350605755  7.33658157908  0.608521286654  2.2653786516  2.75113090989  3.13857067496  0.454207574468  0.303401519575  8.97274745457  9.20985750666  9.42500053273  24.1621777235  24.2969011022  24.4914011035  25.9909833313  26.5656227842  26.6394103944  0.0784400401589  0.085976116097  0.0989257127235  79.3606228419  0.101789910428  214.346929162  214.170886945  1.93172512873  1.7176075657  1.10390043233  0.274734469067  0.516378393798  0.903229392915  0.886029396199  0.551932500417  0.259232255973  0.504746474106  0.490967684397  0.90997665913  0.123963343093  0.365430065123  0.596465666795  0.662445241116  0.699402709962  0.0320160386611  0.0324271147581  0.0304474030113  0.0312958299655  0.0405036194598  25.5575778608  25.6350171169  38.0861905863  38.1200268897  7.06874238236  0.536595281208  0.369605251936  0.115325258444  1.2894017642  1.22761424088  -9999.0  -9999.0  -9999.0  -9999.0  -9999.0  -9999.0  -9999.0  -9999.0  -9999.0
-9999.0  -9999.0  -9999.0  -9999.0  -9999.0  -9999.0  -9999.0  -9999.0  -9999.0  -9999.0  -9999.0  -9999.0  0.901502632209  2.46682876313  3.19885089323  5.37697680469  0.59498303604  1.22246258691  1.78392445736  6.99418848039  7.3782136261  7.62178951207  7.95943775737  8.39465213167  12.8412958178  14.0593581156  14.5829235756  0.176647787927  1.25707852407  1.42140812539  26.3060094686  26.7683919908  26.990991598  27.2208623725  27.3999955684  106.903627587  0.236479533386  214.992486815  0.223192105143  0.0849735601283  1.45065633168  1.29719336975  0.155303009328  0.731128780898  1.12619914151  1.10462223412  0.757651958962  1.22102871233  1.91181869924  0.693870279381  1.79298794018  0.128050474979  0.169432508318  0.0256932975209  0.0200921513692  0.75912525627  0.77595819968  0.0526384661941  0.0517648612599  0.0805509402613  0.0272610564663  0.0317643335852  0.0415447016024  50.4403623835  50.4048254509  12.1920758055  0.143526466107  0.863602429225  0.689403229092  0.463167256952  1.18849598519  0.858949096674  -9999.0  -9999.0  -9999.0  -9999.0  -9999.0  -9999.0  -9999.0  -9999.0
-9999.0  -9999.0  -9999.0  -9999.0  -9999.0  -9999.0  -9999.0  -9999.0  -9999.0  -9999.0  -9999.0  -9999.0  0.841954453403  1.65722851258  0.727780105717  1.46460672018  0.587279047433  4.82346229063  5.91464726407  6.49169832383  0.492333036798  0.901115880517  10.1205917855  12.1909624078  12.5165076648  0.824204318861  0.726650237819  1.00542016833  0.129280699486  0.108057604748  0.196260250516  0.101824188645  16.4109164554  16.5281175012  16.6219058635  107.123566387  216.136708004  215.076586832  0.121787935641  0.0624211945474  0.054915063986  0.257679768627  0.216121533316  0.828126018137  1.29151689314  2.62022977476  0.224910242079  0.223129907508  2.07997629762  2.25409315233  4.37485994058  4.47296958462  4.67237769823  4.72114911324  0.0414416573146  0.0657400562183  0.821151110579  52.3674118414  51.4665651001  51.35053984  51.1427287375  0.0378363405645  50.8310629721  0.111870021998  0.0583795800643  4.94794631899  1.33679093375  1.28055430157  0.230767338637  0.259554402041  0.219111230739  0.786675319593  -9999.0  -9999.0  -9999.0  -9999.0  -9999.0  -9999.0  -9999.0  -9999.0
-9999.0  -9999.0  -9999.0  -9999.0  -9999.0  -9999.0  -9999.0  -9999.0  -9999.0  -9999.0  -9999.0  -9999.0  -9999.0  0.742611822017  1.4978512132  2.27026137059  3.55144238261  0.69133626335  0.580843499954  4.5698187887  5.06139090275  9.3536521281  9.85600319917  1.36159070895  0.44639092565  0.395615382194  0.377576041339  15.6738146132  15.8566932616  16.0018940479  16.1040977931  16.3071347989  1.6842417784  1.82290870773  18.6045020787  341.974393157  0.742560116506  0.551311434275  0.219510102798  0.064596687352  0.0458923246557  0.367142769506  0.401252658991  0.907381980738  0.0383632130686  2.6775002634  0.331246329287  0.320368571981  0.0372083757674  0.0240949141301  0.0230324617065  0.0423909191173  0.0248063499792  4.74719482979  61.1175845379  56.2687063842  56.0772941438  52.4336032181  0.03661296851  0.065128032571  0.0612379560272  50.9277176327  0.178682793132  0.0702865781646  0.0965445338103  0.0928360758822  3.46726146831  3.30012600371  0.423664902542  0.219936828253  0.286909996796  0.286263355314  -9999.0  -9999.0  -9999.0  -9999.0  -9999.0  -9999.0  -9999.0  -9999.0
-9999.0  -9999.0  -9999.0  -9999.0  -9999.0  -9999.0  -9999.0  -9999.0  -9999.0  -9999.0  -9999.0  -9999.0  -9999.0  -9999.0  0.727031250925  1.47948852732  2.1501383013  2.82756157242  3.41504892692  4.03166126856  1.73084885537  2.86883561574  0.483149399435  0.453657262972  13.6860594792  14.5622735875  14.9505126877  15.3792172009  0.276979445444  0.464803637117  1.24297463747  1.39702065071  1.53710108601  0.173710493607  0.170257183712  342.521051233  0.200032568901  0.234812641905  0.121719936288  0.296952879448  0.132288216419  0.0935933839814  1.38779835289  1.48693108282  0.0501916632086  2.74404552061  3.10723405326  0.354432786743  62.9174674319  62.8564749079  62.805250149  62.6474584426  62.5651017047  61.3535445569  61.273024654  0.122561319889  3.59626872315  3.41492490683  3.25756536223  3.22365760766  1.98754561348  1.95505406862  1.87186543904  0.694547480469  0.645640755447  0.448813857198  0.10206743677  3.15960067166  2.70064344034  0.195549886882  0.373606479986  0.167900420135  -9999.0  -9999.0  -9999.0  -9999.0  -9999.0  -9999.0  -9999.0  -9999.0
-9999.0  -9999.0  -9999.0  -9999.0  -9999.0  -9999.0  -9999.0  -9999.0  -9999.0  -9999.0  -9999.0  -9999.0  -9999.0  -9999.0  0.206484373447  0.450225952809  0.69119373979  6.84719066287  7.45060265599  0.623571745587  0.586550201322  0.570343242139  11.7679518238  12.8192875546  0.492897785428  0.504987675115  0.347344068095  1.47026605286  1.82273587216  0.834029605234  1.02645106124  9.22394628719  9.43214390207  9.92082075162  15.2479917195  357.911252553  0.226678878509  0.100688997302  0.483011893374  0.393113355916  0.0751053351752  0.253049001094  0.334988299607  1.58206949566  1.66456816241  4.90834120055  3.13367504583  0.384377593939  64.373892978  0.713682701194  62.7497707223  62.7028740479  1.14126086677  0.0658352502645  0.0632792069619  0.0365323567936  0.0898407766683  0.131983079738  0.0642505951666  1.2063293244  1.0153668475  0.0607671664094  1.14550504768  0.206232884179  0.140556386998  0.345608810815  0.162392868817  0.35978258399  2.10238576409  1.77577362714  0.156051760256  0.230994840449  0.112885762788  -9999.0  -9999.0  -9999.0  -9999.0  -9999.0  -9999.0  -9999.0
-9999.0  -9999.0  -9999.0  -9999.0  -9999.0  -9999.0  -9999.0  -9999.0  -9999.0  -9999.0  -9999.0  -9999.0  -9999.0  -9999.0  1.04906691636  1.72319474462  3.47721350373  6.15707790206  8.12158041815  9.5543452335  10.1423230037  10.7512447094  11.3058037817  0.501746286915  0.432709524809  0.833552890203  0.737350715644  0.387120534744  8.17828440988  8.51613054634  8.82286939445  9.10815290233  4.61420705624  4.76471250616  5.08962661853  358.035320891  0.406214214753  0.352330646623  0.902319875509  0.085082174765  0.197554293858  0.114188562859  0.0735627495167  0.425856984799  0.061249092217  0.0659052498282  69.6974037906  64.7398066958  64.6694028129  0.318354101501  0.660997727948  0.398891635634  0.0699054859687  0.969858913052  0.211101502397  0.17426145994  0.13224245619  0.0953334903432  0.0568678268951  0.145330672494  0.965900939123  0.808623672081  0.661525128803  0.870236765615  0.820087606194  0.782822512639  0.0862537809666  0.173609758789  0.163891668369  1.28935527211  1.00144063181  0.608539023142  0.0998236878832  -9999.0  -9999.0  -9999.0  -9999.0  -9999.0  -9999.0  -9999.0
-9999.0  -9999.0  -9999.0  -9999.0  -9999.0  -9999.0  -9999.0  -9999.0  -9999.0  -9999.0  -9999.0  -9999.0  -9999.0  -9999.0  0.736284110827  0.693278149181  1.36159104416  2.04836762148  0.732737821096  0.722454931648  1.32768939325  1.91022766766  2.94608098675  3.46439780824  3.91116806311  5.22485981413  5.62087594404  6.04206428108  0.354522224982  3.82664861454  4.0968438229  4.30751409378  0.133437561587  0.0596789348552  0.115988450174  363.350477236  363.471195869  364.133560817  1.16306246415  0.184034155742  0.320712158666  0.081376343136  0.131655915718  0.492050232441  0.6061115203  0.118776504143  70.030138516  0.123707454834  0.177552958585  0.192547111476  0.159634025596  0.262377328905  0.10589991663  0.716650211146  0.503939705182  0.347266509284  0.171678092976  0.122262873868  0.0696985325708  0.0857490684211  0.0981747470979  0.0996957786787  0.608066869564  0.462060414769  0.321943987653  0.176435686561  0.728086377828  0.552710389801  0.170258062158  0.181054327373  0.132308030488  0.29721250241  0.142347435075  -9999.0  -9999.0  -9999.0  -9999.0  -9999.0  -9999.0  -9999.0
-9999.0  -9999.0  -9999.0  -9999.0  -9999.0  -9999.0  -9999.0  -9999.0  -9999.0  -9999.0  -9999.0  -9999.0  -9999.0  -9999.0  -9999.0  0.658418127373  1.29233199592  0.6171014095  1.28450107017  7.88313333663  8.45151151202  9.00548723345  0.522130669729  0.523761458971  0.960943752422  1.40936123028  2.1578459417  2.53592414615  2.80132782672  3.13415368477  0.252898075142  0.196444369996  4.75943501425  4.85623494087  4.95074046693  5.06914093956  4.18066901215  368.799799071  370.669227398  370.739058132  371.11845633  371.473043377  371.663056717  0.0579125048184  0.659552188876  70.0876351059  0.136623018617  0.0705215447908  0.0996266699339  0.0990834624375  0.161425278909  0.123425753541  0.074895856713  0.126013482838  0.101782160131  0.132133570715  0.0535144204305  0.0354242231084  0.137813515652  0.101626023147  0.056116568195  0.0543896938328  0.0638073415858  0.070245517321  0.0778659852607  0.0919563310662  0.101351074317  0.273047043433  0.069290887227  0.27997145826  0.119851499253  0.106522077079  -9999.0  -9999.0  -9999.0  -9999.0  -9999.0  -9999.0  -9999.0  -9999.0
-9999.0  -9999.0  -9999.0  -9999.0  -9999.0  -9999.0  -9999.0  -9999.0  -9999.0  -9999.0  -9999.0  -9999.0  -9999.0  -9999.0  -9999.0  -9999.0  1.91813022321  2.55918619439  4.51592509453  5.92753534265  0.731659498549  10.4072408742  10.9192697268  11.3974894989  0.469447737033  0.912233899368  0.381672528233  2.99912369524  3.20328941719  3.54449059086  3.88072927017  4.53464825149  4.67316303806  0.0830831368192  3.67499279885  3.92553357815  4.06548747156  4.54313010104  0.595004539368  0.366657220506  0.201260217171  0.179019510446  371.888593551  372.006036584  373.190589821  70.1477286413  0.411915952776  0.222911617187  0.153474900591  0.0404671754894  0.429143451914  0.213303040377  0.0653996083308  0.363218774395  0.310696461452  0.0477241334514  0.270542688424  0.247602631221  0.180267333985  0.0364157707899  0.106781834109  0.0821000306038  0.029512986043  0.0754805054353  0.0456978136306  0.0656271866794  0.0611656559763  0.0373675954971  0.107508899034  1.24307636947  0.775786801728  0.49740205063  0.222612631487  -9999.0  -9999.0  -9999.0  -9999.0  -9999.0  -9999.0  -9999.0
-9999.0  -9999.0  -9999.0  -9999.0  -9999.0  -9999.0  -9999.0  -9999.0  -9999.0  -9999.0  -9999.0  -9999.0  -9999.0  -9999.0  -9999.0  -9999.0  0.673794052408  3.22084144522  3.91043626507  0.75441692566  0.589406394106  1.1975501691  1.72030946369  13.6212771332  0.461047767167  1.86299865001  2.26584398929  2.65956892808  0.242646945775  0.536229164408  0.651461459769  2.95244547859  3.21881896621  3.34201095846  0.128786952463  0.112143381933  0.119724235354  0.217703642654  0.0878194626909  0.091934319393  0.149596467692  0.105357289783  0.160738087072  0.464774508467  373.300762151  443.722104915  0.529490506667  0.112348382811  0.0508663486741  1.31220094397  1.22061463333  0.716643371288  0.638182056542  0.46653636964  0.123017884004  0.0796470712288  0.293407613747  0.124092654786  0.0981921448095  0.0291790825171  0.14612774426  0.270058149902  0.199616553245  0.118490971644  0.0423014580212  0.185153695953  0.132248587773  0.0832094154399  1.53459574689  1.50407610221  0.145780885199  0.129875770483  0.11507024994  0.10343127436  -9999.0  -9999.0  -9999.0  -9999.0  -9999.0  -9999.0
-9999.0  -9999.0  -9999.0  -9999.0  -9999.0  -9999.0  -9999.0  -9999.0  -9999.0  -9999.0  -9999.0  -9999.0  -9999.0  -9999.0  -9999.0  0.576412327365  1.8587094567  0.609018091149  0.738963844874  0.687722090243  1.30147614707  1.89132391366  2.44035283045  16.6221368228  17.0586442483  0.454483230405  0.858181764149  1.26942752215  1.53194793606  1.7884165782  2.55436446655  2.8299309644  0.110737554753  0.120127710144  0.10622677685  0.110546866695  0.142825375872  0.157681550843  0.15199731824  0.172846496757  0.598448666191  0.267203554456  0.132650496134  0.129130399137  0.102821037233  0.186753398336  448.081478524  3.76627295469  1.68831321922  0.207226988784  0.0962755195661  0.061306706173  0.186838887193  0.119542284638  0.0565028395312  0.0557208156909  0.400573713994  0.555922668696  0.599659940066  0.019876099849  0.504945334717  0.329251828169  0.0327503223076  0.0258843157243  0.0712894423664  0.467977667152  0.211025038478  0.138600886206  1.59977891714  0.076931889674  0.0900690789514  0.462436598242  0.231430829347  0.405035861201  0.186575922857  -9999.0  -9999.0  -9999.0  -9999.0  -9999.0
-9999.0  -9999.0  -9999.0  -9999.0  -9999.0  -9999.0  -9999.0  -9999.0  -9999.0  -9999.0  -9999.0  -9999.0  -9999.0  -9999.0  0.591076387608  1.17186840783  4.21423649524  0.593311565054  1.44163057555  2.09434710694  2.67689838612  0.622815165488  1.13380444781  1.72179947408  19.2939243509  0.418988653456  0.787654711076  1.17580604407  0.32189626354  0.627535363357  0.726401951876  0.951508481932  31.8150817139  32.0771387709  32.3517108666  33.7628039645  34.1442685343  35.1249711565  0.327635798391  0.680552813781  0.755743800897  38.2794691473  38.5016601329  0.11641818051  0.182866194451  0.24727906949  448.165922368  3.58578645662  1.62880592309  1.50738500312  1.29749445137  1.15738126487  0.247646633513  0.0655678663917  0.105416144476  0.0486113392541  0.0470289633832  0.0770355908422  0.631206838106  1.1957706274  0.545049068323  0.0881830153706  0.0605051166304  0.0438231041096  0.738596200724  0.608600067237  0.0764052607465  1.93784222599  1.67830122656  0.146637573844  0.887707387532  0.557562779221  0.628524945529  0.532743807674  0.114256691916  -9999.0  -9999.0  -9999.0  -9999.0  -9999.0
-9999.0  -9999.0  -9999.0  -9999.0  -9999.0  -9999.0  -9999.0  -9999.0  -9999.0  -9999.0  -9999.0  -9999.0  -9999.0  -9999.0  0.604972437652  1.84906892505  6.68253627147  9.96235888441  0.536504524829  13.0849018566  16.3396117818  0.562784934156  1.06311504964  1.63529076022  23.9820071889  24.4440965451  0.339931304048  1.86483494551  2.16008484927  2.38997516845  29.9806087922  30.4179675522  30.7643766072  0.182454372491  0.985024113311  1.19723821426  0.499955033754  0.716450533814  36.1085913629  37.1036656828  37.276207473  37.437164535  38.6818280811  0.0876294148404  0.0779801881723  0.392707363769  448.27892487  0.142680423274  0.0290660488079  0.108683873817  0.051160661306  1.00956592681  0.916169634875  0.550376042567  0.374003631514  0.14826351654  0.0549595275167  0.108933275856  0.0195465107418  1.21606807816  0.132858040463  0.108249238674  0.01761148292  0.0635124554324  0.769392781045  0.0200984611321  0.0141622864384  1.96678866063  0.0433588578179  1.02845943824  0.969725233234  0.879797332762  0.808708569232  0.0860001587257  0.315019272605  0.100071302809  -9999.0  -9999.0  -9999.0  -9999.0
-9999.0  -9999.0  -9999.0  -9999.0  -9999.0  -9999.0  -9999.0  -9999.0  -9999.0  -9999.0  -9999.0  -9999.0  -9999.0  -9999.0  -9999.0  -9999.0  1.3365689019  2.69997269434  11.8441110941  12.5163685243  16.9272670255  17.521327953  0.55144047398  1.10339017821  2.56489793736  24.947996441  25.7242549588  26.0173465714  0.235034235783  27.0233391902  27.4603049547  0.298547880045  0.176999905529  0.327389145094  0.64360316161  0.15872828797  0.316020556925  0.670827220741  0.845364673693  0.170752239064  0.1089428306  0.214036320158  39.4504787182  39.7052090336  39.7704602405  40.3619668723  448.372972723  0.107008437483  0.0153235925587  0.0278392309183  0.0264219276224  0.0278752530854  0.0212287680067  0.0372751148687  0.0624576960822  0.134040605705  0.0687938832261  0.0615823981832  0.20470009265  1.46650358468  1.64193312758  1.67234200785  1.77607893209  0.0201258681808  0.789658019103  0.0680263093758  0.0272714332059  1.99078081731  2.0562784002  1.07442226537  1.13901447669  0.980951532442  0.595550538925  0.515540940783  0.428378136809  -9999.0  -9999.0  -9999.0  -9999.0  -9999.0
-9999.0  -9999.0  -9999.0  -9999.0  -9999.0  -9999.0  -9999.0  -9999.0  -9999.0  -9999.0  -9999.0  -9999.0  -9999.0  -9999.0  -9999.0  -9999.0  0.706583728866  0.689786652266  0.677360829328  1.32845245786  0.586598888081  18.6885378592  19.2287643216  0.515928402444  0.994931119719  0.475651177849  0.385529418154  0.370289030324  26.5980320732  0.134543412712  0.279999926259  0.176546691736  0.176481579098  0.158349190118  0.119214982901  0.12549983968  0.389829437337  0.539322850764  0.10248946312  0.0890467514545  0.198661766799  0.340869560953  0.424095802541  0.121335489989  39.8870020484  40.43518467  448.442916366  0.266810402656  0.040123242011  0.010717201891  0.0335584179287  0.00748977139995  0.00471826025334  0.0428990096286  0.29882878068  0.179802724367  0.0341598156778  0.0307245263262  0.0582489324276  0.0235906002628  0.0212818504909  0.025516538682  0.0286697161921  2.76046722218  0.878178154088  0.0191269736288  0.0293861238968  0.0135747406819  5.2204016289  3.14751772239  3.12085183272  1.03740886208  0.767492460979  0.0689052717724  -9999.0  -9999.0  -9999.0  -9999.0  -9999.0  -9999.0
-9999.0  -9999.0  -9999.0  -9999.0  -9999.0  -9999.0  -9999.0  -9999.0  -9999.0  -9999.0  -9999.0  -9999.0  -9999.0  -9999.0  -9999.0  -9999.0  -9999.0  -9999.0  0.682629430005  1.94921370033  2.49354269504  3.06524455875  19.7818450862  20.3265129954  20.8506981846  21.3819552071  21.7393279052  22.4918524397  22.6266814033  22.7444587599  22.8550319497  0.144796382016  0.134546211996  0.147737084734  0.526810417554  0.144129304184  0.137346509056  0.101742460968  0.299997968906  0.125446507247  0.0944831200422  0.0861446333764  0.0716574474723  0.142940566485  0.208349575603  40.8702916021  489.649770424  0.114584642375  0.211443236997  0.00683848911442  0.0398630260691  0.0162530666557  0.0095151630734  0.573770868029  0.488684183003  0.125989078353  0.0648144641998  0.119461674082  0.0312865946454  0.0703924995679  0.0386929149386  0.0679905283566  0.0244562795933  0.0350550116298  2.78607869648  2.85610508915  6.11365924916  6.08380177982  6.05968049008  0.0281383491615  0.889842756248  0.857282861269  0.0647395096067  -9999.0  -9999.0  -9999.0  -9999.0  -9999.0  -9999.0  -9999.0
-9999.0  -9999.0  -9999.0  -9999.0  -9999.0  -9999.0  -9999.0  -9999.0  -9999.0  -9999.0  -9999.0  -9999.0  -9999.0  -9999.0  -9999.0  -9999.0  -9999.0  -9999.0  -9999.0  0.565005895882  4.52624969563  8.82317233  9.41385001107  0.692009385218  1.21854046304  1.6968937615  2.06309530333  4.61612130571  4.76651757351  0.147119630625  0.144162006968  23.1630131217  23.4279323656  23.5497203155  0.623020307856  0.0898907767142  0.239937781867  0.347829874304  1.0338142978  1.26904211832  1.4508100876  0.163499141279  0.227355527176  0.0790456258815  0.154458835953  0.0837535433906  489.793638072  0.101486267618  0.40953726558  0.102100374942  0.177027406906  0.716011355402  0.77241290426  1.39724360847  0.433458781316  0.372332344814  0.217058356232  0.194558827977  0.0507974094644  0.0897325907491  0.094805858214  0.0786912730136  0.0095418177913  9.29622988516  9.22975745666  9.19572055086  6.22864130013  0.0499840992456  0.761587185324  0.535188620296  0.353366429418  0.220045208351  0.0349898532724  -9999.0  -9999.0  -9999.0  -9999.0  -9999.0  -9999.0  -9999.0
-9999.0  -9999.0  -9999.0  -9999.0  -9999.0  -9999.0  -9999.0  -9999.0  -9999.0  -9999.0  -9999.0  -9999.0  -9999.0  -9999.0  -9999.0  -9999.0  -9999.0  -9999.0  0.634696531007  2.02877775591  3.97014883775  5.18241307444  13.1558442505  13.7821094143  1.02159971515  1.50413573793  1.87923396162  2.23531144935  4.897352001  5.18687318416  8.70576994163  8.95242893729  9.09899317652  23.6787890309  24.6438447851  0.228225964758  0.159780606916  0.150957508624  0.290050924913  0.131302288278  1.70210849457  1.78914925431  0.299539527961  0.377031554672  0.0999678956321  128.689139045  128.887770262  618.786763835  619.325514464  0.110294098986  0.403598641315  0.256857349761  0.192151305298  1.67876665163  2.1778614152  0.318013335074  0.249173053346  0.0513599511752  0.0273721955579  0.115829766307  9.50106860955  9.38779924912  9.36946130344  9.34189481496  0.0570241976352  0.0488771393766  0.0500762581117  0.0562340017264  0.183494087006  0.122044850889  0.107822560527  0.161778533386  0.0478222109396  -9999.0  -9999.0  -9999.0  -9999.0  -9999.0  -9999.0  -9999.0
-9999.0  -9999.0  -9999.0  -9999.0  -9999.0  -9999.0  -9999.0  -9999.0  -9999.0  -9999.0  -9999.0  -9999.0  -9999.0  -9999.0  -9999.0  -9999.0  -9999.0  -9999.0  -9999.0  0.728276409065  0.709466878837  1.33756979036  3.17420886657  14.3560242669  0.531070541446  0.522652575075  0.910032001415  1.29741684559  2.95572281287  3.13722964181  0.123631307921  0.166029946758  9.29006320779  9.43243764872  34.2021601682  34.3247194331  0.0819994996633  0.0712836922081  0.0603051017012  0.0609603702082  0.0671016931361  127.015211644  127.59162545  128.050513974  128.229070743  128.609214964  0.1021085148  0.37288818643  0.456704200796  619.965587928  620.020843696  620.071723154  620.129351336  620.191393777  2.28403521579  0.0273055164836  0.102657039769  0.0819280079606  0.0200684498097  0.135763210934  9.56665701563  0.0404818881901  0.0164559563245  0.168490619661  0.15367036133  0.128956906991  0.102694179157  0.0614401258679  0.0746340210992  0.0683717641373  0.0566654823658  0.0623740971772  -9999.0  -9999.0  -9999.0  -9999.0  -9999.0  -9999.0  -9999.0  -9999.0
-9999.0  -9999.0  -9999.0  -9999.0  -9999.0  -9999.0  -9999.0  -9999.0  -9999.0  -9999.0  -9999.0  -9999.0  -9999.0  -9999.0  -9999.0  -9999.0  -9999.0  -9999.0  -9999.0  -9999.0  0.647770082956  0.679600564445  1.26011151432  16.8121448418  17.3748869809  0.507574605894  0.903274541453  1.3021628871  1.51641304255  0.168845725942  0.34839899801  34.3405357183  34.4768980177  34.6138812958  35.7513196285  70.2041431843  123.553001374  123.752205212  123.935730798  124.108871976  124.88488058  125.139340312  0.495564723589  0.219095962984  0.136903068864  0.254672207044  0.185752546241  0.296609745134  0.0930085549724  2.09858841476  2.47458963204  2.77963973726  2.81492700844  620.220174426  622.582738352  622.79627264  0.140711678908  0.0243505788325  0.198021713188  0.160214606614  9.6169636376  0.0260392083403  0.450315677496  0.261409496608  0.240533281188  0.166520630364  0.0783124184501  0.0809987998313  0.0422359843096  -9999.0  -9999.0  -9999.0  -9999.0  -9999.0  -9999.0  -9999.0  -9999.0  -9999.0  -9999.0  -9999.0
-9999.0  -9999.0  -9999.0  -9999.0  -9999.0  -9999.0  -9999.0  -9999.0  -9999.0  -9999.0  -9999.0  -9999.0  -9999.0  -9999.0  -9999.0  -9999.0  -9999.0  -9999.0  -9999.0  -9999.0  -9999.0  0.66241769907  1.26990818678  1.88026198652  17.8688446043  0.498152117457  23.9570700861  24.3742345279  24.537732454  24.7251291938  33.571484324  33.7999539386  0.167077675232  0.834406947722  1.02618601109  0.177460350388  53.1515925731  52.8367614695  0.0948606091099  0.225709057059  0.622743634074  0.140908940454  0.156130248313  0.112458903766  0.0959447552755  0.0717135358981  0.0880543579775  1.80144834513  1.89586579469  2.00671605557  0.291826289683  0.231676236357  2.94142160085  3.00524761678  3.03021418914  622.822036893  622.847463951  0.265343828623  0.220034271745  10.1403267944  10.1184177362  0.476585105936  0.0383319079953  0.017213133094  0.37954311401  0.315385579643  0.233047993588  0.122444144442  0.0589284991791  0.0259101166235  -9999.0  -9999.0  -9999.0  -9999.0  -9999.0  -9999.0  -9999.0  -9999.0  -9999.0  -9999.0
-9999.0  -9999.0  -9999.0  -9999.0  -9999.0  -9999.0  -9999.0  -9999.0  -9999.0  -9999.0  -9999.0  -9999.0  -9999.0  -9999.0  -9999.0  -9999.0  -9999.0  -9999.0  -9999.0  -9999.0  -9999.0  0.601644473535  0.565517535972  2.93947591001  21.9629990803  23.032313625  23.5768201496  0.418650136405  8.382875031  8.53664590931  8.62215844483  0.199669372127  0.393212974699  0.563267386103  12.1457313098  12.2725413776  12.3816941519  52.6331501765  33.3490281459  0.129004208141  0.136241594199  0.128646943896  0.100332763222  1.07480882168  1.29687517713  1.48798368324  1.59880737448  1.70480983182  11.6858787927  11.7534809714  11.8421261921  12.026927994  13.0289735465  13.064698402  16.1321243454  0.0263211844563  622.868030957  622.898559497  0.293353824988  10.1588215345  0.0402106471995  0.0198003946078  0.062107471902  0.604225184055  0.592169082639  0.148601418147  0.0746257371518  0.157056407893  0.0965931991294  0.0255064994571  0.0207253687883  0.0201855018611  -9999.0  -9999.0  -9999.0  -9999.0  -9999.0  -9999.0  -9999.0  -9999.0
-9999.0  -9999.0  -9999.0  -9999.0  -9999.0  -9999.0  -9999.0  -9999.0  -9999.0  -9999.0  -9999.0  -9999.0  -9999.0  -9999.0  -9999.0  -9999.0  -9999.0  -9999.0  -9999.0  -9999.0  -9999.0  -9999.0  1.18165941607  1.80911544275  0.619949354866  0.527216287498  7.02600276306  7.46937207036  7.75305591188  2.5533940892  2.67660963307  2.82436332494  2.99509113729  11.8475506819  12.0351349521  6.50319346379  19.0348748827  19.1729947784  33.2486408743  0.27628949005  0.140517176733  0.0939039925971  0.744107178258  0.87625368551  0.0797494296817  0.0740250765773  11.3077312323  11.5096844839  11.6148954  0.0828707881551  0.127475047435  12.8531094386  0.0978738853576  0.325457502903  0.353631823873  16.5387253929  16.5658095898  16.9636455997  640.177587233  10.2219951652  0.761246176178  0.739064057972  0.710032244358  0.617383941365  0.0201369646613  0.281337167355  0.232103221758  0.0928247655322  0.0320934813201  0.0430198948474  0.104503230941  0.0624923635657  -9999.0  -9999.0  -9999.0  -9999.0  -9999.0  -9999.0  -9999.0  -9999.0
-9999.0  -9999.0  -9999.0  -9999.0  -9999.0  -9999.0  -9999.0  -9999.0  -9999.0  -9999.0  -9999.0  -9999.0  -9999.0  -9999.0  -9999.0  -9999.0  -9999.0  -9999.0  -9999.0  -9999.0  -9999.0  -9999.0  0.595241671568  1.17767455128  4.89762587905  5.51920560203  6.05576767071  2.07728043936  2.4183404941  0.156470134705  8.41321944265  8.54372251041  8.67547923718  0.161684792355  6.15993228377  6.35587703077  0.141321478774  32.5264032961  0.312388324586  0.153288443206  0.406263988504  0.547347038262  0.105647607181  0.0832700791989  10.2947047197  11.1215918774  11.2466923991  0.122019369905  0.262125011241  0.325293899735  0.393040068229  0.766609089852  0.117789919823  0.269834917551  0.0486198899306  0.0948818055207  16.9022026282  16.9354308034  640.211247809  651.341723101  0.87810321949  0.0727913436015  0.0578852505412  0.0378872495701  0.0125026687801  0.2974626471  0.197727118709  0.153824870585  0.363861107708  0.306247395061  0.217954418006  0.0561813623697  0.0221894368073  -9999.0  -9999.0  -9999.0  -9999.0  -9999.0  -9999.0  -9999.0
-9999.0  -9999.0  -9999.0  -9999.0  -9999.0  -9999.0  -9999.0  -9999.0  -9999.0  -9999.0  -9999.0  -9999.0  -9999.0  -9999.0  -9999.0  -9999.0  -9999.0  -9999.0  -9999.0  -9999.0  -9999.0  -9999.0  0.589869958194  1.85100523522  3.16118397278  0.65701901343  1.14980706826  1.65512042931  7.76618271567  7.9895510537  8.13153040379  0.119276379451  5.28203372553  5.69027766564  5.84731771029  0.0899633360719  31.8994812188  32.2511494856  0.165186549098  0.148283953181  0.300839609535  0.121267276454  9.70068760583  9.9183585822  10.0562470342  0.521835124471  0.650098894683  0.109456848195  0.193567497558  0.0849745885104  0.583468084273  0.0882972784172  0.0712559551954  0.0758785006323  0.076593364589  0.156340835108  0.20542639974  56.5939732539  56.6907941896  708.139896787  708.154467009  708.202512858  0.07576809829  0.640320441248  0.585123710792  0.259202507355  0.249202396805  0.0354740492019  0.450515856047  0.0290509410147  0.0238168862047  0.0180173040588  0.0942009055293  0.045872590074  -9999.0  -9999.0  -9999.0  -9999.0  -9999.0  -9999.0
-9999.0  -9999.0  -9999.0  -9999.0  -9999.0  -9999.0  -9999.0  -9999.0  -9999.0  -9999.0  -9999.0  -9999.0  -9999.0  -9999.0  -9999.0  -9999.0  -9999.0  -9999.0  -9999.0  -9999.0  -9999.0  -9999.0  -9999.0  0.643269265909  0.677613901134  0.661348417428  5.48095914431  5.96381264185  7.36577625611  0.273829334144  4.7279534857  5.06313142677  0.135898704085  0.295149237596  0.103241919814  31.5479816129  0.137413581114  0.406913147072  0.51812661909  0.614058257777  8.94026030093  9.34076086684  9.49000272874  0.150051207038  0.279034362328  0.393720581699  0.0690188673451  0.062565139765  29.5530515237  29.6169237575  29.6669548154  30.2453472487  30.3128927974  30.4080762251  30.4663938323  48.8722600219  48.9271280069  56.5592116505  0.0599238174026  0.0733868226735  0.110335785208  708.329437996  708.530427931  709.220506371  709.233075714  0.023541881887  0.00987722441618  0.504583506744  0.489509877767  0.0167369051535  0.059563657156  0.469354834879  0.32025951901  0.28740036726  0.0779161417275  -9999.0  -9999.0  -9999.0  -9999.0  -9999.0
-9999.0  -9999.0  -9999.0  -9999.0  -9999.0  -9999.0  -9999.0  -9999.0  -9999.0  -9999.0  -9999.0  -9999.0  -9999.0  -9999.0  -9999.0  -9999.0  -9999.0  -9999.0  -9999.0  -9999.0  -9999.0  -9999.0  -9999.0  0.557295737288  1.23329683925  2.59155503481  5.01489525873  0.554184663602  1.00986584842  4.06002146234  4.31010258496  0.173158333771  7.19440034084  7.33314268051  31.203963991  31.3257503724  0.11839718511  0.229955953482  1.03780908406  7.97780621746  8.25501431891  0.310768280515  0.169623559496  0.131889203141  26.4279284914  26.6616747913  26.84874717  27.0406451679  29.4953890996  0.208386848709  30.183876942  0.118458900114  0.0723870184024  0.145357323339  18.2827120477  18.3664317993  7.34709434925  7.56798054569  0.147095873677  0.0693567005482  0.0715866415606  0.0759831776153  0.111175408168  0.0357317662075  752.769518416  752.805377604  0.675100091625  0.528808568628  0.012707066422  0.754896864844  0.705978185932  0.581622536455  0.0498652876235  0.0698790237351  0.0867280849885  -9999.0  -9999.0  -9999.0  -9999.0  -9999.0
-9999.0  -9999.0  -9999.0  -9999.0  -9999.0  -9999.0  -9999.0  -9999.0  -9999.0  -9999.0  -9999.0  -9999.0  -9999.0  -9999.0  -9999.0  -9999.0  -9999.0  -9999.0  -9999.0  -9999.0  -9999.0  -9999.0  -9999.0  -9999.0  0.671361509309  1.30550193646  1.84525816278  3.1445932835  3.60270393261  6.00518549232  6.75319416647  6.92257974293  7.07004423435  23.6079108721  23.7471786785  0.0853337009592  0.882548223837  0.993233070134  6.80819765597  6.90071335984  0.172912654358  0.0638766765222  25.9487852328  26.0856685049  26.19945717  0.128306522866  2.11335749523  2.22562077128  2.3512564547  0.107363688395  0.0779685901713  0.0554197004842  0.0778289602313  17.9835714048  18.0872214946  0.0565985755171  7.29415820218  6.94123298967  6.89033141491  0.0501142099524  0.0993189735188  0.0635647770129  0.111085333625  43.2806527563  43.5105579908  753.502405283  0.0816529772383  0.0357051101  0.78825892356  0.0207013042312  0.173113564059  0.110946280322  0.0444392393044  -9999.0  -9999.0  -9999.0  -9999.0  -9999.0  -9999.0  -9999.0
-9999.0  -9999.0  -9999.0  -9999.0  -9999.0  -9999.0  -9999.0  -9999.0  -9999.0  -9999.0  -9999.0  -9999.0  -9999.0  -9999.0  -9999.0  -9999.0  -9999.0  -9999.0  -9999.0  -9999.0  -9999.0  -9999.0  -9999.0  -9999.0  0.60798663357  1.95426697608  2.62861884416  3.89616640125  4.98521550172  5.55174096685  0.426239897932  6.04833507072  23.099250023  23.4654419903  0.296938397184  0.51276762489  0.812326021894  6.58482342404  6.71949966116  17.436646841  17.7415062282  25.8483748071  25.8981673121  0.0858548805212  1.70777622452  1.87712305798  2.02308228329  0.11602287705  16.0867438102  16.1910538481  16.4642654835  17.4584174883  17.8201616256  17.8818952128  0.0920385557325  0.17165778464  0.236540004764  5.88365577801  6.79872980683  0.637695801156  0.578586413435  0.0459902400745  0.0638376973304  43.1294558143  0.196079918624  0.0634999359998  753.572393608  0.0147262536796  0.0127561310744  1.01678896976  0.215837443477  0.0481911068068  0.0281598626839  -9999.0  -9999.0  -9999.0  -9999.0  -9999.0  -9999.0  -9999.0
-9999.0  -9999.0  -9999.0  -9999.0  -9999.0  -9999.0  -9999.0  -9999.0  -9999.0  -9999.0  -9999.0  -9999.0  -9999.0  -9999.0  -9999.0  -9999.0  -9999.0  -9999.0  -9999.0  -9999.0  -9999.0  -9999.0  -9999.0  -9999.0  0.692203636335  0.65684622945  2.61143632395  3.32225971987  0.578423441865  5.09084461259  5.57376645593  0.447607421063  16.1905242456  0.440086886031  2.8201174073  6.11913499337  6.45875384909  16.1859161191  16.3702982561  17.3370992789  0.247210398768  8.04212175819  0.0510535734666  0.0986862021678  1.65020750348  0.0993188963677  3.43411376027  15.880854335  0.078582315934  0.19900822981  0.754809317364  0.109744967673  0.112804867455  0.110162471238  0.0601206242328  5.38570962447  5.68789624695  5.82304804447  0.206758311875  0.189167879796  0.344824067237  0.0572663555843  42.9426807514  42.986557027  0.0917540727428  0.0401381038781  0.0141014219914  753.680117152  754.926137613  1.2238500716  0.192816918473  0.179099033837  0.0880229677701  -9999.0  -9999.0  -9999.0  -9999.0  -9999.0  -9999.0  -9999.0
-9999.0  -9999.0  -9999.0  -9999.0  -9999.0  -9999.0  -9999.0  -9999.0  -9999.0  -9999.0  -9999.0  -9999.0  -9999.0  -9999.0  -9999.0  -9999.0  -9999.0  -9999.0  -9999.0  -9999.0  -9999.0  -9999.0  -9999.0  -9999.0  -9999.0  0.638438260636  0.688151201117  0.648586837035  3.99641388775  4.57858624739  7.14617106167  15.7829987888  0.525264268086  1.52695861367  1.98433383511  2.93182529485  0.790388481842  15.8365075895  0.364955796774  0.732009134382  7.60985784587  0.298275186692  1.20321628851  1.39361333146  0.0793192961481  0.0925298077466  3.37523960528  12.3784899171  0.106035690364  0.366108873274  0.651364927959  0.111345972489  0.0625211028883  4.96689209318  5.14608652512  0.132524601055  0.257889188271  0.0728366302866  0.131232249261  0.107785860858  0.0873882137234  0.045759259156  42.904998808  0.136680026928  -9999.0  -9999.0  0.0423192573994  0.0730708718334  754.933088836  754.939188196  754.996554152  0.0422516999603  -9999.0  -9999.0  -9999.0  -9999.0  -9999.0  -9999.0  -9999.0  -9999.0
-9999.0  -9999.0  -9999.0  -9999.0  -9999.0  -9999.0  -9999.0  -9999.0  -9999.0  -9999.0  -9999.0  -9999.0  -9999.0  -9999.0  -9999.0  -9999.0  -9999.0  -9999.0  -9999.0  -9999.0  -9999.0  -9999.0  -9999.0  -9999.0  -9999.0  -9999.0  0.658579041452  2.12600707305  2.75954311888  6.65815074222  2.54376902417  8.11381223433  4.97925446279  0.496938384545  1.53594563392  2.4646363742  0.398566794131  14.6814190644  5.27533568835  6.55840990012  0.756209632675  0.755947460814  0.330605690011  0.162308353236  3.1002459591  3.19545610144  12.0878767703  12.178690158  0.171425907079  0.268860848485  0.0690297580936  4.2662127903  4.62220073833  4.93617003667  0.141674598589  0.0652170795683  0.185671315164  0.0674842486157  0.0443583271067  0.0344438119614  42.5688058563  42.6331339284  42.6833244518  0.0932093795987  -9999.0  -9999.0  -9999.0  -9999.0  -9999.0  0.010975288463  754.996231073  754.995784786  -9999.0  -9999.0  -9999.0  -9999.0  -9999.0  -9999.0  -9999.0  -9999.0
-9999.0  -9999.0  -9999.0  -9999.0  -9999.0  -9999.0  -9999.0  -9999.0  -9999.0  -9999.0  -9999.0  -9999.0  -9999.0  -9999.0  -9999.0  -9999.0  -9999.0  -9999.0  -9999.0  -9999.0  -9999.0  -9999.0  -9999.0  -9999.0  -9999.0  -9999.0  0.762235605207  0.667646123614  6.01468609034  0.708292461589  1.9596675454  3.28712541019  4.45495414386  0.574328852825  0.532716094233  0.478437487955  13.7943043792  14.2744835899  4.90303821342  0.928265474026  0.42152680313  0.420119129713  2.69718950694  3.0122731778  10.9485484611  11.4545473712  11.8794337844  0.127912399179  0.0890886089521  4.09490342324  4.14909401174  4.21880294986  0.31693652782  0.172033621277  0.0793959183557  0.0741663801444  0.0464826957279  0.412743479376  0.438416145506  42.534922031  42.5505158306  0.0422598869459  0.0247249661415  0.0466327815961  -9999.0  -9999.0  -9999.0  -9999.0  -9999.0  -9999.0  -9999.0  -9999.0  -9999.0  -9999.0  -9999.0  -9999.0  -9999.0  -9999.0  -9999.0  -9999.0
-9999.0  -9999.0  -9999.0  -9999.0  -9999.0  -9999.0  -9999.0  -9999.0  -9999.0  -9999.0  -9999.0  -9999.0  -9999.0  -9999.0  -9999.0  -9999.0  -9999.0  -9999.0  -9999.0  -9999.0  -9999.0  -9999.0  -9999.0  -9999.0  -9999.0  -9999.0  -9999.0  1.44000745425  4.67182490644  2.58493060214  0.61888109151  2.61995704204  0.589108976366  1.86150197302  2.30657568449  12.1907408536  13.3108733961  4.02498313488  4.47485939669  0.482293494577  1.94864510764  2.34366936808  6.91689154726  10.3823161147  10.7281092825  0.341226434061  0.252486903493  3.2908168908  3.71966999025  4.04280372921  0.0921123689631  0.166440302827  0.251702204644  0.0840832749373  0.172236611809  0.274139677112  0.315952458452  0.387070707436  0.0392265621752  42.0405910566  0.087945286063  0.0263626421212  -9999.0  -9999.0  -9999.0  -9999.0  -9999.0  -9999.0  -9999.0  -9999.0  -9999.0  -9999.0  -9999.0  -9999.0  -9999.0  -9999.0  -9999.0  -9999.0  -9999.0  -9999.0
-9999.0  -9999.0  -9999.0  -9999.0  -9999.0  -9999.0  -9999.0  -9999.0  -9999.0  -9999.0  -9999.0  -9999.0  -9999.0  -9999.0  -9999.0  -9999.0  -9999.0  -9999.0  -9999.0  -9999.0  -9999.0  -9999.0  -9999.0  -9999.0  -9999.0  -9999.0  -9999.0  0.767846131415  0.683223107891  1.24010202016  0.674013714969  1.3321120159  1.30961170271  7.44591681366  8.06468165682  1.25957351075  0.537298459244  3.58053003092  1.05060354962  1.55841422118  5.72539369211  6.14910127731  6.57113134327  3.1340180515  1.16702027083  1.88250719726  2.51923868291  3.17517069926  0.315654796385  0.160466579746  24.155242254  24.2709423969  24.3495907012  0.065408833797  0.11756742804  0.0663706182248  0.0467667524326  40.4326890748  41.00506754  0.847865559735  0.680037757336  0.0576250058754  -9999.0  -9999.0  -9999.0  -9999.0  -9999.0  -9999.0  -9999.0  -9999.0  -9999.0  -9999.0  -9999.0  -9999.0  -9999.0  -9999.0  -9999.0  -9999.0  -9999.0  -9999.0
-9999.0  -9999.0  -9999.0  -9999.0  -9999.0  -9999.0  -9999.0  -9999.0  -9999.0  -9999.0  -9999.0  -9999.0  -9999.0  -9999.0  -9999.0  -9999.0  -9999.0  -9999.0  -9999.0  -9999.0  -9999.0  -9999.0  -9999.0  -9999.0  -9999.0  -9999.0  -9999.0  -9999.0  -9999.0  0.514552810946  0.640147751853  0.696022023583  2.80155297781  6.8882225524  3.46884054411  0.593782043107  2.47946574298  3.05512409192  0.513352189798  4.85129300367  5.30132372188  1.44288264859  2.28338528494  0.436173780464  0.765612805332  0.375638850073  0.330512983244  0.305335928247  23.6354331702  23.8679431509  24.0628698123  0.961169182982  25.5425237328  25.7206353381  25.8589864303  25.998728993  26.20231518  40.3871065482  40.5864760458  0.330806269422  0.61238506012  0.161041652991  -9999.0  -9999.0  -9999.0  -9999.0  -9999.0  -9999.0  -9999.0  -9999.0  -9999.0  -9999.0  -9999.0  -9999.0  -9999.0  -9999.0  -9999.0  -9999.0  -9999.0  -9999.0
-9999.0  -9999.0  -9999.0  -9999.0  -9999.0  -9999.0  -9999.0  -9999.0  -9999.0  -9999.0  -9999.0  -9999.0  -9999.0  -9999.0  -9999.0  -9999.0  -9999.0  -9999.0  -9999.0  -9999.0  -9999.0  -9999.0  -9999.0  -9999.0  -9999.0  -9999.0  -9999.0  -9999.0  -9999.0  -9999.0  -9999.0  0.774801213884  1.44702594378  1.43322156397  1.39996857972  1.33174834342  1.96654348688  3.26020904968  3.77661549992  4.38129131693  0.486502343123  0.989908778025  0.426504395009  0.374653651125  14.4359765963  17.536930543  18.2364185841  18.5768187925  23.3887103247  0.284899244213  0.522864316169  0.801659215797  4.56180414382  4.77651168136  4.9183046013  10.8305800043  13.00744756  14.0318448882  0.195653158332  0.174571334461  0.378225608868  0.0969666329037  -9999.0  -9999.0  -9999.0  -9999.0  -9999.0  -9999.0  -9999.0  -9999.0  -9999.0  -9999.0  -9999.0  -9999.0  -9999.0  -9999.0  -9999.0  -9999.0  -9999.0  -9999.0
-9999.0  -9999.0  -9999.0  -9999.0  -9999.0  -9999.0  -9999.0  -9999.0  -9999.0  -9999.0  -9999.0  -9999.0  -9999.0  -9999.0  -9999.0  -9999.0  -9999.0  -9999.0  -9999.0  -9999.0  -9999.0  -9999.0  -9999.0  -9999.0  -9999.0  -9999.0  -9999.0  -9999.0  -9999.0  -9999.0  -9999.0  -9999.0  0.735491259917  0.737089818029  0.707924784959  0.675585699665  1.34346484762  2.67645717303  2.53425853226  3.04801457462  3.47333750216  7.92378050949  8.35484797141  13.7343127412  14.1441553524  2.79624103591  0.384066790884  4.15404083767  4.48263357127  1.80761561182  3.49336683007  4.09761146  4.36492919354  0.225382608117  5.78945677298  11.3007610695  12.8960659579  0.200083149821  0.669377929178  0.108649926807  0.290836204785  -9999.0  -9999.0  -9999.0  -9999.0  -9999.0  -9999.0  -9999.0  -9999.0  -9999.0  -9999.0  -9999.0  -9999.0  -9999.0  -9999.0  -9999.0  -9999.0  -9999.0  -9999.0  -9999.0
-9999.0  -9999.0  -9999.0  -9999.0  -9999.0  -9999.0  -9999.0  -9999.0  -9999.0  -9999.0  -9999.0  -9999.0  -9999.0  -9999.0  -9999.0  -9999.0  -9999.0  -9999.0  -9999.0  -9999.0  -9999.0  -9999.0  -9999.0  -9999.0  -9999.0  -9999.0  -9999.0  -9999.0  -9999.0  -9999.0  -9999.0  -9999.0  -9999.0  -9999.0  -9999.0  0.727545865999  0.704875921209  0.686852224804  1.94977107235  1.79905164997  3.43898285533  4.00976418805  0.470042294278  4.94418241212  1.93088070619  2.39603380237  2.57564828196  3.81494158645  1.12030483119  0.366048568477  1.445549754  0.34815932656  3.15679197839  3.74857235445  5.37933376911  0.248060749441  0.900267894962  0.297238231623  0.361219637571  0.106900478085  0.199400910897  -9999.0  -9999.0  -9999.0  -9999.0  -9999.0  -9999.0  -9999.0  -9999.0  -9999.0  -9999.0  -9999.0  -9999.0  -9999.0  -9999.0  -9999.0  -9999.0  -9999.0  -9999.0  -9999.0
-9999.0  -9999.0  -9999.0  -9999.0  -9999.0  -9999.0  -9999.0  -9999.0  -9999.0  -9999.0  -9999.0  -9999.0  -9999.0  -9999.0  -9999.0  -9999.0  -9999.0  -9999.0  -9999.0  -9999.0  -9999.0  -9999.0  -9999.0  -9999.0  -9999.0  -9999.0  -9999.0  -9999.0  -9999.0  -9999.0  -9999.0  -9999.0  -9999.0  -9999.0  -9999.0  -9999.0  -9999.0  0.644583688944  0.588123250026  1.20951800193  1.11607221967  2.96623864625  3.98006649004  1.03195876576  1.47514650536  1.30968394594  2.18857547447  0.843329974174  0.787445916511  0.785466669613  0.33843829059  1.87062000679  2.87319674009  0.321080400892  1.346880473  0.451242132167  0.215184276095  0.10308155795  0.11484148139  0.125797154237  -9999.0  -9999.0  -9999.0  -9999.0  -9999.0  -9999.0  -9999.0  -9999.0  -9999.0  -9999.0  -9999.0  -9999.0  -9999.0  -9999.0  -9999.0  -9999.0  -9999.0  -9999.0  -9999.0  -9999.0
-9999.0  -9999.0  -9999.0  -9999.0  -9999.0  -9999.0  -9999.0  -9999.0  -9999.0  -9999.0  -9999.0  -9999.0  -9999.0  -9999.0  -9999.0  -9999.0  -9999.0  -9999.0  -9999.0  -9999.0  -9999.0  -9999.0  -9999.0  -9999.0  -9999.0  -9999.0  -9999.0  -9999.0  -9999.0  -9999.0  -9999.0  -9999.0  -9999.0  -9999.0  -9999.0  -9999.0  -9999.0  -9999.0  -9999.0  0.5855941764  1.28188471372  2.46097366242  0.535470397045  0.52396884113  0.420346327881  0.885675394414  0.450993518365  0.42969694996  0.413016493194  0.413186630606  0.787609990332  1.55636757353  0.706633251407  0.739973299106  1.05528189561  0.22413269437  0.100182379787  -9999.0  -9999.0  -9999.0  -9999.0  -9999.0  -9999.0  -9999.0  -9999.0  -9999.0  -9999.0  -9999.0  -9999.0  -9999.0  -9999.0  -9999.0  -9999.0  -9999.0  -9999.0  -9999.0  -9999.0  -9999.0  -9999.0  -9999.0
-9999.0  -9999.0  -9999.0  -9999.0  -9999.0  -9999.0  -9999.0  -9999.0  -9999.0  -9999.0  -9999.0  -9999.0  -9999.0  -9999.0  -9999.0  -9999.0  -9999.0  -9999.0  -9999.0  -9999.0  -9999.0  -9999.0  -9999.0  -9999.0  -9999.0  -9999.0  -9999.0  -9999.0  -9999.0  -9999.0  -9999.0  -9999.0  -9999.0  -9999.0  -9999.0  -9999.0  -9999.0  -9999.0  -9999.0  -9999.0  0.624441922981  0.561897564806  -9999.0  -9999.0  -9999.0  -9999.0  -9999.0  -9999.0  -9999.0  -9999.0  0.39970483166  0.379431858532  0.337851908395  0.362163074301  -9999.0  -9999.0  -9999.0  -9999.0  -9999.0  -9999.0  -9999.0  -9999.0  -9999.0  -9999.0  -9999.0  -9999.0  -9999.0  -9999.0  -9999.0  -9999.0  -9999.0  -9999.0  -9999.0  -9999.0  -9999.0  -9999.0  -9999.0  -9999.0  -9999.0  -9999.0
-9999.0  -9999.0  -9999.0  -9999.0  -9999.0  -9999.0  -9999.0  -9999.0  -9999.0  -9999.0  -9999.0  -9999.0  -9999.0  -9999.0  -9999.0  -9999.0  -9999.0  -9999.0  -9999.0  -9999.0  -9999.0  -9999.0  -9999.0  -9999.0  -9999.0  -9999.0  -9999.0  -9999.0  -9999.0  -9999.0  -9999.0  -9999.0  -9999.0  -9999.0  -9999.0  -9999.0  -9999.0  -9999.0  -9999.0  -9999.0  -9999.0  -9999.0  -9999.0  -9999.0  -9999.0  -9999.0  -9999.0  -9999.0  -9999.0  -9999.0  -9999.0  -9999.0  -9999.0  -9999.0  -9999.0  -9999.0  -9999.0  -9999.0  -9999.0  -9999.0  -9999.0  -9999.0  -9999.0  -9999.0  -9999.0  -9999.0  -9999.0  -9999.0  -9999.0  -9999.0  -9999.0  -9999.0  -9999.0  -9999.0  -9999.0  -9999.0  -9999.0  -9999.0  -9999.0  -9999.0
-9999.0  -9999.0  -9999.0  -9999.0  -9999.0  -9999.0  -9999.0  -9999.0  -9999.0  -9999.0  -9999.0  -9999.0  -9999.0  -9999.0  -9999.0  -9999.0  -9999.0  -9999.0  -9999.0  -9999.0  -9999.0  -9999.0  -9999.0  -9999.0  -9999.0  -9999.0  -9999.0  -9999.0  -9999.0  -9999.0  -9999.0  -9999.0  -9999.0  -9999.0  -9999.0  -9999.0  -9999.0  -9999.0  -9999.0  -9999.0  -9999.0  -9999.0  -9999.0  -9999.0  -9999.0  -9999.0  -9999.0  -9999.0  -9999.0  -9999.0  -9999.0  -9999.0  -9999.0  -9999.0  -9999.0  -9999.0  -9999.0  -9999.0  -9999.0  -9999.0  -9999.0  -9999.0  -9999.0  -9999.0  -9999.0  -9999.0  -9999.0  -9999.0  -9999.0  -9999.0  -9999.0  -9999.0  -9999.0  -9999.0  -9999.0  -9999.0  -9999.0  -9999.0  -9999.0  -9999.0
-9999.0  -9999.0  -9999.0  -9999.0  -9999.0  -9999.0  -9999.0  -9999.0  -9999.0  -9999.0  -9999.0  -9999.0  -9999.0  -9999.0  -9999.0  -9999.0  -9999.0  -9999.0  -9999.0  -9999.0  -9999.0  -9999.0  -9999.0  -9999.0  -9999.0  -9999.0  -9999.0  -9999.0  -9999.0  -9999.0  -9999.0  -9999.0  -9999.0  -9999.0  -9999.0  -9999.0  -9999.0  -9999.0  -9999.0  -9999.0  -9999.0  -9999.0  -9999.0  -9999.0  -9999.0  -9999.0  -9999.0  -9999.0  -9999.0  -9999.0  -9999.0  -9999.0  -9999.0  -9999.0  -9999.0  -9999.0  -9999.0  -9999.0  -9999.0  -9999.0  -9999.0  -9999.0  -9999.0  -9999.0  -9999.0  -9999.0  -9999.0  -9999.0  -9999.0  -9999.0  -9999.0  -9999.0  -9999.0  -9999.0  -9999.0  -9999.0  -9999.0  -9999.0  -9999.0  -9999.0
-9999.0  -9999.0  -9999.0  -9999.0  -9999.0  -9999.0  -9999.0  -9999.0  -9999.0  -9999.0  -9999.0  -9999.0  -9999.0  -9999.0  -9999.0  -9999.0  -9999.0  -9999.0  -9999.0  -9999.0  -9999.0  -9999.0  -9999.0  -9999.0  -9999.0  -9999.0  -9999.0  -9999.0  -9999.0  -9999.0  -9999.0  -9999.0  -9999.0  -9999.0  -9999.0  -9999.0  -9999.0  -9999.0  -9999.0  -9999.0  -9999.0  -9999.0  -9999.0  -9999.0  -9999.0  -9999.0  -9999.0  -9999.0  -9999.0  -9999.0  -9999.0  -9999.0  -9999.0  -9999.0  -9999.0  -9999.0  -9999.0  -9999.0  -9999.0  -9999.0  -9999.0  -9999.0  -9999.0  -9999.0  -9999.0  -9999.0  -9999.0  -9999.0  -9999.0  -9999.0  -9999.0  -9999.0  -9999.0  -9999.0  -9999.0  -9999.0  -9999.0  -9999.0  -9999.0  -9999.0
-9999.0  -9999.0  -9999.0  -9999.0  -9999.0  -9999.0  -9999.0  -9999.0  -9999.0  -9999.0  -9999.0  -9999.0  -9999.0  -9999.0  -9999.0  -9999.0  -9999.0  -9999.0  -9999.0  -9999.0  -9999.0  -9999.0  -9999.0  -9999.0  -9999.0  -9999.0  -9999.0  -9999.0  -9999.0  -9999.0  -9999.0  -9999.0  -9999.0  -9999.0  -9999.0  -9999.0  -9999.0  -9999.0  -9999.0  -9999.0  -9999.0  -9999.0  -9999.0  -9999.0  -9999.0  -9999.0  -9999.0  -9999.0  -9999.0  -9999.0  -9999.0  -9999.0  -9999.0  -9999.0  -9999.0  -9999.0  -9999.0  -9999.0  -9999.0  -9999.0  -9999.0  -9999.0  -9999.0  -9999.0  -9999.0  -9999.0  -9999.0  -9999.0  -9999.0  -9999.0  -9999.0  -9999.0  -9999.0  -9999.0  -9999.0  -9999.0  -9999.0  -9999.0  -9999.0  -9999.0
-9999.0  -9999.0  -9999.0  -9999.0  -9999.0  -9999.0  -9999.0  -9999.0  -9999.0  -9999.0  -9999.0  -9999.0  -9999.0  -9999.0  -9999.0  -9999.0  -9999.0  -9999.0  -9999.0  -9999.0  -9999.0  -9999.0  -9999.0  -9999.0  -9999.0  -9999.0  -9999.0  -9999.0  -9999.0  -9999.0  -9999.0  -9999.0  -9999.0  -9999.0  -9999.0  -9999.0  -9999.0  -9999.0  -9999.0  -9999.0  -9999.0  -9999.0  -9999.0  -9999.0  -9999.0  -9999.0  -9999.0  -9999.0  -9999.0  -9999.0  -9999.0  -9999.0  -9999.0  -9999.0  -9999.0  -9999.0  -9999.0  -9999.0  -9999.0  -9999.0  -9999.0  -9999.0  -9999.0  -9999.0  -9999.0  -9999.0  -9999.0  -9999.0  -9999.0  -9999.0  -9999.0  -9999.0  -9999.0  -9999.0  -9999.0  -9999.0  -9999.0  -9999.0  -9999.0  -9999.0
