ncols                  80
nrows                 72
xllcorner      4374000.0
yllcorner      5656000.0
cellsize            500
NODATA_value       -9999
-9999.0  -9999.0  -9999.0  -9999.0  -9999.0  -9999.0  -9999.0  -9999.0  -9999.0  -9999.0  -9999.0  -9999.0  0.589611986235  0.533011904342  -9999.0  -9999.0  -9999.0  -9999.0  -9999.0  -9999.0  -9999.0  -9999.0  -9999.0  -9999.0  -9999.0  -9999.0  -9999.0  -9999.0  -9999.0  -9999.0  -9999.0  -9999.0  -9999.0  -9999.0  -9999.0  -9999.0  -9999.0  -9999.0  -9999.0  -9999.0  -9999.0  -9999.0  -9999.0  -9999.0  -9999.0  -9999.0  -9999.0  -9999.0  -9999.0  -9999.0  -9999.0  -9999.0  -9999.0  -9999.0  -9999.0  -9999.0  -9999.0  -9999.0  -9999.0  -9999.0  -9999.0  -9999.0  -9999.0  -9999.0  -9999.0  -9999.0  -9999.0  -9999.0  -9999.0  -9999.0  -9999.0  -9999.0  -9999.0  -9999.0  -9999.0  -9999.0  -9999.0  -9999.0  -9999.0  -9999.0
-9999.0  -9999.0  -9999.0  -9999.0  -9999.0  -9999.0  -9999.0  -9999.0  -9999.0  -9999.0  -9999.0  -9999.0  1.20533797532  2.6341052023  0.400865379856  -9999.0  0.409478308548  -9999.0  -9999.0  -9999.0  -9999.0  -9999.0  -9999.0  -9999.0  -9999.0  -9999.0  -9999.0  -9999.0  -9999.0  -9999.0  -9999.0  -9999.0  -9999.0  -9999.0  -9999.0  -9999.0  -9999.0  -9999.0  -9999.0  -9999.0  -9999.0  -9999.0  -9999.0  -9999.0  -9999.0  -9999.0  -9999.0  -9999.0  -9999.0  -9999.0  -9999.0  -9999.0  -9999.0  -9999.0  -9999.0  -9999.0  -9999.0  -9999.0  -9999.0  -9999.0  -9999.0  -9999.0  -9999.0  -9999.0  -9999.0  -9999.0  -9999.0  -9999.0  -9999.0  -9999.0  -9999.0  -9999.0  -9999.0  -9999.0  -9999.0  -9999.0  -9999.0  -9999.0  -9999.0  -9999.0
-9999.0  -9999.0  -9999.0  -9999.0  -9999.0  -9999.0  -9999.0  -9999.0  -9999.0  -9999.0  0.5357803516  0.508897389585  0.552425096716  0.558305811536  3.60666525505  3.95165451664  1.0835159632  0.343430677416  -9999.0  -9999.0  -9999.0  -9999.0  -9999.0  -9999.0  -9999.0  -9999.0  -9999.0  -9999.0  -9999.0  -9999.0  -9999.0  -9999.0  -9999.0  -9999.0  -9999.0  -9999.0  -9999.0  -9999.0  -9999.0  -9999.0  -9999.0  -9999.0  -9999.0  -9999.0  -9999.0  -9999.0  -9999.0  -9999.0  -9999.0  -9999.0  -9999.0  -9999.0  -9999.0  -9999.0  -9999.0  -9999.0  -9999.0  -9999.0  -9999.0  -9999.0  -9999.0  -9999.0  -9999.0  -9999.0  -9999.0  -9999.0  -9999.0  -9999.0  -9999.0  -9999.0  -9999.0  -9999.0  -9999.0  -9999.0  -9999.0  -9999.0  -9999.0  -9999.0  -9999.0  -9999.0
-9999.0  -9999.0  -9999.0  -9999.0  -9999.0  -9999.0  -9999.0  -9999.0  -9999.0  0.509468490496  1.0455240158  2.07890845751  1.04089644225  0.496274440182  0.949628190671  4.3734133422  6.14241333542  0.358951475869  -9999.0  0.479893001787  -9999.0  -9999.0  -9999.0  -9999.0  0.729590047764  0.38642665493  -9999.0  -9999.0  -9999.0  -9999.0  -9999.0  -9999.0  -9999.0  -9999.0  -9999.0  -9999.0  -9999.0  -9999.0  -9999.0  -9999.0  -9999.0  -9999.0  -9999.0  -9999.0  -9999.0  -9999.0  -9999.0  -9999.0  -9999.0  -9999.0  -9999.0  -9999.0  -9999.0  -9999.0  -9999.0  -9999.0  -9999.0  -9999.0  -9999.0  -9999.0  -9999.0  -9999.0  -9999.0  -9999.0  -9999.0  -9999.0  -9999.0  -9999.0  -9999.0  -9999.0  -9999.0  -9999.0  -9999.0  -9999.0  -9999.0  -9999.0  -9999.0  -9999.0  -9999.0  -9999.0
-9999.0  -9999.0  -9999.0  -9999.0  -9999.0  -9999.0  -9999.0  -9999.0  0.666992849121  1.761455204  2.24439791148  2.73439388189  3.58356738944  0.431962404772  1.77737077702  2.16813798216  8.92595122528  0.310879778235  0.310943185845  0.856223920998  1.21486739371  0.387897873271  -9999.0  1.74110121179  1.44296556177  0.359962794123  -9999.0  -9999.0  -9999.0  -9999.0  -9999.0  -9999.0  -9999.0  -9999.0  -9999.0  -9999.0  -9999.0  -9999.0  -9999.0  -9999.0  -9999.0  -9999.0  -9999.0  -9999.0  -9999.0  -9999.0  -9999.0  -9999.0  -9999.0  -9999.0  -9999.0  -9999.0  -9999.0  -9999.0  -9999.0  -9999.0  -9999.0  -9999.0  -9999.0  -9999.0  -9999.0  -9999.0  -9999.0  -9999.0  -9999.0  -9999.0  -9999.0  -9999.0  -9999.0  -9999.0  -9999.0  -9999.0  -9999.0  -9999.0  -9999.0  -9999.0  -9999.0  -9999.0  -9999.0  -9999.0
-9999.0  -9999.0  -9999.0  -9999.0  -9999.0  -9999.0  0.629489954943  0.537980373641  0.508882005821  0.530671102697  0.546236371424  3.8533260681  7.9413965198  8.42444503143  8.78638480625  0.356002209805  9.62940348038  9.969103088  0.685453272432  0.375843125209  1.56287610969  2.68981666837  0.35043492827  2.78150403525  0.374449567444  0.356823878936  0.393543504083  -9999.0  -9999.0  -9999.0  -9999.0  -9999.0  -9999.0  -9999.0  -9999.0  -9999.0  -9999.0  -9999.0  -9999.0  -9999.0  -9999.0  -9999.0  -9999.0  -9999.0  -9999.0  -9999.0  -9999.0  -9999.0  -9999.0  -9999.0  -9999.0  -9999.0  -9999.0  -9999.0  -9999.0  -9999.0  -9999.0  -9999.0  -9999.0  -9999.0  -9999.0  -9999.0  -9999.0  -9999.0  -9999.0  -9999.0  -9999.0  -9999.0  -9999.0  -9999.0  -9999.0  -9999.0  -9999.0  -9999.0  -9999.0  -9999.0  -9999.0  -9999.0  -9999.0  -9999.0
-9999.0  -9999.0  -9999.0  -9999.0  -9999.0  -9999.0  1.28395776216  1.88109121845  4.17018008017  5.67735291137  0.434841264757  0.468949419139  0.428785465176  1.23302894145  10.3636076028  0.306020319416  10.2882174682  11.5975597593  1.00695533713  0.673868928167  3.00056383374  0.361260812034  3.12948070355  0.661454410231  0.324329969052  0.660688122074  0.790907678995  0.433738580333  0.458327221173  0.430734456985  0.502498484754  0.998872796741  -9999.0  -9999.0  -9999.0  -9999.0  -9999.0  -9999.0  -9999.0  -9999.0  -9999.0  -9999.0  -9999.0  -9999.0  -9999.0  -9999.0  -9999.0  -9999.0  -9999.0  -9999.0  -9999.0  -9999.0  -9999.0  -9999.0  -9999.0  -9999.0  -9999.0  -9999.0  -9999.0  -9999.0  -9999.0  -9999.0  -9999.0  -9999.0  -9999.0  -9999.0  -9999.0  -9999.0  -9999.0  -9999.0  -9999.0  -9999.0  -9999.0  -9999.0  -9999.0  -9999.0  -9999.0  -9999.0  -9999.0  -9999.0
-9999.0  -9999.0  -9999.0  -9999.0  -9999.0  0.763063449131  1.43961213535  0.671433814561  1.27256214872  6.30415429172  7.30687147722  8.29311736513  28.7998921235  0.414455418265  10.7511157805  43.2091728427  43.4922027657  55.6324628735  0.315732886848  0.973492365264  3.31290125735  0.305873848295  6.96971009348  3.50847732196  2.15342938602  1.81041813645  0.383470223328  1.27393634946  1.30437740018  0.862751631504  0.410166737726  1.43019238867  0.40065709038  0.384950958073  -9999.0  -9999.0  -9999.0  -9999.0  -9999.0  -9999.0  -9999.0  -9999.0  -9999.0  -9999.0  -9999.0  -9999.0  -9999.0  -9999.0  -9999.0  -9999.0  -9999.0  -9999.0  -9999.0  -9999.0  -9999.0  -9999.0  -9999.0  -9999.0  -9999.0  -9999.0  -9999.0  -9999.0  -9999.0  -9999.0  -9999.0  -9999.0  -9999.0  -9999.0  -9999.0  -9999.0  -9999.0  -9999.0  -9999.0  -9999.0  -9999.0  -9999.0  -9999.0  -9999.0  -9999.0  -9999.0
-9999.0  -9999.0  -9999.0  -9999.0  -9999.0  0.777104577863  2.22778700786  4.38872863082  5.02442737573  9.97003608627  10.5314521797  12.3550802359  20.1027913824  30.3761488507  31.3364601734  31.7886605758  0.665887804081  56.9094605223  57.5626800461  59.2150768272  70.7909843038  7.95665034954  7.33483217876  2.50507418229  0.3434121392  2.27897386846  1.59653219404  0.298818250787  1.66785291559  0.35645894409  0.76340426041  2.18892269998  2.58536952816  0.765559380254  0.387613410694  0.371183080813  -9999.0  -9999.0  -9999.0  -9999.0  0.33482039886  0.31622896425  -9999.0  -9999.0  -9999.0  -9999.0  -9999.0  -9999.0  -9999.0  -9999.0  -9999.0  -9999.0  -9999.0  -9999.0  -9999.0  -9999.0  -9999.0  -9999.0  -9999.0  -9999.0  -9999.0  -9999.0  -9999.0  -9999.0  -9999.0  -9999.0  -9999.0  -9999.0  -9999.0  -9999.0  -9999.0  -9999.0  -9999.0  -9999.0  -9999.0  -9999.0  -9999.0  -9999.0  -9999.0  -9999.0
-9999.0  -9999.0  -9999.0  -9999.0  -9999.0  0.733592617598  0.681955157491  2.98733751789  3.64932059106  4.34553252237  0.628708581227  1.23237979081  7.35361153625  1.26971409923  0.537521405779  0.439120409115  0.35060799342  0.438148281553  0.38333845039  0.409796246179  71.1406717987  72.0868920631  0.306632846522  0.976160872403  0.680325884619  2.58936871829  0.61248830367  0.281263732963  2.03811557029  0.69279973739  1.7550786787  4.44110696907  4.10293163133  1.12693489743  1.10706765364  0.399808088183  0.405685942216  -9999.0  -9999.0  0.42172549502  0.713271804247  1.69949047897  0.339663777426  -9999.0  -9999.0  -9999.0  -9999.0  -9999.0  -9999.0  -9999.0  -9999.0  -9999.0  -9999.0  -9999.0  -9999.0  -9999.0  -9999.0  -9999.0  -9999.0  -9999.0  -9999.0  -9999.0  -9999.0  -9999.0  -9999.0  -9999.0  -9999.0  -9999.0  -9999.0  -9999.0  -9999.0  -9999.0  -9999.0  -9999.0  -9999.0  -9999.0  -9999.0  -9999.0  -9999.0  -9999.0
-9999.0  -9999.0  -9999.0  -9999.0  -9999.0  -9999.0  0.79932637731  0.823787412779  1.48742402841  2.18576567671  4.88693038006  6.18267618434  6.83539874857  0.691633475924  0.434994099674  6.4938972384  7.78918791761  8.16025609681  9.8149095467  10.1516666169  0.336151772745  72.433826975  74.0593970563  1.29168558473  0.249748384662  2.87165865463  6.32867463686  2.59148690352  0.606499355699  0.309914881366  6.83821211747  4.78345189673  0.320326565792  0.319218100861  1.45258832464  1.18267885421  0.376745627477  0.332493650067  0.425609832311  0.83200870119  0.413081372677  2.05954074989  2.44709593917  0.333703179533  -9999.0  -9999.0  -9999.0  -9999.0  0.426692326935  0.387345645876  0.185757922265  -9999.0  -9999.0  -9999.0  -9999.0  -9999.0  -9999.0  -9999.0  -9999.0  -9999.0  -9999.0  -9999.0  -9999.0  -9999.0  -9999.0  -9999.0  -9999.0  -9999.0  -9999.0  -9999.0  -9999.0  -9999.0  -9999.0  -9999.0  -9999.0  -9999.0  -9999.0  -9999.0  -9999.0  -9999.0
-9999.0  -9999.0  -9999.0  -9999.0  -9999.0  -9999.0  -9999.0  0.761753797611  0.649626491852  1.39724749487  2.10225857529  0.650322041976  0.534962597739  3.5935910998  4.59761053854  5.65892840526  0.471876331125  0.888391538739  0.439545066364  10.5244935495  23.2121249521  23.4994444574  98.1663742495  0.314551389216  0.700613764001  0.210221868737  6.59612941646  0.292437268377  0.923608052041  0.298919518804  7.14542076615  7.4568091998  0.649297262942  0.639796484319  3.78004637894  1.94226611013  0.715717443384  0.381886401154  0.843028337661  1.2416171767  2.03105951059  0.349481978715  3.04267049053  3.26925950587  0.201514225969  0.226310207312  0.242230619786  0.206112394556  0.193940902815  1.08019839087  0.497765436209  0.296367531785  -9999.0  -9999.0  -9999.0  -9999.0  -9999.0  -9999.0  -9999.0  -9999.0  -9999.0  -9999.0  -9999.0  -9999.0  -9999.0  -9999.0  -9999.0  -9999.0  -9999.0  -9999.0  -9999.0  -9999.0  -9999.0  -9999.0  -9999.0  -9999.0  -9999.0  -9999.0  -9999.0  -9999.0
-9999.0  -9999.0  -9999.0  -9999.0  -9999.0  -9999.0  -9999.0  -9999.0  1.38825525262  1.97383177914  0.645915207603  1.34398734653  1.94653563403  3.12847725394  0.587690815463  0.54588539698  0.414773485257  0.41801863334  0.345904827396  11.904896079  0.466655930317  0.881655861939  99.2842802051  99.6353193315  0.092685520002  0.896346370695  7.68935829231  0.577255542706  1.18279645649  0.525484729281  0.784585036888  8.65604846389  0.936200342948  5.35039406955  4.4407602892  0.340734822358  1.85658588592  0.768811523232  1.22494162944  0.370759081834  2.38546337637  3.00416617902  3.2036686879  3.38795168602  4.04567564662  0.395816805129  0.428986281532  0.373294132201  0.346749670104  1.29791126591  0.262290245433  1.06846944155  1.31359877579  -9999.0  -9999.0  -9999.0  -9999.0  -9999.0  -9999.0  -9999.0  -9999.0  -9999.0  -9999.0  -9999.0  -9999.0  -9999.0  -9999.0  -9999.0  -9999.0  -9999.0  -9999.0  -9999.0  -9999.0  -9999.0  -9999.0  -9999.0  -9999.0  -9999.0  -9999.0  -9999.0
-9999.0  -9999.0  -9999.0  -9999.0  -9999.0  -9999.0  -9999.0  -9999.0  0.750440584791  3.44452280238  4.05931191031  0.612119873483  1.16944987341  0.553777530205  0.467913493872  0.458133205736  6.09352601679  8.01973046458  9.72694669091  11.5750240035  0.416974938844  0.436003092976  0.237541841303  100.989240023  101.33388819  101.41894083  10.0648258622  2.25458899962  2.02092192573  0.225745402503  1.02068744157  9.92792978633  0.255858815452  5.61353996533  0.332091253234  2.5034849028  2.2556126937  0.375826114791  1.60732232113  0.747351621982  1.12890682591  0.267833887155  0.18141298839  3.56880215696  3.73609811708  4.21243059399  0.61372954898  0.545487813345  0.516299252694  1.58334505204  2.11820880129  0.267079385836  1.58129642064  0.295593756045  0.550785898763  0.266193792603  -9999.0  -9999.0  -9999.0  -9999.0  -9999.0  -9999.0  -9999.0  -9999.0  -9999.0  -9999.0  -9999.0  -9999.0  -9999.0  -9999.0  -9999.0  -9999.0  -9999.0  -9999.0  -9999.0  -9999.0  -9999.0  -9999.0  -9999.0  -9999.0
-9999.0  -9999.0  -9999.0  -9999.0  -9999.0  -9999.0  -9999.0  -9999.0  -9999.0  0.7902553182  4.74424649164  5.33038150037  1.72940392976  2.84201381002  3.80155117335  4.29897548312  0.528217821756  1.50622903709  1.01789229353  0.565638824335  0.523686423173  0.426373625858  0.780166201679  1.13423295938  0.194559804261  111.781263364  111.875127975  0.086296757351  0.124036305286  0.481219580549  0.735440066047  10.6960387695  0.515393204739  5.83943032438  3.77123665175  3.16553600164  0.35825271832  0.717687028978  1.95014100927  0.343552015599  1.47561044148  0.602822594747  0.337609588254  0.184531889383  4.29567248019  8.65148060432  0.744339106555  0.681359059552  0.728756939863  0.230700960871  2.34365458367  0.217754946054  2.08278195461  0.262653228221  0.81362226045  1.21935478038  0.10498427626  0.109024897138  0.149529760906  0.170793341605  0.0927834793409  -9999.0  -9999.0  0.0603636750368  0.050678153856  -9999.0  -9999.0  -9999.0  -9999.0  -9999.0  -9999.0  -9999.0  -9999.0  -9999.0  -9999.0  -9999.0  -9999.0  -9999.0  -9999.0  -9999.0
-9999.0  -9999.0  -9999.0  -9999.0  -9999.0  -9999.0  -9999.0  -9999.0  -9999.0  -9999.0  0.611334648527  6.55820275841  0.549679278057  1.09840345005  1.55438166999  2.41173486359  0.434395692355  0.946378908328  0.456036994084  0.39608386551  0.369062270092  0.721534652552  0.304530266951  0.230605516805  0.349041978568  0.159888851777  111.98949704  112.165382475  112.495283733  0.866731352929  0.265265663815  0.529071284827  10.9926838243  11.0405472612  4.41531028358  0.315985885712  1.41048023961  1.05972565507  2.29421017293  0.684206652634  2.78619371398  0.949474121904  0.599969535205  0.164307833903  0.210989350207  8.8693264074  9.05104819271  10.627067317  1.46669183502  0.483095356862  2.59296469535  3.05408501281  5.35250935843  0.516918311252  0.23446530926  1.3503347505  1.55817224179  0.103179046524  0.197838360872  0.409450229658  0.182264507063  0.0897990302969  0.0864733399922  0.127350727229  0.106973540132  0.0498215189841  -9999.0  -9999.0  -9999.0  -9999.0  -9999.0  -9999.0  -9999.0  -9999.0  -9999.0  -9999.0  -9999.0  -9999.0  -9999.0  -9999.0
-9999.0  -9999.0  -9999.0  -9999.0  -9999.0  -9999.0  -9999.0  -9999.0  -9999.0  -9999.0  -9999.0  0.361260449955  7.27180801416  0.498852576255  0.941903029561  4.19309091401  0.427807912906  0.415374526482  0.34703889923  0.782047613563  0.412172077599  1.53207875495  2.14870765931  2.41263471143  0.530248008575  0.603684087888  0.0816841998926  0.139214361016  0.139670041575  113.707639772  114.32533197  11.2033470507  11.5384527385  11.2927888091  0.536364802718  0.25637110183  1.72143695367  4.66084531731  2.62915489955  1.01216496561  4.1413378393  1.59081226897  1.27260262164  0.367571993583  0.150618070812  0.136857482762  0.14817539895  11.4207452707  13.5674037678  0.252457621014  0.217648607143  0.247288479629  5.59403092867  6.34308514156  0.432811861119  0.188459070177  1.65344495309  0.190995744387  0.474686711855  0.980196815581  1.24986944186  1.42246457886  0.359997569579  0.201758141282  0.173066024542  0.110378144885  0.0685948403908  -9999.0  -9999.0  -9999.0  -9999.0  -9999.0  -9999.0  -9999.0  -9999.0  -9999.0  -9999.0  -9999.0  -9999.0  -9999.0
-9999.0  -9999.0  -9999.0  -9999.0  -9999.0  -9999.0  -9999.0  -9999.0  -9999.0  -9999.0  -9999.0  0.318797413176  7.99535290797  9.66357884088  0.456931752238  5.08115519493  0.371380515028  0.34480703437  0.731373516953  1.91405720703  0.38535637287  0.424312750966  0.309465724038  3.00727218046  3.29564425412  4.22171101111  4.4935582305  4.63122420186  4.72071717006  4.86399030367  119.299389649  130.695738847  142.419495768  142.48961001  0.127173889476  0.236630802637  5.28737629908  4.9764951551  0.327577846917  0.321827872173  4.4891371034  6.43249064936  0.308289279376  4.09004392643  3.791493442  0.914186162707  0.360813669806  0.611683827723  0.237692133261  13.9244087193  0.178640594419  0.638372270379  0.775859658338  7.67876394793  8.30779075611  8.69154137379  10.5020066937  0.143415583741  0.106144052296  0.0894221368779  0.0813219796468  1.59763082479  2.03417836795  0.0830826779787  0.416453505668  0.173368597119  0.12226924501  0.0373115148687  0.0347262497094  -9999.0  -9999.0  -9999.0  -9999.0  -9999.0  -9999.0  -9999.0  -9999.0  -9999.0  -9999.0  -9999.0
-9999.0  -9999.0  -9999.0  -9999.0  -9999.0  -9999.0  -9999.0  -9999.0  -9999.0  -9999.0  -9999.0  0.646734080781  1.20746713399  10.1956221784  11.0108374133  0.407923147446  5.75358133583  0.287047999224  0.929939141231  2.24241512819  0.72869339039  0.33993158791  0.708695612762  0.24480559055  0.49043353189  0.258287073571  0.248798957081  0.217983207948  0.220266669911  0.152407042286  0.103041073345  0.109148507605  0.133753261609  0.142281246687  142.839460704  5.7233651704  5.43196292492  0.0725114041896  0.905088276389  0.26922379683  0.311259936149  6.75550368924  11.9211616325  4.49100637121  3.4159425031  0.59715841643  0.203720508108  0.178874438439  0.361729333556  14.4730962093  14.7954991864  0.170654472747  0.172073684142  0.189008094334  0.206073953656  0.388570220027  11.0271152544  11.3122333263  11.5625120304  0.234685035782  0.137616424291  0.10170676252  2.12086590515  2.27168485356  0.474797072149  0.063217457998  0.175695988546  0.0738943490528  0.0660618943709  -9999.0  -9999.0  -9999.0  -9999.0  -9999.0  -9999.0  -9999.0  -9999.0  -9999.0  -9999.0  -9999.0
-9999.0  -9999.0  -9999.0  -9999.0  -9999.0  -9999.0  -9999.0  -9999.0  -9999.0  -9999.0  -9999.0  -9999.0  0.46811690557  7.31096957923  18.7842298747  20.2038611492  26.3067112093  26.5971746199  4.85861527523  3.66666453574  1.07772489582  0.330451926814  1.35985468838  1.66242579836  2.42139048134  0.538182088435  0.507052283327  0.484653063058  0.970611154031  0.410457729665  0.363523112229  0.245557883123  0.164181004394  0.0994086582033  142.951417401  148.84627857  148.920858603  0.0623511122477  2.30844924197  1.24865263507  0.353835377397  13.1342120341  0.895457394195  0.469590759471  2.07894584697  0.46897195983  0.260885851242  0.456846331628  0.609987245705  0.781087600097  15.0611284168  0.123180607149  0.10270015782  0.103031128881  0.0896203066918  0.1072941736  0.295118551365  0.364771889053  12.1183732472  12.9756639902  0.526026856426  0.255418686513  0.154005816416  0.100161430546  2.93793014388  3.84689005959  0.775240527404  0.353244666501  0.201539250639  -9999.0  -9999.0  -9999.0  -9999.0  -9999.0  -9999.0  -9999.0  -9999.0  -9999.0  -9999.0  -9999.0
-9999.0  -9999.0  -9999.0  -9999.0  -9999.0  -9999.0  -9999.0  -9999.0  -9999.0  -9999.0  -9999.0  0.562159114088  5.61661478629  6.79530242951  1.00493235074  0.359650708637  0.705763148783  27.6602180305  27.9362877298  33.0952818822  0.283217894232  0.608633510978  0.255690714947  0.261189312939  2.68704335015  3.48950892342  4.24220531001  0.237428029228  1.21963756409  1.87258521459  1.08937302036  0.48973748984  0.387122964348  0.293155173421  0.283384127572  0.0711109290362  148.979910044  149.020554175  151.423605326  0.541563602627  0.309314700245  13.3427803425  0.93123673362  0.486106573957  0.558180066874  0.553780198299  0.449644856686  0.724837562605  1.97305405396  2.94149475074  18.1350003555  0.0921748288264  0.272046557526  0.183285697011  0.160809087206  0.0771727536725  0.0979302328804  0.111560607487  0.063394683457  13.081124595  0.0479570025967  0.213177497808  0.0720839649989  0.0757923855592  0.0626072639999  3.9182429134  0.168657683905  0.0707171264003  0.0785890065973  0.0340744889151  -9999.0  -9999.0  -9999.0  -9999.0  -9999.0  -9999.0  -9999.0  -9999.0  -9999.0  -9999.0
-9999.0  -9999.0  -9999.0  -9999.0  -9999.0  -9999.0  -9999.0  -9999.0  -9999.0  -9999.0  -9999.0  0.584330422863  4.05018295588  0.618461991294  0.472191392425  2.74278272847  3.13245789223  3.51492656848  3.8442321116  44.8949145775  45.2105164008  45.7824324914  50.4059593806  51.1712773849  51.5970938289  51.8690472018  56.6613742811  57.3328144666  57.5925566152  59.7795687722  61.1705290891  61.4149383973  62.3024440941  0.52958445732  0.502184661013  0.0728710357423  0.0464603232849  149.073934347  152.137687294  0.671337947628  15.4993591985  15.2400846866  1.69643251695  0.395422686117  0.407829978112  0.387104316828  0.390214123338  0.779231198252  1.0618633009  0.245289439468  18.2579754795  18.3893888477  18.9535363333  19.0563656135  19.3108476111  19.4745056456  0.0676640175696  0.0827255163599  0.0775362809909  13.1685079957  13.2842027971  13.5708035656  13.803196731  0.121832043419  4.21611267188  4.08603064786  0.0830535721225  1.70312690777  1.65872309645  0.103937560458  0.0662436966428  -9999.0  -9999.0  -9999.0  -9999.0  -9999.0  -9999.0  -9999.0  -9999.0  -9999.0
-9999.0  -9999.0  -9999.0  -9999.0  -9999.0  -9999.0  -9999.0  -9999.0  -9999.0  -9999.0  -9999.0  2.13889280733  2.81512809548  1.24834355233  1.81284850039  0.550658357619  6.06460148713  6.46857660826  7.27887437262  7.62100613669  2.58810447293  48.9618312048  49.2728605074  0.227343325717  0.149078672707  0.139991627983  0.325052036635  0.183988885351  0.158126580756  0.152889653848  0.174361569947  61.6835517324  62.5888537738  63.3712714553  64.0896435463  64.3009036295  0.0811593991913  0.0254539061476  168.033074513  15.8520855801  15.7767271376  0.318383910783  0.287685258154  0.253683139114  0.673159908976  0.651512700193  0.29545382937  0.298515371729  0.269674056623  0.506586115996  0.640894685969  0.0908401803153  0.167087067621  0.0707797343321  0.0597284462278  19.540750345  19.685635376  19.856281836  20.0281348385  20.1165566433  20.2527652759  20.306230838  0.0536507848458  13.9098207445  0.0648670064284  6.09456631667  1.8185562186  0.116125062545  1.52191268397  1.34530775805  0.078374811827  -9999.0  -9999.0  -9999.0  -9999.0  -9999.0  -9999.0  -9999.0  -9999.0  -9999.0
-9999.0  -9999.0  -9999.0  -9999.0  -9999.0  -9999.0  -9999.0  -9999.0  -9999.0  -9999.0  -9999.0  -9999.0  1.45000784902  0.659445408538  0.552393041495  5.25172020535  5.68136517045  0.438237761591  1.61116425329  1.99489123786  2.32288965707  0.387312292396  0.193867341488  6.64222618862  6.79310585592  6.939128335  17.6141232102  17.7385234164  18.0113326399  19.2098997902  20.0112461058  20.1407956569  0.173701351654  0.186534760726  0.185341740921  64.3732333263  0.0344822152603  170.184233733  170.1374779  2.06015289997  1.95614330588  1.19414827997  0.304520715669  0.505055386879  0.935359258318  0.914543736322  0.568017395919  0.28328434826  0.547825826797  0.533487982244  0.866000597382  0.148271164075  0.28211207362  0.466001216684  0.587256555753  0.656944417321  0.0606623477504  0.0612154727719  0.0571503629492  0.0582830618525  0.0704526393518  20.3940434307  20.4999476457  34.4632899139  34.5172324661  6.6729717376  0.494131027288  0.330759896968  0.0950512059406  1.20910692723  1.14903228173  -9999.0  -9999.0  -9999.0  -9999.0  -9999.0  -9999.0  -9999.0  -9999.0  -9999.0
-9999.0  -9999.0  -9999.0  -9999.0  -9999.0  -9999.0  -9999.0  -9999.0  -9999.0  -9999.0  -9999.0  -9999.0  0.755220482704  1.96923124367  2.53427202911  4.18550859267  0.406030777902  0.848145722357  1.24712096242  5.22300499942  5.55623006908  5.81307690369  6.05391504404  6.29501205808  9.4422019156  10.1546291301  10.5525784741  0.169538485848  0.920521379406  1.09851992078  19.5946787111  20.2977051494  20.7272237464  21.1883956828  21.4679062493  85.8737263274  0.0375156491981  170.408229055  0.150441796097  0.0869424141807  1.66109848154  1.43814144805  0.224533546766  0.742467283421  1.17118413896  1.14310413504  0.780236810555  1.27982373316  2.02202198048  0.747220549433  1.80971944915  0.154508233587  0.253810851609  0.0342435392216  0.0246679769976  0.749685129123  0.775971921248  0.0981638973234  0.100840612543  0.15369781375  0.0507384583442  0.0502491490637  0.0386602219221  46.6989866905  46.6558417216  11.9956890935  0.140734893466  0.842499453821  0.66233674893  0.420297096619  1.10256253534  0.837604130382  -9999.0  -9999.0  -9999.0  -9999.0  -9999.0  -9999.0  -9999.0  -9999.0
-9999.0  -9999.0  -9999.0  -9999.0  -9999.0  -9999.0  -9999.0  -9999.0  -9999.0  -9999.0  -9999.0  -9999.0  0.669277359689  1.3167273413  0.576591225196  1.14030853632  0.43288904097  3.64125188453  4.42757650064  4.85224642212  0.37393329931  0.720559026573  7.35016606077  9.01915663226  9.25375015132  0.500442759512  0.439384869667  0.638019535728  0.144458070692  0.124908385836  0.240072924707  0.102542043495  11.7560227272  11.8851728489  11.9210685114  85.9830217129  171.046648023  170.454659828  0.130439481881  0.0816199552089  0.0783577416649  0.427474890539  0.363224457811  0.952226522742  1.39440330906  2.78076182608  0.241567396188  0.238986285184  2.23561829415  2.4621890945  4.63007455261  4.71650282692  5.00396229738  5.06540131056  0.0512964974102  0.0794654043996  0.798730102263  48.5197409573  47.6080289958  47.4423207915  47.2006056034  0.0346085294094  46.9596675832  0.0795785770135  0.0808301849621  5.11730025359  1.34227741939  1.28291294217  0.247263677306  0.278766037592  0.188531322637  0.768736305164  -9999.0  -9999.0  -9999.0  -9999.0  -9999.0  -9999.0  -9999.0  -9999.0
-9999.0  -9999.0  -9999.0  -9999.0  -9999.0  -9999.0  -9999.0  -9999.0  -9999.0  -9999.0  -9999.0  -9999.0  -9999.0  0.569008993431  1.1560496656  1.7628540219  2.71235409447  0.492022707355  0.412062319223  3.04633681226  3.41537295052  6.65816718765  7.07963611091  1.14944773454  0.321365494024  0.240707808681  0.203728301941  10.9989501285  11.1421582163  11.287653871  11.4127229282  11.6308236239  1.54750460814  1.59736296984  13.5498521412  270.657203697  0.498350386687  0.372198066758  0.206025453201  0.0651565711227  0.0606353006038  0.56270139366  0.600267869738  1.07276832605  0.0669200942563  2.88496768714  0.41223180857  0.402704226432  0.0681400948458  0.0359436696686  0.0272599140433  0.0248235241127  0.0278961257975  5.09575033409  56.6960470773  51.4570473353  51.3266749973  48.5448136249  0.0346071816301  0.0302798531483  0.0455602351189  47.0041069907  0.0978264858505  0.0429122461723  0.0464039931608  0.0462119041999  3.65314572767  3.54879143444  0.44705701957  0.231906733478  0.314786304485  0.314906218837  -9999.0  -9999.0  -9999.0  -9999.0  -9999.0  -9999.0  -9999.0  -9999.0
-9999.0  -9999.0  -9999.0  -9999.0  -9999.0  -9999.0  -9999.0  -9999.0  -9999.0  -9999.0  -9999.0  -9999.0  -9999.0  -9999.0  0.536622493581  1.02181063357  1.43049980836  1.8177265652  2.22844060374  2.66538507373  1.23115984252  2.11153836237  0.404164220212  0.362398747589  9.55578846387  10.23853697  10.5411914729  10.8370895097  0.180049371253  0.315452129166  0.985264383315  1.17970371821  1.39197815049  0.0764170463334  0.0347531989308  270.895468881  0.101888690177  0.122687653852  0.0642212936435  0.246606418029  0.123213328527  0.0512674328509  1.72309486522  1.7585875713  0.0290634637869  2.91673756004  3.36005754489  0.431443539349  58.0819925965  57.9890284721  57.9237365104  57.811296367  57.7685122287  56.9729509687  56.9450339038  0.113526873666  2.76673965754  2.65922542831  2.52753350553  2.49503122898  1.49571830989  1.46474255145  1.39537688329  0.313915605983  0.282259530668  0.191151920911  0.0554296473041  3.41016891265  3.1228429386  0.206063366025  0.38373549005  0.162486809094  -9999.0  -9999.0  -9999.0  -9999.0  -9999.0  -9999.0  -9999.0  -9999.0
-9999.0  -9999.0  -9999.0  -9999.0  -9999.0  -9999.0  -9999.0  -9999.0  -9999.0  -9999.0  -9999.0  -9999.0  -9999.0  -9999.0  0.156348729463  0.312402617623  0.41898378812  4.63979251534  5.05169665094  0.431404227926  0.420721763443  0.43394452336  8.03614738667  8.87383027399  0.405398709208  0.405735091198  0.276482391821  1.21539084843  1.52547378456  0.613626999943  0.831902734064  7.42069437112  7.66258127652  7.96067680038  12.3026389889  283.291978226  0.0920186433099  0.0466600641766  0.361620245515  0.307899628493  0.0426505542156  0.142565242465  0.190731646955  1.80212343331  1.83591693852  5.27607879788  3.38226465711  0.490658884288  58.993061825  0.246560283715  57.8706892484  57.8429845295  0.75257364181  0.0577990814225  0.16752862593  0.090857767931  0.0492732958107  0.104362277464  0.0502227397305  0.969752853204  0.822308862125  0.0463697756336  1.05702969498  0.0991254692407  0.0596925819563  0.144673637578  0.0718320589615  0.232119973109  2.47842024108  2.08738215227  0.163337825751  0.201786785742  0.0974330653848  -9999.0  -9999.0  -9999.0  -9999.0  -9999.0  -9999.0  -9999.0
-9999.0  -9999.0  -9999.0  -9999.0  -9999.0  -9999.0  -9999.0  -9999.0  -9999.0  -9999.0  -9999.0  -9999.0  -9999.0  -9999.0  0.738673537936  1.23234051824  2.39189092664  4.2134390075  5.43751620613  6.39456380891  6.8119351333  7.25266453742  7.68511156701  0.39482157498  0.332748466572  0.639448507885  0.60056369197  0.332138019946  6.43178224439  6.72664863485  7.00141334588  7.25222471334  4.04115742002  4.17342026589  4.2912713722  283.376821339  0.202529970694  0.103102234  0.544973716448  0.0658516348983  0.0928606700321  0.0485623107809  0.0447978042751  0.233445208198  0.0278671516433  0.0287392470656  64.411454789  59.1175118934  59.0909256418  0.108402777323  0.222491315632  0.143964989106  0.0314442765089  0.661148511789  0.17099951447  0.144107189646  0.112414028547  0.0800039008028  0.0454484917963  0.109298038657  0.782998353352  0.667499399213  0.55800834748  0.914720213793  0.877574402803  0.848610047965  0.0444966606727  0.13429552284  0.190486408065  1.54714626041  1.17069886435  0.637553541994  0.0810959854493  -9999.0  -9999.0  -9999.0  -9999.0  -9999.0  -9999.0  -9999.0
-9999.0  -9999.0  -9999.0  -9999.0  -9999.0  -9999.0  -9999.0  -9999.0  -9999.0  -9999.0  -9999.0  -9999.0  -9999.0  -9999.0  0.502472424151  0.492199391539  0.979880016566  1.43186638228  0.524267365866  0.572105739152  1.03254634418  1.47093597245  2.29345706043  2.69150889342  3.00254257281  3.98009578542  4.27664984249  4.63696241929  0.309233013566  3.06677967235  3.33344584077  3.59953326193  0.224853271177  0.127689480504  0.220861012475  287.946881192  288.025891539  288.336065816  0.782143305951  0.160605544658  0.123129400022  0.0372857774388  0.0781528429289  0.268372932762  0.323929514482  0.0515309981972  64.5278399181  0.0339180123319  0.0510454636763  0.0566456020756  0.0407170205468  0.0865881758381  0.0361106138445  0.460586064321  0.361986042434  0.265691735488  0.133139812569  0.0931498998882  0.0511412078615  0.0621155961993  0.070216996421  0.0714687753436  0.516010722393  0.408456502234  0.305329730786  0.190814971152  0.814870252592  0.642888299019  0.147419048352  0.193679802143  0.196506448924  0.334047666607  0.145683933095  -9999.0  -9999.0  -9999.0  -9999.0  -9999.0  -9999.0  -9999.0
-9999.0  -9999.0  -9999.0  -9999.0  -9999.0  -9999.0  -9999.0  -9999.0  -9999.0  -9999.0  -9999.0  -9999.0  -9999.0  -9999.0  -9999.0  0.481258969897  0.925694884835  0.397497082418  0.82176503783  5.15185971315  5.51992922182  5.9075702654  0.407132585486  0.407144915029  0.715836780448  1.05660898817  1.61547800966  1.92835395664  2.19091461907  2.46885191349  0.229978252679  0.215217610213  3.89354291824  4.05015516923  4.15417200125  4.26003846258  3.72821751663  292.499270372  293.826800161  293.896405735  294.072897134  294.288386421  294.374056195  0.021322180726  0.348860513766  64.5425381375  0.0384670712271  0.0197071598357  0.0232634756998  0.0268803578416  0.0492838590876  0.0536169100304  0.0321480186097  0.0540387089856  0.051424655515  0.0951956572595  0.0426095665832  0.0310674804302  0.108560094233  0.0780528631199  0.0417942715899  0.0407672293843  0.0476014153148  0.0516988761132  0.0635599166434  0.130547567141  0.168409645201  0.303133332138  0.0833270217034  0.278384347219  0.104611141877  0.108784296259  -9999.0  -9999.0  -9999.0  -9999.0  -9999.0  -9999.0  -9999.0  -9999.0
-9999.0  -9999.0  -9999.0  -9999.0  -9999.0  -9999.0  -9999.0  -9999.0  -9999.0  -9999.0  -9999.0  -9999.0  -9999.0  -9999.0  -9999.0  -9999.0  1.37213848648  1.77234791661  3.02858897474  3.92906035232  0.464115968994  6.87902571307  7.2636420785  7.59285912733  0.326697858543  0.633473553807  0.266725274806  2.12053212076  2.34313002401  2.61266594584  2.88524648575  3.54969957253  3.73656556372  0.119772628426  3.31788710084  3.5264739045  3.62968407446  4.07704531692  0.462140874943  0.247615140162  0.115302416832  0.11280408228  294.43327557  294.445410669  294.941466151  64.5528631461  0.123806547746  0.0718700837113  0.0460603701957  0.0178267073862  0.163070619578  0.0904939331169  0.0277275855056  0.16134518968  0.138471560205  0.0239144081427  0.225496270891  0.20289829752  0.143272966388  0.0309676326087  0.0898262165404  0.0663105401252  0.0273489888873  0.101038058706  0.0735155366253  0.127162668395  0.124656927701  0.0624413232855  0.148267875161  1.15938862045  0.651410259512  0.421308117193  0.179923863084  -9999.0  -9999.0  -9999.0  -9999.0  -9999.0  -9999.0  -9999.0
-9999.0  -9999.0  -9999.0  -9999.0  -9999.0  -9999.0  -9999.0  -9999.0  -9999.0  -9999.0  -9999.0  -9999.0  -9999.0  -9999.0  -9999.0  -9999.0  0.42476367247  2.19802785015  2.64106544431  0.465420855605  0.432593898183  0.916527017742  1.33742657475  9.28408314046  0.323868536817  1.30849629797  1.59514357331  1.87118400985  0.231083945611  0.471701527966  0.640814815013  2.5144596858  2.85860650043  2.98353501852  0.117295405021  0.102791342455  0.12577989808  0.239547715966  0.107235703369  0.104585716927  0.0675105783697  0.0975123999646  0.0751691178901  0.141733569558  294.959004184  359.562803429  0.1448481391  0.0465307683348  0.0175455485247  0.531700933762  0.492130424014  0.300108770753  0.270722739714  0.204024108958  0.0521515017292  0.0360856632246  0.248040004582  0.110538831494  0.085906617832  0.0263852962388  0.115515384926  0.255013722913  0.220134925073  0.144039119787  0.074722842386  0.33547477202  0.253843409907  0.113479850729  1.40330349536  1.36079823806  0.115375798784  0.104669795236  0.0972869440358  0.0883985802115  -9999.0  -9999.0  -9999.0  -9999.0  -9999.0  -9999.0
-9999.0  -9999.0  -9999.0  -9999.0  -9999.0  -9999.0  -9999.0  -9999.0  -9999.0  -9999.0  -9999.0  -9999.0  -9999.0  -9999.0  -9999.0  0.400566149598  1.18353990943  0.367495349976  0.48527275086  0.484106417913  0.92477705486  1.36596852049  1.73523209713  11.3281676683  11.6283603216  0.315108894136  0.599001086803  0.890638719994  1.13623866488  1.37346914966  2.20166397684  2.38489692028  0.200402005288  0.12971971971  0.086656387119  0.0428678721954  0.0660317895095  0.100952581946  0.0998804914198  0.186024284685  0.237086138362  0.126821693833  0.0252645831506  0.0245318440022  0.0236233795467  0.0438427039002  361.47571965  1.72150472071  0.638390131561  0.0653213610462  0.0331948729953  0.0187608870783  0.0682734925435  0.0473460781898  0.0247861906951  0.0244890849223  0.303370729562  0.44846079914  0.495345068406  0.0209478685868  0.436682395575  0.298324637494  0.0422452705506  0.0343594083051  0.0726245334541  0.697850830199  0.313506850443  0.157740148583  1.45315729111  0.0544132853089  0.0654036724065  0.376107434405  0.194180636267  0.341903505786  0.156106728889  -9999.0  -9999.0  -9999.0  -9999.0  -9999.0
-9999.0  -9999.0  -9999.0  -9999.0  -9999.0  -9999.0  -9999.0  -9999.0  -9999.0  -9999.0  -9999.0  -9999.0  -9999.0  -9999.0  0.429013458885  0.815123664408  2.7323288675  0.324522430336  0.837616901821  1.28912805288  1.69219249336  0.442595247496  0.798987407086  1.13929617828  13.0416441747  0.284667678553  0.537888173765  0.810957336536  0.26653379441  0.526612863063  0.691405161115  0.857732856273  21.3195047818  21.5438360669  21.7133324477  22.3617226056  22.5614557498  23.0093461206  0.121468759109  0.334090518156  0.266354837027  24.2352138218  24.279576619  0.022097856443  0.0387992653196  0.0547474198271  361.482388828  1.61110574615  0.882967558709  0.838187988868  0.588012374913  0.474532640208  0.0900247278544  0.0212813658117  0.0419097131509  0.0217992735352  0.0262403360971  0.0623065734352  0.535386850625  1.03226554461  0.472139817123  0.115374935349  0.0796018075793  0.042087023317  0.917704308474  0.800206237669  0.0498972535864  1.71251113722  1.50848791303  0.104216683137  0.679683603171  0.443636686922  0.507508432863  0.437675858794  0.0950163992  -9999.0  -9999.0  -9999.0  -9999.0  -9999.0
-9999.0  -9999.0  -9999.0  -9999.0  -9999.0  -9999.0  -9999.0  -9999.0  -9999.0  -9999.0  -9999.0  -9999.0  -9999.0  -9999.0  0.448013164486  1.34151538787  4.51246196168  6.70490132002  0.288584713371  8.51178519505  10.5250311696  0.390305767703  0.737696050401  1.08844144892  16.1709385736  16.4119681081  0.17260635502  1.16233922866  1.34349016185  1.55254163682  19.761111046  20.1487541592  20.3436156164  0.0894200020162  0.502836756003  0.591848555932  0.204400576206  0.267851990269  23.4200712773  23.8621676939  23.9073454256  23.9482666917  24.3228849744  0.02152239712  0.0195474685645  0.0898704896513  361.490048282  0.0436858159987  0.0718249608552  0.214052058779  0.080674801698  0.425037305334  0.320078744738  0.194834455011  0.139165693905  0.058340885741  0.0264965441636  0.0930584902985  0.0290260616938  1.06680298106  0.179733041162  0.145654151037  0.0282147557258  0.071660510931  0.956409825588  0.0320423712252  0.037370859525  1.75042343051  0.0423798733662  0.783765951584  0.739828480508  0.693566918863  0.640601311414  0.0638492967441  0.250202559316  0.0803866053668  -9999.0  -9999.0  -9999.0  -9999.0
-9999.0  -9999.0  -9999.0  -9999.0  -9999.0  -9999.0  -9999.0  -9999.0  -9999.0  -9999.0  -9999.0  -9999.0  -9999.0  -9999.0  -9999.0  -9999.0  0.921728411986  1.82812721313  7.84786572753  8.23877250028  10.8659560719  11.1916272168  0.393405775193  0.788125525127  1.77020963642  16.6307460455  16.9929554832  17.1177707517  0.103839667222  17.6329502614  18.0294598421  0.238761527006  0.0913047064088  0.176359178785  0.33922210325  0.0836092372953  0.154973692193  0.318270993178  0.377400085094  0.0730884702003  0.0455418242484  0.0837748263909  24.7137923657  24.8237194866  24.8392422649  24.9843733856  361.494094236  0.0357254545277  0.0467044490046  0.0572213965436  0.0530073872669  0.0547697124501  0.0464215066561  0.0856811168081  0.0207890248216  0.0493928167862  0.0277707118681  0.0294339511535  0.155761287029  1.32194614908  1.54464828701  1.58562739373  1.71925536298  0.0311268803456  0.988572429528  0.138615941033  0.0738878696347  1.78672374296  1.8657824012  0.823712151872  0.877307909325  0.750930132968  0.458036517653  0.398184549134  0.333571533101  -9999.0  -9999.0  -9999.0  -9999.0  -9999.0
-9999.0  -9999.0  -9999.0  -9999.0  -9999.0  -9999.0  -9999.0  -9999.0  -9999.0  -9999.0  -9999.0  -9999.0  -9999.0  -9999.0  -9999.0  -9999.0  0.475643906499  0.460138571919  0.426699410633  0.762921565774  0.313865018331  11.8285102944  12.1282270195  0.337351210385  0.677609829289  0.245278380345  0.179264499383  0.168865989092  17.4172217874  0.1212149088  0.265740673789  0.13023182192  0.100881126208  0.0797895371671  0.0591844643775  0.0627041913764  0.199889031359  0.278961842521  0.0512941080271  0.0423172566483  0.0958969643275  0.167611779002  0.257077321426  0.0787960389707  24.8766802623  25.0002059827  361.493598848  0.182364649044  0.104269298867  0.0313561365146  0.0771931508613  0.0248986423589  0.0198800802818  0.107765909247  0.108183683383  0.0647433894409  0.0146639575352  0.0151772221157  0.0495729332065  0.0292603744268  0.025310640844  0.0371254233265  0.0417842774652  3.03578549667  1.16066592448  0.0319145528803  0.0537667784172  0.0253541291835  4.43246305195  2.53679788735  2.50065332297  0.821243232538  0.55971586499  0.0533535194702  -9999.0  -9999.0  -9999.0  -9999.0  -9999.0  -9999.0
-9999.0  -9999.0  -9999.0  -9999.0  -9999.0  -9999.0  -9999.0  -9999.0  -9999.0  -9999.0  -9999.0  -9999.0  -9999.0  -9999.0  -9999.0  -9999.0  -9999.0  -9999.0  0.454819057185  1.15667190637  1.47380707737  1.78652593021  12.4447267642  12.7808096018  13.0786372116  13.3405271645  13.5019254097  13.8470688418  13.9580695606  14.0682847307  14.1572585986  0.07979698955  0.0767620319037  0.0801921234497  0.270202528473  0.0735718541544  0.0716624416285  0.0513249840689  0.151609694014  0.0619365250471  0.0455858296088  0.0413085308314  0.0336842680063  0.0671699640446  0.099670087626  25.2022602287  386.876695388  0.0403655051037  0.0605291010784  0.0236752246841  0.10430999127  0.0552730639672  0.0399625271585  0.310100213954  0.188754446318  0.0527233780568  0.0308138770951  0.0808262054241  0.0175482034839  0.0597241255294  0.0419924347747  0.101747843583  0.0371827584199  0.0484391399899  3.07505113789  3.19404774246  5.62892161067  5.59753547348  5.55921630425  0.044589183433  0.754942390555  0.704222223153  0.0857535316192  -9999.0  -9999.0  -9999.0  -9999.0  -9999.0  -9999.0  -9999.0
-9999.0  -9999.0  -9999.0  -9999.0  -9999.0  -9999.0  -9999.0  -9999.0  -9999.0  -9999.0  -9999.0  -9999.0  -9999.0  -9999.0  -9999.0  -9999.0  -9999.0  -9999.0  -9999.0  0.362565912246  3.0086505305  5.58673973316  5.887996165  0.428974055771  0.78499075089  1.12566100761  1.36012534193  3.11156603767  3.1958967162  0.0806648011361  0.0841240109926  14.3291222492  14.4809604122  14.5495181287  0.315713355752  0.03405527973  0.0950030644877  0.141476443056  0.452906801925  0.569010130151  0.655826423551  0.0775566040811  0.107127477603  0.0369242124331  0.0747694053572  0.0396112856293  386.92370733  0.0271034260843  0.119841853288  0.0419230552568  0.159855915483  0.358996243247  0.41483440451  0.743750848174  0.226704316183  0.200847014777  0.137390701257  0.124564184892  0.0300805611233  0.0721641902344  0.128506432051  0.11656185276  0.015695332221  9.11232277643  9.05701915892  9.02570872351  5.74312623475  0.0649812836863  1.01815578101  0.733370112616  0.489794480645  0.305048329978  0.0545884198485  -9999.0  -9999.0  -9999.0  -9999.0  -9999.0  -9999.0  -9999.0
-9999.0  -9999.0  -9999.0  -9999.0  -9999.0  -9999.0  -9999.0  -9999.0  -9999.0  -9999.0  -9999.0  -9999.0  -9999.0  -9999.0  -9999.0  -9999.0  -9999.0  -9999.0  0.419155153982  1.36142457702  2.65242648424  3.44643847504  8.34234102242  8.70386697243  0.736335296383  1.08652167671  1.37946977947  1.59721861338  3.29307991538  3.46203221138  6.25009988039  6.49909565373  6.57030740288  14.606399305  15.0463379967  0.0847413592502  0.0645365335162  0.0591302705397  0.113008455736  0.0535270850844  0.767193821095  0.80827627794  0.141531930448  0.194520570248  0.0371643778841  82.2928992418  82.3741252502  469.307998062  469.442566107  0.0375010271487  0.239778911236  0.049211184044  0.0317301547605  0.801400171134  1.04812804323  0.180640877381  0.154519068122  0.0300004920648  0.0164807573121  0.0880173948476  9.34297451508  9.20200344  9.18582249956  9.14749991569  0.0399631405173  0.0436209061684  0.0507987693049  0.0691835247134  0.225298666736  0.151340036545  0.142816262472  0.217220069266  0.0685170863233  -9999.0  -9999.0  -9999.0  -9999.0  -9999.0  -9999.0  -9999.0
-9999.0  -9999.0  -9999.0  -9999.0  -9999.0  -9999.0  -9999.0  -9999.0  -9999.0  -9999.0  -9999.0  -9999.0  -9999.0  -9999.0  -9999.0  -9999.0  -9999.0  -9999.0  -9999.0  0.497238500785  0.481555770726  0.890899605083  2.09874640471  9.07877729503  0.386077218342  0.379277338676  0.6565869731  0.958604757506  2.2905239068  2.45543694703  0.164292496079  0.169998481828  6.67195565183  6.72389673595  21.8267353759  21.8719261887  0.0279313782539  0.024084608726  0.0206614071722  0.0208771307786  0.0270021009126  81.439578008  81.6991468647  81.9597630024  82.0700584845  82.2508123788  0.0462680731947  0.163467179435  0.184335082164  469.665929696  469.659871309  469.684749535  469.716645559  469.772189285  1.07673150429  0.0115704509652  0.0577004873672  0.0461484100567  0.0128470104897  0.100787070467  9.39950919521  0.0401292936243  0.0215528382527  0.177739561877  0.157704438801  0.130465616433  0.102821666267  0.0626772677289  0.0868770381889  0.0810812602777  0.0731265875325  0.0785876353243  -9999.0  -9999.0  -9999.0  -9999.0  -9999.0  -9999.0  -9999.0  -9999.0
-9999.0  -9999.0  -9999.0  -9999.0  -9999.0  -9999.0  -9999.0  -9999.0  -9999.0  -9999.0  -9999.0  -9999.0  -9999.0  -9999.0  -9999.0  -9999.0  -9999.0  -9999.0  -9999.0  -9999.0  0.426736326954  0.454028963397  0.832636479206  10.7001475379  11.0210085452  0.365155056095  0.64261613985  0.956812204183  1.20386399649  0.2038969935  0.377013125475  22.4281652528  22.4926517991  22.5952473933  23.2728126465  45.2233352585  79.8882754647  79.9666827741  80.0372872808  80.1061945686  80.4708197151  80.5934855268  0.224553223149  0.0954745229041  0.0633303708788  0.116718265155  0.0802411905655  0.130829658126  0.0414642308066  0.871215147395  0.968704153204  1.05839944456  1.06863997731  469.762129946  470.844308855  470.921200298  0.0714132358273  0.0101140921679  0.13717621855  0.114846230775  9.43332276954  0.0178691269114  0.377479057232  0.175479701238  0.150860902679  0.110368370408  0.0586636827865  0.102212466288  0.0535951702815  -9999.0  -9999.0  -9999.0  -9999.0  -9999.0  -9999.0  -9999.0  -9999.0  -9999.0  -9999.0  -9999.0
-9999.0  -9999.0  -9999.0  -9999.0  -9999.0  -9999.0  -9999.0  -9999.0  -9999.0  -9999.0  -9999.0  -9999.0  -9999.0  -9999.0  -9999.0  -9999.0  -9999.0  -9999.0  -9999.0  -9999.0  -9999.0  0.437603061334  0.836661501574  1.2390808137  11.3477452717  0.278601323605  15.2014838648  15.5229793852  15.7153118348  15.8970324252  21.6838950546  21.8838203373  0.0701264856097  0.493363112999  0.584000802921  0.0752392212401  34.5938133451  34.4515242713  0.0445825071725  0.107622203711  0.297567562128  0.0683317775481  0.0731957576713  0.0470638988007  0.038993595782  0.0285397723363  0.0360881039836  0.752652239241  0.793083144656  0.844426389785  0.0787315198906  0.0746351654396  1.10855655855  1.12221984577  1.13023491296  470.912228972  470.904524882  0.164974804383  0.14679949611  9.85062968131  9.84156080469  0.393811343076  0.0389691865  0.0200974792673  0.311513200541  0.273459615279  0.220700884413  0.151055045575  0.0791277351296  0.035984707867  -9999.0  -9999.0  -9999.0  -9999.0  -9999.0  -9999.0  -9999.0  -9999.0  -9999.0  -9999.0
-9999.0  -9999.0  -9999.0  -9999.0  -9999.0  -9999.0  -9999.0  -9999.0  -9999.0  -9999.0  -9999.0  -9999.0  -9999.0  -9999.0  -9999.0  -9999.0  -9999.0  -9999.0  -9999.0  -9999.0  -9999.0  0.389778743865  0.365586306677  1.90694012773  13.9805456802  14.6200133458  14.9298623531  0.249913155212  5.29271467053  5.48215752643  5.60901894438  0.174780056851  0.260698358219  0.323151286939  7.50999989194  7.5686857508  7.6207461618  34.3578016068  22.1967710957  0.0609811479415  0.0651385013341  0.0614449867933  0.0448575893014  0.452013092134  0.544090469525  0.622489797527  0.66878916279  0.712846278219  6.20386074122  6.23535736947  6.30339565101  6.46637814968  6.84310428566  6.85338634705  7.99425423651  0.00842720883509  470.895461346  470.889134373  0.176540809364  9.85837056772  0.0247610859654  0.0130527994565  0.0563925537763  0.46753170664  0.450830366804  0.0969588405173  0.048982168114  0.174597769248  0.126734780778  0.0355616709656  0.0317415301556  0.0311219461294  -9999.0  -9999.0  -9999.0  -9999.0  -9999.0  -9999.0  -9999.0  -9999.0
-9999.0  -9999.0  -9999.0  -9999.0  -9999.0  -9999.0  -9999.0  -9999.0  -9999.0  -9999.0  -9999.0  -9999.0  -9999.0  -9999.0  -9999.0  -9999.0  -9999.0  -9999.0  -9999.0  -9999.0  -9999.0  -9999.0  0.765587077915  1.17574148171  0.360644948761  0.380203843665  4.47763938198  4.72704250851  4.88115139326  1.48319205536  1.61386091727  1.75466023052  1.84097326432  7.3771863354  7.46898190028  4.36363923133  12.0516122038  12.1120244171  22.1519138918  0.121035278081  0.0617910772673  0.0387683495924  0.309441287233  0.365253719201  0.029398754249  0.0266400618135  6.06362223818  6.13735373338  6.17466044295  0.0621981258213  0.110306292706  6.80784226312  0.0191833327486  0.0703148090666  0.0784682092228  8.08848337265  8.09704962346  8.19968100894  479.256655621  9.89155711536  0.585261205834  0.574594885607  0.558185074857  0.483554891681  0.0215082074761  0.255870959878  0.222630926368  0.0742265603538  0.0343566980745  0.0622363811566  0.147710774245  0.084218946605  -9999.0  -9999.0  -9999.0  -9999.0  -9999.0  -9999.0  -9999.0  -9999.0
-9999.0  -9999.0  -9999.0  -9999.0  -9999.0  -9999.0  -9999.0  -9999.0  -9999.0  -9999.0  -9999.0  -9999.0  -9999.0  -9999.0  -9999.0  -9999.0  -9999.0  -9999.0  -9999.0  -9999.0  -9999.0  -9999.0  0.387366728943  0.763233617157  3.0750432558  3.45116060674  3.78414716816  1.18209604448  1.36390097821  0.133516207272  5.22509540666  5.34444413044  5.45915315756  0.0911462825291  4.19826132566  4.29614604739  0.0651944925975  21.8316757126  0.143654021607  0.0712317681197  0.166833178871  0.228894014705  0.0430954499215  0.033132652525  5.69503521845  5.99771388528  6.04288445758  0.0472105032015  0.0940702153388  0.117417284085  0.138616961116  0.283737631256  0.0262142024215  0.057791541978  0.0126451103218  0.0247851975503  8.18070668748  8.19083009506  479.251189697  489.768021577  0.632319746  0.0340348943207  0.0179200072168  0.034499894497  0.01615161492  0.27909862375  0.14991499844  0.114251586686  0.434968453669  0.393936509007  0.280198462707  0.0657734449228  0.0338025327983  -9999.0  -9999.0  -9999.0  -9999.0  -9999.0  -9999.0  -9999.0
-9999.0  -9999.0  -9999.0  -9999.0  -9999.0  -9999.0  -9999.0  -9999.0  -9999.0  -9999.0  -9999.0  -9999.0  -9999.0  -9999.0  -9999.0  -9999.0  -9999.0  -9999.0  -9999.0  -9999.0  -9999.0  -9999.0  0.381274931697  1.16751211671  1.96712895407  0.392667212914  0.724558928735  0.981219907445  4.68121545574  4.85167431196  4.9770548783  0.105229816399  3.59298572742  3.94151204237  4.03752250876  0.0591305938865  21.5531410865  21.7077208685  0.0701004084389  0.0612928113044  0.122698391659  0.0465690052994  5.46675056795  5.55088036353  5.60320620825  0.19544294374  0.240495690734  0.0374934470087  0.0674680199919  0.0302991748473  0.210235146034  0.0342227880373  0.0154457303764  0.0150289897801  0.0170898180215  0.0348208965459  0.0480412036881  31.7141320217  31.7568270379  521.551000746  521.55305071  521.55035192  0.0239154851563  0.567066297041  0.522406295882  0.213258609544  0.198958359181  0.0266141778451  0.514732216615  0.03795161338  0.0334576673269  0.0271405562496  0.128439202355  0.0571543660803  -9999.0  -9999.0  -9999.0  -9999.0  -9999.0  -9999.0
-9999.0  -9999.0  -9999.0  -9999.0  -9999.0  -9999.0  -9999.0  -9999.0  -9999.0  -9999.0  -9999.0  -9999.0  -9999.0  -9999.0  -9999.0  -9999.0  -9999.0  -9999.0  -9999.0  -9999.0  -9999.0  -9999.0  -9999.0  0.383961849009  0.409575223234  0.422096251235  3.53128386263  3.76728067802  4.47756534244  0.17948263317  3.08927183012  3.39523991622  0.12532205206  0.260779395025  0.078617027217  21.3421088603  0.0934659424441  0.207214926322  0.254317376006  0.298450970564  5.19709802471  5.33317153007  5.38845950535  0.0577203493143  0.106295672079  0.148648746643  0.0235548950035  0.0205085743296  17.3869211924  17.4088762637  17.4277074134  17.634872738  17.6616430797  17.6853566525  17.6987011652  28.1296242485  28.1509777905  31.7054722854  0.0322518447963  0.0348762898048  0.0582663198046  521.596371849  521.644245913  522.212093264  522.200498239  0.0281137908364  0.0160579300452  0.575160406411  0.557000118451  0.0250750108826  0.0679472023581  0.561403653909  0.365558025774  0.321085741942  0.0892427566222  -9999.0  -9999.0  -9999.0  -9999.0  -9999.0
-9999.0  -9999.0  -9999.0  -9999.0  -9999.0  -9999.0  -9999.0  -9999.0  -9999.0  -9999.0  -9999.0  -9999.0  -9999.0  -9999.0  -9999.0  -9999.0  -9999.0  -9999.0  -9999.0  -9999.0  -9999.0  -9999.0  -9999.0  0.296561592592  0.69838006968  1.53760653503  3.22683139006  0.294803194751  0.516737496438  2.60871133134  2.78245837419  0.162201208965  4.85265099386  4.97306573918  21.0868262935  21.1726397102  0.0695255653667  0.128021185573  0.566396255438  4.73353037328  4.86745571952  0.0937156334292  0.0425625608209  0.0340765866899  16.0466541718  16.1230758433  16.1869804948  16.2496885001  17.3671554431  0.0714189953334  17.6117629247  0.0434845105399  0.028477584795  0.0510234788986  10.3847330034  10.4205158872  3.4202619018  3.52539938536  0.0710507104343  0.0345215691499  0.0429713445963  0.0242934068464  0.0362324539173  0.0131027853346  545.102481964  545.118415215  0.733529371296  0.607905285272  0.0192060865892  0.826397096259  0.774804706843  0.663988057317  0.05789579395  0.0752429024258  0.0930154719012  -9999.0  -9999.0  -9999.0  -9999.0  -9999.0
-9999.0  -9999.0  -9999.0  -9999.0  -9999.0  -9999.0  -9999.0  -9999.0  -9999.0  -9999.0  -9999.0  -9999.0  -9999.0  -9999.0  -9999.0  -9999.0  -9999.0  -9999.0  -9999.0  -9999.0  -9999.0  -9999.0  -9999.0  -9999.0  0.483402590461  0.942426256959  1.32242923395  2.13831371219  2.36713676222  3.99537104691  4.42940450828  4.59006008784  4.7228691349  15.9070537106  16.0241312996  0.0613981116895  0.457171706176  0.528150722767  4.0449823594  4.10951837299  0.0782995717826  0.0265831599954  15.8591342199  15.9353832112  15.9822728842  0.0428869218576  0.998743134945  1.03723738666  1.08379871478  0.0380516561149  0.0288691565381  0.0205366872827  0.0177238466685  10.2754561628  10.3120246047  0.0248138348843  3.3948911666  3.2439515244  3.22014017941  0.0267641799479  0.0350208579911  0.0408128628628  0.0600155596985  22.8417046362  22.9113996956  545.841791679  0.0786937092287  0.0195611123282  0.868649109222  0.0265453495219  0.141729942651  0.100330193252  0.0530521861432  -9999.0  -9999.0  -9999.0  -9999.0  -9999.0  -9999.0  -9999.0
-9999.0  -9999.0  -9999.0  -9999.0  -9999.0  -9999.0  -9999.0  -9999.0  -9999.0  -9999.0  -9999.0  -9999.0  -9999.0  -9999.0  -9999.0  -9999.0  -9999.0  -9999.0  -9999.0  -9999.0  -9999.0  -9999.0  -9999.0  -9999.0  0.419603722356  1.37894067031  1.79790480591  2.70394442642  3.45209797901  3.76775782873  0.239760718411  4.02896320387  15.5812559774  15.7823915236  0.156852949651  0.257282628418  0.408202896343  3.9326152133  3.9946127079  10.8213159678  10.9214084094  15.7830100331  15.8420325049  0.0485022713313  0.83414059384  0.918758419805  0.968571826613  0.0365885136937  9.32719347425  9.36233661253  9.47814737933  9.9572535202  10.1662443599  10.2189970249  0.0352684577777  0.0683189251302  0.0976898092888  2.64173768261  3.17288758118  0.357458417609  0.32857223638  0.0424222572307  0.0383897832424  22.7679907337  0.0570995326555  0.0232499125781  545.847674237  0.00891717764983  0.0103123437565  1.06330945108  0.176058726636  0.0336939604359  0.0326826817247  -9999.0  -9999.0  -9999.0  -9999.0  -9999.0  -9999.0  -9999.0
-9999.0  -9999.0  -9999.0  -9999.0  -9999.0  -9999.0  -9999.0  -9999.0  -9999.0  -9999.0  -9999.0  -9999.0  -9999.0  -9999.0  -9999.0  -9999.0  -9999.0  -9999.0  -9999.0  -9999.0  -9999.0  -9999.0  -9999.0  -9999.0  0.509008026415  0.481987312287  1.84470400484  2.2833840777  0.403807446274  3.45605563625  3.77341819406  0.249413377793  11.0951559971  0.237866478995  1.79409083807  3.78206946987  3.87790221386  10.4075669107  10.4683908558  10.7788824747  0.0787872822575  4.8353148102  0.0430947567356  0.0802344533443  0.805516652718  0.0512022275415  2.01514623933  9.26077750736  0.0447299774522  0.0888256422883  0.38178133673  0.0504117686296  0.0898633982827  0.0456609721114  0.0327928634402  2.27403881684  2.51233172966  2.61441484354  0.139335565842  0.0922044619042  0.172009062529  0.0639876512027  22.6157282039  22.6701197003  0.0397280660395  0.0141238530351  0.00699145305602  545.87316843  547.099531196  1.23005580516  0.15345494661  0.133691539632  0.0728042374843  -9999.0  -9999.0  -9999.0  -9999.0  -9999.0  -9999.0  -9999.0
-9999.0  -9999.0  -9999.0  -9999.0  -9999.0  -9999.0  -9999.0  -9999.0  -9999.0  -9999.0  -9999.0  -9999.0  -9999.0  -9999.0  -9999.0  -9999.0  -9999.0  -9999.0  -9999.0  -9999.0  -9999.0  -9999.0  -9999.0  -9999.0  -9999.0  0.460186122791  0.512495427281  0.475876414311  2.66835241143  3.09425130475  5.00023087782  10.8851734176  0.374737287143  1.14614807751  1.41073438938  1.87525573472  0.364243038842  10.3099308209  0.110949654739  0.238810538793  4.67172768628  0.0995536572223  0.506458555744  0.61449049024  0.0630620481327  0.0447214484846  1.98746190801  7.20983873224  0.060245262673  0.201144921462  0.343087260458  0.0525694179719  0.0379046677127  1.97936557381  2.11345542082  0.0996973812956  0.204325387533  0.0569750569197  0.0979643556163  0.052603521674  0.0439590902698  0.0539639157526  22.571316916  0.168150620612  -9999.0  -9999.0  0.0145261951318  0.0260449380403  547.083656808  547.067726538  547.077354496  0.0178170124563  -9999.0  -9999.0  -9999.0  -9999.0  -9999.0  -9999.0  -9999.0  -9999.0
-9999.0  -9999.0  -9999.0  -9999.0  -9999.0  -9999.0  -9999.0  -9999.0  -9999.0  -9999.0  -9999.0  -9999.0  -9999.0  -9999.0  -9999.0  -9999.0  -9999.0  -9999.0  -9999.0  -9999.0  -9999.0  -9999.0  -9999.0  -9999.0  -9999.0  -9999.0  0.421684848432  1.41056974019  1.78913870423  4.67974185705  1.65564971672  5.52830554626  3.53876259426  0.380938881885  1.0769509012  1.68872104016  0.244908475853  9.84116587088  3.48622755504  4.22496627737  0.362355501914  0.351508307435  0.0947156093379  0.0728110008009  1.85051191698  1.8964352929  7.05217960636  7.10014544475  0.0967932036281  0.152219459884  0.0440269699959  1.57159799427  1.75534964372  1.95467197965  0.10260786899  0.0491952281646  0.147777441173  0.0534623144337  0.0408540435224  0.0283506490047  22.0636644503  22.1946061317  22.3037118953  0.11503540833  -9999.0  -9999.0  -9999.0  -9999.0  -9999.0  0.00615770514782  547.057906384  547.03982507  -9999.0  -9999.0  -9999.0  -9999.0  -9999.0  -9999.0  -9999.0  -9999.0
-9999.0  -9999.0  -9999.0  -9999.0  -9999.0  -9999.0  -9999.0  -9999.0  -9999.0  -9999.0  -9999.0  -9999.0  -9999.0  -9999.0  -9999.0  -9999.0  -9999.0  -9999.0  -9999.0  -9999.0  -9999.0  -9999.0  -9999.0  -9999.0  -9999.0  -9999.0  0.567030438841  0.48259734054  4.30643334636  0.417891772516  1.32484851768  2.29471701955  3.16858096747  0.421021848733  0.363359917823  0.313715641271  9.2687187064  9.57765465672  3.27179874423  0.575783616978  0.259338153861  0.246937791658  1.69196523893  1.8132231694  6.64082617156  6.80884554548  6.94524841298  0.0641156717941  0.0494684336753  1.4684342976  1.5001511198  1.53966062041  0.153822720665  0.100305872243  0.0551036032009  0.0519775009166  0.038101151994  0.245212228394  0.266447792615  21.9967189577  22.0342523211  0.0875561333491  0.0555396895823  0.0567976947262  -9999.0  -9999.0  -9999.0  -9999.0  -9999.0  -9999.0  -9999.0  -9999.0  -9999.0  -9999.0  -9999.0  -9999.0  -9999.0  -9999.0  -9999.0  -9999.0
-9999.0  -9999.0  -9999.0  -9999.0  -9999.0  -9999.0  -9999.0  -9999.0  -9999.0  -9999.0  -9999.0  -9999.0  -9999.0  -9999.0  -9999.0  -9999.0  -9999.0  -9999.0  -9999.0  -9999.0  -9999.0  -9999.0  -9999.0  -9999.0  -9999.0  -9999.0  -9999.0  1.04679670137  3.41986172471  1.90188263416  0.469656033516  1.87671131254  0.437658029443  1.35866300253  1.64364551224  8.36339970547  9.01856508602  2.73631986877  3.01442692648  0.291211171723  1.25918084231  1.48542160994  4.42626473325  6.4136207879  6.57044556089  0.112338994529  0.0686497268227  1.20855303039  1.32823248201  1.43945472658  0.0392763193299  0.0702560423944  0.109889691146  0.0433146607829  0.0859695648208  0.140086322017  0.169910106401  0.221136269054  0.0307806645336  21.6615235949  0.0773338271881  0.0463340315277  -9999.0  -9999.0  -9999.0  -9999.0  -9999.0  -9999.0  -9999.0  -9999.0  -9999.0  -9999.0  -9999.0  -9999.0  -9999.0  -9999.0  -9999.0  -9999.0  -9999.0  -9999.0
-9999.0  -9999.0  -9999.0  -9999.0  -9999.0  -9999.0  -9999.0  -9999.0  -9999.0  -9999.0  -9999.0  -9999.0  -9999.0  -9999.0  -9999.0  -9999.0  -9999.0  -9999.0  -9999.0  -9999.0  -9999.0  -9999.0  -9999.0  -9999.0  -9999.0  -9999.0  -9999.0  0.561926098975  0.489665385721  0.929107199269  0.498851662306  0.932645182067  0.972314028436  5.32173488313  5.65063675472  0.780603362741  0.353673084295  2.45886985799  0.678032673406  1.01826773196  3.77596051053  4.01140398522  4.24897206293  1.81244039348  0.624787658709  0.841233446789  0.996561563397  1.17618186565  0.0893851349065  0.0609799762056  14.5197568034  14.5607126775  14.5923566601  0.0276588516535  0.0517064889024  0.0299148179201  0.0227233922098  20.7588074706  20.9456113668  0.55010876697  0.485745304144  0.0487383942518  -9999.0  -9999.0  -9999.0  -9999.0  -9999.0  -9999.0  -9999.0  -9999.0  -9999.0  -9999.0  -9999.0  -9999.0  -9999.0  -9999.0  -9999.0  -9999.0  -9999.0  -9999.0
-9999.0  -9999.0  -9999.0  -9999.0  -9999.0  -9999.0  -9999.0  -9999.0  -9999.0  -9999.0  -9999.0  -9999.0  -9999.0  -9999.0  -9999.0  -9999.0  -9999.0  -9999.0  -9999.0  -9999.0  -9999.0  -9999.0  -9999.0  -9999.0  -9999.0  -9999.0  -9999.0  -9999.0  -9999.0  0.399369752974  0.409900063763  0.536953446774  2.05959740427  4.93887774517  2.43780097188  0.412087210983  1.7244526399  2.1139004887  0.324388813574  3.26890596857  3.53109212823  0.866087448056  1.33840630344  0.247984749655  0.407408516558  0.135546663973  0.0812957112172  0.0776673210956  14.3726652619  14.4361762476  14.4848020426  0.27527872673  14.919751749  14.9593794921  14.9949136534  15.0291655976  15.0933719148  20.7410021574  20.8039715544  0.112814645216  0.434634661136  0.12473854925  -9999.0  -9999.0  -9999.0  -9999.0  -9999.0  -9999.0  -9999.0  -9999.0  -9999.0  -9999.0  -9999.0  -9999.0  -9999.0  -9999.0  -9999.0  -9999.0  -9999.0  -9999.0
-9999.0  -9999.0  -9999.0  -9999.0  -9999.0  -9999.0  -9999.0  -9999.0  -9999.0  -9999.0  -9999.0  -9999.0  -9999.0  -9999.0  -9999.0  -9999.0  -9999.0  -9999.0  -9999.0  -9999.0  -9999.0  -9999.0  -9999.0  -9999.0  -9999.0  -9999.0  -9999.0  -9999.0  -9999.0  -9999.0  -9999.0  0.569776557669  1.0652983917  1.04498724438  1.01017395628  0.949189909867  1.39170813466  2.24691691269  2.57741979043  2.98120816027  0.29864645247  0.61124749133  0.246390265786  0.195063549077  10.1226176425  11.8498342754  12.1626525821  12.2763037462  14.3176571659  0.0819405390766  0.149361858438  0.237506050637  1.72140788994  1.77148349822  1.81399888803  4.13978601803  5.13419155337  5.60640730896  0.0593248950061  0.0611648794457  0.25955805102  0.0717168837291  -9999.0  -9999.0  -9999.0  -9999.0  -9999.0  -9999.0  -9999.0  -9999.0  -9999.0  -9999.0  -9999.0  -9999.0  -9999.0  -9999.0  -9999.0  -9999.0  -9999.0  -9999.0
-9999.0  -9999.0  -9999.0  -9999.0  -9999.0  -9999.0  -9999.0  -9999.0  -9999.0  -9999.0  -9999.0  -9999.0  -9999.0  -9999.0  -9999.0  -9999.0  -9999.0  -9999.0  -9999.0  -9999.0  -9999.0  -9999.0  -9999.0  -9999.0  -9999.0  -9999.0  -9999.0  -9999.0  -9999.0  -9999.0  -9999.0  -9999.0  0.535269873936  0.539152332071  0.510108809418  0.483647933723  0.948498228499  1.85521703971  1.83572260388  2.19604980363  2.45429590115  5.65478919932  5.89836339475  9.86280740566  10.0211776034  1.6195026776  0.14757305216  1.82441777279  1.94066836674  0.693826254001  1.34554708644  1.56813304494  1.66467433812  0.0795185961402  2.29303437173  4.33035684216  5.10460017885  0.0717995870335  0.369829127054  0.0601454883479  0.205208166563  -9999.0  -9999.0  -9999.0  -9999.0  -9999.0  -9999.0  -9999.0  -9999.0  -9999.0  -9999.0  -9999.0  -9999.0  -9999.0  -9999.0  -9999.0  -9999.0  -9999.0  -9999.0  -9999.0
-9999.0  -9999.0  -9999.0  -9999.0  -9999.0  -9999.0  -9999.0  -9999.0  -9999.0  -9999.0  -9999.0  -9999.0  -9999.0  -9999.0  -9999.0  -9999.0  -9999.0  -9999.0  -9999.0  -9999.0  -9999.0  -9999.0  -9999.0  -9999.0  -9999.0  -9999.0  -9999.0  -9999.0  -9999.0  -9999.0  -9999.0  -9999.0  -9999.0  -9999.0  -9999.0  0.525650890437  0.471577447616  0.497650690468  1.43709522567  1.32459886691  2.53239068262  2.94813143695  0.333844753903  3.71728353559  1.25150131649  1.46243451622  1.19238058395  1.71001588812  0.438907078438  0.141514808026  0.571727942628  0.136708681741  1.23277039329  1.46931821973  2.1438819107  0.104703954926  0.450453126747  0.174884078417  0.238916264055  0.0727147705256  0.13951685497  -9999.0  -9999.0  -9999.0  -9999.0  -9999.0  -9999.0  -9999.0  -9999.0  -9999.0  -9999.0  -9999.0  -9999.0  -9999.0  -9999.0  -9999.0  -9999.0  -9999.0  -9999.0  -9999.0
-9999.0  -9999.0  -9999.0  -9999.0  -9999.0  -9999.0  -9999.0  -9999.0  -9999.0  -9999.0  -9999.0  -9999.0  -9999.0  -9999.0  -9999.0  -9999.0  -9999.0  -9999.0  -9999.0  -9999.0  -9999.0  -9999.0  -9999.0  -9999.0  -9999.0  -9999.0  -9999.0  -9999.0  -9999.0  -9999.0  -9999.0  -9999.0  -9999.0  -9999.0  -9999.0  -9999.0  -9999.0  0.480985968349  0.429842218155  0.891063286268  0.833951917524  2.26066122591  3.0191904198  0.762717905541  1.01220894678  0.635161400679  1.03118218663  0.35785891929  0.318496032672  0.322054790502  0.129828002919  0.736407987603  1.12531660634  0.132815571632  0.558507888011  0.207983636013  0.138719066634  0.078994721563  0.0778706934067  0.0853361100451  -9999.0  -9999.0  -9999.0  -9999.0  -9999.0  -9999.0  -9999.0  -9999.0  -9999.0  -9999.0  -9999.0  -9999.0  -9999.0  -9999.0  -9999.0  -9999.0  -9999.0  -9999.0  -9999.0  -9999.0
-9999.0  -9999.0  -9999.0  -9999.0  -9999.0  -9999.0  -9999.0  -9999.0  -9999.0  -9999.0  -9999.0  -9999.0  -9999.0  -9999.0  -9999.0  -9999.0  -9999.0  -9999.0  -9999.0  -9999.0  -9999.0  -9999.0  -9999.0  -9999.0  -9999.0  -9999.0  -9999.0  -9999.0  -9999.0  -9999.0  -9999.0  -9999.0  -9999.0  -9999.0  -9999.0  -9999.0  -9999.0  -9999.0  -9999.0  0.441238872416  0.977399281093  1.88130657077  0.407312675872  0.396160071179  0.221090624712  0.452247975632  0.209627790694  0.184976046619  0.17125010796  0.174751970792  0.319807896627  0.62526526567  0.282803633256  0.304584492369  0.437829559441  0.106269131136  0.063770134076  -9999.0  -9999.0  -9999.0  -9999.0  -9999.0  -9999.0  -9999.0  -9999.0  -9999.0  -9999.0  -9999.0  -9999.0  -9999.0  -9999.0  -9999.0  -9999.0  -9999.0  -9999.0  -9999.0  -9999.0  -9999.0  -9999.0  -9999.0
-9999.0  -9999.0  -9999.0  -9999.0  -9999.0  -9999.0  -9999.0  -9999.0  -9999.0  -9999.0  -9999.0  -9999.0  -9999.0  -9999.0  -9999.0  -9999.0  -9999.0  -9999.0  -9999.0  -9999.0  -9999.0  -9999.0  -9999.0  -9999.0  -9999.0  -9999.0  -9999.0  -9999.0  -9999.0  -9999.0  -9999.0  -9999.0  -9999.0  -9999.0  -9999.0  -9999.0  -9999.0  -9999.0  -9999.0  -9999.0  0.482758717975  0.430096311043  -9999.0  -9999.0  -9999.0  -9999.0  -9999.0  -9999.0  -9999.0  -9999.0  0.164165040401  0.148450717982  0.124907697489  0.139464214601  -9999.0  -9999.0  -9999.0  -9999.0  -9999.0  -9999.0  -9999.0  -9999.0  -9999.0  -9999.0  -9999.0  -9999.0  -9999.0  -9999.0  -9999.0  -9999.0  -9999.0  -9999.0  -9999.0  -9999.0  -9999.0  -9999.0  -9999.0  -9999.0  -9999.0  -9999.0
-9999.0  -9999.0  -9999.0  -9999.0  -9999.0  -9999.0  -9999.0  -9999.0  -9999.0  -9999.0  -9999.0  -9999.0  -9999.0  -9999.0  -9999.0  -9999.0  -9999.0  -9999.0  -9999.0  -9999.0  -9999.0  -9999.0  -9999.0  -9999.0  -9999.0  -9999.0  -9999.0  -9999.0  -9999.0  -9999.0  -9999.0  -9999.0  -9999.0  -9999.0  -9999.0  -9999.0  -9999.0  -9999.0  -9999.0  -9999.0  -9999.0  -9999.0  -9999.0  -9999.0  -9999.0  -9999.0  -9999.0  -9999.0  -9999.0  -9999.0  -9999.0  -9999.0  -9999.0  -9999.0  -9999.0  -9999.0  -9999.0  -9999.0  -9999.0  -9999.0  -9999.0  -9999.0  -9999.0  -9999.0  -9999.0  -9999.0  -9999.0  -9999.0  -9999.0  -9999.0  -9999.0  -9999.0  -9999.0  -9999.0  -9999.0  -9999.0  -9999.0  -9999.0  -9999.0  -9999.0
-9999.0  -9999.0  -9999.0  -9999.0  -9999.0  -9999.0  -9999.0  -9999.0  -9999.0  -9999.0  -9999.0  -9999.0  -9999.0  -9999.0  -9999.0  -9999.0  -9999.0  -9999.0  -9999.0  -9999.0  -9999.0  -9999.0  -9999.0  -9999.0  -9999.0  -9999.0  -9999.0  -9999.0  -9999.0  -9999.0  -9999.0  -9999.0  -9999.0  -9999.0  -9999.0  -9999.0  -9999.0  -9999.0  -9999.0  -9999.0  -9999.0  -9999.0  -9999.0  -9999.0  -9999.0  -9999.0  -9999.0  -9999.0  -9999.0  -9999.0  -9999.0  -9999.0  -9999.0  -9999.0  -9999.0  -9999.0  -9999.0  -9999.0  -9999.0  -9999.0  -9999.0  -9999.0  -9999.0  -9999.0  -9999.0  -9999.0  -9999.0  -9999.0  -9999.0  -9999.0  -9999.0  -9999.0  -9999.0  -9999.0  -9999.0  -9999.0  -9999.0  -9999.0  -9999.0  -9999.0
-9999.0  -9999.0  -9999.0  -9999.0  -9999.0  -9999.0  -9999.0  -9999.0  -9999.0  -9999.0  -9999.0  -9999.0  -9999.0  -9999.0  -9999.0  -9999.0  -9999.0  -9999.0  -9999.0  -9999.0  -9999.0  -9999.0  -9999.0  -9999.0  -9999.0  -9999.0  -9999.0  -9999.0  -9999.0  -9999.0  -9999.0  -9999.0  -9999.0  -9999.0  -9999.0  -9999.0  -9999.0  -9999.0  -9999.0  -9999.0  -9999.0  -9999.0  -9999.0  -9999.0  -9999.0  -9999.0  -9999.0  -9999.0  -9999.0  -9999.0  -9999.0  -9999.0  -9999.0  -9999.0  -9999.0  -9999.0  -9999.0  -9999.0  -9999.0  -9999.0  -9999.0  -9999.0  -9999.0  -9999.0  -9999.0  -9999.0  -9999.0  -9999.0  -9999.0  -9999.0  -9999.0  -9999.0  -9999.0  -9999.0  -9999.0  -9999.0  -9999.0  -9999.0  -9999.0  -9999.0
-9999.0  -9999.0  -9999.0  -9999.0  -9999.0  -9999.0  -9999.0  -9999.0  -9999.0  -9999.0  -9999.0  -9999.0  -9999.0  -9999.0  -9999.0  -9999.0  -9999.0  -9999.0  -9999.0  -9999.0  -9999.0  -9999.0  -9999.0  -9999.0  -9999.0  -9999.0  -9999.0  -9999.0  -9999.0  -9999.0  -9999.0  -9999.0  -9999.0  -9999.0  -9999.0  -9999.0  -9999.0  -9999.0  -9999.0  -9999.0  -9999.0  -9999.0  -9999.0  -9999.0  -9999.0  -9999.0  -9999.0  -9999.0  -9999.0  -9999.0  -9999.0  -9999.0  -9999.0  -9999.0  -9999.0  -9999.0  -9999.0  -9999.0  -9999.0  -9999.0  -9999.0  -9999.0  -9999.0  -9999.0  -9999.0  -9999.0  -9999.0  -9999.0  -9999.0  -9999.0  -9999.0  -9999.0  -9999.0  -9999.0  -9999.0  -9999.0  -9999.0  -9999.0  -9999.0  -9999.0
-9999.0  -9999.0  -9999.0  -9999.0  -9999.0  -9999.0  -9999.0  -9999.0  -9999.0  -9999.0  -9999.0  -9999.0  -9999.0  -9999.0  -9999.0  -9999.0  -9999.0  -9999.0  -9999.0  -9999.0  -9999.0  -9999.0  -9999.0  -9999.0  -9999.0  -9999.0  -9999.0  -9999.0  -9999.0  -9999.0  -9999.0  -9999.0  -9999.0  -9999.0  -9999.0  -9999.0  -9999.0  -9999.0  -9999.0  -9999.0  -9999.0  -9999.0  -9999.0  -9999.0  -9999.0  -9999.0  -9999.0  -9999.0  -9999.0  -9999.0  -9999.0  -9999.0  -9999.0  -9999.0  -9999.0  -9999.0  -9999.0  -9999.0  -9999.0  -9999.0  -9999.0  -9999.0  -9999.0  -9999.0  -9999.0  -9999.0  -9999.0  -9999.0  -9999.0  -9999.0  -9999.0  -9999.0  -9999.0  -9999.0  -9999.0  -9999.0  -9999.0  -9999.0  -9999.0  -9999.0
-9999.0  -9999.0  -9999.0  -9999.0  -9999.0  -9999.0  -9999.0  -9999.0  -9999.0  -9999.0  -9999.0  -9999.0  -9999.0  -9999.0  -9999.0  -9999.0  -9999.0  -9999.0  -9999.0  -9999.0  -9999.0  -9999.0  -9999.0  -9999.0  -9999.0  -9999.0  -9999.0  -9999.0  -9999.0  -9999.0  -9999.0  -9999.0  -9999.0  -9999.0  -9999.0  -9999.0  -9999.0  -9999.0  -9999.0  -9999.0  -9999.0  -9999.0  -9999.0  -9999.0  -9999.0  -9999.0  -9999.0  -9999.0  -9999.0  -9999.0  -9999.0  -9999.0  -9999.0  -9999.0  -9999.0  -9999.0  -9999.0  -9999.0  -9999.0  -9999.0  -9999.0  -9999.0  -9999.0  -9999.0  -9999.0  -9999.0  -9999.0  -9999.0  -9999.0  -9999.0  -9999.0  -9999.0  -9999.0  -9999.0  -9999.0  -9999.0  -9999.0  -9999.0  -9999.0  -9999.0
